
-0.00000000000008805847894735026 413.6122016569743
-5.190629730054705 413.5688772367653
-10.377707516618264 413.4389476467292
-15.557683835644369 413.2225438379026
-20.72701400035745 412.91988385958103
-25.88216057584593 412.5312725558794
-31.019595788803958 412.05710114128516
-36.135803930812585 411.4978466555608
-41.22728375355237 410.85407129856213
-46.29055085434518 410.12642164549425
-51.32214005042167 409.31562774341677
-56.31860774033947 408.4225020898276
-61.27653425095038 407.44793849434683
-70.95189963723743 417.1656775377419
-76.17289038307894 415.8967741075497
-81.34176901095125 414.5400723877828
-86.45499831375295 413.0968720134793
-91.50907895563192 411.5685527441071
-96.500551856543 409.95657259647373
-101.42600054997928 408.2624658688409
-106.28205351230743 406.48784105873455
-111.0653864621186 404.6343786771135
-115.77272462807453 402.70382896188704
-128.4766014402693 409.7096209933145
-133.32749684967914 407.4058773937726
-138.0871862548442 405.02239118791766
-142.75241028578168 402.56131979349135
-147.31997384295192 400.02488300813246
-151.78674828088518 397.4153601038567
-165.96436615947346 402.27798814036794
-170.48838566667234 399.25754650112003
-174.89578454389107 396.1638816934345
-179.18354192194911 392.99966449541563
-194.19085272210404 396.18059100577887
-198.47003055589676 392.58370803605663
-202.61345444844852 388.918026554211
-218.15363531495677 390.68160536733166
-222.23348484003006 386.5688640636905
-238.1192121420224 387.24343818006133
-242.09263303580346 382.67299548913536
-258.2485306438617 382.22655733801395
-262.07183356693656 377.1906261233198
-278.42075305680066 375.59576914520613
-294.9191115242398 373.2433851341875
-311.5384642952738 370.123980479968
-328.2500795826553 366.2290028540003
-345.0249674870659 361.55085103817004
-361.83390919678305 356.0828840835023
-392.20788668289197 351.16875714603054
-422.7791587027668 344.7126569347833
-453.4910149702479 336.702011505213
-498.15033720421695 327.35951232756616
-543.0023015626346 315.6895639559365
-601.9822437249319 301.16097908158036
-689.2812815081585 281.74043804835793
-805.1158993908617 255.16909125929155
-963.7773515244648 217.5795017565979
NaN NaN
NaN NaN
NaN NaN
0 -0
-1198.0495309199414 -473.00786420538765
-1180.1484596834255 -490.3289993384183
-1164.80746372926 -507.9232059127292
-1150.9693199368305 -525.9179430469632
-1137.5961953501358 -544.8688907819841
-1137.0996848407185 -561.7941346451935
-1124.133360681972 -582.336898902032
-1111.311788444459 -603.0855464894586
-1111.0245002742472 -622.4352825006256
-1098.0697133226333 -643.8327650067496
-1097.327948331134 -664.6066039330245
-1083.8676724972404 -686.4845289205335
-1082.338100246197 -708.5191330233448
-1080.274690404028 -731.3437841456674
-1077.6170172766015 -754.9135523388585
-1074.308429020733 -779.1841538313629
-1058.4661310553597 -802.20190979544
-1065.5408565022688 -829.6426270568913
-1059.995313471049 -855.7353034450289
-1053.6225979159524 -882.3401606212411
-1046.3904572901445 -909.4076852793964
-1049.3528823498566 -940.8686499363388
-1040.1281653584172 -969.0995295416752
-1040.6620829744736 -1002.4097972593131
-1029.307014006826 -1031.570826109954
-1027.2420556179243 -1066.4564683597355
-1023.7123148169353 -1102.2126348772297
-1028.54582390767 -1145.0496795343934
-1021.9752072852143 -1182.6520957131986
-1023.5211790377557 -1227.9154111754558
-1013.9538302175928 -1267.0919030586426
-1011.9641622709277 -1314.4998736979564
-1016.8364243996139 -1371.1072989242437
-1010.5756403442377 -1421.0164899143697
-1010.5586474352937 -1480.6078136071235
-1007.8447973359571 -1541.6813652153483
-1002.3494975422425 -1604.1057638984769
-1001.5971952891185 -1677.468711581078
-960.7579344592767 -1702.536283344614
-919.2866695120456 -1726.5678944174256
-877.2082233343875 -1749.5460875001643
-834.5480672326568 -1771.453866268213
-791.332324520109 -1792.274732644323
-747.5877714598302 -1811.9927250745395
-703.3435042659311 -1830.5942030570386
-658.6269811359049 -1848.064244183947
-613.4659506806389 -1864.3879638005503
-567.8922009671754 -1879.5556323135022
-521.9333581092706 -1893.5523269232615
-475.6218666260331 -1906.3701551143706
-428.9866465862849 -1917.9957875555433
-382.0612799951725 -1928.4247592186987
-334.87539920024227 -1937.6450363685738
-287.46117329413806 -1945.6497077245858
-239.85147673197946 -1952.4348526894437
-192.07813436572079 -1957.99385438777
-144.1735474364191 -1962.321787254979
-96.17045530456511 -1965.415452387085
-48.10165885784631 -1967.2725652030094
0 -1967.8917550910116
48.10165885784631 -1967.2725652030094
96.17045530456511 -1965.415452387085
144.1735474364191 -1962.321787254979
192.07813436572079 -1957.99385438777
239.85147673197946 -1952.4348526894437
287.46117329413806 -1945.6497077245858
334.87539920024227 -1937.6450363685738
382.0612799951725 -1928.4247592186987
428.9866465862849 -1917.9957875555433
475.6218666260331 -1906.3701551143706
521.9333581092706 -1893.5523269232615
567.8922009671754 -1879.5556323135022
613.4659506806389 -1864.3879638005503
658.6269811359049 -1848.064244183947
703.3435042659311 -1830.5942030570386
747.5877714598302 -1811.9927250745395
791.332324520109 -1792.274732644323
834.5480672326568 -1771.453866268213
877.2082233343875 -1749.5460875001643
919.2866695120456 -1726.5678944174256
960.7579344592767 -1702.536283344614
1001.5971952891185 -1677.468711581078
1002.3494975422425 -1604.1057638984769
1007.8447973359571 -1541.6813652153483
1010.5586474352937 -1480.6078136071235
1010.5756403442377 -1421.0164899143697
1016.8364243996139 -1371.1072989242437
1011.9641622709277 -1314.4998736979564
1013.9538302175928 -1267.0919030586426
1023.5211790377557 -1227.9154111754558
1021.9752072852143 -1182.6520957131986
1028.54582390767 -1145.0496795343934
1023.7123148169353 -1102.2126348772297
1027.2420556179243 -1066.4564683597355
1029.307014006826 -1031.570826109954
1040.6620829744736 -1002.4097972593131
1040.1281653584172 -969.0995295416752
1049.3528823498566 -940.8686499363388
1046.3904572901445 -909.4076852793964
1053.6225979159524 -882.3401606212411
1059.995313471049 -855.7353034450289
1065.5408565022688 -829.6426270568913
1058.4661310553597 -802.20190979544
1074.308429020733 -779.1841538313629
1077.6170172766015 -754.9135523388585
1080.274690404028 -731.3437841456674
1082.338100246197 -708.5191330233448
1083.8676724972404 -686.4845289205335
1097.327948331134 -664.6066039330245
1098.0697133226333 -643.8327650067496
1111.0245002742472 -622.4352825006256
1111.311788444459 -603.0855464894586
1124.133360681972 -582.336898902032
1137.0996848407185 -561.7941346451935
1137.5961953501358 -544.8688907819841
1150.9693199368305 -525.9179430469632
1164.80746372926 -507.9232059127292
1180.1484596834255 -490.3289993384183
1198.0495309199414 -473.00786420538765
0 -0
NaN NaN
NaN NaN
NaN NaN
963.7773515244648 217.5795017565979
805.1158993908617 255.16909125929155
689.2812815081585 281.74043804835793
601.9822437249319 301.16097908158036
543.0023015626346 315.6895639559365
498.15033720421695 327.35951232756616
453.4910149702479 336.702011505213
422.7791587027668 344.7126569347833
392.20788668289197 351.16875714603054
361.83390919678305 356.0828840835023
345.0249674870659 361.55085103817004
328.2500795826553 366.2290028540003
311.5384642952738 370.123980479968
294.9191115242398 373.2433851341875
278.42075305680066 375.59576914520613
262.07183356693656 377.1906261233198
258.2485306438617 382.22655733801395
242.09263303580346 382.67299548913536
238.1192121420224 387.24343818006133
222.23348484003006 386.5688640636905
218.15363531495677 390.68160536733166
202.61345444844852 388.918026554211
198.47003055589676 392.58370803605663
194.19085272210404 396.18059100577887
179.18354192194911 392.99966449541563
174.89578454389107 396.1638816934345
170.48838566667234 399.25754650112003
165.96436615947346 402.27798814036794
151.78674828088518 397.4153601038567
147.31997384295192 400.02488300813246
142.75241028578168 402.56131979349135
138.0871862548442 405.02239118791766
133.32749684967914 407.4058773937726
128.4766014402693 409.7096209933145
115.77272462807453 402.70382896188704
111.0653864621186 404.6343786771135
106.28205351230743 406.48784105873455
101.42600054997928 408.2624658688409
96.500551856543 409.95657259647373
91.50907895563192 411.5685527441071
86.45499831375295 413.0968720134793
81.34176901095125 414.5400723877828
76.17289038307894 415.8967741075497
70.95189963723743 417.1656775377419
61.27653425095038 407.44793849434683
56.31860774033947 408.4225020898276
51.32214005042167 409.31562774341677
46.29055085434518 410.12642164549425
41.22728375355237 410.85407129856213
36.135803930812585 411.4978466555608
31.019595788803958 412.05710114128516
25.88216057584593 412.5312725558794
20.72701400035745 412.91988385958103
15.557683835644369 413.2225438379026
10.377707516618264 413.4389476467292
5.190629730054705 413.5688772367653
0.00000000000008805847894735026 413.6122016569743
