
-0.00000000000010192580444082326 550.8122016569739
-6.008042660969319 550.7664422155224
-12.011973164455318 550.6292139770783
-18.007682156362222 550.4006671237555
-23.991065887487274 550.0810517070383
-29.95802901126727 549.6707172699988
-35.90448737588544 549.1701123188624
-41.82637080886616 548.5797836443795
-47.71962589228977 547.9003754937265
-53.58021872676462 547.1326285936099
-59.40413768229016 546.2773790255848
-65.18739613418512 545.3355569546767
-70.92603518221371 544.3081852125867
-81.37549981998365 553.9691444500618
-87.36344600241301 552.6396403380426
-93.29161061903258 551.2186781955023
-99.15593608605113 549.7077287551896
-104.95240830382384 548.1083524218418
-110.67705939420297 546.4221969640573
-116.32597040697277 544.6509950722183
-121.89527399356503 542.7965617856336
-127.38115704622047 540.8607917923641
-132.77986330085292 538.8456566055787
-146.1634523584031 545.7648131198923
-151.68193832902736 543.372617731185
-157.09663907804173 540.8991025970574
-162.40384632340667 538.3466690093006
-167.59992498235584 535.7177847450455
-172.68131565656248 533.0149805096058
-187.45922967865204 537.7837475836171
-192.5688138235879 534.6691216799321
-197.54664451602753 531.4812070532068
-202.3893099413182 528.2229329466384
-217.93562471445748 531.3102539337649
-222.7375330405905 527.6204745967065
-227.3870556914672 523.8628622518103
-243.4163567274777 525.5357299124612
-247.9680126146986 521.3337485114382
-264.30790911896906 521.9208013508991
-268.7175507902762 517.2647996770861
-285.29142178717404 516.7350033130186
-289.5141642523239 511.61814743705236
-306.24371568158506 509.94502575193275
-323.1036376196253 507.5172563406818
-340.0652375949237 504.325557240863
-357.09954926109447 500.3615794313289
-374.17736155884114 495.61791604626154
-391.26924806719063 490.0881109426967
-421.9059968409979 485.11599397097314
-452.7196865473224 478.6059158852967
-483.65344075903306 470.5454576299146
-528.5139891172419 461.157451932422
-573.5463698695746 449.4464325319494
-632.6857950470809 434.88132882763904
-720.1232731651158 415.42892502697515
-836.0751938221389 388.83046222456767
-994.8327307761124 351.21858069511984
NaN NaN
NaN NaN
NaN NaN
0 -0
-1259.2438019242768 -654.8478480134397
-1239.540539874784 -669.8927468667091
-1222.4293108109098 -685.2652327002696
-1206.8417886108252 -701.07525932521
-1191.696372125447 -717.8128770352212
-1189.644828149251 -732.8410077008044
-1174.897232451318 -751.154739276504
-1160.3463603285243 -769.740668702951
-1158.4827868609902 -787.1548416333425
-1143.8747552670266 -806.4834616721511
-1141.5743197561014 -825.3265680602095
-1126.5465416797786 -845.2415697946404
-1123.4956624125828 -865.3715726045143
-1119.9248110918275 -886.2923629089664
-1115.7789410979951 -907.9654543562293
-1111.0058230793777 -930.3522322674098
-1093.8005683356305 -951.6521599885716
-1099.3941070297944 -977.1015680390478
-1092.4741787582575 -1001.3775073673098
-1084.7612989304982 -1026.1955848825885
-1076.224427730517 -1051.5093099277258
-1077.8089236966716 -1080.99440871115
-1067.349702725916 -1107.5293422562768
-1066.5737182274809 -1138.8983883865776
-1054.0587106655787 -1166.4352636862714
-1050.7587908165497 -1199.433984368261
-1046.0336625106052 -1233.3322809871365
-1049.6045890309292 -1274.024906318534
-1041.9229878199799 -1309.8364081901848
-1042.298164152002 -1353.0226478507545
-1031.704196423584 -1390.4884575379108
-1028.6349375523766 -1435.9009988864777
-1032.3879279922696 -1490.232950432201
-1025.1453860177214 -1538.2428627936013
-1024.1151705606442 -1595.6677267627845
-1020.4416334254099 -1654.6368608794337
-1014.0381972353733 -1715.0215071173534
-1012.3671377453097 -1786.1121935433505
-1014.5482845051583 -1868.7347819508102
-1012.6499421584161 -1953.581380329839
-1006.5518288079788 -2040.4318591179
-957.6224158606273 -2065.183558140147
-895.8986281624216 -2067.196333185165
-834.9039616637165 -2067.352890412394
-780.0914196913869 -2076.710801120602
-720.3835738064548 -2073.4003655420734
-666.2712775585312 -2079.6065360834214
-612.406790906287 -2084.3339738714326
-558.8304503780457 -2087.5968446887896
-505.5862623827014 -2089.416784781578
-452.7135565869043 -2089.8106104902854
-400.25514114979103 -2088.804303895105
-350.8128622936028 -2098.2065973992835
-298.93330603199604 -2094.510998721109
-249.41818414182805 -2101.3728115418744
-198.26501112529962 -2095.049297951678
-148.81516381302998 -2099.389244614275
-99.2655638639716 -2102.491694456249
-49.64942302317271 -2104.3541593481114
0 -2104.975146791036
49.64942302317271 -2104.3541593481114
99.2655638639716 -2102.491694456249
148.81516381302998 -2099.389244614275
198.26501112529962 -2095.049297951678
249.41818414182805 -2101.3728115418744
298.93330603199604 -2094.510998721109
350.8128622936028 -2098.2065973992835
400.25514114979103 -2088.804303895105
452.7135565869043 -2089.8106104902854
505.5862623827014 -2089.416784781578
558.8304503780457 -2087.5968446887896
612.406790906287 -2084.3339738714326
666.2712775585312 -2079.6065360834214
720.3835738064548 -2073.4003655420734
780.0914196913869 -2076.710801120602
834.9039616637165 -2067.352890412394
895.8986281624216 -2067.196333185165
957.6224158606273 -2065.183558140147
1006.5518288079788 -2040.4318591179
1012.6499421584161 -1953.581380329839
1014.5482845051583 -1868.7347819508102
1012.3671377453097 -1786.1121935433505
1014.0381972353733 -1715.0215071173534
1020.4416334254099 -1654.6368608794337
1024.1151705606442 -1595.6677267627845
1025.1453860177214 -1538.2428627936013
1032.3879279922696 -1490.232950432201
1028.6349375523766 -1435.9009988864777
1031.704196423584 -1390.4884575379108
1042.298164152002 -1353.0226478507545
1041.9229878199799 -1309.8364081901848
1049.6045890309292 -1274.024906318534
1046.0336625106052 -1233.3322809871365
1050.7587908165497 -1199.433984368261
1054.0587106655787 -1166.4352636862714
1066.5737182274809 -1138.8983883865776
1067.349702725916 -1107.5293422562768
1077.8089236966716 -1080.99440871115
1076.224427730517 -1051.5093099277258
1084.7612989304982 -1026.1955848825885
1092.4741787582575 -1001.3775073673098
1099.3941070297944 -977.1015680390478
1093.8005683356305 -951.6521599885716
1111.0058230793777 -930.3522322674098
1115.7789410979951 -907.9654543562293
1119.9248110918275 -886.2923629089664
1123.4956624125828 -865.3715726045143
1126.5465416797786 -845.2415697946404
1141.5743197561014 -825.3265680602095
1143.8747552670266 -806.4834616721511
1158.4827868609902 -787.1548416333425
1160.3463603285243 -769.740668702951
1174.897232451318 -751.154739276504
1189.644828149251 -732.8410077008044
1191.696372125447 -717.8128770352212
1206.8417886108252 -701.07525932521
1222.4293108109098 -685.2652327002696
1239.540539874784 -669.8927468667091
1259.2438019242768 -654.8478480134397
0 -0
NaN NaN
NaN NaN
NaN NaN
994.8327307761124 351.21858069511984
836.0751938221389 388.83046222456767
720.1232731651158 415.42892502697515
632.6857950470809 434.88132882763904
573.5463698695746 449.4464325319494
528.5139891172419 461.157451932422
483.65344075903306 470.5454576299146
452.7196865473224 478.6059158852967
421.9059968409979 485.11599397097314
391.26924806719063 490.0881109426967
374.17736155884114 495.61791604626154
357.09954926109447 500.3615794313289
340.0652375949237 504.325557240863
323.1036376196253 507.5172563406818
306.24371568158506 509.94502575193275
289.5141642523239 511.61814743705236
285.29142178717404 516.7350033130186
268.7175507902762 517.2647996770861
264.30790911896906 521.9208013508991
247.9680126146986 521.3337485114382
243.4163567274777 525.5357299124612
227.3870556914672 523.8628622518103
222.7375330405905 527.6204745967065
217.93562471445748 531.3102539337649
202.3893099413182 528.2229329466384
197.54664451602753 531.4812070532068
192.5688138235879 534.6691216799321
187.45922967865204 537.7837475836171
172.68131565656248 533.0149805096058
167.59992498235584 535.7177847450455
162.40384632340667 538.3466690093006
157.09663907804173 540.8991025970574
151.68193832902736 543.372617731185
146.1634523584031 545.7648131198923
132.77986330085292 538.8456566055787
127.38115704622047 540.8607917923641
121.89527399356503 542.7965617856336
116.32597040697277 544.6509950722183
110.67705939420297 546.4221969640573
104.95240830382384 548.1083524218418
99.15593608605113 549.7077287551896
93.29161061903258 551.2186781955023
87.36344600241301 552.6396403380426
81.37549981998365 553.9691444500618
70.92603518221371 544.3081852125867
65.18739613418512 545.3355569546767
59.40413768229016 546.2773790255848
53.58021872676462 547.1326285936099
47.71962589228977 547.9003754937265
41.82637080886616 548.5797836443795
35.90448737588544 549.1701123188624
29.95802901126727 549.6707172699988
23.991065887487274 550.0810517070383
18.007682156362222 550.4006671237555
12.011973164455318 550.6292139770783
6.008042660969319 550.7664422155224
0.00000000000010192580444082326 550.8122016569739
