
-0.00000000000007835135110191916 317.57220165697413
-4.618440678414475 317.5305817516348
-9.233721563132326 317.4057612154849
-13.842685011141832 317.19785753780553
-18.442177679366573 316.9070663663609
-23.02905267105099 316.53366125599626
-27.60017167784692 316.07799331698067
-32.152407116175084 315.5404907633881
-36.68264425643619 314.9216583619471
-41.18778334365157 314.2220767818137
-45.66474170811373 313.4424018458996
-50.11045586464752 312.58336368443327
-54.521883599066044 311.6457657915785
-63.65537950931508 321.40325069911796
-68.33950144954508 320.1767677462047
-72.97687988529432 318.8650483223791
-77.56434187314423 317.46927229428167
-82.09874841189757 315.9906929696928
-86.57699658018102 314.4306355391652
-90.99602165008383 312.7904954264767
-95.35279917542711 311.07173654990487
-99.64434705324729 309.2758894964381
-103.86772755712964 307.4045496113029
-116.09580579757562 314.47098650471
-120.47938781413538 312.2291591575839
-124.78056927860592 309.9086932015202
-128.99640505944419 307.5115753424246
-133.12400804536918 305.03985179229306
-137.16055111791107 302.4956258198326
-150.91796169604845 307.4239565300935
-155.03208595683145 304.4694438759518
-159.04018256339555 301.44175394159413
-162.93950430839075 298.3433765795597
-177.56951232745664 301.5898269561884
-181.48277881661113 298.05797144360196
-185.27193357833545 294.45664156589135
-200.46973032619212 296.2837181857412
-204.21931539776207 292.2334449502672
-219.78712425815976 292.9692839604748
-223.4551906076725 288.45873255756976
-239.3185068435424 288.0706451555107
-242.86220208716543 283.09136120370704
-258.9446792194516 281.5512895204975
-275.1899432574699 279.2516752896415
-291.56972298551887 276.1828767473415
-308.0554508077479 272.33619924987033
-324.61829163682324 267.703905532506
-341.22917198749775 262.2792252820662
-371.4192095722178 257.40569136857073
-401.82078921157785 250.9873756694239
-432.37731691809824 243.0115992179218
-476.8957808651004 233.70095460416704
-521.6214537477765 222.05975595272713
-580.4897577994276 207.5567342593393
-667.6918873482883 188.15849716332528
-783.4443932889677 161.6061315835975
-942.0385860483116 124.03214649963307
NaN NaN
NaN NaN
NaN NaN
0 -0
-1137.23497290981 -325.0772499982196
-1122.1981065289858 -345.22519649709994
-1109.528921171511 -365.51166690777086
-1098.208983480767 -386.09317995181874
-1087.2790366205468 -407.6071334368623
-1088.832588530683 -426.68476978856125
-1078.1451707059027 -449.708588335922
-1067.4554736592218 -472.81659472868824
-1069.0409976615879 -494.239641316367
-1057.9993908868307 -517.8160947283908
-1059.0061959597197 -540.5899456298047
-1047.2613206984208 -564.4700109315578
-1047.3545848759768 -588.4184082339082
-1046.8634660915998 -613.1290906622755
-1045.7251339429636 -638.552096026411
-1043.8816180262645 -664.6391140974789
-1029.372079987495 -689.2928784271944
-1037.879859883385 -718.6073294858294
-1033.6358026685377 -746.3886164200516
-1028.51159562992 -774.6357787222458
-1022.4763398092823 -803.2982103318311
-1026.6910758265428 -836.536747077239
-1018.5660098567332 -866.2774730340477
-1020.2582979462805 -901.2989622095208
-1009.909534896538 -931.8781045779264
-1008.9101441764707 -968.3965978773067
-1006.3995517631769 -1005.7455287138085
-1012.3025788280222 -1050.4034327824045
-1006.6573041745203 -1089.5126227365774
-1009.173349778488 -1136.508433680479
-991.0899278001447 -1169.4792451682001
-962.8405365187668 -1194.4111927868466
-934.0141050836044 -1218.6068309990749
-904.623377991385 -1242.0557323351966
-874.6818349741994 -1264.7469946758288
-844.2005730825767 -1286.6681675910959
-813.1959017647979 -1307.807712729305
-781.6833053418138 -1328.1534849546651
-749.6783346901722 -1347.6927860037963
-717.199167596492 -1366.4138664424288
-684.264115722191 -1384.3049539934136
-650.8919999070955 -1401.354437390737
-617.1021589095853 -1417.5509106170998
-582.9144557261025 -1432.8832167454875
-548.3509440967298 -1447.3422305541217
-513.4319301924693 -1460.9172714236001
-478.177901107871 -1473.5974219892516
-442.6132651122559 -1485.3766274154111
-406.7581887036818 -1496.2433885659298
-370.6375480582329 -1506.1929384698512
-334.2726268961425 -1515.2148263461238
-297.68927554529245 -1523.3071594959013
-260.9093433518454 -1530.4602403460494
-223.95714441936857 -1536.6692036089512
-186.85764124494477 -1541.9318927430816
-149.63470528870698 -1546.2431986123017
-112.3127432171899 -1549.5994274682912
-74.91646728629136 -1551.9983357891383
-37.47062771291635 -1553.4383214934714
0 -1553.9184235049647
37.47062771291635 -1553.4383214934714
74.91646728629136 -1551.9983357891383
112.3127432171899 -1549.5994274682912
149.63470528870698 -1546.2431986123017
186.85764124494477 -1541.9318927430816
223.95714441936857 -1536.6692036089512
260.9093433518454 -1530.4602403460494
297.68927554529245 -1523.3071594959013
334.2726268961425 -1515.2148263461238
370.6375480582329 -1506.1929384698512
406.7581887036818 -1496.2433885659298
442.6132651122559 -1485.3766274154111
478.177901107871 -1473.5974219892516
513.4319301924693 -1460.9172714236001
548.3509440967298 -1447.3422305541217
582.9144557261025 -1432.8832167454875
617.1021589095853 -1417.5509106170998
650.8919999070955 -1401.354437390737
684.264115722191 -1384.3049539934136
717.199167596492 -1366.4138664424288
749.6783346901722 -1347.6927860037963
781.6833053418138 -1328.1534849546651
813.1959017647979 -1307.807712729305
844.2005730825767 -1286.6681675910959
874.6818349741994 -1264.7469946758288
904.623377991385 -1242.0557323351966
934.0141050836044 -1218.6068309990749
962.8405365187668 -1194.4111927868466
991.0899278001447 -1169.4792451682001
1009.173349778488 -1136.508433680479
1006.6573041745203 -1089.5126227365774
1012.3025788280222 -1050.4034327824045
1006.3995517631769 -1005.7455287138085
1008.9101441764707 -968.3965978773067
1009.909534896538 -931.8781045779264
1020.2582979462805 -901.2989622095208
1018.5660098567332 -866.2774730340477
1026.6910758265428 -836.536747077239
1022.4763398092823 -803.2982103318311
1028.51159562992 -774.6357787222458
1033.6358026685377 -746.3886164200516
1037.879859883385 -718.6073294858294
1029.372079987495 -689.2928784271944
1043.8816180262645 -664.6391140974789
1045.7251339429636 -638.552096026411
1046.8634660915998 -613.1290906622755
1047.3545848759768 -588.4184082339082
1047.2613206984208 -564.4700109315578
1059.0061959597197 -540.5899456298047
1057.9993908868307 -517.8160947283908
1069.0409976615879 -494.239641316367
1067.4554736592218 -472.81659472868824
1078.1451707059027 -449.708588335922
1088.832588530683 -426.68476978856125
1087.2790366205468 -407.6071334368623
1098.208983480767 -386.09317995181874
1109.528921171511 -365.51166690777086
1122.1981065289858 -345.22519649709994
1137.23497290981 -325.0772499982196
0 -0
NaN NaN
NaN NaN
NaN NaN
942.0385860483116 124.03214649963307
783.4443932889677 161.6061315835975
667.6918873482883 188.15849716332528
580.4897577994276 207.5567342593393
521.6214537477765 222.05975595272713
476.8957808651004 233.70095460416704
432.37731691809824 243.0115992179218
401.82078921157785 250.9873756694239
371.4192095722178 257.40569136857073
341.22917198749775 262.2792252820662
324.61829163682324 267.703905532506
308.0554508077479 272.33619924987033
291.56972298551887 276.1828767473415
275.1899432574699 279.2516752896415
258.9446792194516 281.5512895204975
242.86220208716543 283.09136120370704
239.3185068435424 288.0706451555107
223.4551906076725 288.45873255756976
219.78712425815976 292.9692839604748
204.21931539776207 292.2334449502672
200.46973032619212 296.2837181857412
185.27193357833545 294.45664156589135
181.48277881661113 298.05797144360196
177.56951232745664 301.5898269561884
162.93950430839075 298.3433765795597
159.04018256339555 301.44175394159413
155.03208595683145 304.4694438759518
150.91796169604845 307.4239565300935
137.16055111791107 302.4956258198326
133.12400804536918 305.03985179229306
128.99640505944419 307.5115753424246
124.78056927860592 309.9086932015202
120.47938781413538 312.2291591575839
116.09580579757562 314.47098650471
103.86772755712964 307.4045496113029
99.64434705324729 309.2758894964381
95.35279917542711 311.07173654990487
90.99602165008383 312.7904954264767
86.57699658018102 314.4306355391652
82.09874841189757 315.9906929696928
77.56434187314423 317.46927229428167
72.97687988529432 318.8650483223791
68.33950144954508 320.1767677462047
63.65537950931508 321.40325069911796
54.521883599066044 311.6457657915785
50.11045586464752 312.58336368443327
45.66474170811373 313.4424018458996
41.18778334365157 314.2220767818137
36.68264425643619 314.9216583619471
32.152407116175084 315.5404907633881
27.60017167784692 316.07799331698067
23.02905267105099 316.53366125599626
18.442177679366573 316.9070663663609
13.842685011141832 317.19785753780553
9.233721563132326 317.4057612154849
4.618440678414475 317.5305817516348
0.00000000000007835135110191916 317.57220165697413
