
-0.00000000000007280442090452995 262.692201656974
-4.29147550604863 262.6515557601317
-8.580015303997504 262.5296546833453
-12.862685682854668 262.32660822346435
-17.136556924514643 262.04259922737793
-21.398705296882454 261.67788337034875
-25.646215043014326 261.23278884594953
-29.876180364953655 260.70771596786085
-34.08570740094123 260.10313668388136
-38.27191619468379 259.4195940025677
-42.431942655366335 258.65770133303266
-46.56294050710926 257.81814173849364
-50.66208322656071 256.90166710428235
-59.4859394362166 266.68186393419
-63.86327920181145 265.47962125400755
-68.19694324206179 264.19360599929126
-72.48396676422496 262.8249295975973
-76.7214166726208 261.37477309859895
-80.90639356511703 259.8443857921318
-85.03603370728644 258.23508374512573
-89.10751098292407 256.54824825914505
-93.11803881960654 254.78532425033785
-97.06487208801828 252.94781855382624
-109.0210654303221 260.0489096540789
-113.13761122239609 257.842463022619
-117.17678814932691 255.55800863786445
-121.13583064439419 253.1974356561007
-125.01202758960768 250.76269109752775
-128.80272416764015 248.2557776575331
-142.32001628837702 253.22165275279383
-146.19991469406523 250.30481380442708
-149.97983857454096 247.31482379768528
-153.65719710064312 244.25406919907064
-168.07160353051526 247.53796178499388
-171.77577782273363 244.0432648193421
-175.36249308112798 240.4787072868517
-190.36464176118375 242.34206836768945
-193.92550428789465 238.32749117116813
-209.3116454673811 239.09833869213966
-212.8052235058834 234.62201088238942
-228.501350386217 234.26726676550865
-231.8852698130105 229.32035267821422
-247.81549416953783 227.81158687780712
-263.9161328193157 225.54212680704356
-280.1590136656589 222.5022460429835
-296.5156629363722 218.6831686189389
-312.95733400811315 214.07707952926938
-329.4550364393347 208.67713453838843
-359.53996550897546 203.82679663859415
-389.8445780737556 197.43007208921853
-420.31234660258417 189.4742207680407
-464.7503200998909 180.1817787622247
-509.4038264250005 168.5570085223215
-568.208337270568 154.06859436091582
-655.3550906855054 134.68310237187794
-771.0606755164569 108.1415831974866
-929.6164343476526 70.57651492422438
NaN NaN
NaN NaN
NaN NaN
0 -0
-1086.7902142464914 -227.19480483418604
-1075.565555557979 -250.07092541013006
-1066.2061905474143 -272.8910353597008
-1057.814833511535 -295.8466727543183
-1049.5709178374257 -319.6558107164311
-1053.263142853971 -340.6174885507122
-1044.860749637865 -365.7675780860475
-1036.2178588444604 -390.85330338528655
-1039.5305639668497 -413.9800698290656
-1030.1998378250491 -439.31494825402393
-1032.7198297846676 -463.674743264093
-1022.4200187002119 -489.1171075056997
-1023.8447321568207 -514.5361629943824
-1024.613976393215 -540.6755531335176
-1024.6674366296002 -567.483399505085
-1023.9501435567521 -594.9102775596734
-1010.4436328453102 -620.7565711425442
-1020.0170711694059 -651.4213182347628
-1016.72214865374 -680.4056300158271
-1012.4947318003291 -709.8108593151368
-1007.3071387210482 -739.5871148434843
-1012.4004078902288 -774.0551071759893
-1005.0338029183639 -804.8305011062173
-985.7403920877371 -830.6602948335103
-965.8102942107238 -855.9351705141692
-945.2577731996805 -880.6428025285888
-924.1009638106469 -904.7701675680592
-902.3553392364112 -928.3052735364613
-880.0363583360252 -951.2362715845658
-857.1623436789307 -973.551423870799
-833.7500804044946 -995.2396039533774
-809.8217705671087 -1016.2908789222513
-785.422570849167 -1036.7014768543054
-760.5676172372441 -1056.4660830541266
-735.267200753076 -1075.5781003804022
-709.5291475459701 -1094.0291624963725
-683.3664082335647 -1111.8116056984093
-656.7910274447341 -1128.916962749972
-629.8150374368946 -1145.3360262327483
-602.453016758869 -1161.0603562633332
-574.7196027182644 -1176.0813164533856
-546.6298689036953 -1190.3902628819378
-518.1993366630146 -1203.9785926672494
-489.4439842738093 -1216.8377913345919
-460.3819129762469 -1228.9612147029784
-431.02941953387716 -1240.3405111148907
-401.40292453708685 -1250.9669398349563
-371.5227074676249 -1260.8364604235617
-341.40476517808025 -1269.9394496637428
-311.0697467926957 -1278.2728516782358
-280.534674240988 -1285.8277911408231
-249.821085648631 -1292.6037818991686
-218.94649223557508 -1298.592403852106
-187.93083211456945 -1303.7899097624224
-156.7946620724812 -1308.195106550896
-125.55742656486855 -1311.8037085838848
-94.23908377312674 -1314.612694700869
-62.8598805253492 -1316.6203428704637
-31.440089375921755 -1317.8254234934745
0 -1318.2271989795647
31.440089375921755 -1317.8254234934745
62.8598805253492 -1316.6203428704637
94.23908377312674 -1314.612694700869
125.55742656486855 -1311.8037085838848
156.7946620724812 -1308.195106550896
187.93083211456945 -1303.7899097624224
218.94649223557508 -1298.592403852106
249.821085648631 -1292.6037818991686
280.534674240988 -1285.8277911408231
311.0697467926957 -1278.2728516782358
341.40476517808025 -1269.9394496637428
371.5227074676249 -1260.8364604235617
401.40292453708685 -1250.9669398349563
431.02941953387716 -1240.3405111148907
460.3819129762469 -1228.9612147029784
489.4439842738093 -1216.8377913345919
518.1993366630146 -1203.9785926672494
546.6298689036953 -1190.3902628819378
574.7196027182644 -1176.0813164533856
602.453016758869 -1161.0603562633332
629.8150374368946 -1145.3360262327483
656.7910274447341 -1128.916962749972
683.3664082335647 -1111.8116056984093
709.5291475459701 -1094.0291624963725
735.267200753076 -1075.5781003804022
760.5676172372441 -1056.4660830541266
785.422570849167 -1036.7014768543054
809.8217705671087 -1016.2908789222513
833.7500804044946 -995.2396039533774
857.1623436789307 -973.551423870799
880.0363583360252 -951.2362715845658
902.3553392364112 -928.3052735364613
924.1009638106469 -904.7701675680592
945.2577731996805 -880.6428025285888
965.8102942107238 -855.9351705141692
985.7403920877371 -830.6602948335103
1005.0338029183639 -804.8305011062173
1012.4004078902288 -774.0551071759893
1007.3071387210482 -739.5871148434843
1012.4947318003291 -709.8108593151368
1016.72214865374 -680.4056300158271
1020.0170711694059 -651.4213182347628
1010.4436328453102 -620.7565711425442
1023.9501435567521 -594.9102775596734
1024.6674366296002 -567.483399505085
1024.613976393215 -540.6755531335176
1023.8447321568207 -514.5361629943824
1022.4200187002119 -489.1171075056997
1032.7198297846676 -463.674743264093
1030.1998378250491 -439.31494825402393
1039.5305639668497 -413.9800698290656
1036.2178588444604 -390.85330338528655
1044.860749637865 -365.7675780860475
1053.263142853971 -340.6174885507122
1049.5709178374257 -319.6558107164311
1057.814833511535 -295.8466727543183
1066.2061905474143 -272.8910353597008
1075.565555557979 -250.07092541013006
1086.7902142464914 -227.19480483418604
0 -0
NaN NaN
NaN NaN
NaN NaN
929.6164343476526 70.57651492422438
771.0606755164569 108.1415831974866
655.3550906855054 134.68310237187794
568.208337270568 154.06859436091582
509.4038264250005 168.5570085223215
464.7503200998909 180.1817787622247
420.31234660258417 189.4742207680407
389.8445780737556 197.43007208921853
359.53996550897546 203.82679663859415
329.4550364393347 208.67713453838843
312.95733400811315 214.07707952926938
296.5156629363722 218.6831686189389
280.1590136656589 222.5022460429835
263.9161328193157 225.54212680704356
247.81549416953783 227.81158687780712
231.8852698130105 229.32035267821422
228.501350386217 234.26726676550865
212.8052235058834 234.62201088238942
209.3116454673811 239.09833869213966
193.92550428789465 238.32749117116813
190.36464176118375 242.34206836768945
175.36249308112798 240.4787072868517
171.77577782273363 244.0432648193421
168.07160353051526 247.53796178499388
153.65719710064312 244.25406919907064
149.97983857454096 247.31482379768528
146.19991469406523 250.30481380442708
142.32001628837702 253.22165275279383
128.80272416764015 248.2557776575331
125.01202758960768 250.76269109752775
121.13583064439419 253.1974356561007
117.17678814932691 255.55800863786445
113.13761122239609 257.842463022619
109.0210654303221 260.0489096540789
97.06487208801828 252.94781855382624
93.11803881960654 254.78532425033785
89.10751098292407 256.54824825914505
85.03603370728644 258.23508374512573
80.90639356511703 259.8443857921318
76.7214166726208 261.37477309859895
72.48396676422496 262.8249295975973
68.19694324206179 264.19360599929126
63.86327920181145 265.47962125400755
59.4859394362166 266.68186393419
50.66208322656071 256.90166710428235
46.56294050710926 257.81814173849364
42.431942655366335 258.65770133303266
38.27191619468379 259.4195940025677
34.08570740094123 260.10313668388136
29.876180364953655 260.70771596786085
25.646215043014326 261.23278884594953
21.398705296882454 261.67788337034875
17.136556924514643 262.04259922737793
12.862685682854668 262.32660822346435
8.580015303997504 262.5296546833453
4.29147550604863 262.6515557601317
0.00000000000007280442090452995 262.692201656974
