
-0.00000000000011267298169826484 657.1422016569724
-6.641537682428145 657.0945550740579
-13.278529041529035 656.9516703830988
-19.906430854918547 656.7137126702916
-26.520706100012887 656.3809567888178
-33.11682704871881 655.9537869234426
-39.69027835587359 655.4326959814834
-46.23656013935768 654.8182848107153
-52.751191049811254 654.1112612449789
-59.22971132788969 653.3124389784008
-65.66768584698825 652.4227362692662
-72.0607071394155 651.4431744749347
-78.40439840394279 650.3748764192213
-89.45378996161196 659.9918313071097
-96.03612660739692 658.6153616666745
-102.55273786529561 657.144597696485
-108.99916285958221 655.5811427300138
-115.37098854867259 653.9266971720862
-121.66385273588945 652.1830558489346
-127.87344704614273 650.3521052048358
-133.9955198665399 648.435820348979
-140.025879248899 646.4362619566833
-145.9603957722562 644.3555730294397
-159.8707618199568 651.2075870179901
-165.90663047552223 648.7468414926796
-171.82896501601982 646.2035539391421
-177.63370925256604 643.5803146515514
-183.31688711539388 640.8797835911516
-188.87460537271238 638.1046863240629
-204.11774890601544 642.8007111521352
-209.68114564519746 639.613092443513
-215.10106099443328 636.3521342070319
-220.37378015632925 633.020965996336
-236.3378230085314 636.0357427029526
-241.54484746622816 632.2739686812116
-246.58659665480667 628.4451099174481
-262.9949658221814 630.0476764349381
-267.9122716400667 625.7765339584444
-284.6041492761027 626.2957578082967
-289.35186204999263 621.5734479227463
-306.2496624232411 620.979048943649
-310.7819705334991 615.7994764551951
-327.80651171579296 614.0656996221442
-344.9466453435491 611.5795065257165
-362.1734869021524 608.3317792305551
-379.4578882618848 604.314326278757
-396.77046696446695 599.5198914275339
-414.0816356917565 593.9421617585724
-444.92203221353 588.9251025103036
-475.923595626853 582.3731915719459
-507.0293207453416 574.2741283765583
-552.045819349837 564.8508551261854
-597.2180228074532 553.1080056783602
-656.4810473217464 538.5145998808345
-744.0258166992578 519.0375024354036
-860.0686470063787 492.41802472265664
NaN NaN
NaN NaN
NaN NaN
NaN NaN
0 -0
-1296.3186305274794 -781.1011034341168
-1275.839422930081 -795.0030715813984
-1257.9423351944984 -809.2442422044514
-1241.5558291746431 -823.9267078765965
-1225.5797421919522 -839.5068628644021
-1222.7774413652678 -853.5306322051088
-1207.1558021681415 -870.6503862174646
-1191.7362052942528 -888.0633076474872
-1189.0606459712353 -904.4154771275611
-1173.5873012714205 -922.5965680827189
-1170.4535502018095 -940.3570972891099
-1154.5741166219336 -959.1601308169973
-1150.6821085895047 -978.2002870026962
-1146.265028843059 -998.0210281138554
-1141.27137507716 -1018.5877329521963
-1135.6520615154257 -1039.865338778345
-1117.6457747866757 -1060.1448887485874
-1122.3636240174935 -1084.4011541605948
-1114.617788218864 -1107.5787420623826
-1106.089828616052 -1131.307606874959
-1096.7502553618183 -1155.5436563884928
-1097.4820037076047 -1183.8046560297635
-1086.2462733159375 -1209.2804257999942
-1084.642618924911 -1239.4277964326375
-1071.382967666285 -1265.9348421665525
-1067.2876244278084 -1297.7285814360384
-1061.785246459012 -1330.431523020751
-1064.5316910942074 -1369.7336347557377
-1056.114076524671 -1404.3750508552582
-1055.7108557459417 -1446.1944758695588
-1044.425103856259 -1482.5267758915868
-1040.6262965305527 -1526.6084596278026
-1043.6196048231625 -1579.4115871677498
-1035.7025729224094 -1626.13647029623
-1033.9736580293866 -1682.085845687749
-1029.633224938647 -1739.6120817065737
-1022.5941428400878 -1798.5893111808532
-1020.2772909168036 -1868.1021687944012
-1021.8114512274058 -1948.9921505129066
-1019.3070212836176 -2032.1665847020065
-1012.6415659062191 -2117.406989184117
-963.3488046897985 -2141.7331641222186
-901.3236839183011 -2143.731197500344
-840.029023101753 -2143.905411762009
-784.8922116024798 -2153.115270739688
-724.8862995013502 -2149.882427135249
-670.4531943817747 -2155.9950477184802
-616.2695724468904 -2160.6544725386316
-562.3752870003166 -2163.8743730822184
-508.8138685778718 -2165.6758380175115
-455.6241970542652 -2166.075297103186
-402.84863310690116 -2165.0982544574595
-353.0761378908131 -2174.3440539123167
-300.87948164783415 -2170.7226141428578
-251.03686895941746 -2177.4706063210297
-199.5651030449329 -2171.2650093877623
-149.78904627160287 -2175.532961923987
-99.91425518011769 -2178.5840758328036
-49.973599850622264 -2180.415774470388
0 -2181.0265123723507
49.973599850622264 -2180.415774470388
99.91425518011769 -2178.5840758328036
149.78904627160287 -2175.532961923987
199.5651030449329 -2171.2650093877623
251.03686895941746 -2177.4706063210297
300.87948164783415 -2170.7226141428578
353.0761378908131 -2174.3440539123167
402.84863310690116 -2165.0982544574595
455.6241970542652 -2166.075297103186
508.8138685778718 -2165.6758380175115
562.3752870003166 -2163.8743730822184
616.2695724468904 -2160.6544725386316
670.4531943817747 -2155.9950477184802
724.8862995013502 -2149.882427135249
784.8922116024798 -2153.115270739688
840.029023101753 -2143.905411762009
901.3236839183011 -2143.731197500344
963.3488046897985 -2141.7331641222186
1012.6415659062191 -2117.406989184117
1019.3070212836176 -2032.1665847020065
1021.8114512274058 -1948.9921505129066
1020.2772909168036 -1868.1021687944012
1022.5941428400878 -1798.5893111808532
1029.633224938647 -1739.6120817065737
1033.9736580293866 -1682.085845687749
1035.7025729224094 -1626.13647029623
1043.6196048231625 -1579.4115871677498
1040.6262965305527 -1526.6084596278026
1044.425103856259 -1482.5267758915868
1055.7108557459417 -1446.1944758695588
1056.114076524671 -1404.3750508552582
1064.5316910942074 -1369.7336347557377
1061.785246459012 -1330.431523020751
1067.2876244278084 -1297.7285814360384
1071.382967666285 -1265.9348421665525
1084.642618924911 -1239.4277964326375
1086.2462733159375 -1209.2804257999942
1097.4820037076047 -1183.8046560297635
1096.7502553618183 -1155.5436563884928
1106.089828616052 -1131.307606874959
1114.617788218864 -1107.5787420623826
1122.3636240174935 -1084.4011541605948
1117.6457747866757 -1060.1448887485874
1135.6520615154257 -1039.865338778345
1141.27137507716 -1018.5877329521963
1146.265028843059 -998.0210281138554
1150.6821085895047 -978.2002870026962
1154.5741166219336 -959.1601308169973
1170.4535502018095 -940.3570972891099
1173.5873012714205 -922.5965680827189
1189.0606459712353 -904.4154771275611
1191.7362052942528 -888.0633076474872
1207.1558021681415 -870.6503862174646
1222.7774413652678 -853.5306322051088
1225.5797421919522 -839.5068628644021
1241.5558291746431 -823.9267078765965
1257.9423351944984 -809.2442422044514
1275.839422930081 -795.0030715813984
1296.3186305274794 -781.1011034341168
0 -0
NaN NaN
NaN NaN
NaN NaN
NaN NaN
860.0686470063787 492.41802472265664
744.0258166992578 519.0375024354036
656.4810473217464 538.5145998808345
597.2180228074532 553.1080056783602
552.045819349837 564.8508551261854
507.0293207453416 574.2741283765583
475.923595626853 582.3731915719459
444.92203221353 588.9251025103036
414.0816356917565 593.9421617585724
396.77046696446695 599.5198914275339
379.4578882618848 604.314326278757
362.1734869021524 608.3317792305551
344.9466453435491 611.5795065257165
327.80651171579296 614.0656996221442
310.7819705334991 615.7994764551951
306.2496624232411 620.979048943649
289.35186204999263 621.5734479227463
284.6041492761027 626.2957578082967
267.9122716400667 625.7765339584444
262.9949658221814 630.0476764349381
246.58659665480667 628.4451099174481
241.54484746622816 632.2739686812116
236.3378230085314 636.0357427029526
220.37378015632925 633.020965996336
215.10106099443328 636.3521342070319
209.68114564519746 639.613092443513
204.11774890601544 642.8007111521352
188.87460537271238 638.1046863240629
183.31688711539388 640.8797835911516
177.63370925256604 643.5803146515514
171.82896501601982 646.2035539391421
165.90663047552223 648.7468414926796
159.8707618199568 651.2075870179901
145.9603957722562 644.3555730294397
140.025879248899 646.4362619566833
133.9955198665399 648.435820348979
127.87344704614273 650.3521052048358
121.66385273588945 652.1830558489346
115.37098854867259 653.9266971720862
108.99916285958221 655.5811427300138
102.55273786529561 657.144597696485
96.03612660739692 658.6153616666745
89.45378996161196 659.9918313071097
78.40439840394279 650.3748764192213
72.0607071394155 651.4431744749347
65.66768584698825 652.4227362692662
59.22971132788969 653.3124389784008
52.751191049811254 654.1112612449789
46.23656013935768 654.8182848107153
39.69027835587359 655.4326959814834
33.11682704871881 655.9537869234426
26.520706100012887 656.3809567888178
19.906430854918547 656.7137126702916
13.278529041529035 656.9516703830988
6.641537682428145 657.0945550740579
0.00000000000011267298169826484 657.1422016569724
