
-0.0000000000000734977871792036 269.55220165697403
-4.3323461525943605 269.5114340090696
-8.661728586389357 269.38916799986276
-12.985185598890563 269.185514387757
-17.299759518871134 268.9006576197508
-21.60249871865352 268.5348556060547
-25.8904596223684 268.0884394048284
-30.160708708856333 267.56181281730176
-34.4103245078781 266.9554518936396
-38.63639958830476 266.26990434997344
-42.83604253695976 265.50578889714103
-47.00637992680154 264.6637944817361
-51.14455827312388 263.7446794401944
-60.00711944535391 273.522037279806
-64.42280698277816 272.3167645655322
-68.79443532246586 271.02753628967724
-73.11901365283987 269.65547243468285
-77.3935831400304 268.2017630824857
-81.61521894200003 266.66766701051097
-85.78103220013611 265.0545102052946
-89.88817200698695 263.36368429549003
-93.93382734881163 261.5966449061004
-97.9152290216572 259.75490993601085
-109.90540797622879 266.8516692604078
-114.0553332963635 264.6408000394896
-118.12726079048679 262.35184420832144
-122.11840244627544 259.9867031168912
-126.02602514657785 257.54733618437336
-129.84745253642402 255.03575867782052
-143.39475946433595 259.9969407249563
-147.303936101911 257.0753925633677
-151.1123815731478 254.08069006567393
-154.81748550161157 251.01523262163172
-169.25884213013293 254.2944449313932
-172.98915294696832 250.7951031473746
-176.6011731432789 247.2259490717316
-191.6277778318098 249.0847745949459
-195.21223067662808 245.0657353935555
-210.62108031622844 245.83220685068156
-214.13646939360703 241.35160109178696
-229.85349494338269 240.99268906425894
-233.25738634727986 236.0417287439008
-249.20664230077705 234.5290497081434
-265.32535912408497 232.25582036736833
-281.5853523306414 229.21232488102825
-297.9581364202942 225.38979744780534
-314.4149537117019 220.78043277967396
-330.9268033828551 215.37739588134815
-361.02487101688075 210.52415847984122
-391.3416044659834 204.1247350367442
-421.82046789202343 196.16639307427585
-466.2685026955421 186.8716757424675
-510.9310298403475 175.2448519511222
-569.7435148366754 160.75461184821876
-656.8971902683533 141.36752672080885
-772.6086402380207 114.82465174575046
-931.1692033102349 77.25846887115047
NaN NaN
NaN NaN
NaN NaN
0 -0
-1094.2119437711024 -240.18237976115861
-1082.3126480750254 -262.64505958535204
-1072.3868754853195 -285.083621671151
-1063.508715282508 -307.6846757561087
-1054.8295906295198 -331.15412145110764
-1058.1831437221026 -351.83943885220776
-1049.4253725986327 -376.6802632005228
-1040.4700926537425 -401.4809128811085
-1043.523608118217 -424.36409124574044
-1033.9395283781691 -449.4494131062169
-1036.238455543537 -473.585734235194
-1025.729884622549 -498.8093872787463
-1026.9643076294713 -524.0238274409297
-1027.5551118394071 -549.9655747930548
-1027.4413039298186 -576.5828816304863
-1026.5672114156537 -603.8263471681972
-1012.9221883303172 -629.5101524839279
-1022.3491998073039 -659.9917283008989
-1018.9248234608497 -688.8135644210493
-1014.5758017662787 -718.0630025996458
-1009.2738809605738 -747.6899668691375
-1014.2491064172117 -781.9937671730429
-1006.7812204947977 -812.6314592606616
-1009.1609980029484 -848.661322066895
-988.7271949864124 -874.5219481866901
-967.6576559027992 -899.8001328759251
-945.9709913325189 -924.482674725375
-923.6831473554479 -948.5574140996285
-900.8100537247025 -972.0123455608679
-877.3705011837226 -994.8355861827557
-853.3888271427236 -1017.0166134185295
-828.9157588735009 -1038.5508170842177
-803.9634220579807 -1059.4328923081127
-778.5418476598891 -1079.6563919492778
-752.661725134248 -1099.2141855243044
-726.3312890418771 -1118.0974009356264
-699.563909109961 -1136.2978948562486
-672.3720588996356 -1153.8067449619825
-644.7682091877796 -1170.614312056688
-616.7673868460748 -1186.71174705457
-588.3846866291088 -1202.0900259723005
-559.635648426741 -1216.7401382477597
-530.5362684082603 -1230.6531347566063
-501.1030078452481 -1243.820174726122
-471.35445921093105 -1256.2343076989844
-441.30741739590616 -1267.8868945862198
-410.97880804397795 -1278.7689260853303
-380.38942327122675 -1288.8761132758466
-349.55577748911236 -1298.1986015742923
-318.4990443745892 -1306.7331241242941
-287.23677459396106 -1314.4706113613859
-255.79104115473046 -1321.4104037718434
-224.17989326861567 -1327.5439237992987
-192.42381164741167 -1332.8672864306868
-160.54389928307313 -1337.3791798813181
-128.56014940665796 -1341.0752170548074
-96.49307158131809 -1343.9522939302447
-64.36346607154866 -1346.0086242368743
-32.19216035021061 -1347.242932493852
0 -1347.654453583161
32.19216035021061 -1347.242932493852
64.36346607154866 -1346.0086242368743
96.49307158131809 -1343.9522939302447
128.56014940665796 -1341.0752170548074
160.54389928307313 -1337.3791798813181
192.42381164741167 -1332.8672864306868
224.17989326861567 -1327.5439237992987
255.79104115473046 -1321.4104037718434
287.23677459396106 -1314.4706113613859
318.4990443745892 -1306.7331241242941
349.55577748911236 -1298.1986015742923
380.38942327122675 -1288.8761132758466
410.97880804397795 -1278.7689260853303
441.30741739590616 -1267.8868945862198
471.35445921093105 -1256.2343076989844
501.1030078452481 -1243.820174726122
530.5362684082603 -1230.6531347566063
559.635648426741 -1216.7401382477597
588.3846866291088 -1202.0900259723005
616.7673868460748 -1186.71174705457
644.7682091877796 -1170.614312056688
672.3720588996356 -1153.8067449619825
699.563909109961 -1136.2978948562486
726.3312890418771 -1118.0974009356264
752.661725134248 -1099.2141855243044
778.5418476598891 -1079.6563919492778
803.9634220579807 -1059.4328923081127
828.9157588735009 -1038.5508170842177
853.3888271427236 -1017.0166134185295
877.3705011837226 -994.8355861827557
900.8100537247025 -972.0123455608679
923.6831473554479 -948.5574140996285
945.9709913325189 -924.482674725375
967.6576559027992 -899.8001328759251
988.7271949864124 -874.5219481866901
1009.1609980029484 -848.661322066895
1006.7812204947977 -812.6314592606616
1014.2491064172117 -781.9937671730429
1009.2738809605738 -747.6899668691375
1014.5758017662787 -718.0630025996458
1018.9248234608497 -688.8135644210493
1022.3491998073039 -659.9917283008989
1012.9221883303172 -629.5101524839279
1026.5672114156537 -603.8263471681972
1027.4413039298186 -576.5828816304863
1027.5551118394071 -549.9655747930548
1026.9643076294713 -524.0238274409297
1025.729884622549 -498.8093872787463
1036.238455543537 -473.585734235194
1033.9395283781691 -449.4494131062169
1043.523608118217 -424.36409124574044
1040.4700926537425 -401.4809128811085
1049.4253725986327 -376.6802632005228
1058.1831437221026 -351.83943885220776
1054.8295906295198 -331.15412145110764
1063.508715282508 -307.6846757561087
1072.3868754853195 -285.083621671151
1082.3126480750254 -262.64505958535204
1094.2119437711024 -240.18237976115861
0 -0
NaN NaN
NaN NaN
NaN NaN
931.1692033102349 77.25846887115047
772.6086402380207 114.82465174575046
656.8971902683533 141.36752672080885
569.7435148366754 160.75461184821876
510.9310298403475 175.2448519511222
466.2685026955421 186.8716757424675
421.82046789202343 196.16639307427585
391.3416044659834 204.1247350367442
361.02487101688075 210.52415847984122
330.9268033828551 215.37739588134815
314.4149537117019 220.78043277967396
297.9581364202942 225.38979744780534
281.5853523306414 229.21232488102825
265.32535912408497 232.25582036736833
249.20664230077705 234.5290497081434
233.25738634727986 236.0417287439008
229.85349494338269 240.99268906425894
214.13646939360703 241.35160109178696
210.62108031622844 245.83220685068156
195.21223067662808 245.0657353935555
191.6277778318098 249.0847745949459
176.6011731432789 247.2259490717316
172.98915294696832 250.7951031473746
169.25884213013293 254.2944449313932
154.81748550161157 251.01523262163172
151.1123815731478 254.08069006567393
147.303936101911 257.0753925633677
143.39475946433595 259.9969407249563
129.84745253642402 255.03575867782052
126.02602514657785 257.54733618437336
122.11840244627544 259.9867031168912
118.12726079048679 262.35184420832144
114.0553332963635 264.6408000394896
109.90540797622879 266.8516692604078
97.9152290216572 259.75490993601085
93.93382734881163 261.5966449061004
89.88817200698695 263.36368429549003
85.78103220013611 265.0545102052946
81.61521894200003 266.66766701051097
77.3935831400304 268.2017630824857
73.11901365283987 269.65547243468285
68.79443532246586 271.02753628967724
64.42280698277816 272.3167645655322
60.00711944535391 273.522037279806
51.14455827312388 263.7446794401944
47.00637992680154 264.6637944817361
42.83604253695976 265.50578889714103
38.63639958830476 266.26990434997344
34.4103245078781 266.9554518936396
30.160708708856333 267.56181281730176
25.8904596223684 268.0884394048284
21.60249871865352 268.5348556060547
17.299759518871134 268.9006576197508
12.985185598890563 269.185514387757
8.661728586389357 269.38916799986276
4.3323461525943605 269.5114340090696
0.0000000000000734977871792036 269.55220165697403
