
-0.00000000000009013857777137121 434.19220165697436
-5.313241669691897 434.14851198357894
-10.622847363793822 434.01748759628157
-15.925183583752055 433.79926233078055
-21.216621783426923 433.49405903669964
-26.49354084115913 433.10218926299723
-31.75232952686618 432.62405281792184
-36.98938896252062 432.0601372038835
-42.20113507436298 431.4110169278368
-47.384001035208094 430.6773526877115
-52.53443969520195 429.8598904357419
-57.64892599941632 428.959460319555
-62.72395939063988 427.9769755020829
-72.51543966464936 437.68619757458987
-77.85147372597905 436.4082040421236
-83.13424525216345 435.04186325894074
-88.36013897959768 433.58850052473593
-93.52557835786071 432.0495226957673
-98.627027987192 430.4264162516113
-103.6609960285283 428.7207452493475
-108.62403658449607 426.9341491677695
-113.51275204973388 425.0683406444011
-118.32379542899129 423.1251031084408
-131.12962907798936 430.1178998123012
-136.08066307158137 427.80088844438444
-140.93860417832383 425.40389789928855
-145.70012569142543 422.9291221758628
-150.3619665138625 420.3788182686695
-154.92093338723677 417.755303164719
-169.18859568735024 422.6038520568553
-173.80044989020968 419.5692827779418
-178.29341353971154 416.4614804974003
-182.66440712485448 413.28315476309905
-197.75256852095706 416.4500404449768
-202.11015592860082 412.83922302015407
-206.32949463490132 409.1597519088509
-221.9430435268349 410.90972404910104
-226.09366400623034 406.78359673085265
-242.0475166885644 407.445042655687
-246.08637069897438 402.861766117328
-262.3049643153586 402.40282423426464
-266.18818316974466 397.3547543203797
-282.5941974505183 395.7481576362151
-299.1467904385476 393.38446581516166
-315.8174802902213 390.25421699410225
-332.5775000344212 386.3488893405996
-349.3978265978322 381.66091078938376
-366.2492100273442 376.18366811238144
-396.66260320660786 371.26084266977193
-427.2702378794501 364.7966457773603
-458.01537883856565 356.77852842391826
-502.7048849911705 347.42920326829454
-547.5839118086756 335.7530942423384
-606.5877764232542 321.21903154348917
-693.9075802567021 301.7937110951505
-809.7597935555533 275.218296904083
-968.435658412212 237.62536359737607
NaN NaN
NaN NaN
NaN NaN
0 -0
-1208.6263234236217 -502.07264091970734
-1190.3536167642637 -518.9616576386195
-1174.6534844654736 -536.1375923539271
-1160.4658293607397 -553.7242888426414
-1146.7436051925056 -572.2650409432526
-1145.9455235500595 -588.8412173321933
-1132.6370882424144 -608.9766351848666
-1119.4876655346336 -629.3329150667885
-1118.9055354029151 -648.3338364962257
-1105.6443546542148 -669.3608093015198
-1104.6170474202515 -689.791021069566
-1090.8722196706644 -711.3216329156578
-1089.0691421676936 -733.0211706805338
-1086.7370241386757 -755.5127255848819
-1083.8162486174688 -778.7524359444491
-1080.2507846973756 -802.6969302057706
-1064.1716149979989 -825.4187771354347
-1070.9899103708788 -852.51813605279
-1065.2085132095074 -878.3009286123917
-1058.6073401788183 -904.6024040205797
-1051.1541879967233 -931.3734539623007
-1053.8840433053927 -962.501900616245
-1044.4527486117886 -990.4486214250351
-1044.7680899480326 -1023.4349890599818
-1033.2210753109548 -1052.3261215319287
-1030.9521888132092 -1086.8994035867759
-1027.2260668656495 -1122.3492565854424
-1031.8526965615938 -1164.834215785862
-1025.1014037616271 -1202.14376846248
-1026.457380487437 -1247.0687162381103
-1016.7245915668458 -1285.9675440433002
-1014.5612449327323 -1333.0527464203358
-1019.253893571861 -1389.29352109218
-1012.8365479320672 -1438.8977953888818
-1012.6583134752849 -1498.1424984319942
-1009.7923562312036 -1558.880526622397
-1004.1536611996092 -1620.980770220004
-1003.2566162071456 -1693.983789571209
-1006.2096596710179 -1778.6935451483525
-962.8053636222346 -1803.8742306145282
-918.7608863857363 -1827.953316997726
-874.1031397585325 -1850.9126214152625
-828.8597182138335 -1872.7345229529685
-783.0588986271742 -1893.4019998538124
-736.7313073278162 -1912.9004145675165
-689.9059578146129 -1931.213907479255
-642.612179105575 -1948.3267168824448
-594.8833666149095 -1964.2283002723862
-546.7487723392691 -1978.9029772277052
-498.24249139935193 -1992.3421631310193
-449.39511028134143 -2004.5318911118593
-397.29817770601505 -2003.490901298134
-348.23305543248597 -2013.0786238608557
-296.71470972550406 -2009.2951649074478
-247.57326322955745 -2016.2918177894423
-196.7829472341964 -2009.8286101947642
-147.70509918528282 -2014.253853071422
-98.52622522629301 -2017.4171122786245
-49.279964663494574 -2019.3160163013124
0 -2019.9491423843476
49.279964663494574 -2019.3160163013124
98.52622522629301 -2017.4171122786245
147.70509918528282 -2014.253853071422
196.7829472341964 -2009.8286101947642
247.57326322955745 -2016.2918177894423
296.71470972550406 -2009.2951649074478
348.23305543248597 -2013.0786238608557
397.29817770601505 -2003.490901298134
449.39511028134143 -2004.5318911118593
498.24249139935193 -1992.3421631310193
546.7487723392691 -1978.9029772277052
594.8833666149095 -1964.2283002723862
642.612179105575 -1948.3267168824448
689.9059578146129 -1931.213907479255
736.7313073278162 -1912.9004145675165
783.0588986271742 -1893.4019998538124
828.8597182138335 -1872.7345229529685
874.1031397585325 -1850.9126214152625
918.7608863857363 -1827.953316997726
962.8053636222346 -1803.8742306145282
1006.2096596710179 -1778.6935451483525
1003.2566162071456 -1693.983789571209
1004.1536611996092 -1620.980770220004
1009.7923562312036 -1558.880526622397
1012.6583134752849 -1498.1424984319942
1012.8365479320672 -1438.8977953888818
1019.253893571861 -1389.29352109218
1014.5612449327323 -1333.0527464203358
1016.7245915668458 -1285.9675440433002
1026.457380487437 -1247.0687162381103
1025.1014037616271 -1202.14376846248
1031.8526965615938 -1164.834215785862
1027.2260668656495 -1122.3492565854424
1030.9521888132092 -1086.8994035867759
1033.2210753109548 -1052.3261215319287
1044.7680899480326 -1023.4349890599818
1044.4527486117886 -990.4486214250351
1053.8840433053927 -962.501900616245
1051.1541879967233 -931.3734539623007
1058.6073401788183 -904.6024040205797
1065.2085132095074 -878.3009286123917
1070.9899103708788 -852.51813605279
1064.1716149979989 -825.4187771354347
1080.2507846973756 -802.6969302057706
1083.8162486174688 -778.7524359444491
1086.7370241386757 -755.5127255848819
1089.0691421676936 -733.0211706805338
1090.8722196706644 -711.3216329156578
1104.6170474202515 -689.791021069566
1105.6443546542148 -669.3608093015198
1118.9055354029151 -648.3338364962257
1119.4876655346336 -629.3329150667885
1132.6370882424144 -608.9766351848666
1145.9455235500595 -588.8412173321933
1146.7436051925056 -572.2650409432526
1160.4658293607397 -553.7242888426414
1174.6534844654736 -536.1375923539271
1190.3536167642637 -518.9616576386195
1208.6263234236217 -502.07264091970734
0 -0
NaN NaN
NaN NaN
NaN NaN
968.435658412212 237.62536359737607
809.7597935555533 275.218296904083
693.9075802567021 301.7937110951505
606.5877764232542 321.21903154348917
547.5839118086756 335.7530942423384
502.7048849911705 347.42920326829454
458.01537883856565 356.77852842391826
427.2702378794501 364.7966457773603
396.66260320660786 371.26084266977193
366.2492100273442 376.18366811238144
349.3978265978322 381.66091078938376
332.5775000344212 386.3488893405996
315.8174802902213 390.25421699410225
299.1467904385476 393.38446581516166
282.5941974505183 395.7481576362151
266.18818316974466 397.3547543203797
262.3049643153586 402.40282423426464
246.08637069897438 402.861766117328
242.0475166885644 407.445042655687
226.09366400623034 406.78359673085265
221.9430435268349 410.90972404910104
206.32949463490132 409.1597519088509
202.11015592860082 412.83922302015407
197.75256852095706 416.4500404449768
182.66440712485448 413.28315476309905
178.29341353971154 416.4614804974003
173.80044989020968 419.5692827779418
169.18859568735024 422.6038520568553
154.92093338723677 417.755303164719
150.3619665138625 420.3788182686695
145.70012569142543 422.9291221758628
140.93860417832383 425.40389789928855
136.08066307158137 427.80088844438444
131.12962907798936 430.1178998123012
118.32379542899129 423.1251031084408
113.51275204973388 425.0683406444011
108.62403658449607 426.9341491677695
103.6609960285283 428.7207452493475
98.627027987192 430.4264162516113
93.52557835786071 432.0495226957673
88.36013897959768 433.58850052473593
83.13424525216345 435.04186325894074
77.85147372597905 436.4082040421236
72.51543966464936 437.68619757458987
62.72395939063988 427.9769755020829
57.64892599941632 428.959460319555
52.53443969520195 429.8598904357419
47.384001035208094 430.6773526877115
42.20113507436298 431.4110169278368
36.98938896252062 432.0601372038835
31.75232952686618 432.62405281792184
26.49354084115913 433.10218926299723
21.216621783426923 433.49405903669964
15.925183583752055 433.79926233078055
10.622847363793822 434.01748759628157
5.313241669691897 434.14851198357894
0.00000000000009013857777137121 434.19220165697436
