
-0.00000000000006275060992176203 163.22220165697382
-3.6988511311355285 163.18332115053235
-7.395172709315627 163.06671159384152
-11.086436900334183 162.87246884122172
-14.77011930634552 162.6007525379721
-18.44370068120198 162.25178595261184
-22.10466864238025 161.82585574220562
-25.750519378364814 161.32331165096767
-29.378759350356557 160.74456614238719
-32.986906987179694 160.09009396518425
-36.57249437226168 159.36043165346052
-40.133068921571166 158.55617696147803
-43.666195051394794 157.67798823355804
-51.92882930372559 167.49935042275808
-55.750126377794246 166.34104323690022
-59.533308076202836 165.1016167886953
-63.275786879308775 163.7820584598569
-66.97500289518166 162.38341833224132
-70.62842560031355 160.9068081256329
-74.23355556096615 159.35340007267712
-77.78792613401231 157.72442573214371
-81.28910514613268 156.02117474178118
-84.73469655025393 154.244993512149
-96.19809851467508 161.40889536231074
-99.83064114986863 159.26657627799503
-103.3949348525087 157.04739286623848
-106.88853951711607 154.75305747463952
-110.30906301354025 152.38533733826634
-113.65416282027411 149.94605286336525
-126.73624023697256 154.97997715643734
-130.19160428030145 152.13142179978774
-133.55796509474203 149.20976291184977
-136.83301528660053 146.21719957193494
-150.85664383605902 149.56895616220376
-154.18183852133066 146.1416090628712
-157.40163217993944 142.64370140609287
-172.04916873710607 144.57282807247074
-175.26797165125996 140.62294994655113
-190.3248401590948 141.45725039328218
-193.50215813389062 137.04295284612505
-208.89525430731476 136.74864343362947
-211.98958006610468 131.86039972575895
-227.64384626656914 130.40837583793115
-243.4823514001607 128.19357018233438
-259.4771030234127 125.20610289133462
-275.59979741950383 121.43705060037573
-291.8218483060761 116.878457398403
-308.1144157582892 111.52334506547243
-338.00883564434866 106.71504994051159
-368.1376953864528 100.35745935009618
-398.4445879057149 92.43772232763139
-442.7366724629488 83.1782725487042
-487.25937690246894 71.58327880471151
-545.94826256201 57.12134079502358
-632.9946467342113 37.75894931238002
-748.6151870537809 11.23708924766071
-793.6461584840051 -13.252960030661717
-795.7308226033867 -34.04253000907792
-797.2713571085486 -54.88481574097672
-798.266363980854 -75.76767626683588
0 -0
-798.6157993022543 -117.5597290234593
-797.9694399474026 -138.4718038054121
-796.7756002711437 -159.36005519524943
-795.0347566852064 -180.21346612704716
-792.7477486807957 -201.01828828887326
-789.8155300907634 -222.08264680345863
-786.2011604485562 -243.33536961547384
-781.9614863694742 -264.51686079450116
-777.1305565768381 -285.5327274764687
-771.7300486153905 -306.3460179910699
-765.7750397142503 -326.94017699488546
-759.2783256551442 -347.3038532841141
-752.2505574062176 -367.4286966495481
-744.699511974934 -387.30897922315086
-736.6354203827938 -406.9349777744214
-728.0661396203067 -426.2991505759299
-718.9998397850019 -445.392959675449
-709.4449781588445 -464.2072672340298
-699.4102747049741 -482.73260068269605
-688.9027003004948 -500.9604915088248
-677.9322996562405 -518.8804335441018
-666.5076189804255 -536.483010678339
-654.637089633729 -553.7588555343041
-642.3303913941928 -570.6981687493469
-629.5972568304724 -587.2913960672412
-616.4456830607301 -603.5295947605907
-602.8874730226541 -619.4030398222342
-588.9317583887803 -634.9029222469784
-574.5876329910767 -650.0204513328927
-559.8670393923406 -664.7468105039713
-544.7803891332077 -679.0736502325991
-529.3377148799856 -692.9927693458798
-513.5493439928192 -706.4960851917647
-497.42739796186737 -719.5759898415644
-480.9829908400967 -732.2250593570177
-464.2273904437529 -744.4361211893942
-447.1720101243069 -756.2022612247174
-429.82775023143483 -767.5165411352604
-412.20669620166586 -778.3726601428879
-394.32101381381 -788.7646624827141
-376.18261758940594 -798.6867280809836
-357.80352923945486 -808.1333148414221
-339.1958707221445 -817.0991607232005
-320.37185751345817 -825.5792853700367
-301.3437920872754 -833.568991361012
-282.12405760039974 -841.0638651438989
-262.72511177682964 -848.0597777037051
-243.15936200818044 -854.5527215410673
-223.43940344755143 -860.5390886290353
-203.57805751194562 -866.0158324964556
-183.58801779584385 -870.9799702327891
-163.48202441699294 -875.4288037676409
-143.2728589357445 -879.3599197453597
-122.97333940652048 -882.7711893590894
-102.59631554846355 -885.6607681628262
-82.15466402171782 -888.0270958774412
-61.66128379525322 -889.8688962042396
-41.129091591683945 -891.1851766573404
-20.571017394147475 -891.975228423987
0 -892.2386262598063
20.571017394147475 -891.975228423987
41.129091591683945 -891.1851766573404
61.66128379525322 -889.8688962042396
82.15466402171782 -888.0270958774412
102.59631554846355 -885.6607681628262
122.97333940652048 -882.7711893590894
143.2728589357445 -879.3599197453597
163.48202441699294 -875.4288037676409
183.58801779584385 -870.9799702327891
203.57805751194562 -866.0158324964556
223.43940344755143 -860.5390886290353
243.15936200818044 -854.5527215410673
262.72511177682964 -848.0597777037051
282.12405760039974 -841.0638651438989
301.3437920872754 -833.568991361012
320.37185751345817 -825.5792853700367
339.1958707221445 -817.0991607232005
357.80352923945486 -808.1333148414221
376.18261758940594 -798.6867280809836
394.32101381381 -788.7646624827141
412.20669620166586 -778.3726601428879
429.82775023143483 -767.5165411352604
447.1720101243069 -756.2022612247174
464.2273904437529 -744.4361211893942
480.9829908400967 -732.2250593570177
497.42739796186737 -719.5759898415644
513.5493439928192 -706.4960851917647
529.3377148799856 -692.9927693458798
544.7803891332077 -679.0736502325991
559.8670393923406 -664.7468105039713
574.5876329910767 -650.0204513328927
588.9317583887803 -634.9029222469784
602.8874730226541 -619.4030398222342
616.4456830607301 -603.5295947605907
629.5972568304724 -587.2913960672412
642.3303913941928 -570.6981687493469
654.637089633729 -553.7588555343041
666.5076189804255 -536.483010678339
677.9322996562405 -518.8804335441018
688.9027003004948 -500.9604915088248
699.4102747049741 -482.73260068269605
709.4449781588445 -464.2072672340298
718.9998397850019 -445.392959675449
728.0661396203067 -426.2991505759299
736.6354203827938 -406.9349777744214
744.699511974934 -387.30897922315086
752.2505574062176 -367.4286966495481
759.2783256551442 -347.3038532841141
765.7750397142503 -326.94017699488546
771.7300486153905 -306.3460179910699
777.1305565768381 -285.5327274764687
781.9614863694742 -264.51686079450116
786.2011604485562 -243.33536961547384
789.8155300907634 -222.08264680345863
792.7477486807957 -201.01828828887326
795.0347566852064 -180.21346612704716
796.7756002711437 -159.36005519524943
797.9694399474026 -138.4718038054121
798.6157993022543 -117.5597290234593
0 -0
798.266363980854 -75.76767626683588
797.2713571085486 -54.88481574097672
795.7308226033867 -34.04253000907792
793.6461584840051 -13.252960030661717
748.6151870537809 11.23708924766071
632.9946467342113 37.75894931238002
545.94826256201 57.12134079502358
487.25937690246894 71.58327880471151
442.7366724629488 83.1782725487042
398.4445879057149 92.43772232763139
368.1376953864528 100.35745935009618
338.00883564434866 106.71504994051159
308.1144157582892 111.52334506547243
291.8218483060761 116.878457398403
275.59979741950383 121.43705060037573
259.4771030234127 125.20610289133462
243.4823514001607 128.19357018233438
227.64384626656914 130.40837583793115
211.98958006610468 131.86039972575895
208.89525430731476 136.74864343362947
193.50215813389062 137.04295284612505
190.3248401590948 141.45725039328218
175.26797165125996 140.62294994655113
172.04916873710607 144.57282807247074
157.40163217993944 142.64370140609287
154.18183852133066 146.1416090628712
150.85664383605902 149.56895616220376
136.83301528660053 146.21719957193494
133.55796509474203 149.20976291184977
130.19160428030145 152.13142179978774
126.73624023697256 154.97997715643734
113.65416282027411 149.94605286336525
110.30906301354025 152.38533733826634
106.88853951711607 154.75305747463952
103.3949348525087 157.04739286623848
99.83064114986863 159.26657627799503
96.19809851467508 161.40889536231074
84.73469655025393 154.244993512149
81.28910514613268 156.02117474178118
77.78792613401231 157.72442573214371
74.23355556096615 159.35340007267712
70.62842560031355 160.9068081256329
66.97500289518166 162.38341833224132
63.275786879308775 163.7820584598569
59.533308076202836 165.1016167886953
55.750126377794246 166.34104323690022
51.92882930372559 167.49935042275808
43.666195051394794 157.67798823355804
40.133068921571166 158.55617696147803
36.57249437226168 159.36043165346052
32.986906987179694 160.09009396518425
29.378759350356557 160.74456614238719
25.750519378364814 161.32331165096767
22.10466864238025 161.82585574220562
18.44370068120198 162.25178595261184
14.77011930634552 162.6007525379721
11.086436900334183 162.87246884122172
7.395172709315627 163.06671159384152
3.6988511311355285 163.18332115053235
0.00000000000006275060992176203 163.22220165697382
