
-0.000000000000070724322080509 242.11220165697398
-4.168863566411438 242.07192101331808
-8.334875456821946 241.95111473379285
-12.495185934746981 241.74988973058652
-16.64694914144517 241.46842405025944
-20.787325031569253 241.1069666632308
-24.913481304952104 240.66583716931288
-29.02259533324562 240.1454254195381
-33.11185608013062 239.54619105460668
-37.178466013820874 238.8686629603504
-41.21964301058606 238.11343864070741
-45.23262224803241 237.28118350876625
-49.21465808687121 236.3726300965463
-57.922399408804665 246.16134389734202
-62.18469585891134 244.9681913194336
-66.40446700084959 243.6918151281334
-70.57882609838023 242.33330108634067
-74.70491727039202 240.89380314693875
-78.77991743446803 239.3745421369941
-82.80103822873741 237.77680436461912
-86.76552791073543 236.1019401501103
-90.67067323199126 234.35136228305026
-94.51380128710151 232.52654440727233
-106.36803779260202 239.64063083509234
-110.38444500049386 237.44745197200714
-114.32537022584728 235.17650192649356
-118.18811523875044 232.82963327372943
-121.97003491869718 230.4087558369909
-125.66853906128856 227.91583459667078
-139.09578676050023 232.89578883630628
-142.8878504705279 229.99307752760515
-146.5822095787205 227.0172249937193
-150.17633189773775 223.9705789313874
-164.50988773166225 227.26851234579593
-168.13565245002957 223.78774983524468
-171.64645289467518 220.23698193221193
-186.5752335493056 222.11394968592006
-190.06532512169437 218.112758504006
-205.38334092083912 218.89673421651398
-208.81148584271247 214.4332402541968
-224.44491671472 214.0909998692578
-227.7689202102024 209.1562244811545
-243.64204977582017 207.6591983867983
-259.68845390500786 205.40104612606925
-275.8799976707114 202.37200952884925
-292.18824248460635 198.56328213233962
-308.58447489734687 193.96701977805566
-325.0397356087736 188.57635050950927
-355.08524898525957 183.73471111485293
-385.35349889707226 177.3460832466415
-415.7879827342664 169.3977038493353
-460.1957723129374 160.11208782149632
-504.8222161789595 148.49347823591938
-563.6028045722456 134.01054189900702
-650.7287919369618 114.62982932508525
-766.4167813517653 88.09237755269501
-924.9581274599054 50.53065308344613
NaN NaN
NaN NaN
NaN NaN
0 -0
-1061.5284704156354 -186.64519298652826
-1052.9749071210947 -210.91087876697122
-1045.7824228823847 -235.01976385561636
-1039.201440221405 -259.17098485893155
-1032.5379020733817 -284.12013650999955
-1037.435324105256 -306.00397828199453
-1030.2777198721767 -332.18006246568984
-1022.7119590360079 -358.20544701544605
-1026.906323545807 -382.13039217949836
-1018.428300455594 -408.2786318807815
-1021.6846315635181 -433.3630190432154
-1012.0742732318832 -459.5112185068891
-1014.1224548134637 -485.58771942369907
-1015.472316672421 -512.3595856956583
-1016.0666347655484 -539.774869188469
-1015.8534603405366 -567.7843978984934
-1002.7897664833475 -594.14522650466
-1012.8296457605638 -625.3882541919345
-998.1842264993187 -651.7713838108232
-982.87408991493 -677.7065184009487
-966.9138505435262 -703.1805877008808
-950.3166881553668 -728.181461296091
-933.0957437240564 -752.6969682809828
-915.265483559165 -776.7144698115065
-896.8404806350877 -800.2215842179362
-877.8336103411925 -823.2065850123003
-858.2616121033311 -845.6570242589523
-838.1385695427075 -867.5614556563504
-817.4785548664319 -888.9085451637462
-796.298508987705 -909.6870368702982
-774.6138452806064 -929.8862524768123
-752.4396018043794 -949.4957761744254
-729.7911094511574 -968.5054274801537
-706.6854793485425 -986.90561710106
-683.1388019406631 -1004.6870562594554
-659.1770061430602 -1021.8444054872151
-634.8271567208224 -1038.375402926386
-610.1000132932502 -1054.2729387104673
-585.0062948179374 -1069.529092986856
-559.5592375968197 -1084.1366458608372
-533.7721097666343 -1098.0881162833073
-507.65858961788496 -1111.3759530068949
-481.23277806127015 -1123.992584846263
-454.50920882615134 -1135.9304694297564
-427.50451428128133 -1147.1838748784814
-400.2335020067442 -1157.745305583267
-372.71108298548023 -1167.6068205655365
-344.9560046937881 -1176.7651192115306
-316.9827175127121 -1185.2112671184
-288.81030342004215 -1192.942836427033
-260.454204912898 -1199.9515299693346
-231.9343625128986 -1206.237377521801
-203.26668072560668 -1211.792427579541
-174.46947733933402 -1216.6133428841079
-145.56167818158718 -1220.699283552304
-116.56108919096741 -1224.0462658448905
-87.48602234572049 -1226.651515131784
-58.35507221313399 -1228.513500499009
-29.186854720048448 -1229.6311288452382
0 -1230.0037444734335
29.186854720048448 -1229.6311288452382
58.35507221313399 -1228.513500499009
87.48602234572049 -1226.651515131784
116.56108919096741 -1224.0462658448905
145.56167818158718 -1220.699283552304
174.46947733933402 -1216.6133428841079
203.26668072560668 -1211.792427579541
231.9343625128986 -1206.237377521801
260.454204912898 -1199.9515299693346
288.81030342004215 -1192.942836427033
316.9827175127121 -1185.2112671184
344.9560046937881 -1176.7651192115306
372.71108298548023 -1167.6068205655365
400.2335020067442 -1157.745305583267
427.50451428128133 -1147.1838748784814
454.50920882615134 -1135.9304694297564
481.23277806127015 -1123.992584846263
507.65858961788496 -1111.3759530068949
533.7721097666343 -1098.0881162833073
559.5592375968197 -1084.1366458608372
585.0062948179374 -1069.529092986856
610.1000132932502 -1054.2729387104673
634.8271567208224 -1038.375402926386
659.1770061430602 -1021.8444054872151
683.1388019406631 -1004.6870562594554
706.6854793485425 -986.90561710106
729.7911094511574 -968.5054274801537
752.4396018043794 -949.4957761744254
774.6138452806064 -929.8862524768123
796.298508987705 -909.6870368702982
817.4785548664319 -888.9085451637462
838.1385695427075 -867.5614556563504
858.2616121033311 -845.6570242589523
877.8336103411925 -823.2065850123003
896.8404806350877 -800.2215842179362
915.265483559165 -776.7144698115065
933.0957437240564 -752.6969682809828
950.3166881553668 -728.181461296091
966.9138505435262 -703.1805877008808
982.87408991493 -677.7065184009487
998.1842264993187 -651.7713838108232
1012.8296457605638 -625.3882541919345
1002.7897664833475 -594.14522650466
1015.8534603405366 -567.7843978984934
1016.0666347655484 -539.774869188469
1015.472316672421 -512.3595856956583
1014.1224548134637 -485.58771942369907
1012.0742732318832 -459.5112185068891
1021.6846315635181 -433.3630190432154
1018.428300455594 -408.2786318807815
1026.906323545807 -382.13039217949836
1022.7119590360079 -358.20544701544605
1030.2777198721767 -332.18006246568984
1037.435324105256 -306.00397828199453
1032.5379020733817 -284.12013650999955
1039.201440221405 -259.17098485893155
1045.7824228823847 -235.01976385561636
1052.9749071210947 -210.91087876697122
1061.5284704156354 -186.64519298652826
0 -0
NaN NaN
NaN NaN
NaN NaN
924.9581274599054 50.53065308344613
766.4167813517653 88.09237755269501
650.7287919369618 114.62982932508525
563.6028045722456 134.01054189900702
504.8222161789595 148.49347823591938
460.1957723129374 160.11208782149632
415.7879827342664 169.3977038493353
385.35349889707226 177.3460832466415
355.08524898525957 183.73471111485293
325.0397356087736 188.57635050950927
308.58447489734687 193.96701977805566
292.18824248460635 198.56328213233962
275.8799976707114 202.37200952884925
259.68845390500786 205.40104612606925
243.64204977582017 207.6591983867983
227.7689202102024 209.1562244811545
224.44491671472 214.0909998692578
208.81148584271247 214.4332402541968
205.38334092083912 218.89673421651398
190.06532512169437 218.112758504006
186.5752335493056 222.11394968592006
171.64645289467518 220.23698193221193
168.13565245002957 223.78774983524468
164.50988773166225 227.26851234579593
150.17633189773775 223.9705789313874
146.5822095787205 227.0172249937193
142.8878504705279 229.99307752760515
139.09578676050023 232.89578883630628
125.66853906128856 227.91583459667078
121.97003491869718 230.4087558369909
118.18811523875044 232.82963327372943
114.32537022584728 235.17650192649356
110.38444500049386 237.44745197200714
106.36803779260202 239.64063083509234
94.51380128710151 232.52654440727233
90.67067323199126 234.35136228305026
86.76552791073543 236.1019401501103
82.80103822873741 237.77680436461912
78.77991743446803 239.3745421369941
74.70491727039202 240.89380314693875
70.57882609838023 242.33330108634067
66.40446700084959 243.6918151281334
62.18469585891134 244.9681913194336
57.922399408804665 246.16134389734202
49.21465808687121 236.3726300965463
45.23262224803241 237.28118350876625
41.21964301058606 238.11343864070741
37.178466013820874 238.8686629603504
33.11185608013062 239.54619105460668
29.02259533324562 240.1454254195381
24.913481304952104 240.66583716931288
20.787325031569253 241.1069666632308
16.64694914144517 241.46842405025944
12.495185934746981 241.74988973058652
8.334875456821946 241.95111473379285
4.168863566411438 242.07192101331808
0.000000000000070724322080509 242.11220165697398
