
-0.00000000000008840516208468708 417.0422016569743
-5.21106505332757 416.9988163612342
-10.41856415781419 416.86870430498794
-15.618933793662316 416.65199692004893
-20.808615297535695 416.34891305576747
-25.984057286731463 415.9597586737324
-31.141718078480995 415.4849264207246
-36.278068102763925 414.92489508028126
-41.389592307020806 414.28022890344124
-46.47279255115566 413.5515768191971
-51.524189991218385 412.73967152547095
-56.540327450185615 411.84532846144884
-61.51777177423196 410.86944466230284
-71.21248964180609 420.5857642105499
-76.45265427356229 419.315345763312
-81.64051505115329 417.9570375329758
-86.7725217580604 416.51214343202207
-91.84516218933672 414.98204773605045
-96.8549645449845 413.3682132056633
-101.79849979640412 411.6721790989253
-106.67238402433887 409.89555907690703
-111.47328072672114 408.04003900499475
-116.19790309489399 406.10737465297933
-128.91877271322264 413.11100079647895
-133.78635788666284 410.8050459022079
-138.56242257542414 408.41930897314614
-143.2436961867223 405.9559535238866
-147.82697262143702 403.4172055515553
-152.3091124652771 400.8053506140004
-166.50173774745292 405.66563212644917
-171.04039637059523 402.6428358805903
-175.46205604319448 399.5468148274288
-179.76368612243334 396.3802462066962
-194.78447202191288 399.5588325789785
-199.0767181180141 395.9596272000729
-203.232794479524 392.291647446651
-218.7852033502698 394.0529584809599
-222.87684803439677 389.9379861748842
-238.77392956644607 390.6103722593323
-242.75825597966528 386.03779059383413
-258.92460292244454 385.58926848738906
-262.75789183407124 380.55131415616313
-279.1163271224203 378.9545005603743
-295.6237246766244 376.6002319143499
-312.25163362776505 373.4790198989904
-328.9713163246163 369.58231726843354
-345.7537773388603 364.9025276633723
-362.56979266854324 359.43301475498214
-392.9503394368446 354.5174380666541
-423.52767189888067 348.05998840854613
-454.2450756149675 340.04809765833056
-498.90942850204254 330.70446081768756
-543.7659032703081 319.0334856703368
-602.7498325079856 304.50398782523183
-690.0523312995824 285.08265022282336
-805.8898817516437 258.5106255334235
-964.553736005756 220.92047873006092
NaN NaN
NaN NaN
NaN NaN
0 -0
-1199.8571626892287 -477.9051695794505
-1181.8904430395442 -495.1512359191463
-1166.4862223901482 -512.6729028991488
-1152.586742640792 -530.5969889699453
-1139.1525326561202 -549.4770228824456
-1138.603414966925 -566.3420070572942
-1125.577532904829 -586.8145455812768
-1112.6990317825669 -607.4956456710645
-1112.3606787992248 -626.7854097681935
-1099.3529237437826 -648.1192668417087
-1098.5619037972733 -668.8341665964333
-1085.0526299195742 -690.6525861543388
-1083.4760475294922 -712.6298447560141
-1081.3665262219536 -735.3975459201336
-1078.6637728891035 -758.9109396653973
-1075.3112357162736 -783.1258949389392
-1059.4284781316242 -806.0932028957754
-1066.4594365337248 -833.4757747046025
-1060.873701139349 -859.5157140306504
-1054.4620999618783 -886.0689827657981
-1047.1923833758422 -913.0861327165035
-1050.115294095837 -944.4906430449106
-1040.8555305378932 -972.6733156686666
-1041.3523855855833 -1005.9286741671186
-1029.9648153826395 -1035.043980855423
-1027.8653405615685 -1069.8767421362568
-1024.302389938422 -1105.5810869735262
-1029.1009303950275 -1148.358608406554
-1022.4998122247786 -1185.9115468976718
-1024.0137215557822 -1231.117733401616
-1014.4184859101944 -1270.2473738162987
-1012.3995513392869 -1317.6009133931302
-1017.2415597574347 -1374.1465465288927
-1010.9544315262933 -1424.004380254286
-1010.910316579932 -1483.5373550212869
-1008.1708976646361 -1544.554457615761
-1002.6515081531227 -1606.9243485329757
-1001.874898889555 -1680.2268047060084
-968.3277921833887 -1715.226230808644
-926.5345063464655 -1739.4490801692245
-884.1285536299752 -1762.6104888219625
-841.135645044439 -1784.693263493222
-797.5821486704758 -1805.6807197539486
-753.4950904005232 -1825.556720111722
-708.9038209497876 -1844.3074586236107
-663.8360571717678 -1861.9178573836557
-618.3198104765283 -1878.37288623188
-572.3871361804237 -1893.6626807237155
-526.0659306999377 -1907.772192386486
-479.38891294115814 -1920.693413910952
-432.3852799646847 -1932.4129102251636
-385.08889434508984 -1942.9261217525716
-337.5296709779294 -1952.220928892393
-289.74006421437286 -1960.2903451313127
-241.75323592368764 -1967.1303849838364
-193.6012999536048 -1972.7343761158318
-145.31694809943644 -1977.0973476440645
-96.93321150804103 -1980.2160655089997
-48.483183747768734 -1982.0882200128956
0 -1982.7124254717178
48.483183747768734 -1982.0882200128956
96.93321150804103 -1980.2160655089997
145.31694809943644 -1977.0973476440645
193.6012999536048 -1972.7343761158318
241.75323592368764 -1967.1303849838364
289.74006421437286 -1960.2903451313127
337.5296709779294 -1952.220928892393
385.08889434508984 -1942.9261217525716
432.3852799646847 -1932.4129102251636
479.38891294115814 -1920.693413910952
526.0659306999377 -1907.772192386486
572.3871361804237 -1893.6626807237155
618.3198104765283 -1878.37288623188
663.8360571717678 -1861.9178573836557
708.9038209497876 -1844.3074586236107
753.4950904005232 -1825.556720111722
797.5821486704758 -1805.6807197539486
841.135645044439 -1784.693263493222
884.1285536299752 -1762.6104888219625
926.5345063464655 -1739.4490801692245
968.3277921833887 -1715.226230808644
1001.874898889555 -1680.2268047060084
1002.6515081531227 -1606.9243485329757
1008.1708976646361 -1544.554457615761
1010.910316579932 -1483.5373550212869
1010.9544315262933 -1424.004380254286
1017.2415597574347 -1374.1465465288927
1012.3995513392869 -1317.6009133931302
1014.4184859101944 -1270.2473738162987
1024.0137215557822 -1231.117733401616
1022.4998122247786 -1185.9115468976718
1029.1009303950275 -1148.358608406554
1024.302389938422 -1105.5810869735262
1027.8653405615685 -1069.8767421362568
1029.9648153826395 -1035.043980855423
1041.3523855855833 -1005.9286741671186
1040.8555305378932 -972.6733156686666
1050.115294095837 -944.4906430449106
1047.1923833758422 -913.0861327165035
1054.4620999618783 -886.0689827657981
1060.873701139349 -859.5157140306504
1066.4594365337248 -833.4757747046025
1059.4284781316242 -806.0932028957754
1075.3112357162736 -783.1258949389392
1078.6637728891035 -758.9109396653973
1081.3665262219536 -735.3975459201336
1083.4760475294922 -712.6298447560141
1085.0526299195742 -690.6525861543388
1098.5619037972733 -668.8341665964333
1099.3529237437826 -648.1192668417087
1112.3606787992248 -626.7854097681935
1112.6990317825669 -607.4956456710645
1125.577532904829 -586.8145455812768
1138.603414966925 -566.3420070572942
1139.1525326561202 -549.4770228824456
1152.586742640792 -530.5969889699453
1166.4862223901482 -512.6729028991488
1181.8904430395442 -495.1512359191463
1199.8571626892287 -477.9051695794505
0 -0
NaN NaN
NaN NaN
NaN NaN
964.553736005756 220.92047873006092
805.8898817516437 258.5106255334235
690.0523312995824 285.08265022282336
602.7498325079856 304.50398782523183
543.7659032703081 319.0334856703368
498.90942850204254 330.70446081768756
454.2450756149675 340.04809765833056
423.52767189888067 348.05998840854613
392.9503394368446 354.5174380666541
362.56979266854324 359.43301475498214
345.7537773388603 364.9025276633723
328.9713163246163 369.58231726843354
312.25163362776505 373.4790198989904
295.6237246766244 376.6002319143499
279.1163271224203 378.9545005603743
262.75789183407124 380.55131415616313
258.92460292244454 385.58926848738906
242.75825597966528 386.03779059383413
238.77392956644607 390.6103722593323
222.87684803439677 389.9379861748842
218.7852033502698 394.0529584809599
203.232794479524 392.291647446651
199.0767181180141 395.9596272000729
194.78447202191288 399.5588325789785
179.76368612243334 396.3802462066962
175.46205604319448 399.5468148274288
171.04039637059523 402.6428358805903
166.50173774745292 405.66563212644917
152.3091124652771 400.8053506140004
147.82697262143702 403.4172055515553
143.2436961867223 405.9559535238866
138.56242257542414 408.41930897314614
133.78635788666284 410.8050459022079
128.91877271322264 413.11100079647895
116.19790309489399 406.10737465297933
111.47328072672114 408.04003900499475
106.67238402433887 409.89555907690703
101.79849979640412 411.6721790989253
96.8549645449845 413.3682132056633
91.84516218933672 414.98204773605045
86.7725217580604 416.51214343202207
81.64051505115329 417.9570375329758
76.45265427356229 419.315345763312
71.21248964180609 420.5857642105499
61.51777177423196 410.86944466230284
56.540327450185615 411.84532846144884
51.524189991218385 412.73967152547095
46.47279255115566 413.5515768191971
41.389592307020806 414.28022890344124
36.278068102763925 414.92489508028126
31.141718078480995 415.4849264207246
25.984057286731463 415.9597586737324
20.808615297535695 416.34891305576747
15.618933793662316 416.65199692004893
10.41856415781419 416.86870430498794
5.21106505332757 416.9988163612342
0.00000000000008840516208468708 417.0422016569743
