
-0.00000000000010331253699017056 564.5322016569737
-6.08978395406078 564.4861987133979
-12.175399729239023 564.3482406101132
-18.252681988434006 564.1184794523408
-24.317471076200256 563.7971684917841
-30.365615854809406 563.3846617414109
-36.392976534593586 562.8814134366199
-42.395427496671516 562.2879773432616
-48.36886010616351 561.605005913243
-54.309185514006565 560.8332492884216
-60.21233744547701 559.9735541538017
-66.07427497356969 559.0268624411616
-71.89098527534004 557.9942098844106
-82.41785983825827 567.6494911412938
-88.48250156434642 566.3139269610919
-94.48659477984071 564.8865387762743
-100.42602986328095 563.3688144293604
-106.29674123864304 561.7623323896153
-112.09471014796897 560.0687594008157
-117.81596739267212 558.289847992556
-123.45659604169079 556.4274338583233
-129.01273410463062 554.4834331038892
-134.48057716813076 552.4598393699479
-147.9321374502165 559.3703323325501
-153.51738247696218 556.9692917649262
-158.9975843603615 554.4867737379716
-164.36898992716917 551.9252039308814
-169.62792009629624 549.2870749187366
-174.7707723941302 546.5749425501809
-189.6087160305699 551.334323527942
-194.77685663927946 548.2102791978135
-199.81173051324117 545.0129395891843
-204.7098867432551 541.7452597917606
-220.31010191369282 544.8232202265633
-225.16428328905988 541.1241512527716
-229.86441581576906 537.35734582157
-245.9426288687298 539.0211423669743
-250.54146539216546 534.8102369562132
-266.9267788166637 535.3885376679826
-271.3800425657235 530.723980095881
-287.9957109015053 530.1858479105193
-292.2583973208626 525.0608995684256
-309.0260119440635 523.3799514126052
-325.92209022916387 520.9446434613313
-342.9179149248887 517.7457149169525
-359.9844962289384 513.7748370890617
-377.09260096601867 509.0246225470707
-394.2127819542314 503.4886336286161
-424.8758078568085 498.5107176534674
-455.71373933177796 491.99524178034807
-486.6696833379116 483.92980224238477
-531.5503543085445 474.5372458929076
-576.6007767002686 462.8221193895507
-635.7561501792958 448.2533638022449
-723.2074723308116 428.7977737248369
-839.1711232652666 402.1965993210953
-997.9382687012771 364.58248858897207
NaN NaN
NaN NaN
NaN NaN
0 -0
-1264.4166585243686 -671.734909669548
-1244.5935737930702 -686.6105975630569
-1227.3619850388448 -701.8162055107982
-1211.65302924492 -717.4605004406122
-1196.3822412063441 -734.0285901670279
-1194.2183375392299 -748.9101058777721
-1179.3404670182033 -767.0501002896425
-1164.6609570105409 -785.4659324194846
-1162.678015952383 -802.7266016503806
-1147.9433268873663 -821.8898635478533
-1145.5216672894155 -840.5774524790527
-1130.3705619992018 -860.3331851427937
-1127.1984990711082 -880.3075430645924
-1123.506266345223 -901.0716774267328
-1119.239314101193 -922.5876531089835
-1114.3458456627857 -944.8173560733151
-1097.0272583944623 -965.9731649144354
-1102.497090441396 -991.2544948379405
-1095.4610777602354 -1015.3761320532409
-1087.634056581012 -1040.0415798472043
-1078.9851759098901 -1065.204664552594
-1080.4508762942903 -1094.519091141008
-1069.8840463842723 -1120.9067214492413
-1068.9935076016875 -1152.1062744901178
-1056.3759717404234 -1179.5006140097507
-1052.9666303522956 -1212.3329363242265
-1048.1349047648166 -1246.0665626239318
-1051.5928982114535 -1286.5681171635183
-1043.8109658824217 -1322.2192336759754
-1044.0801447918461 -1365.218563931215
-1033.392401602991 -1402.529722434286
-1030.2243318098688 -1447.7610825764348
-1033.8745716777585 -1501.8854142378077
-1026.5411804072576 -1549.7212265211183
-1025.4169668786694 -1606.9466330183898
-1021.6539451357343 -1665.721162433308
-1015.1654283031655 -1725.9164005113932
-1013.4080516320334 -1796.7952100007026
-1015.5028710056482 -1879.1856816417364
-1013.5238675497449 -1963.808778498214
-1007.3504299721093 -2050.444514548384
-958.3731587845343 -2075.139532848542
-896.6098526187404 -2077.150345271838
-835.5758585310799 -2077.3092542555523
-780.7207412892585 -2086.647451223798
-720.9738468340814 -2083.347347382929
-666.8194589995527 -2089.541062011246
-612.913114035891 -2094.259444981475
-559.2950828271936 -2097.516595426303
-506.0093071997852 -2099.3340761762224
-453.0950557922647 -2099.728651893546
-400.5950760826137 -2098.7262411012157
-351.10948507597817 -2108.1077031243685
-299.1883807337148 -2104.4219755533463
-249.63032085302717 -2111.268638420389
-198.43540660339266 -2104.9608200455464
-148.94279899638707 -2109.291183720438
-99.35057730772878 -2112.386800857932
-49.69190677953174 -2114.245171031112
0 -2114.864794384076
49.69190677953174 -2114.245171031112
99.35057730772878 -2112.386800857932
148.94279899638707 -2109.291183720438
198.43540660339266 -2104.9608200455464
249.63032085302717 -2111.268638420389
299.1883807337148 -2104.4219755533463
351.10948507597817 -2108.1077031243685
400.5950760826137 -2098.7262411012157
453.0950557922647 -2099.728651893546
506.0093071997852 -2099.3340761762224
559.2950828271936 -2097.516595426303
612.913114035891 -2094.259444981475
666.8194589995527 -2089.541062011246
720.9738468340814 -2083.347347382929
780.7207412892585 -2086.647451223798
835.5758585310799 -2077.3092542555523
896.6098526187404 -2077.150345271838
958.3731587845343 -2075.139532848542
1007.3504299721093 -2050.444514548384
1013.5238675497449 -1963.808778498214
1015.5028710056482 -1879.1856816417364
1013.4080516320334 -1796.7952100007026
1015.1654283031655 -1725.9164005113932
1021.6539451357343 -1665.721162433308
1025.4169668786694 -1606.9466330183898
1026.5411804072576 -1549.7212265211183
1033.8745716777585 -1501.8854142378077
1030.2243318098688 -1447.7610825764348
1033.392401602991 -1402.529722434286
1044.0801447918461 -1365.218563931215
1043.8109658824217 -1322.2192336759754
1051.5928982114535 -1286.5681171635183
1048.1349047648166 -1246.0665626239318
1052.9666303522956 -1212.3329363242265
1056.3759717404234 -1179.5006140097507
1068.9935076016875 -1152.1062744901178
1069.8840463842723 -1120.9067214492413
1080.4508762942903 -1094.519091141008
1078.9851759098901 -1065.204664552594
1087.634056581012 -1040.0415798472043
1095.4610777602354 -1015.3761320532409
1102.497090441396 -991.2544948379405
1097.0272583944623 -965.9731649144354
1114.3458456627857 -944.8173560733151
1119.239314101193 -922.5876531089835
1123.506266345223 -901.0716774267328
1127.1984990711082 -880.3075430645924
1130.3705619992018 -860.3331851427937
1145.5216672894155 -840.5774524790527
1147.9433268873663 -821.8898635478533
1162.678015952383 -802.7266016503806
1164.6609570105409 -785.4659324194846
1179.3404670182033 -767.0501002896425
1194.2183375392299 -748.9101058777721
1196.3822412063441 -734.0285901670279
1211.65302924492 -717.4605004406122
1227.3619850388448 -701.8162055107982
1244.5935737930702 -686.6105975630569
1264.4166585243686 -671.734909669548
0 -0
NaN NaN
NaN NaN
NaN NaN
997.9382687012771 364.58248858897207
839.1711232652666 402.1965993210953
723.2074723308116 428.7977737248369
635.7561501792958 448.2533638022449
576.6007767002686 462.8221193895507
531.5503543085445 474.5372458929076
486.6696833379116 483.92980224238477
455.71373933177796 491.99524178034807
424.8758078568085 498.5107176534674
394.2127819542314 503.4886336286161
377.09260096601867 509.0246225470707
359.9844962289384 513.7748370890617
342.9179149248887 517.7457149169525
325.92209022916387 520.9446434613313
309.0260119440635 523.3799514126052
292.2583973208626 525.0608995684256
287.9957109015053 530.1858479105193
271.3800425657235 530.723980095881
266.9267788166637 535.3885376679826
250.54146539216546 534.8102369562132
245.9426288687298 539.0211423669743
229.86441581576906 537.35734582157
225.16428328905988 541.1241512527716
220.31010191369282 544.8232202265633
204.7098867432551 541.7452597917606
199.81173051324117 545.0129395891843
194.77685663927946 548.2102791978135
189.6087160305699 551.334323527942
174.7707723941302 546.5749425501809
169.62792009629624 549.2870749187366
164.36898992716917 551.9252039308814
158.9975843603615 554.4867737379716
153.51738247696218 556.9692917649262
147.9321374502165 559.3703323325501
134.48057716813076 552.4598393699479
129.01273410463062 554.4834331038892
123.45659604169079 556.4274338583233
117.81596739267212 558.289847992556
112.09471014796897 560.0687594008157
106.29674123864304 561.7623323896153
100.42602986328095 563.3688144293604
94.48659477984071 564.8865387762743
88.48250156434642 566.3139269610919
82.41785983825827 567.6494911412938
71.89098527534004 557.9942098844106
66.07427497356969 559.0268624411616
60.21233744547701 559.9735541538017
54.309185514006565 560.8332492884216
48.36886010616351 561.605005913243
42.395427496671516 562.2879773432616
36.392976534593586 562.8814134366199
30.365615854809406 563.3846617414109
24.317471076200256 563.7971684917841
18.252681988434006 564.1184794523408
12.175399729239023 564.3482406101132
6.08978395406078 564.4861987133979
0.00000000000010331253699017056 564.5322016569737
