
-0.00000000000007869803423925598 321.00220165697414
-4.638876001687341 320.96052087610377
-9.274578204328252 320.83551787374364
-13.90393496915978 320.62731061995186
-18.52377897654482 320.3360955625473
-23.130949381936524 319.96214737384923
-27.722293967523957 319.5058185964201
-32.29467128812642 318.96753918810856
-36.844952809904626 318.3478159668262
-41.37002504046205 317.6472319555166
-45.86679164891044 316.8664456279538
-50.33217557449366 316.0061900560545
-54.76312112234763 315.06727195953454
-63.91596951388374 324.82333737192596
-68.61926534002843 323.595339401967
-73.27562592549636 322.2820134675721
-77.88186531745168 320.88454371282444
-82.43483164560237 319.4041879616362
-86.93140926862252 317.8422761483548
-91.36852089650867 316.20020865656113
-95.74312968745855 314.47945456807736
-100.05224131784983 312.68154982431935
-104.2929060239491 310.8080953023952
-116.53797707052897 317.8723663078745
-120.93824885111908 315.62832766601923
-125.25580559918586 313.30561098674866
-129.4876909603848 310.9062090728198
-133.63100682385428 308.4321743357159
-137.682915302303 305.8856163299763
-151.45533328402792 310.81160051617474
-155.58409666075434 307.8547332554221
-159.60645406269896 304.82468707558843
-163.51964850887498 301.72395829084024
-178.16313162726547 304.96806852938806
-182.08946637872847 301.4338906076182
-185.89127360941092 297.83026245833133
-201.10129836150514 299.6550712993694
-204.8626785921288 295.6025670614609
-220.44184168258343 296.33621803974575
-224.12081355153433 291.82352766226853
-239.99457912212523 291.4333563048858
-243.5482603543001 286.45204923655035
-259.6402532850712 284.91002093566567
-275.89455640985454 282.6085220698039
-292.2828923180101 279.53791616636386
-308.77668754970887 275.68951366430355
-325.3471014886176 271.0555821577083
-341.96505545925794 265.62935595354605
-372.1616623261705 260.7543722891943
-402.56930240769174 254.33470714318673
-433.1313775628179 246.35768537103937
-477.654872162926 237.04590309428843
-522.38505545545 225.40367766712748
-581.2573465824813 210.89974300299076
-668.4629371397123 191.50070933779074
-784.2183756497496 164.94766585772942
-942.8149705296028 127.37312347309611
NaN NaN
NaN NaN
NaN NaN
0 -0
-1139.865190934803 -330.79861929240127
-1124.6722740130995 -350.81236411586906
-1111.861761838967 -370.9727553151274
-1100.412160500395 -391.43469042441063
-1089.359470724936 -412.83163167168135
-1090.8124735062136 -431.81211912446446
-1080.0152590154257 -454.7251385241294
-1069.224925950034 -477.728946007639
-1070.723753531697 -499.061342090518
-1059.5948857390472 -522.5433988028421
-1060.5232329641724 -545.2313806848452
-1048.7024157470653 -569.0261962764909
-1048.7247959558892 -592.893752056891
-1048.1658139183598 -617.5253612793039
-1046.9626367290039 -642.8712256047774
-1045.057250139915 -668.8831537550346
-1030.4920635048452 -693.4697146332715
-1038.940373907093 -722.7076689356243
-1034.6428750184355 -750.4204434534078
-1029.4678209817441 -778.601344427305
-1023.3841941228854 -807.1997671070584
-1027.5485746903314 -840.3673427111588
-1019.3797090180036 -870.048103305644
-1021.0260410919664 -905.0019544234735
-1010.6377081472353 -935.5253014373377
-1009.5965429734487 -971.9798253194125
-1007.0462245405952 -1009.2666333041432
-1012.9077029980494 -1053.853838591565
-1007.2267561645658 -1092.9047758212805
-1009.7055064529312 -1139.8338756193587
-1000.9437330855498 -1180.3712598940187
-972.4245080214235 -1205.5467942429561
-943.3212139707963 -1229.9800039831778
-913.6467891639628 -1253.6601747511113
-883.4149127119313 -1276.5761324472078
-852.6368863619794 -1298.7151684837395
-821.3292299341625 -1320.0654994670124
-789.5076433495664 -1340.6147475506186
-757.1878981885559 -1360.3499934946997
-724.3883981481166 -1379.259278271506
-691.1276856574913 -1397.3306309250374
-657.4248170385964 -1414.5522521136636
-623.2993710700625 -1430.9125580851335
-588.7714551232358 -1446.4002243058792
-553.8633716927739 -1461.0059681300904
-518.5956793957337 -1474.7189611198974
-482.9891214706747 -1487.5281477211408
-447.0683663492227 -1499.4273451660322
-410.8538433576521 -1510.4049351604858
-374.3706951999175 -1520.4560420091
-337.64047439262595 -1529.5701148147705
-300.6893033068249 -1537.74517146414
-263.53930503240963 -1544.9714331764574
-226.21506986052916 -1551.2439635723717
-188.74183840025194 -1556.5605448353986
-151.14376161080517 -1560.9160154564988
-113.44552704881494 -1564.3066389071369
-75.67212895804494 -1566.7301384918485
-37.84860033700622 -1568.1848884331775
0 -1568.6699134368018
37.84860033700622 -1568.1848884331775
75.67212895804494 -1566.7301384918485
113.44552704881494 -1564.3066389071369
151.14376161080517 -1560.9160154564988
188.74183840025194 -1556.5605448353986
226.21506986052916 -1551.2439635723717
263.53930503240963 -1544.9714331764574
300.6893033068249 -1537.74517146414
337.64047439262595 -1529.5701148147705
374.3706951999175 -1520.4560420091
410.8538433576521 -1510.4049351604858
447.0683663492227 -1499.4273451660322
482.9891214706747 -1487.5281477211408
518.5956793957337 -1474.7189611198974
553.8633716927739 -1461.0059681300904
588.7714551232358 -1446.4002243058792
623.2993710700625 -1430.9125580851335
657.4248170385964 -1414.5522521136636
691.1276856574913 -1397.3306309250374
724.3883981481166 -1379.259278271506
757.1878981885559 -1360.3499934946997
789.5076433495664 -1340.6147475506186
821.3292299341625 -1320.0654994670124
852.6368863619794 -1298.7151684837395
883.4149127119313 -1276.5761324472078
913.6467891639628 -1253.6601747511113
943.3212139707963 -1229.9800039831778
972.4245080214235 -1205.5467942429561
1000.9437330855498 -1180.3712598940187
1009.7055064529312 -1139.8338756193587
1007.2267561645658 -1092.9047758212805
1012.9077029980494 -1053.853838591565
1007.0462245405952 -1009.2666333041432
1009.5965429734487 -971.9798253194125
1010.6377081472353 -935.5253014373377
1021.0260410919664 -905.0019544234735
1019.3797090180036 -870.048103305644
1027.5485746903314 -840.3673427111588
1023.3841941228854 -807.1997671070584
1029.4678209817441 -778.601344427305
1034.6428750184355 -750.4204434534078
1038.940373907093 -722.7076689356243
1030.4920635048452 -693.4697146332715
1045.057250139915 -668.8831537550346
1046.9626367290039 -642.8712256047774
1048.1658139183598 -617.5253612793039
1048.7247959558892 -592.893752056891
1048.7024157470653 -569.0261962764909
1060.5232329641724 -545.2313806848452
1059.5948857390472 -522.5433988028421
1070.723753531697 -499.061342090518
1069.224925950034 -477.728946007639
1080.0152590154257 -454.7251385241294
1090.8124735062136 -431.81211912446446
1089.359470724936 -412.83163167168135
1100.412160500395 -391.43469042441063
1111.861761838967 -370.9727553151274
1124.6722740130995 -350.81236411586906
1139.865190934803 -330.79861929240127
0 -0
NaN NaN
NaN NaN
NaN NaN
942.8149705296028 127.37312347309611
784.2183756497496 164.94766585772942
668.4629371397123 191.50070933779074
581.2573465824813 210.89974300299076
522.38505545545 225.40367766712748
477.654872162926 237.04590309428843
433.1313775628179 246.35768537103937
402.56930240769174 254.33470714318673
372.1616623261705 260.7543722891943
341.96505545925794 265.62935595354605
325.3471014886176 271.0555821577083
308.77668754970887 275.68951366430355
292.2828923180101 279.53791616636386
275.89455640985454 282.6085220698039
259.6402532850712 284.91002093566567
243.5482603543001 286.45204923655035
239.99457912212523 291.4333563048858
224.12081355153433 291.82352766226853
220.44184168258343 296.33621803974575
204.8626785921288 295.6025670614609
201.10129836150514 299.6550712993694
185.89127360941092 297.83026245833133
182.08946637872847 301.4338906076182
178.16313162726547 304.96806852938806
163.51964850887498 301.72395829084024
159.60645406269896 304.82468707558843
155.58409666075434 307.8547332554221
151.45533328402792 310.81160051617474
137.682915302303 305.8856163299763
133.63100682385428 308.4321743357159
129.4876909603848 310.9062090728198
125.25580559918586 313.30561098674866
120.93824885111908 315.62832766601923
116.53797707052897 317.8723663078745
104.2929060239491 310.8080953023952
100.05224131784983 312.68154982431935
95.74312968745855 314.47945456807736
91.36852089650867 316.20020865656113
86.93140926862252 317.8422761483548
82.43483164560237 319.4041879616362
77.88186531745168 320.88454371282444
73.27562592549636 322.2820134675721
68.61926534002843 323.595339401967
63.91596951388374 324.82333737192596
54.76312112234763 315.06727195953454
50.33217557449366 316.0061900560545
45.86679164891044 316.8664456279538
41.37002504046205 317.6472319555166
36.844952809904626 318.3478159668262
32.29467128812642 318.96753918810856
27.722293967523957 319.5058185964201
23.130949381936524 319.96214737384923
18.52377897654482 320.3360955625473
13.90393496915978 320.62731061995186
9.274578204328252 320.83551787374364
4.638876001687341 320.96052087610377
0.00000000000007869803423925598 321.00220165697414
