
-0.00000000000005339016521366769 70.61220165697365
-3.147097402768152 70.57496478987107
-6.292043397025592 70.46328182085541
-9.432688033849594 70.27723562327151
-12.56688428253289 70.01696424093915
-15.692489487292569 69.68266077058091
-18.80736682110025 69.27457319734083
-21.909386735678652 68.79300418351518
-24.996428406708716 68.23831081065124
-28.066381173296573 67.61090427520634
-31.117145970750446 66.91124953799702
-34.14663675572535 66.1398649277049
-37.152781922792045 65.297321698746
-44.8928991803719 75.15701025694214
-48.19650133474374 74.03960853131733
-51.46716499074794 72.84355786848512
-54.70265388300751 71.56973015920204
-57.90075558515211 70.21905354977018
-61.05928301239307 68.79251167751322
-64.17607590749554 67.29114286039712
-67.24900230916343 65.71603924148728
-70.27596000186392 64.06834588898703
-73.2548779461285 62.34925985265641
-84.25947414493476 69.57164067687147
-87.44139315130857 67.48902655024193
-90.56355419685036 65.33061266506922
-93.6238201917192 63.09794675396874
-96.62009599444299 60.792628665850266
-99.55032984169193 58.41630908948457
-112.22720736152702 63.51358953224366
-115.2873152743831 60.72860855408905
-118.26863461354966 57.87056829400293
-121.16912187352655 54.941493367360046
-134.82892274122045 58.35643368581325
-137.80127434416238 54.991791634432744
-140.67945134090184 51.55593731021367
-154.99683178365444 53.546294004508184
-157.89716540335868 49.65665294432146
-172.64746969965583 50.550030252966934
-175.53033864962148 46.19348501925857
-190.64130278557818 45.95544240050092
-193.46600685346823 41.12182283898991
-208.86334649483967 39.722627628391116
-224.4577962857747 37.55870711795
-240.2215310461484 34.62003857773054
-256.1264053865574 30.897561410679327
-272.1439823076278 26.383188517940933
-288.2455620207641 21.069816935515835
-317.96261128762717 16.300665083676094
-347.92783909137773 9.979509558499334
-378.0849504982849 2.0933961934574237
-380.6460300085507 -7.829002673745127
-382.94698184087696 -17.81600935522198
-384.9861533552379 -27.860819634873565
-386.76206943673196 -37.95658754770419
-388.2734337215106 -48.09643181300706
-389.5191297122172 -58.27344501986012
-390.4982217979207 -68.48071178559037
-391.20995625761867 -78.71136636580815
-391.6537629451236 -88.95895215505033
0 -0
-391.7361983333481 -109.46755360353407
-391.3746197696964 -119.72181334366934
-390.7446578659647 -129.9632708208396
-389.8466617579948 -140.18558114891664
-388.6811634956707 -150.3818546237178
-387.2488790641039 -160.54512732458718
-385.5507082805755 -170.66842907588656
-383.58773444324186 -180.7448037274866
-381.3612238247398 -190.767319076948
-378.8726250288056 -200.72907371987225
-376.1148719587849 -210.63680163779506
-373.0797891792813 -220.4931786470109
-369.774733089439 -230.27718242208633
-366.2041179161151 -239.9759504088589
-362.37459504774154 -249.5763488555319
-358.2903446671092 -259.06978721765535
-353.9556957918624 -268.44834871578723
-349.375108790421 -277.704666174941
-344.55315855704504 -286.83183618040533
-339.49255391204656 -295.82450144414736
-334.1989014975756 -304.675677262218
-328.6762031068495 -313.3797136389933
-322.9282226945163 -321.9311779266133
-316.9598451046873 -330.3243083998842
-310.7758998983313 -338.5536326403395
-304.379385874474 -346.6142933836337
-297.7769898902294 -354.5006302103817
-290.9726494487952 -362.20784545481126
-283.9701734861925 -369.73109206021076
-276.77613371453026 -377.0654133847894
-269.3954996705918 -384.20622371990424
-261.8327898265692 -391.14898071775366
-254.09274977372024 -397.88914769154184
-246.18186294066328 -404.42254495078873
-238.10554829888753 -410.74505421915836
-229.86932728431663 -416.8526827367836
-221.47881997071372 -422.74156783602325
-212.9390862408507 -428.4076905028202
-204.2563384003903 -433.8475401625355
-195.43683491800553 -439.0578203537247
-186.48654914406632 -444.0352374685958
-177.41153324058692 -448.7766440777429
-168.21791426434012 -453.2790414285473
-158.91189024160943 -457.5395817161334
-149.49972623618748 -461.55557014948715
-139.987750412065 -465.3244668316576
-130.3823500920976 -468.8438884699406
-120.68984732893445 -472.11144434335347
-110.91674174149334 -475.12501877282415
-101.06975149648923 -477.882936834015
-91.15545614524405 -480.38346097856845
-81.18047446314269 -482.625016173373
-71.1514605210143 -484.6061908145298
-61.07509975795089 -486.3257375319656
-50.95810505569303 -487.78257388936123
-40.80721281461097 -488.9757829833353
-30.629179031222247 -489.90461394517314
-20.430775377108944 -490.5684823477961
-10.218785279033574 -490.96697052012405
0 -491.09982777047054
10.218785279033574 -490.96697052012405
20.430775377108944 -490.5684823477961
30.629179031222247 -489.90461394517314
40.80721281461097 -488.9757829833353
50.95810505569303 -487.78257388936123
61.07509975795089 -486.3257375319656
71.1514605210143 -484.6061908145298
81.18047446314269 -482.625016173373
91.15545614524405 -480.38346097856845
101.06975149648923 -477.882936834015
110.91674174149334 -475.12501877282415
120.68984732893445 -472.11144434335347
130.3823500920976 -468.8438884699406
139.987750412065 -465.3244668316576
149.49972623618748 -461.55557014948715
158.91189024160943 -457.5395817161334
168.21791426434012 -453.2790414285473
177.41153324058692 -448.7766440777429
186.48654914406632 -444.0352374685958
195.43683491800553 -439.0578203537247
204.2563384003903 -433.8475401625355
212.9390862408507 -428.4076905028202
221.47881997071372 -422.74156783602325
229.86932728431663 -416.8526827367836
238.10554829888753 -410.74505421915836
246.18186294066328 -404.42254495078873
254.09274977372024 -397.88914769154184
261.8327898265692 -391.14898071775366
269.3954996705918 -384.20622371990424
276.77613371453026 -377.0654133847894
283.9701734861925 -369.73109206021076
290.9726494487952 -362.20784545481126
297.7769898902294 -354.5006302103817
304.379385874474 -346.6142933836337
310.7758998983313 -338.5536326403395
316.9598451046873 -330.3243083998842
322.9282226945163 -321.9311779266133
328.6762031068495 -313.3797136389933
334.1989014975756 -304.675677262218
339.49255391204656 -295.82450144414736
344.55315855704504 -286.83183618040533
349.375108790421 -277.704666174941
353.9556957918624 -268.44834871578723
358.2903446671092 -259.06978721765535
362.37459504774154 -249.5763488555319
366.2041179161151 -239.9759504088589
369.774733089439 -230.27718242208633
373.0797891792813 -220.4931786470109
376.1148719587849 -210.63680163779506
378.8726250288056 -200.72907371987225
381.3612238247398 -190.767319076948
383.58773444324186 -180.7448037274866
385.5507082805755 -170.66842907588656
387.2488790641039 -160.54512732458718
388.6811634956707 -150.3818546237178
389.8466617579948 -140.18558114891664
390.7446578659647 -129.9632708208396
391.3746197696964 -119.72181334366934
391.7361983333481 -109.46755360353407
0 -0
391.6537629451236 -88.95895215505033
391.20995625761867 -78.71136636580815
390.4982217979207 -68.48071178559037
389.5191297122172 -58.27344501986012
388.2734337215106 -48.09643181300706
386.76206943673196 -37.95658754770419
384.9861533552379 -27.860819634873565
382.94698184087696 -17.81600935522198
380.6460300085507 -7.829002673745127
378.0849504982849 2.0933961934574237
347.92783909137773 9.979509558499334
317.96261128762717 16.300665083676094
288.2455620207641 21.069816935515835
272.1439823076278 26.383188517940933
256.1264053865574 30.897561410679327
240.2215310461484 34.62003857773054
224.4577962857747 37.55870711795
208.86334649483967 39.722627628391116
193.46600685346823 41.12182283898991
190.64130278557818 45.95544240050092
175.53033864962148 46.19348501925857
172.64746969965583 50.550030252966934
157.89716540335868 49.65665294432146
154.99683178365444 53.546294004508184
140.67945134090184 51.55593731021367
137.80127434416238 54.991791634432744
134.82892274122045 58.35643368581325
121.16912187352655 54.941493367360046
118.26863461354966 57.87056829400293
115.2873152743831 60.72860855408905
112.22720736152702 63.51358953224366
99.55032984169193 58.41630908948457
96.62009599444299 60.792628665850266
93.6238201917192 63.09794675396874
90.56355419685036 65.33061266506922
87.44139315130857 67.48902655024193
84.25947414493476 69.57164067687147
73.2548779461285 62.34925985265641
70.27596000186392 64.06834588898703
67.24900230916343 65.71603924148728
64.17607590749554 67.29114286039712
61.05928301239307 68.79251167751322
57.90075558515211 70.21905354977018
54.70265388300751 71.56973015920204
51.46716499074794 72.84355786848512
48.19650133474374 74.03960853131733
44.8928991803719 75.15701025694214
37.152781922792045 65.297321698746
34.14663675572535 66.1398649277049
31.117145970750446 66.91124953799702
28.066381173296573 67.61090427520634
24.996428406708716 68.23831081065124
21.909386735678652 68.79300418351518
18.80736682110025 69.27457319734083
15.692489487292569 69.68266077058091
12.56688428253289 70.01696424093915
9.432688033849594 70.27723562327151
6.292043397025592 70.46328182085541
3.147097402768152 70.57496478987107
0.00000000000005339016521366769 70.61220165697365
