
-0.00000000000008147149933795058 348.4422016569742
-4.8023585878702635 348.4000338718553
-9.601431333895663 348.27357113981344
-14.393934633303362 348.06293527712245
-19.176589353970783 347.7683291320388
-23.946123069020793 347.390036316673
-28.699272284940253 346.9284208319357
-33.43278466373714 346.3839265858722
-38.143421237652106 345.75707680585907
-42.82795861494594 345.0484733451396
-47.48319117528414 344.25879588438727
-52.10593325326279 343.3888010290243
-56.693021308600294 342.4393213031826
-66.00068955043298 352.18403075438994
-70.85737646389525 350.9439126480656
-75.66559424711262 349.617734629116
-80.42205287191132 348.2067150611666
-85.12349751524076 346.7121478971831
-89.76671077615451 345.13540102187153
-94.34851486790737 343.4779144972366
-98.86577378371007 341.74119871345727
-103.31539543467021 339.92683244736946
-107.69433375850478 338.0364608311335
-120.07534725415573 345.08340473319004
-124.60913714698873 342.8216757335017
-129.05769616382537 340.4809532685765
-133.4179781679098 338.06327891598175
-137.68699705173506 335.5707546830986
-141.86182877743846 333.00554041112605
-155.75430598786363 337.9127524048246
-160.00018229213745 334.93704829118445
-164.13662605712625 331.8881521475428
-168.1608021127488 328.7686119810848
-182.91208602573616 331.99400111498534
-186.94296687566722 328.4412439197481
-190.84599385801465 324.81922959785123
-206.15384264400933 326.62589620839526
-210.0095841470625 322.5555439510104
-225.67958107797276 323.2716906739133
-229.44579710242888 318.7418884998587
-245.40315735078792 318.33504549988675
-249.03672649137758 313.33755349929686
-265.2048458100281 311.779872257011
-281.53146162893165 309.46329631110274
-297.9882469779401 306.37823151854286
-314.5465814853967 302.51602897976926
-331.1775803029727 297.8689951593266
-347.85212323333946 292.43040132538493
-378.10128435779166 287.5438196541828
-408.55740797660286 281.1133589332894
-439.1638627205749 273.12637459597977
-483.7276025455307 263.80549101525963
-528.493869116838 252.1550513823303
-587.3980568469111 237.6438129522025
-674.6313354711037 218.2384067335144
-790.4102345360051 191.67994005078486
-949.0260463799323 154.10093926080035
NaN NaN
NaN NaN
NaN NaN
0 -0
-1159.4108524251762 -375.23206700002703
-1143.1612427569473 -394.28141957926516
-1129.3810791305052 -413.5307609994356
-1117.0313129342007 -433.12406620277113
-1105.1174053628113 -453.66671443313567
-1105.8577547229593 -471.93464387004656
-1094.276396362982 -494.0315054378418
-1082.7612294823202 -516.2643475044879
-1083.630648140863 -536.9233347117172
-1071.8644112459356 -559.7015933530748
-1072.2159286578158 -581.747090741911
-1059.8337713770745 -604.9019814753655
-1059.32941362123 -628.1608203256612
-1058.2637787443296 -652.1952979177195
-1056.5743593631328 -676.9570075990245
-1054.203132794716 -702.3988156554132
-1039.2171459846666 -726.4738999875494
-1047.214673727547 -755.128291482692
-1042.5104712690693 -782.3171903316804
-1036.9472617136637 -809.9903642583992
-1030.4933157950327 -838.0973494075031
-1034.2714390159617 -870.7190339075812
-1025.7654340343536 -899.9376181297106
-1027.0574960180163 -934.3692364378547
-1016.3631388166629 -964.4610619271903
-1014.9985320034868 -1000.4200723172518
-1012.1399885262274 -1037.224894817478
-1017.6786945540169 -1081.2626794372568
-1011.7198636837142 -1119.8602161528438
-1013.9077944850247 -1166.2693328534353
-1004.896055757708 -1206.3830070194392
-1003.4886802219479 -1254.8770824752928
-1008.9617225908918 -1312.714112766796
-985.9188121458413 -1346.5172038357455
-953.363160916672 -1371.2349511425857
-920.2096943946225 -1395.1210714498823
-886.4766172083308 -1418.1618087161603
-852.1813566641299 -1440.3429112408196
-817.3414532911197 -1461.6496799830381
-781.977122109488 -1482.068467396594
-746.1087564316381 -1501.5857015800875
-709.7573018579158 -1520.1880673653036
-672.9442634107198 -1537.8625482278355
-635.6917101798141 -1554.5964682535455
-598.0239420336953 -1570.3792752779325
-559.9635450765736 -1585.1989486184455
-521.5333201762854 -1599.0433179703998
-482.7600260819548 -1611.9051683780328
-443.66620424991714 -1623.771920064245
-404.2791395937841 -1634.637819883437
-364.62254540866843 -1644.4915089174417
-324.72473123326813 -1653.3302832648865
-284.61002127721366 -1661.1437086126402
-244.30522683621803 -1667.9262746287875
-203.8378252085451 -1673.6752687444352
-163.23421538269903 -1678.3851065792778
-122.52134428212302 -1682.0517061650896
-81.72647446765163 -1684.6725229212889
-40.87691373054593 -1686.2457397123687
0 -1686.7702664239955
40.87691373054593 -1686.2457397123687
81.72647446765163 -1684.6725229212889
122.52134428212302 -1682.0517061650896
163.23421538269903 -1678.3851065792778
203.8378252085451 -1673.6752687444352
244.30522683621803 -1667.9262746287875
284.61002127721366 -1661.1437086126402
324.72473123326813 -1653.3302832648865
364.62254540866843 -1644.4915089174417
404.2791395937841 -1634.637819883437
443.66620424991714 -1623.771920064245
482.7600260819548 -1611.9051683780328
521.5333201762854 -1599.0433179703998
559.9635450765736 -1585.1989486184455
598.0239420336953 -1570.3792752779325
635.6917101798141 -1554.5964682535455
672.9442634107198 -1537.8625482278355
709.7573018579158 -1520.1880673653036
746.1087564316381 -1501.5857015800875
781.977122109488 -1482.068467396594
817.3414532911197 -1461.6496799830381
852.1813566641299 -1440.3429112408196
886.4766172083308 -1418.1618087161603
920.2096943946225 -1395.1210714498823
953.363160916672 -1371.2349511425857
985.9188121458413 -1346.5172038357455
1008.9617225908918 -1312.714112766796
1003.4886802219479 -1254.8770824752928
1004.896055757708 -1206.3830070194392
1013.9077944850247 -1166.2693328534353
1011.7198636837142 -1119.8602161528438
1017.6786945540169 -1081.2626794372568
1012.1399885262274 -1037.224894817478
1014.9985320034868 -1000.4200723172518
1016.3631388166629 -964.4610619271903
1027.0574960180163 -934.3692364378547
1025.7654340343536 -899.9376181297106
1034.2714390159617 -870.7190339075812
1030.4933157950327 -838.0973494075031
1036.9472617136637 -809.9903642583992
1042.5104712690693 -782.3171903316804
1047.214673727547 -755.128291482692
1039.2171459846666 -726.4738999875494
1054.203132794716 -702.3988156554132
1056.5743593631328 -676.9570075990245
1058.2637787443296 -652.1952979177195
1059.32941362123 -628.1608203256612
1059.8337713770745 -604.9019814753655
1072.2159286578158 -581.747090741911
1071.8644112459356 -559.7015933530748
1083.630648140863 -536.9233347117172
1082.7612294823202 -516.2643475044879
1094.276396362982 -494.0315054378418
1105.8577547229593 -471.93464387004656
1105.1174053628113 -453.66671443313567
1117.0313129342007 -433.12406620277113
1129.3810791305052 -413.5307609994356
1143.1612427569473 -394.28141957926516
1159.4108524251762 -375.23206700002703
0 -0
NaN NaN
NaN NaN
NaN NaN
949.0260463799323 154.10093926080035
790.4102345360051 191.67994005078486
674.6313354711037 218.2384067335144
587.3980568469111 237.6438129522025
528.493869116838 252.1550513823303
483.7276025455307 263.80549101525963
439.1638627205749 273.12637459597977
408.55740797660286 281.1133589332894
378.10128435779166 287.5438196541828
347.85212323333946 292.43040132538493
331.1775803029727 297.8689951593266
314.5465814853967 302.51602897976926
297.9882469779401 306.37823151854286
281.53146162893165 309.46329631110274
265.2048458100281 311.779872257011
249.03672649137758 313.33755349929686
245.40315735078792 318.33504549988675
229.44579710242888 318.7418884998587
225.67958107797276 323.2716906739133
210.0095841470625 322.5555439510104
206.15384264400933 326.62589620839526
190.84599385801465 324.81922959785123
186.94296687566722 328.4412439197481
182.91208602573616 331.99400111498534
168.1608021127488 328.7686119810848
164.13662605712625 331.8881521475428
160.00018229213745 334.93704829118445
155.75430598786363 337.9127524048246
141.86182877743846 333.00554041112605
137.68699705173506 335.5707546830986
133.4179781679098 338.06327891598175
129.05769616382537 340.4809532685765
124.60913714698873 342.8216757335017
120.07534725415573 345.08340473319004
107.69433375850478 338.0364608311335
103.31539543467021 339.92683244736946
98.86577378371007 341.74119871345727
94.34851486790737 343.4779144972366
89.76671077615451 345.13540102187153
85.12349751524076 346.7121478971831
80.42205287191132 348.2067150611666
75.66559424711262 349.617734629116
70.85737646389525 350.9439126480656
66.00068955043298 352.18403075438994
56.693021308600294 342.4393213031826
52.10593325326279 343.3888010290243
47.48319117528414 344.25879588438727
42.82795861494594 345.0484733451396
38.143421237652106 345.75707680585907
33.43278466373714 346.3839265858722
28.699272284940253 346.9284208319357
23.946123069020793 347.390036316673
19.176589353970783 347.7683291320388
14.393934633303362 348.06293527712245
9.601431333895663 348.27357113981344
4.8023585878702635 348.4000338718553
0.00000000000008147149933795058 348.4422016569742
