
-0.00000000000011232629856092801 653.7122016569724
-6.621102359155279 653.664615949589
-13.237672400333109 653.52191372484
-19.8451808969006 653.2842595881452
-26.439104802834642 652.9519275926314
-33.01493033783328 652.5253008055896
-39.56815606619655 652.0048707020441
-46.09429596740634 651.3912363859948
-52.58888249634282 650.6851036400998
-59.0474696310792 649.8872838046979
-65.46563590619154 648.998692487212
-71.83898742956936 648.0203481033135
-78.16316088066121 646.9533702512654
-89.1931999570433 656.5717446343017
-95.75636271691357 655.1967900109122
-102.25399182509358 653.727632551292
-108.68163941527476 652.165871311471
-115.03490531496779 650.5132021801428
-121.30944004744795 648.771415239745
-127.50094779971789 646.9423919747513
-133.60518935450844 645.0281023308065
-139.61798498429647 643.0306016288021
-145.53521730543673 640.9520273383474
-159.42859054700347 647.8062072148257
-165.44776943853853 645.3476729842442
-171.35372869543988 642.8066361539136
-177.1424233516254 640.1856809211562
-182.80988833690878 637.4874610477289
-188.35224118832045 634.7146958139191
-203.58037731803597 639.413067166054
-209.12913494127457 636.2278030640426
-214.53478949512987 632.9692010730375
-219.79363595584502 629.6403842850555
-235.74420370872255 632.657501129753
-240.93815990411082 628.8980495171953
-245.9672566237312 625.0714890250082
-262.3633977868684 626.6763233213098
-267.2689084457 622.4074118472506
-283.94943185167904 622.9288237290258
-288.6862391061308 618.2086528180475
-305.5735901446583 617.6163377942738
-310.0959122663644 612.4387884223518
-327.11093765017335 610.7069682069761
-344.24203219116447 608.2226597455541
-361.46031756966113 604.9767398115328
-378.73665151992384 600.9610118643238
-396.04165711267257 596.1682148023316
-413.3457522199963 590.5920310870926
-444.1795794595773 585.5764215896801
-475.1750824307391 579.025860098183
-506.27526010062195 570.9280422234408
-551.2867280520113 561.505906636064
-596.4544210997797 549.7640839639598
-655.7134585386926 535.171591137183
-743.2547669078339 515.6952902609381
-859.2946646455968 489.07649044852474
NaN NaN
NaN NaN
NaN NaN
NaN NaN
0 -0
-1295.2184683128871 -777.1799750252195
-1274.7597487487858 -791.1136254507132
-1256.883612816174 -805.386282985386
-1240.5186003516594 -820.1002543083391
-1224.5650398868656 -835.7128759278105
-1221.783299639207 -849.764920681192
-1206.1857053665049 -866.9184068232094
-1190.7901855051202 -884.3645939414671
-1188.1373182570949 -900.7469882349258
-1172.6882717696433 -918.9608482266391
-1169.578084118619 -936.752396811115
-1153.722854935301 -955.5873953161383
-1149.8548885689745 -974.6589813793238
-1145.462114747133 -994.5115458787999
-1140.4929276967894 -1015.1103565773217
-1134.8981481405417 -1036.4202474077213
-1116.9152220757953 -1056.729584282682
-1121.6586485313078 -1081.0207807116803
-1113.937072321921 -1104.230621395454
-1105.4331513888694 -1127.9915602099486
-1096.1173442949798 -1152.2594303846836
-1096.8743841625928 -1180.5566756781973
-1085.6618189961087 -1206.0638946797144
-1084.0828879456085 -1236.247636878204
-1070.8456089859258 -1262.7854233427793
-1066.7741851846704 -1294.6152220819179
-1061.2952579258213 -1327.354030500153
-1064.0666106491392 -1366.6979813843911
-1055.6713504420982 -1401.3747001117192
-1055.291796929279 -1443.235470763888
-1044.027185086315 -1479.602145654648
-1040.2506912582917 -1523.724286196462
-1043.267268655721 -1576.5740150777558
-1035.37099166243 -1623.33817046367
-1033.6636038824327 -1679.3327503321418
-1029.3437771619078 -1736.9033045579185
-1022.3243892214568 -1795.9238661198742
-1020.0275762335707 -1865.4854203790173
-1021.5818502638749 -1946.4290143066485
-1019.0963162617858 -2029.6553229859578
-1012.4485954450043 -2114.9457940979773
-963.1672927289743 -2139.2852199998383
-901.1517200084572 -2141.2837126983895
-839.8665688659993 -2141.4573770638535
-784.7400193010349 -2150.6718482518813
-724.7435626909376 -2147.436587455937
-670.3206177310452 -2153.552122547484
-616.1471065690167 -2158.213666519605
-562.2628972211096 -2161.4349060420022
-508.7115347279778 -2163.236946711169
-455.53191267773076 -2163.636230276249
-402.7664053992702 -2162.6582757674128
-353.0043719136954 -2171.9089520878047
-300.8177734007388 -2168.2852011682594
-250.98554049810298 -2175.0367406588643
-199.523880316358 -2168.8274687749354
-149.758165280697 -2173.0976649886493
-99.89368498388633 -2176.150378901194
-49.9633198841852 -2177.9830364937275
0 -2178.594093872985
49.9633198841852 -2177.9830364937275
99.89368498388633 -2176.150378901194
149.758165280697 -2173.0976649886493
199.523880316358 -2168.8274687749354
250.98554049810298 -2175.0367406588643
300.8177734007388 -2168.2852011682594
353.0043719136954 -2171.9089520878047
402.7664053992702 -2162.6582757674128
455.53191267773076 -2163.636230276249
508.7115347279778 -2163.236946711169
562.2628972211096 -2161.4349060420022
616.1471065690167 -2158.213666519605
670.3206177310452 -2153.552122547484
724.7435626909376 -2147.436587455937
784.7400193010349 -2150.6718482518813
839.8665688659993 -2141.4573770638535
901.1517200084572 -2141.2837126983895
963.1672927289743 -2139.2852199998383
1012.4485954450043 -2114.9457940979773
1019.0963162617858 -2029.6553229859578
1021.5818502638749 -1946.4290143066485
1020.0275762335707 -1865.4854203790173
1022.3243892214568 -1795.9238661198742
1029.3437771619078 -1736.9033045579185
1033.6636038824327 -1679.3327503321418
1035.37099166243 -1623.33817046367
1043.267268655721 -1576.5740150777558
1040.2506912582917 -1523.724286196462
1044.027185086315 -1479.602145654648
1055.291796929279 -1443.235470763888
1055.6713504420982 -1401.3747001117192
1064.0666106491392 -1366.6979813843911
1061.2952579258213 -1327.354030500153
1066.7741851846704 -1294.6152220819179
1070.8456089859258 -1262.7854233427793
1084.0828879456085 -1236.247636878204
1085.6618189961087 -1206.0638946797144
1096.8743841625928 -1180.5566756781973
1096.1173442949798 -1152.2594303846836
1105.4331513888694 -1127.9915602099486
1113.937072321921 -1104.230621395454
1121.6586485313078 -1081.0207807116803
1116.9152220757953 -1056.729584282682
1134.8981481405417 -1036.4202474077213
1140.4929276967894 -1015.1103565773217
1145.462114747133 -994.5115458787999
1149.8548885689745 -974.6589813793238
1153.722854935301 -955.5873953161383
1169.578084118619 -936.752396811115
1172.6882717696433 -918.9608482266391
1188.1373182570949 -900.7469882349258
1190.7901855051202 -884.3645939414671
1206.1857053665049 -866.9184068232094
1221.783299639207 -849.764920681192
1224.5650398868656 -835.7128759278105
1240.5186003516594 -820.1002543083391
1256.883612816174 -805.386282985386
1274.7597487487858 -791.1136254507132
1295.2184683128871 -777.1799750252195
0 -0
NaN NaN
NaN NaN
NaN NaN
NaN NaN
859.2946646455968 489.07649044852474
743.2547669078339 515.6952902609381
655.7134585386926 535.171591137183
596.4544210997797 549.7640839639598
551.2867280520113 561.505906636064
506.27526010062195 570.9280422234408
475.1750824307391 579.025860098183
444.1795794595773 585.5764215896801
413.3457522199963 590.5920310870926
396.04165711267257 596.1682148023316
378.73665151992384 600.9610118643238
361.46031756966113 604.9767398115328
344.24203219116447 608.2226597455541
327.11093765017335 610.7069682069761
310.0959122663644 612.4387884223518
305.5735901446583 617.6163377942738
288.6862391061308 618.2086528180475
283.94943185167904 622.9288237290258
267.2689084457 622.4074118472506
262.3633977868684 626.6763233213098
245.9672566237312 625.0714890250082
240.93815990411082 628.8980495171953
235.74420370872255 632.657501129753
219.79363595584502 629.6403842850555
214.53478949512987 632.9692010730375
209.12913494127457 636.2278030640426
203.58037731803597 639.413067166054
188.35224118832045 634.7146958139191
182.80988833690878 637.4874610477289
177.1424233516254 640.1856809211562
171.35372869543988 642.8066361539136
165.44776943853853 645.3476729842442
159.42859054700347 647.8062072148257
145.53521730543673 640.9520273383474
139.61798498429647 643.0306016288021
133.60518935450844 645.0281023308065
127.50094779971789 646.9423919747513
121.30944004744795 648.771415239745
115.03490531496779 650.5132021801428
108.68163941527476 652.165871311471
102.25399182509358 653.727632551292
95.75636271691357 655.1967900109122
89.1931999570433 656.5717446343017
78.16316088066121 646.9533702512654
71.83898742956936 648.0203481033135
65.46563590619154 648.998692487212
59.0474696310792 649.8872838046979
52.58888249634282 650.6851036400998
46.09429596740634 651.3912363859948
39.56815606619655 652.0048707020441
33.01493033783328 652.5253008055896
26.439104802834642 652.9519275926314
19.8451808969006 653.2842595881452
13.237672400333109 653.52191372484
6.621102359155279 653.664615949589
0.00000000000011232629856092801 653.7122016569724
