
-0.00000000000009637887424343406 495.9322016569745
-5.681077488603473 495.88741622401994
-11.358266905320496 495.7531074449386
-17.027682828075086 495.5294178094144
-22.685445132635344 495.21658456805545
-28.327681637098735 494.8149393843507
-33.950530741052845 494.32490784783187
-39.55014405764473 493.7470088488517
-45.12268903679481 493.08185381566074
-50.66435157779684 492.3301458143633
-56.17133862954277 491.4926785127172
-61.63988077664686 490.57033500873706
-67.06623480970838 489.5640865252911
-77.20605974688516 499.2477576851338
-82.88722375467938 497.9424938458454
-88.51167397580005 496.54723587241455
-94.07556097713186 495.06338605850584
-99.57507656454708 493.4924325507479
-105.00645637913898 491.8359472170239
-110.36598246417537 490.0955833908673
-115.64998580106199 488.27307349487427
-120.85484881257972 486.37022654626384
-125.97700783174157 484.388925548102
-139.08871199114958 491.3427362692612
-144.34016173728807 488.98592159622
-149.49285794876272 486.5484180334012
-154.54327190835667 484.03252932297715
-159.48794452659428 481.4406240502805
-164.32348870629156 478.77513234730594
-178.8612842709806 483.58144380631745
-183.73664256082168 480.5044916084071
-188.48630052717294 477.3542769092977
-193.10700273357057 474.1336255661493
-208.4377159175161 477.2583887625707
-213.030532046713 473.60576797244636
-217.47761519425973 469.8849279727707
-233.31126816246933 471.5940800944092
-237.6742015048312 467.42779473233907
-253.83243032819038 468.0498560825641
-258.0675836884871 463.4280780019059
-274.4742653298491 462.9316249230167
-278.53723197816896 457.84713891155934
-295.1145306316713 456.2053231092421
-311.8298271814711 453.8077078580841
-328.65452827506374 450.644926536505
-345.5597613897188 446.70854880039747
-362.51640393013105 441.99109004302494
-379.4951125190276 436.4860201990189
-410.0267527777555 431.5370992409961
-440.74347540950015 425.04861230509135
-471.588470443519 417.008079180034
-516.3685283520315 407.6382760904797
-561.3287425467986 395.94368510154425
-620.4043745182213 381.39318892921557
-707.7864765023329 361.95353023552826
-823.691476049628 335.36591383845723
-982.4105790754534 297.7629491197109
NaN NaN
NaN NaN
NaN NaN
0 -0
-1237.0887459846122 -585.1943753179827
-1217.949129493819 -601.0028764853244
-1201.3994637786664 -617.1256062839508
-1186.3742168424294 -633.6780248765203
-1171.8052909825312 -651.1723450325262
-1170.2662666689987 -666.8527289124803
-1156.110345450629 -685.9369195753582
-1142.140000269549 -705.2746060879155
-1140.8114353129579 -723.3650623654496
-1126.7686388703014 -743.4200311836405
-1125.006052104952 -762.9442333399234
-1110.5230476521724 -783.5547983098204
-1108.0049085268206 -804.3626546487774
-1104.9654414507033 -825.9638769763324
-1101.3475058757847 -848.3176035081207
-1097.097084779583 -871.3830874007078
-1080.3817263945532 -893.3042213544846
-1086.5091430614111 -919.4763638898913
-1080.0879296021521 -944.4141483506829
-1072.8637815806283 -969.8853918099911
-1064.8049819078858 -995.8423369354329
-1066.895688779887 -1026.0545292149136
-1056.8929292022628 -1053.215592572469
-1056.6022600150307 -1085.3035463621359
-1044.5196899977395 -1113.44372170825
-1041.6808609308387 -1147.1453423637995
-1037.403734179777 -1181.7377793814064
-1041.4487213675327 -1223.2340732474415
-1034.1865799560146 -1259.7187490165197
-1035.0044663408837 -1303.6879111225026
-1024.8006831069797 -1341.8002645517138
-1022.1422339654309 -1387.9688710414957
-1026.3218889072782 -1443.1654265459372
-1019.4553040678933 -1491.898927579029
-1018.8136699575889 -1550.1512330761745
-1015.5092546349015 -1609.9261500363132
-1009.456060686153 -1671.093668135127
-1008.1399126807196 -1743.0585299683364
-1010.6755037898869 -1826.6369814449995
-1009.10764798178 -1912.402247426221
-1003.317561535445 -2000.1338774595756
-954.582640220907 -2025.1179134427148
-893.0189051464481 -2027.1387301239351
-832.1834692397348 -2027.2856480656556
-777.5435163165488 -2036.7243432189996
-717.9936873618268 -2033.371569416613
-664.0519257885147 -2039.628780526678
-610.3569849136863 -2044.3933192271413
-556.949474420351 -2047.6796271442297
-503.873669246356 -2049.509643015827
-451.1691527522575 -2049.900395616597
-398.878985238795 -2048.878127197384
-349.61214229910104 -2058.3657646156053
-297.9007370188908 -2054.629726744948
-248.5594822684524 -2061.553603337729
-197.57523411772812 -2055.165792023277
-148.298503440722 -2059.5449976304176
-98.92144297413851 -2062.6754375610158
-49.477458221426915 -2064.5546757479983
0 -2065.18125083439
49.477458221426915 -2064.5546757479983
98.92144297413851 -2062.6754375610158
148.298503440722 -2059.5449976304176
197.57523411772812 -2055.165792023277
248.5594822684524 -2061.553603337729
297.9007370188908 -2054.629726744948
349.61214229910104 -2058.3657646156053
398.878985238795 -2048.878127197384
451.1691527522575 -2049.900395616597
503.873669246356 -2049.509643015827
556.949474420351 -2047.6796271442297
610.3569849136863 -2044.3933192271413
664.0519257885147 -2039.628780526678
717.9936873618268 -2033.371569416613
777.5435163165488 -2036.7243432189996
832.1834692397348 -2027.2856480656556
893.0189051464481 -2027.1387301239351
954.582640220907 -2025.1179134427148
1003.317561535445 -2000.1338774595756
1009.10764798178 -1912.402247426221
1010.6755037898869 -1826.6369814449995
1008.1399126807196 -1743.0585299683364
1009.456060686153 -1671.093668135127
1015.5092546349015 -1609.9261500363132
1018.8136699575889 -1550.1512330761745
1019.4553040678933 -1491.898927579029
1026.3218889072782 -1443.1654265459372
1022.1422339654309 -1387.9688710414957
1024.8006831069797 -1341.8002645517138
1035.0044663408837 -1303.6879111225026
1034.1865799560146 -1259.7187490165197
1041.4487213675327 -1223.2340732474415
1037.403734179777 -1181.7377793814064
1041.6808609308387 -1147.1453423637995
1044.5196899977395 -1113.44372170825
1056.6022600150307 -1085.3035463621359
1056.8929292022628 -1053.215592572469
1066.895688779887 -1026.0545292149136
1064.8049819078858 -995.8423369354329
1072.8637815806283 -969.8853918099911
1080.0879296021521 -944.4141483506829
1086.5091430614111 -919.4763638898913
1080.3817263945532 -893.3042213544846
1097.097084779583 -871.3830874007078
1101.3475058757847 -848.3176035081207
1104.9654414507033 -825.9638769763324
1108.0049085268206 -804.3626546487774
1110.5230476521724 -783.5547983098204
1125.006052104952 -762.9442333399234
1126.7686388703014 -743.4200311836405
1140.8114353129579 -723.3650623654496
1142.140000269549 -705.2746060879155
1156.110345450629 -685.9369195753582
1170.2662666689987 -666.8527289124803
1171.8052909825312 -651.1723450325262
1186.3742168424294 -633.6780248765203
1201.3994637786664 -617.1256062839508
1217.949129493819 -601.0028764853244
1237.0887459846122 -585.1943753179827
0 -0
NaN NaN
NaN NaN
NaN NaN
982.4105790754534 297.7629491197109
823.691476049628 335.36591383845723
707.7864765023329 361.95353023552826
620.4043745182213 381.39318892921557
561.3287425467986 395.94368510154425
516.3685283520315 407.6382760904797
471.588470443519 417.008079180034
440.74347540950015 425.04861230509135
410.0267527777555 431.5370992409961
379.4951125190276 436.4860201990189
362.51640393013105 441.99109004302494
345.5597613897188 446.70854880039747
328.65452827506374 450.644926536505
311.8298271814711 453.8077078580841
295.1145306316713 456.2053231092421
278.53723197816896 457.84713891155934
274.4742653298491 462.9316249230167
258.0675836884871 463.4280780019059
253.83243032819038 468.0498560825641
237.6742015048312 467.42779473233907
233.31126816246933 471.5940800944092
217.47761519425973 469.8849279727707
213.030532046713 473.60576797244636
208.4377159175161 477.2583887625707
193.10700273357057 474.1336255661493
188.48630052717294 477.3542769092977
183.73664256082168 480.5044916084071
178.8612842709806 483.58144380631745
164.32348870629156 478.77513234730594
159.48794452659428 481.4406240502805
154.54327190835667 484.03252932297715
149.49285794876272 486.5484180334012
144.34016173728807 488.98592159622
139.08871199114958 491.3427362692612
125.97700783174157 484.388925548102
120.85484881257972 486.37022654626384
115.64998580106199 488.27307349487427
110.36598246417537 490.0955833908673
105.00645637913898 491.8359472170239
99.57507656454708 493.4924325507479
94.07556097713186 495.06338605850584
88.51167397580005 496.54723587241455
82.88722375467938 497.9424938458454
77.20605974688516 499.2477576851338
67.06623480970838 489.5640865252911
61.63988077664686 490.57033500873706
56.17133862954277 491.4926785127172
50.66435157779684 492.3301458143633
45.12268903679481 493.08185381566074
39.55014405764473 493.7470088488517
33.950530741052845 494.32490784783187
28.327681637098735 494.8149393843507
22.685445132635344 495.21658456805545
17.027682828075086 495.5294178094144
11.358266905320496 495.7531074449386
5.681077488603473 495.88741622401994
0.00000000000009637887424343406 495.9322016569745
