
-0.0000000000000693375895311617 228.39220165697395
-4.087122273319976 228.3521645154423
-8.17144889203824 228.23208810075784
-12.25018610267519 228.03207740200133
-16.320543952732187 227.75230726551382
-20.37973818802712 227.3930221918188
-24.424992146243955 226.9545360515551
-28.45353864544026 226.43723172065629
-32.46262186625688 225.84156063509025
-36.44949922657893 225.1680422655389
-40.41144324739921 224.41726351249056
-44.34574340864785 223.58987802228134
-48.24970799374488 222.68660542472225
-56.880039390530044 232.48099720611003
-61.06564029697793 231.29390469638432
-65.20948284004146 230.02395454736157
-69.30873232115042 228.67221541216958
-73.36058433557282 227.23982317916528
-77.36226668070204 225.72797970023564
-81.31104124303806 224.13795144428138
-85.20420586260967 222.47106807742045
-89.03909617358107 220.7287209715252
-92.81308741982367 218.91236164290305
-104.59935270078864 226.03511162243467
-108.54900085255903 223.8507779382659
-112.42442494352753 221.58883078557963
-116.22297163498794 219.25109835214857
-119.94203980475685 216.83946566329968
-123.57908232372083 214.3558725560959
-136.94630040858237 219.34521289198125
-140.67980765483634 216.45192000972386
-144.31712358150685 213.485492457742
-147.85575509580084 210.44825208626523
-162.1354105324269 213.7555460529973
-165.7089022015602 210.28407317917973
-169.1690927703733 206.7424983624521
-184.04896140805351 208.62853723140714
-187.49187234422752 204.63627005923124
-202.76447122314445 205.4289978994302
-206.1489940672652 200.9740598354017
-221.74062760038865 200.6401552717572
-225.02468714166366 195.71347234978137
-240.85975351334173 194.22427272612575
-256.8700012954693 191.9736590054197
-273.0273203407464 188.95185185275975
-289.30329551676243 185.15002447460677
-305.66923549016934 180.5603132772465
-322.0962017217328 175.17582782358983
-352.115437969449 170.33998743235878
-382.3594461126167 163.95675735159017
-412.7717401553879 156.01335923686503
-457.159407121635 146.73229386101073
-501.7678093482655 135.11779137831797
-560.5324494400307 120.63850692440118
-647.644592771266 101.26098062722347
-763.3208519086376 74.72624045616729
-921.8525895347407 37.16674518959396
NaN NaN
NaN NaN
NaN NaN
0 -0
-1041.238595939121 -158.1704596602222
-1035.3216471847725 -183.46285376718976
-1030.1591074322353 -208.55742069315312
-1025.203339220148 -233.63099803448551
-1019.909161622202 -259.45831530213604
-1025.8205661888194 -282.0484809615627
-1019.6863488935567 -309.00507370382667
-1012.986445684654 -335.73940176946974
-1017.8761547304584 -360.26185679143686
-1010.0606487649832 -387.01461283587565
-1013.8809170642351 -412.6337927286828
-1004.7924013414957 -439.2996544746962
-1007.3073636013897 -465.8554716494009
-1009.0878482746729 -493.0859400519349
-997.8989160706037 -519.6926998440618
-986.0319173644378 -545.9189915497797
-973.4983295160024 -571.7559896516602
-960.3100320601617 -597.1935050510026
-946.4792695747907 -622.2204971323935
-932.0166091519936 -646.8265935305063
-916.9358074147386 -670.9991368949583
-901.2491773810739 -694.7264312261818
-884.9689824706987 -717.9967512163079
-868.1088007387704 -740.7979057617061
-850.6823106880564 -763.1179549179121
-832.7014901812839 -784.9456026740542
-814.182174478457 -806.2688176291259
-795.1375444470442 -827.0765520243801
-775.580769053899 -847.357851241814
-755.527886779882 -867.1018182289283
-734.9934125048834 -886.2981121734399
-713.9914897755775 -904.9366330851287
-692.5365599913845 -923.0074944953057
-670.6448520490238 -940.5013797381396
-648.3315812980148 -957.4092515896615
-625.612106049963 -973.722418761725
-602.5019159700382 -989.4325414761482
-579.0159743285392 -1004.5313486416143
-555.1760140002441 -1019.0143915224546
-531.0043983986865 -1032.8795344525718
-506.5134855232391 -1046.120060441505
-481.7160264688488 -1058.7291406867357
-456.6251785395868 -1070.6998859782143
-431.2545161200188 -1082.0253963907064
-405.6196963440704 -1092.700542843786
-379.7345383210347 -1102.7183952574544
-353.61295124024247 -1112.0715409047098
-327.27266613700033 -1120.757167741347
-300.7271075609907 -1128.7667962007642
-273.99431812846717 -1136.0984130329873
-247.0886930039861 -1142.7441027392113
-220.02911347961214 -1148.704235611417
-192.83041893873224 -1153.971169424517
-165.50985314884454 -1158.5418374696167
-138.08526097779242 -1162.415632912409
-110.573362492778 -1165.588771214252
-82.9913787858524 -1168.058640402852
-55.3568095873072 -1169.823835652212
-27.687173141358695 -1170.8833539110753
0 -1171.2365935076077
27.687173141358695 -1170.8833539110753
55.3568095873072 -1169.823835652212
82.9913787858524 -1168.058640402852
110.573362492778 -1165.588771214252
138.08526097779242 -1162.415632912409
165.50985314884454 -1158.5418374696167
192.83041893873224 -1153.971169424517
220.02911347961214 -1148.704235611417
247.0886930039861 -1142.7441027392113
273.99431812846717 -1136.0984130329873
300.7271075609907 -1128.7667962007642
327.27266613700033 -1120.757167741347
353.61295124024247 -1112.0715409047098
379.7345383210347 -1102.7183952574544
405.6196963440704 -1092.700542843786
431.2545161200188 -1082.0253963907064
456.6251785395868 -1070.6998859782143
481.7160264688488 -1058.7291406867357
506.5134855232391 -1046.120060441505
531.0043983986865 -1032.8795344525718
555.1760140002441 -1019.0143915224546
579.0159743285392 -1004.5313486416143
602.5019159700382 -989.4325414761482
625.612106049963 -973.722418761725
648.3315812980148 -957.4092515896615
670.6448520490238 -940.5013797381396
692.5365599913845 -923.0074944953057
713.9914897755775 -904.9366330851287
734.9934125048834 -886.2981121734399
755.527886779882 -867.1018182289283
775.580769053899 -847.357851241814
795.1375444470442 -827.0765520243801
814.182174478457 -806.2688176291259
832.7014901812839 -784.9456026740542
850.6823106880564 -763.1179549179121
868.1088007387704 -740.7979057617061
884.9689824706987 -717.9967512163079
901.2491773810739 -694.7264312261818
916.9358074147386 -670.9991368949583
932.0166091519936 -646.8265935305063
946.4792695747907 -622.2204971323935
960.3100320601617 -597.1935050510026
973.4983295160024 -571.7559896516602
986.0319173644378 -545.9189915497797
997.8989160706037 -519.6926998440618
1009.0878482746729 -493.0859400519349
1007.3073636013897 -465.8554716494009
1004.7924013414957 -439.2996544746962
1013.8809170642351 -412.6337927286828
1010.0606487649832 -387.01461283587565
1017.8761547304584 -360.26185679143686
1012.986445684654 -335.73940176946974
1019.6863488935567 -309.00507370382667
1025.8205661888194 -282.0484809615627
1019.909161622202 -259.45831530213604
1025.203339220148 -233.63099803448551
1030.1591074322353 -208.55742069315312
1035.3216471847725 -183.46285376718976
1041.238595939121 -158.1704596602222
0 -0
NaN NaN
NaN NaN
NaN NaN
921.8525895347407 37.16674518959396
763.3208519086376 74.72624045616729
647.644592771266 101.26098062722347
560.5324494400307 120.63850692440118
501.7678093482655 135.11779137831797
457.159407121635 146.73229386101073
412.7717401553879 156.01335923686503
382.3594461126167 163.95675735159017
352.115437969449 170.33998743235878
322.0962017217328 175.17582782358983
305.66923549016934 180.5603132772465
289.30329551676243 185.15002447460677
273.0273203407464 188.95185185275975
256.8700012954693 191.9736590054197
240.85975351334173 194.22427272612575
225.02468714166366 195.71347234978137
221.74062760038865 200.6401552717572
206.1489940672652 200.9740598354017
202.76447122314445 205.4289978994302
187.49187234422752 204.63627005923124
184.04896140805351 208.62853723140714
169.1690927703733 206.7424983624521
165.7089022015602 210.28407317917973
162.1354105324269 213.7555460529973
147.85575509580084 210.44825208626523
144.31712358150685 213.485492457742
140.67980765483634 216.45192000972386
136.94630040858237 219.34521289198125
123.57908232372083 214.3558725560959
119.94203980475685 216.83946566329968
116.22297163498794 219.25109835214857
112.42442494352753 221.58883078557963
108.54900085255903 223.8507779382659
104.59935270078864 226.03511162243467
92.81308741982367 218.91236164290305
89.03909617358107 220.7287209715252
85.20420586260967 222.47106807742045
81.31104124303806 224.13795144428138
77.36226668070204 225.72797970023564
73.36058433557282 227.23982317916528
69.30873232115042 228.67221541216958
65.20948284004146 230.02395454736157
61.06564029697793 231.29390469638432
56.880039390530044 232.48099720611003
48.24970799374488 222.68660542472225
44.34574340864785 223.58987802228134
40.41144324739921 224.41726351249056
36.44949922657893 225.1680422655389
32.46262186625688 225.84156063509025
28.45353864544026 226.43723172065629
24.424992146243955 226.9545360515551
20.37973818802712 227.3930221918188
16.320543952732187 227.75230726551382
12.25018610267519 228.03207740200133
8.17144889203824 228.23208810075784
4.087122273319976 228.3521645154423
0.0000000000000693375895311617 228.39220165697395
