
-0.00000000000007453783659121408 279.84220165697405
-4.3936521224129566 279.80125138247644
-8.784298509977136 279.67843797463894
-13.168935472944407 279.47387363419597
-17.54456341040587 279.1877452083101
-21.908188851310122 278.8203139596136
-26.25682649139951 278.37191524314676
-30.58750122471035 277.8429580914631
-34.897250168283406 277.2339247082769
-39.18312467873622 276.5453698710821
-43.442192359349896 275.7779202433036
-47.67153905633997 274.93227359659977
-51.86827084296863 274.0091979440624
-60.788889459059874 283.78229729823
-65.26209865422821 282.57247953281916
-69.69067344307196 281.2784317252562
-74.07158398576223 279.90128669031117
-78.4018328411448 278.4422480583158
-82.67845700732452 276.90258883807974
-86.89852993941062 275.2836498955479
-91.05916354308127 273.5868383500075
-95.15751014261927 271.8136258897442
-99.19076442211558 269.9655470092877
-111.23192179508882 277.0558086699011
-115.43191640731462 274.8383055647955
-119.5529697522266 272.5425975640069
-123.59226014909731 270.1706043080769
-127.5470214820331 267.72430381464187
-131.4145450895998 265.2057302082517
-145.00687422827434 270.1598726832
-148.95996821367967 267.2312607017786
-152.81119607105802 264.22948946765683
-156.55791810306425 261.1569777554734
-171.03970002955944 264.42916965099215
-174.80921563332035 260.92286063942333
-178.4591932365053 257.3468117490515
-193.52248193774886 259.19883393583063
-197.14232025972822 255.17310172713658
-212.58523258949944 255.9330090884944
-216.1333382251925 251.44598640588327
-231.8817117791312 251.08082251238437
-235.3155611486839 246.12379284243065
-251.29336449763588 244.6052439536478
-267.4391985812389 242.32636070785549
-283.72486032811514 239.27744313809538
-300.1218466461771 235.44974069110498
-316.60138326708505 230.83546265528082
-333.13445379813567 225.42778789578773
-363.2522292787387 220.57020124171183
-393.58714405432505 214.1667294580327
-424.0826498261823 206.20465153362855
-468.5457765890189 196.90652121283168
-513.221834963368 185.27661709432326
-572.0462811858366 170.78363807917316
-659.2103396426251 151.39416324420523
-774.9305873203665 124.84925456814625
-933.4983567541085 87.2813997915396
NaN NaN
NaN NaN
NaN NaN
0 -0
-1104.6197836381618 -259.21713756822936
-1091.847722722861 -281.1036324075337
-1081.1771621008743 -303.00972095182385
-1071.6500168399994 -325.11452138488244
-1062.3837770208893 -348.1068923572837
-1065.2757038350069 -368.40268700373827
-1056.0295962918124 -392.80611178657847
-1046.6414948123527 -417.2020820805018
-1049.3332824693061 -439.73831872093103
-1039.3936024711688 -464.4671223308729
-1041.3804818075616 -488.28325603565423
-1030.5758513401104 -513.192716406478
-1031.5392107415908 -538.1124810184286
-1031.8748495808745 -563.7689391165708
-1031.5210049980792 -590.1106146581354
-1030.4211693321486 -617.0882206032616
-1016.5760835479699 -642.5360637644175
-1025.7911730738283 -672.751177874123
-1022.1788941226089 -701.3362501046049
-1017.6529593571018 -730.3583176574704
-1012.1843636390289 -759.7670874643147
-1016.9872400731208 -793.8305778056707
-1009.3711275878406 -824.2664623872939
-1011.5961884791164 -860.0700093140761
-1001.7040126676899 -891.2926782119529
-1001.1858067643794 -928.5472838432484
-978.7028398037568 -954.0589533795312
-955.6003644861901 -978.9393840071107
-931.895025190631 -1003.1763499390748
-907.6320223350565 -1026.7591604070894
-882.856647333606 -1049.6831302564824
-857.5745816132242 -1071.943466838689
-831.7923952865339 -1093.5336414154135
-805.5207009696401 -1114.4463595798022
-778.7707858571991 -1134.673688285376
-751.5514973744658 -1154.2059942596625
-723.876834316209 -1173.0344122305041
-695.7599141969064 -1191.149334763498
-667.2138662758741 -1208.5404725558465
-638.254390758067 -1225.1983603247047
-608.8972695586702 -1241.113390354677
-579.1587431466762 -1256.2759998435013
-549.0555211835481 -1270.6767180928446
-518.6047908199591 -1284.306212748207
-487.82588289095094 -1297.15707188567
-456.73634110649965 -1309.2202233050698
-425.3538504312754 -1320.4862529837887
-393.69997378224014 -1330.9504975135333
-361.79200385553185 -1340.6027535985904
-329.65190320019093 -1349.4394363664783
-297.2980177147243 -1357.4511834618825
-264.75322493945805 -1364.6370740216198
-232.0363833531092 -1370.9882931205616
-199.16878991217524 -1376.5007480281392
-166.17236932016672 -1381.172947982476
-133.0679404237991 -1385.0003529083033
-99.87684235309356 -1387.979733848765
-66.6207080549135 -1390.1092076702926
-33.32119993267754 -1391.3874297085617
0 -1391.813593336958
33.32119993267754 -1391.3874297085617
66.6207080549135 -1390.1092076702926
99.87684235309356 -1387.979733848765
133.0679404237991 -1385.0003529083033
166.17236932016672 -1381.172947982476
199.16878991217524 -1376.5007480281392
232.0363833531092 -1370.9882931205616
264.75322493945805 -1364.6370740216198
297.2980177147243 -1357.4511834618825
329.65190320019093 -1349.4394363664783
361.79200385553185 -1340.6027535985904
393.69997378224014 -1330.9504975135333
425.3538504312754 -1320.4862529837887
456.73634110649965 -1309.2202233050698
487.82588289095094 -1297.15707188567
518.6047908199591 -1284.306212748207
549.0555211835481 -1270.6767180928446
579.1587431466762 -1256.2759998435013
608.8972695586702 -1241.113390354677
638.254390758067 -1225.1983603247047
667.2138662758741 -1208.5404725558465
695.7599141969064 -1191.149334763498
723.876834316209 -1173.0344122305041
751.5514973744658 -1154.2059942596625
778.7707858571991 -1134.673688285376
805.5207009696401 -1114.4463595798022
831.7923952865339 -1093.5336414154135
857.5745816132242 -1071.943466838689
882.856647333606 -1049.6831302564824
907.6320223350565 -1026.7591604070894
931.895025190631 -1003.1763499390748
955.6003644861901 -978.9393840071107
978.7028398037568 -954.0589533795312
1001.1858067643794 -928.5472838432484
1001.7040126676899 -891.2926782119529
1011.5961884791164 -860.0700093140761
1009.3711275878406 -824.2664623872939
1016.9872400731208 -793.8305778056707
1012.1843636390289 -759.7670874643147
1017.6529593571018 -730.3583176574704
1022.1788941226089 -701.3362501046049
1025.7911730738283 -672.751177874123
1016.5760835479699 -642.5360637644175
1030.4211693321486 -617.0882206032616
1031.5210049980792 -590.1106146581354
1031.8748495808745 -563.7689391165708
1031.5392107415908 -538.1124810184286
1030.5758513401104 -513.192716406478
1041.3804818075616 -488.28325603565423
1039.3936024711688 -464.4671223308729
1049.3332824693061 -439.73831872093103
1046.6414948123527 -417.2020820805018
1056.0295962918124 -392.80611178657847
1065.2757038350069 -368.40268700373827
1062.3837770208893 -348.1068923572837
1071.6500168399994 -325.11452138488244
1081.1771621008743 -303.00972095182385
1091.847722722861 -281.1036324075337
1104.6197836381618 -259.21713756822936
0 -0
NaN NaN
NaN NaN
NaN NaN
933.4983567541085 87.2813997915396
774.9305873203665 124.84925456814625
659.2103396426251 151.39416324420523
572.0462811858366 170.78363807917316
513.221834963368 185.27661709432326
468.5457765890189 196.90652121283168
424.0826498261823 206.20465153362855
393.58714405432505 214.1667294580327
363.2522292787387 220.57020124171183
333.13445379813567 225.42778789578773
316.60138326708505 230.83546265528082
300.1218466461771 235.44974069110498
283.72486032811514 239.27744313809538
267.4391985812389 242.32636070785549
251.29336449763588 244.6052439536478
235.3155611486839 246.12379284243065
231.8817117791312 251.08082251238437
216.1333382251925 251.44598640588327
212.58523258949944 255.9330090884944
197.14232025972822 255.17310172713658
193.52248193774886 259.19883393583063
178.4591932365053 257.3468117490515
174.80921563332035 260.92286063942333
171.03970002955944 264.42916965099215
156.55791810306425 261.1569777554734
152.81119607105802 264.22948946765683
148.95996821367967 267.2312607017786
145.00687422827434 270.1598726832
131.4145450895998 265.2057302082517
127.5470214820331 267.72430381464187
123.59226014909731 270.1706043080769
119.5529697522266 272.5425975640069
115.43191640731462 274.8383055647955
111.23192179508882 277.0558086699011
99.19076442211558 269.9655470092877
95.15751014261927 271.8136258897442
91.05916354308127 273.5868383500075
86.89852993941062 275.2836498955479
82.67845700732452 276.90258883807974
78.4018328411448 278.4422480583158
74.07158398576223 279.90128669031117
69.69067344307196 281.2784317252562
65.26209865422821 282.57247953281916
60.788889459059874 283.78229729823
51.86827084296863 274.0091979440624
47.67153905633997 274.93227359659977
43.442192359349896 275.7779202433036
39.18312467873622 276.5453698710821
34.897250168283406 277.2339247082769
30.58750122471035 277.8429580914631
26.25682649139951 278.37191524314676
21.908188851310122 278.8203139596136
17.54456341040587 279.1877452083101
13.168935472944407 279.47387363419597
8.784298509977136 279.67843797463894
4.3936521224129566 279.80125138247644
0.00000000000007453783659121408 279.84220165697405
