
-0.000000000000046803185604267896 5.442201656973642
-2.758826260583702 5.4061214249612775
-5.515767214302974 5.297905313939266
-8.268938831508587 5.117627062491659
-11.016459636146223 4.865409513397315
-13.756451980467398 4.5414245313739645
-16.487043317236544 4.145892887991588
-19.206367468603204 3.6790841138264074
-21.912565890808384 3.1413163179480854
-24.603788933897338 2.5329559748515393
-27.278197095612914 1.8544176789672129
-29.933962268648703 1.1061638669015839
-32.56926898044196 0.28870450758194366
-35.18231562469436 -0.5974032395018547
-37.771315683808645 -1.551555397745199
-40.33449894143922 -2.573101578332915
-42.87011268435573 -3.6613454163465455
-45.37642289282877 -4.815545037802336
-47.85171541874943 -6.0349135573268775
-50.29429715070557 -7.318619606159315
-52.70249716524038 -8.665787890147826
-55.074667863531516 -10.075499777390847
-57.40918609273279 -11.546793915152858
-59.70445425123323 -13.078666875666679
-61.95890137709459 -14.670073830415072
-64.1709842189395 -16.319929252466103
-66.33918828857213 -18.02710764641825
-68.46202889462407 -19.790444305493423
-70.5380521565289 -21.608736095297857
-72.56583599814039 -23.480742263753797
-74.54399112032141 -25.405185276686883
-76.4711619518426 -27.380751678537187
-78.34602757794306 -29.406092977645805
-80.16730264591781 -31.479826555551313
-81.93373824711182 -33.600536599715625
-83.64412277471256 -35.766775059081596
-85.29728275674864 -37.97706262185101
-86.8920836637176 -40.2298897148557
-88.4274306902797 -42.52371752388224
-89.90226951047079 -44.856979034294405
-91.31558700590516 -47.22808009129028
-92.66641196645226 -49.63540047911514
-93.95381576289198 -52.07729501854769
-95.17691299106767 -54.55209468196887
-96.33486208707481 -57.058107725324646
-97.42686591304174 -59.59362083630178
-98.45217231307615 -62.156900298058424
-99.41007463897074 -64.7461931678973
-100.29991224528034 -67.35972847036274
-101.1210709534021 -69.99571840441402
-101.87298348431067 -72.65235956467563
-102.5551298596205 -75.32783417745559
-103.16703777066901 -78.02031135371881
-103.708282915336 -80.72794836460842
-104.17848930234149 -83.44889195364627
-104.5773295227975 -86.18127972359606
-104.90452498885278 -88.92324171330831
-105.1598461394569 -91.67290258797468
-105.34311261420302 -94.42838654978257
-105.45419340522753 -97.18784367260388
0 -0
-105.4595207664071 -102.71049579544602
-105.35375298556467 -105.4703749003706
-105.17577030014903 -108.22655519574762
-104.92568927743294 -110.97718751943226
-104.60367592332263 -113.72039374036467
-104.20994559778573 -116.45429519476865
-103.7447628839338 -119.17701780049727
-103.20844142164614 -121.88669429580035
-102.60134370700015 -124.58146583965494
-101.92388085784378 -127.25948341738925
-101.17651234569658 -129.91890917148223
-100.35974569414701 -132.55791769679396
-99.47413614392424 -135.17469731475194
-98.52028628484172 -137.76745133220084
-97.4988456548321 -140.33439928711
-96.41051030631576 -142.87377818180002
-95.2560223401683 -145.38384370362945
-94.03616940757655 -147.86287143273051
-92.75178418009516 -150.30915803619743
-91.40374378823985 -152.72102244803514
-89.99296922897625 -155.09680703412513
-88.5204247424862 -157.43487874143685
-86.98711715861657 -159.73363023070303
-85.39409521343784 -161.99148099177424
-83.74244883636302 -164.20687844086675
-82.03330840829798 -166.37829899892958
-80.267843991318 -168.50424915035893
-78.44726453038548 -170.58326648130208
-76.57281702764625 -172.61392069680377
-74.64578568986127 -174.59481461605992
-72.66749104955291 -176.52458514505787
-70.63928906046391 -178.4019042258975
-68.56257016794717 -180.22547976210166
-66.43875835492429 -181.99405651924158
-64.26931016406925 -183.70641700021926
-62.055713696892596 -185.3613822945657
-59.79948759041885 -186.9578129011331
-57.502179972168065 -188.4946095235758
-55.16536739416925 -189.97071383803586
-52.79065374674916 -191.38510923246736
-50.379669152857275 -192.7368215170546
-47.93406884370174 -194.02491960519876
-45.45553201648694 -195.24851616457022
-42.94576067505666 -196.40676823774467
-40.406478454261226 -197.49887783196232
-37.83942942887901 -198.52409247757322
-35.24637690793629 -199.4817057547543
-32.62910221527956 -200.37105778810547
-29.9894034572669 -201.19153570875858
-27.329094278454114 -201.94257408365277
-24.650002606161912 -202.6236553116593
-21.95396938481861 -203.23430998625753
-19.24284730098173 -203.77411722449378
-16.51849949994861 -204.24270496197596
-13.782798294873837 -204.63975021368427
-11.03762386931645 -204.96497930040303
-8.284862974145856 -205.21816804060452
-5.526407619739593 -205.39914190764037
-2.7641537644100223 -205.50777615212434
0 -205.54399588941362
2.7641537644100223 -205.50777615212434
5.526407619739593 -205.39914190764037
8.284862974145856 -205.21816804060452
11.03762386931645 -204.96497930040303
13.782798294873837 -204.63975021368427
16.51849949994861 -204.24270496197596
19.24284730098173 -203.77411722449378
21.95396938481861 -203.23430998625753
24.650002606161912 -202.6236553116593
27.329094278454114 -201.94257408365277
29.9894034572669 -201.19153570875858
32.62910221527956 -200.37105778810547
35.24637690793629 -199.4817057547543
37.83942942887901 -198.52409247757322
40.406478454261226 -197.49887783196232
42.94576067505666 -196.40676823774467
45.45553201648694 -195.24851616457022
47.93406884370174 -194.02491960519876
50.379669152857275 -192.7368215170546
52.79065374674916 -191.38510923246736
55.16536739416925 -189.97071383803586
57.502179972168065 -188.4946095235758
59.79948759041885 -186.9578129011331
62.055713696892596 -185.3613822945657
64.26931016406925 -183.70641700021926
66.43875835492429 -181.99405651924158
68.56257016794717 -180.22547976210166
70.63928906046391 -178.4019042258975
72.66749104955291 -176.52458514505787
74.64578568986127 -174.59481461605992
76.57281702764625 -172.61392069680377
78.44726453038548 -170.58326648130208
80.267843991318 -168.50424915035893
82.03330840829798 -166.37829899892958
83.74244883636302 -164.20687844086675
85.39409521343784 -161.99148099177424
86.98711715861657 -159.73363023070303
88.5204247424862 -157.43487874143685
89.99296922897625 -155.09680703412513
91.40374378823985 -152.72102244803514
92.75178418009516 -150.30915803619743
94.03616940757655 -147.86287143273051
95.2560223401683 -145.38384370362945
96.41051030631576 -142.87377818180002
97.4988456548321 -140.33439928711
98.52028628484172 -137.76745133220084
99.47413614392424 -135.17469731475194
100.35974569414701 -132.55791769679396
101.17651234569658 -129.91890917148223
101.92388085784378 -127.25948341738925
102.60134370700015 -124.58146583965494
103.20844142164614 -121.88669429580035
103.7447628839338 -119.17701780049727
104.20994559778573 -116.45429519476865
104.60367592332263 -113.72039374036467
104.92568927743294 -110.97718751943226
105.17577030014903 -108.22655519574762
105.35375298556467 -105.4703749003706
105.4595207664071 -102.71049579544602
0 -0
105.45419340522753 -97.18784367260388
105.34311261420302 -94.42838654978257
105.1598461394569 -91.67290258797468
104.90452498885278 -88.92324171330831
104.5773295227975 -86.18127972359606
104.17848930234149 -83.44889195364627
103.708282915336 -80.72794836460842
103.16703777066901 -78.02031135371881
102.5551298596205 -75.32783417745559
101.87298348431067 -72.65235956467563
101.1210709534021 -69.99571840441402
100.29991224528034 -67.35972847036274
99.41007463897074 -64.7461931678973
98.45217231307615 -62.156900298058424
97.42686591304174 -59.59362083630178
96.33486208707481 -57.058107725324646
95.17691299106767 -54.55209468196887
93.95381576289198 -52.07729501854769
92.66641196645226 -49.63540047911514
91.31558700590516 -47.22808009129028
89.90226951047079 -44.856979034294405
88.4274306902797 -42.52371752388224
86.8920836637176 -40.2298897148557
85.29728275674864 -37.97706262185101
83.64412277471256 -35.766775059081596
81.93373824711182 -33.600536599715625
80.16730264591781 -31.479826555551313
78.34602757794306 -29.406092977645805
76.4711619518426 -27.380751678537187
74.54399112032141 -25.405185276686883
72.56583599814039 -23.480742263753797
70.5380521565289 -21.608736095297857
68.46202889462407 -19.790444305493423
66.33918828857213 -18.02710764641825
64.1709842189395 -16.319929252466103
61.95890137709459 -14.670073830415072
59.70445425123323 -13.078666875666679
57.40918609273279 -11.546793915152858
55.074667863531516 -10.075499777390847
52.70249716524038 -8.665787890147826
50.29429715070557 -7.318619606159315
47.85171541874943 -6.0349135573268775
45.37642289282877 -4.815545037802336
42.87011268435573 -3.6613454163465455
40.33449894143922 -2.573101578332915
37.771315683808645 -1.551555397745199
35.18231562469436 -0.5974032395018547
32.56926898044196 0.28870450758194366
29.933962268648703 1.1061638669015839
27.278197095612914 1.8544176789672129
24.603788933897338 2.5329559748515393
21.912565890808384 3.1413163179480854
19.206367468603204 3.6790841138264074
16.487043317236544 4.145892887991588
13.756451980467398 4.5414245313739645
11.016459636146223 4.865409513397315
8.268938831508587 5.117627062491659
5.515767214302974 5.297905313939266
2.758826260583702 5.4061214249612775
0.000000000000046803185604267896 5.442201656973642
