
-0.00000000000004992333384029938 36.31220165697364
-2.9427441700394943 36.275573545181715
-5.883476985066319 36.165715238267964
-8.820188453670117 35.98270480180841
-11.750871310750433 35.726672279075025
-14.673522378437216 35.39779959205094
-17.58614392432988 34.9963204029465
-20.48674501616526 34.52251993631056
-23.37334287202433 33.9767347618601
-26.243964205191713 33.3593525381775
-29.096646562783324 32.67081171745503
-31.92943965726394 31.911601211492638
-34.74040668997621 31.08226001918597
-42.286999134685345 40.95614352886212
-45.398862429910224 39.85389197369398
-48.47970458872761 38.673906416555425
-51.52741943993296 37.41701597377436
-54.53992324810413 36.08410363033637
-57.515156127978074 34.6761055856171
-60.4510834432471 33.19401055955263
-63.345697188849016 31.638859059762613
-66.19701735583845 30.01174261017432
-69.0030932779339 28.31380294173329
-79.8377614154013 35.55784264522729
-82.85278278147152 33.49734146588898
-85.81119099105098 31.361434812784267
-88.71096118231296 29.151609450016537
-91.55010820959215 26.86940323162212
-94.32668799777261 24.516403988047244
-106.85349148173238 29.637149671431214
-109.76720823515407 26.875714759385836
-112.60591962051541 24.041236954059713
-115.36767986868442 21.135676254554557
-128.8927297431321 24.574017953816732
-131.73439872298894 21.2325999942703
-134.48605103014717 17.81972838581401
-148.6811514305242 19.83276286822574
-151.46353345969155 15.965431832384489
-166.10029545541917 16.880689460257585
-168.8741092110033 12.545533972270988
-183.8805799997498 12.328330906749617
-186.6054241821214 7.514942510556914
-201.90760583864358 6.135313476709669
-217.41166476192802 3.9902393163261687
-220.0642973295948 -1.73083786850321
-222.56655428253802 -7.519660750186511
-224.91669943153855 -13.372284861875448
-227.11309966948613 -19.284720902207262
-229.15422615122202 -25.25293742147758
-231.03865540500763 -31.272863546381483
-232.7650703746956 -37.3403917461314
-234.33226139172416 -43.45138064669597
-235.73912707611063 -49.60165790834236
-236.98467516568593 -55.78702320085338
-238.06802327293389 -62.003251358750994
-238.9883995690383 -68.24609593249085
-239.74514339544555 -74.51129378353814
-240.33770580589814 -80.79457308451602
-240.76565005612431 -87.09167638140187
-241.02865219711003 -93.3985006491237
0 -0
-241.05909230391953 -106.02055046784828
-240.82645085326232 -112.32981093337453
-240.42869973677483 -118.63089786921327
-239.8660808170366 -124.91972991942058
-239.13894889734513 -131.19203841553085
-238.24777180219803 -137.44353302855288
-237.19313017406017 -143.66992724886467
-235.97571716670765 -149.86694690282005
-234.59633805468366 -156.03033494719185
-233.05590976278015 -162.15585514971613
-231.35546031669062 -168.23929535937603
-229.49612821534106 -174.27647059815465
-227.47916172524776 -180.2632260617
-225.3059180972329 -186.19544006503656
-222.97786270586047 -192.06902694900887
-220.4965681119986 -197.87993995423722
-217.86371304896838 -203.6241740651672
-215.07874489615185 -209.2994811583875
-212.1428449437211 -214.9018631354029
-209.0573266411461 -220.42722357471763
-205.8263340471839 -225.87000295278366
-202.45236045025592 -231.226080568701
-198.93760900249168 -236.4916279288617
-195.28534919217802 -241.66253731072402
-191.49874615729553 -246.73501806033343
-187.57908859718862 -251.70590676674595
-183.53129997973488 -256.57123893445515
-179.35751318038916 -261.3279024417453
-175.05968688477435 -265.9727190733111
-170.64249812706447 -270.5023776054439
-166.10898171407297 -274.91390884378995
-161.4616808224952 -279.20435384577803
-156.70332650591592 -283.37072239562923
-151.83835185569882 -287.4103414923253
-146.8700894852412 -291.3205570283131
-141.80194029304084 -295.098795659063
-136.6373711267799 -298.74256744979124
-131.37925606437358 -302.2491771607465
-126.03159374210874 -305.616388830372
-120.59840093327023 -308.84212985778055
-115.08338173566578 -311.9242781391289
-109.49029360641721 -314.8608047149421
-103.82294484852724 -317.64977544466313
-98.08519207287684 -320.2893525576673
-92.28093763713882 -322.77779608984054
-86.41412706306639 -325.113465213215
-80.48874643359345 -327.29481946484646
-74.50869882924057 -329.3202536611614
-68.4780493665467 -331.1883810122004
-62.401067731219854 -332.89819925793745
-56.28187092214416 -334.4485850639035
-50.12460302223993 -335.8385197487883
-43.93343252201037 -337.0670899922235
-37.71254963289719 -338.1334884634306
-31.466163591633595 -339.0370143724226
-25.198499956763012 -339.77707394515596
-18.91379789847566 -340.35318082378456
-12.616307482899728 -340.76495639294393
-6.310286951971719 -341.0121300327994
0 -341.0945392994108
6.310286951971719 -341.0121300327994
12.616307482899728 -340.76495639294393
18.91379789847566 -340.35318082378456
25.198499956763012 -339.77707394515596
31.466163591633595 -339.0370143724226
37.71254963289719 -338.1334884634306
43.93343252201037 -337.0670899922235
50.12460302223993 -335.8385197487883
56.28187092214416 -334.4485850639035
62.401067731219854 -332.89819925793745
68.4780493665467 -331.1883810122004
74.50869882924057 -329.3202536611614
80.48874643359345 -327.29481946484646
86.41412706306639 -325.113465213215
92.28093763713882 -322.77779608984054
98.08519207287684 -320.2893525576673
103.82294484852724 -317.64977544466313
109.49029360641721 -314.8608047149421
115.08338173566578 -311.9242781391289
120.59840093327023 -308.84212985778055
126.03159374210874 -305.616388830372
131.37925606437358 -302.2491771607465
136.6373711267799 -298.74256744979124
141.80194029304084 -295.098795659063
146.8700894852412 -291.3205570283131
151.83835185569882 -287.4103414923253
156.70332650591592 -283.37072239562923
161.4616808224952 -279.20435384577803
166.10898171407297 -274.91390884378995
170.64249812706447 -270.5023776054439
175.05968688477435 -265.9727190733111
179.35751318038916 -261.3279024417453
183.53129997973488 -256.57123893445515
187.57908859718862 -251.70590676674595
191.49874615729553 -246.73501806033343
195.28534919217802 -241.66253731072402
198.93760900249168 -236.4916279288617
202.45236045025592 -231.226080568701
205.8263340471839 -225.87000295278366
209.0573266411461 -220.42722357471763
212.1428449437211 -214.9018631354029
215.07874489615185 -209.2994811583875
217.86371304896838 -203.6241740651672
220.4965681119986 -197.87993995423722
222.97786270586047 -192.06902694900887
225.3059180972329 -186.19544006503656
227.47916172524776 -180.2632260617
229.49612821534106 -174.27647059815465
231.35546031669062 -168.23929535937603
233.05590976278015 -162.15585514971613
234.59633805468366 -156.03033494719185
235.97571716670765 -149.86694690282005
237.19313017406017 -143.66992724886467
238.24777180219803 -137.44353302855288
239.13894889734513 -131.19203841553085
239.8660808170366 -124.91972991942058
240.42869973677483 -118.63089786921327
240.82645085326232 -112.32981093337453
241.05909230391953 -106.02055046784828
0 -0
241.02865219711003 -93.3985006491237
240.76565005612431 -87.09167638140187
240.33770580589814 -80.79457308451602
239.74514339544555 -74.51129378353814
238.9883995690383 -68.24609593249085
238.06802327293389 -62.003251358750994
236.98467516568593 -55.78702320085338
235.73912707611063 -49.60165790834236
234.33226139172416 -43.45138064669597
232.7650703746956 -37.3403917461314
231.03865540500763 -31.272863546381483
229.15422615122202 -25.25293742147758
227.11309966948613 -19.284720902207262
224.91669943153855 -13.372284861875448
222.56655428253802 -7.519660750186511
220.0642973295948 -1.73083786850321
217.41166476192802 3.9902393163261687
201.90760583864358 6.135313476709669
186.6054241821214 7.514942510556914
183.8805799997498 12.328330906749617
168.8741092110033 12.545533972270988
166.10029545541917 16.880689460257585
151.46353345969155 15.965431832384489
148.6811514305242 19.83276286822574
134.48605103014717 17.81972838581401
131.73439872298894 21.2325999942703
128.8927297431321 24.574017953816732
115.36767986868442 21.135676254554557
112.60591962051541 24.041236954059713
109.76720823515407 26.875714759385836
106.85349148173238 29.637149671431214
94.32668799777261 24.516403988047244
91.55010820959215 26.86940323162212
88.71096118231296 29.151609450016537
85.81119099105098 31.361434812784267
82.85278278147152 33.49734146588898
79.8377614154013 35.55784264522729
69.0030932779339 28.31380294173329
66.19701735583845 30.01174261017432
63.345697188849016 31.638859059762613
60.4510834432471 33.19401055955263
57.515156127978074 34.6761055856171
54.53992324810413 36.08410363033637
51.52741943993296 37.41701597377436
48.47970458872761 38.673906416555425
45.398862429910224 39.85389197369398
42.286999134685345 40.95614352886212
34.74040668997621 31.08226001918597
31.92943965726394 31.911601211492638
29.096646562783324 32.67081171745503
26.243964205191713 33.3593525381775
23.37334287202433 33.9767347618601
20.48674501616526 34.52251993631056
17.58614392432988 34.9963204029465
14.673522378437216 35.39779959205094
11.750871310750433 35.726672279075025
8.820188453670117 35.98270480180841
5.883476985066319 36.165715238267964
2.9427441700394943 36.275573545181715
0.00000000000004992333384029938 36.31220165697364
