
-0.00000000000005061670011497304 43.17220165697364
-2.983614816585226 43.13545179411959
-5.965190267458174 43.02522855478546
-8.942688369706012 42.84161096610103
-11.914073905106925 42.58473067144785
-14.877315800208287 42.25477182775693
-17.830388503683952 41.851970961825366
-20.771273360067937 41.37661678575148
-23.697959978961208 40.82904997161833
-26.608447598812685 40.20966288558326
-29.500746444376748 39.518899281563435
-32.372879076956224 38.75725395473509
-35.22288173653938 37.925272355097974
-42.808179143822656 47.79631687447813
-45.95839021087693 46.69103528521865
-49.07719666913167 45.50783670694136
-52.16246632854787 44.24755881085989
-55.21208971551373 42.911093614223134
-58.22398150486107 41.49938680399632
-61.19608193609679 40.01343701972153
-64.12635821291191 38.45429509610754
-67.01280588504355 36.82306326593686
-69.85345021157282 35.120894323917916
-80.722103961308 42.360602251556124
-83.77050485543893 40.29567848275957
-86.76166363221085 38.15527038324126
-89.6935329841942 35.94087691080698
-92.56410576656232 33.65404831846775
-95.37141636655647 31.29638500833471
-107.9282346576913 36.412437643593705
-110.87122964299988 33.64629351832647
-113.73846261912226 30.80710322204836
-116.52796826965285 27.896839677115654
-130.07996834274977 31.330501100216036
-132.94777384722363 27.984438322302783
-135.7247310922981 24.566970170693942
-149.94428750115026 26.575469095482223
-152.75025984842497 22.703676054771883
-167.4097303042665 23.61455761879946
-170.20535509872693 19.275124181668506
-185.23272455691549 19.053753205499877
-187.97754071639076 14.236318576243512
-203.2987539698828 12.85277630704596
-218.82089106669736 10.703932876650935
-234.5161763862182 7.7797232255515905
-250.35651145086936 4.0710460952137275
-253.00206644199156 -2.511579049984376
-255.47473899234353 -9.161580379603182
-257.772804483443 -15.874426653942622
-259.8946566312537 -22.645542042842738
-261.83880867171194 -29.470309231061258
-263.603894467873 -36.344072581325655
-265.1886695377231 -43.26214137464646
-266.59201200178586 -50.21979317186332
-267.8129234498092 -57.212277401308576
-268.8505297261545 -64.23481944711435
-269.70408163451617 -71.28262606065616
-270.3729555664231 -78.35089508901864
-270.8566540785753 -85.43484427780065
-271.1548066445845 -92.52988778018987
0 -0
-271.1936171894517 -106.72939367774161
-270.93417464724615 -113.82755042831718
-270.48897235873295 -120.91658006018073
-269.8582763126684 -127.9919293013122
-269.04247950146726 -135.0488022008324
-268.04210211091373 -142.082373163996
-266.85779131975573 -149.0878191942029
-265.4903209742367 -156.0603303478874
-263.9405911661557 -162.99511541864786
-262.20962772012393 -169.8874061967594
-260.29858159161455 -176.73246120603235
-258.208728176447 -183.52556921505396
-255.9414665321006 -190.2620526350277
-253.4983185112043 -196.93727085074232
-250.88092780757802 -203.54662350503028
-248.08720472385994 -210.08905695163173
-245.11746417117 -216.5602780926241
-241.97512559832595 -222.95350497008687
-238.66367891834707 -229.26266675645493
-235.18471066036298 -235.4834103239426
-231.54265147351862 -241.60988618767692
-227.74029067103686 -247.63766241756727
-223.7801381381097 -253.56258392037637
-219.66578126950492 -259.3802060322957
-215.40071324971595 -265.08639524339884
-210.98656033471906 -270.67764252873883
-206.42859454187607 -276.1496370607827
-201.72930598483276 -281.4989221686487
-196.89102013209555 -286.7219781708193
-191.9187901238511 -291.8151568303613
-186.8160353626635 -296.7751575178296
-181.58569221318132 -301.59869630563577
-176.23089325621294 -306.2824652380485
-170.75648078913383 -310.82348142373934
-165.16620434874852 -315.21878929344604
-159.46388911555644 -319.4655229496916
-153.65343328396483 -323.5609092330252
-147.7381493105758 -327.50197949018934
-141.72248032878883 -331.28623424453144
-135.61089374260266 -334.9113476271073
-129.40755030610592 -338.37495486239055
-123.11666973614214 -341.67479508725853
-116.74252790848763 -344.80871322323515
-110.28945403049013 -347.7746617037501
-103.76182779173485 -350.57070206806844
-97.16407649425688 -353.1950064315265
-90.50067216378008 -355.64585884006436
-83.7760077883361 -357.9214904167448
-76.99464190323972 -360.0203623845081
-70.16134079294486 -361.9413321510134
-63.28072121447837 -363.68314815273516
-56.35742976176884 -365.2446754955864
-49.39613991045008 -366.6248967241953
-42.401549053506514 -367.8229125041212
-35.378375528866144 -368.8379422192112
-28.331355640016213 -369.6693244859317
-21.265240670689852 -370.31651758618807
-14.184793894648617 -370.7790998198611
-7.094787581565885 -371.0567697780324
0 -371.14934653763345
7.094787581565885 -371.0567697780324
14.184793894648617 -370.7790998198611
21.265240670689852 -370.31651758618807
28.331355640016213 -369.6693244859317
35.378375528866144 -368.8379422192112
42.401549053506514 -367.8229125041212
49.39613991045008 -366.6248967241953
56.35742976176884 -365.2446754955864
63.28072121447837 -363.68314815273516
70.16134079294486 -361.9413321510134
76.99464190323972 -360.0203623845081
83.7760077883361 -357.9214904167448
90.50067216378008 -355.64585884006436
97.16407649425688 -353.1950064315265
103.76182779173485 -350.57070206806844
110.28945403049013 -347.7746617037501
116.74252790848763 -344.80871322323515
123.11666973614214 -341.67479508725853
129.40755030610592 -338.37495486239055
135.61089374260266 -334.9113476271073
141.72248032878883 -331.28623424453144
147.7381493105758 -327.50197949018934
153.65343328396483 -323.5609092330252
159.46388911555644 -319.4655229496916
165.16620434874852 -315.21878929344604
170.75648078913383 -310.82348142373934
176.23089325621294 -306.2824652380485
181.58569221318132 -301.59869630563577
186.8160353626635 -296.7751575178296
191.9187901238511 -291.8151568303613
196.89102013209555 -286.7219781708193
201.72930598483276 -281.4989221686487
206.42859454187607 -276.1496370607827
210.98656033471906 -270.67764252873883
215.40071324971595 -265.08639524339884
219.66578126950492 -259.3802060322957
223.7801381381097 -253.56258392037637
227.74029067103686 -247.63766241756727
231.54265147351862 -241.60988618767692
235.18471066036298 -235.4834103239426
238.66367891834707 -229.26266675645493
241.97512559832595 -222.95350497008687
245.11746417117 -216.5602780926241
248.08720472385994 -210.08905695163173
250.88092780757802 -203.54662350503028
253.4983185112043 -196.93727085074232
255.9414665321006 -190.2620526350277
258.208728176447 -183.52556921505396
260.29858159161455 -176.73246120603235
262.20962772012393 -169.8874061967594
263.9405911661557 -162.99511541864786
265.4903209742367 -156.0603303478874
266.85779131975573 -149.0878191942029
268.04210211091373 -142.082373163996
269.04247950146726 -135.0488022008324
269.8582763126684 -127.9919293013122
270.48897235873295 -120.91658006018073
270.93417464724615 -113.82755042831718
271.1936171894517 -106.72939367774161
0 -0
271.1548066445845 -92.52988778018987
270.8566540785753 -85.43484427780065
270.3729555664231 -78.35089508901864
269.70408163451617 -71.28262606065616
268.8505297261545 -64.23481944711435
267.8129234498092 -57.212277401308576
266.59201200178586 -50.21979317186332
265.1886695377231 -43.26214137464646
263.603894467873 -36.344072581325655
261.83880867171194 -29.470309231061258
259.8946566312537 -22.645542042842738
257.772804483443 -15.874426653942622
255.47473899234353 -9.161580379603182
253.00206644199156 -2.511579049984376
250.35651145086936 4.0710460952137275
234.5161763862182 7.7797232255515905
218.82089106669736 10.703932876650935
203.2987539698828 12.85277630704596
187.97754071639076 14.236318576243512
185.23272455691549 19.053753205499877
170.20535509872693 19.275124181668506
167.4097303042665 23.61455761879946
152.75025984842497 22.703676054771883
149.94428750115026 26.575469095482223
135.7247310922981 24.566970170693942
132.94777384722363 27.984438322302783
130.07996834274977 31.330501100216036
116.52796826965285 27.896839677115654
113.73846261912226 30.80710322204836
110.87122964299988 33.64629351832647
107.9282346576913 36.412437643593705
95.37141636655647 31.29638500833471
92.56410576656232 33.65404831846775
89.6935329841942 35.94087691080698
86.76166363221085 38.15527038324126
83.77050485543893 40.29567848275957
80.722103961308 42.360602251556124
69.85345021157282 35.120894323917916
67.01280588504355 36.82306326593686
64.12635821291191 38.45429509610754
61.19608193609679 40.01343701972153
58.22398150486107 41.49938680399632
55.21208971551373 42.911093614223134
52.16246632854787 44.24755881085989
49.07719666913167 45.50783670694136
45.95839021087693 46.69103528521865
42.808179143822656 47.79631687447813
35.22288173653938 37.925272355097974
32.372879076956224 38.75725395473509
29.500746444376748 39.518899281563435
26.608447598812685 40.20966288558326
23.697959978961208 40.82904997161833
20.771273360067937 41.37661678575148
17.830388503683952 41.851970961825366
14.877315800208287 42.25477182775693
11.914073905106925 42.58473067144785
8.942688369706012 42.84161096610103
5.965190267458174 43.02522855478546
2.983614816585226 43.13545179411959
0.00000000000005061670011497304 43.17220165697364
