
-0.0000000000000334415813742545 -24.672048889110897
-1.971222718683618 -24.697837029359725
-3.941097060631612 -24.775183844225246
-5.908275566112335 -24.90403652794504
-7.871412608792624 -25.084307110509656
-9.829165310914915 -25.315872517027785
-11.780194456647937 -25.59857465078391
-13.723165403004861 -25.932220499935305
-15.656748987722978 -26.31658226777935
-17.579622433501484 -26.7513975265079
-19.490470247995486 -27.23636939434909
-21.387985118968107 -27.77116673598318
-23.270868804003577 -28.355424386102854
-25.137833014190004 -28.988743395974232
-26.987600291181057 -29.67069130283967
-28.818904877053114 -30.400802421988544
-30.630493576375713 -31.178578161307485
-32.42112660992047 -32.00348735810732
-34.18957845943628 -32.874966638008765
-35.934638702926634 -33.792420795655374
-37.655112839867705 -34.75522319700693
-39.349823105815005 -35.76271620295349
-41.01760927585006 -36.8142116139753
-42.65732945632784 -37.90899113556051
-44.267860864390855 -39.04630686407872
-45.84810059472466 -40.225381792794906
-47.396966373036435 -41.44541033769484
-48.91339729574701 -42.70555888278001
-50.396354555395355 -44.00496634447691
-51.84482215126242 -45.3427447547933
-53.25780758473162 -46.71797986284053
-54.63434253891158 -48.12973175432949
-55.973483542057565 -49.57703548863544
-57.27431261433689 -51.058901753014716
-58.535937897495785 -52.57431753354551
-59.75749426699377 -54.12224680235269
-60.93814392618404 -55.701631220666364
-62.07707698212974 -57.31139085725306
-63.17351200265654 -58.95042492174868
-64.22669655425437 -60.61761251241121
-65.23590772045445 -62.3118133778051
-66.20045260031706 -64.03186869191723
-67.11966878668255 -65.77660184220163
-67.99292482384698 -67.54481923004097
-68.81962064433952 -69.3353110831132
-69.59918798449134 -71.14685227915106
-70.33109077849937 -72.97820318059186
-71.01482553070245 -74.82811047963317
-71.64992166580167 -76.69530805325401
-72.2359418567706 -78.57851782783901
-72.77248233021655 -80.47645065320863
-73.25917314896809 -82.3878071861858
-73.69567847168007 -84.31127878454251
-74.08169678926212 -86.24554841379549
-74.41696113795443 -88.18929157340104
-74.70123928889294 -90.14117726030682
-74.9343339140341 -92.09986902483193
-75.11608272837263 -94.06402632146829
-75.24635860866351 -96.03230716512331
-75.325069691468 -98.00338109570656
0 -0
-75.3276065639786 -101.94820972730685
-75.25142547198257 -103.91948414341553
-75.12366567849726 -105.88809648962534
-74.94441216251684 -107.85271635122278
-74.7137852102295 -109.81200059289279
-74.43194034370342 -111.76460707425669
-74.09906822184429 -113.70919737995843
-73.71539451674363 -115.64443818914383
-73.28117976582115 -117.56900234131945
-72.7967191999124 -119.48156980842799
-72.2623425474188 -121.38082862973785
-71.67841381464301 -123.26547582795189
-71.0453310424451 -125.13421831322019
-70.36352603937007 -126.98577377756062
-69.6334640914143 -128.81887158052493
-68.85564364861375 -130.63225362622345
-68.03059598865423 -132.42467523148005
-67.15888485771944 -134.19490598472495
-66.24110608880957 -135.9417305951465
-65.27788719777908 -137.66394973157927
-64.26988695735805 -139.36038085058559
-63.21779494943827 -141.02985901317487
-62.122331095919755 -142.6712376896042
-60.984245168430135 -144.28338955170446
-59.804316277244155 -145.86520725217872
-58.58335233974557 -147.4156041903285
-57.32218952878932 -148.93351526366723
-56.02169170133577 -150.41789760489047
-54.682749807744464 -151.86773130368155
-53.30628128212773 -153.28202011283892
-51.89322941417968 -154.65979213822385
-50.444562702909316 -156.00010051203654
-48.96127419271977 -157.30202404893976
-47.44438079228923 -158.56466788456197
-45.894922576721626 -159.787164095922
-44.31396207344794 -160.96867230333146
-42.702583532370745 -162.10838025334292
-41.061892180756836 -163.205504382325
-39.393013463394155 -164.25929036025977
-37.69709226853993 -165.26901361437064
-35.97529214019835 -166.23397983220417
-34.22879447727575 -167.15352544380252
-32.458797720171795 -168.02701808261924
-30.666516525374004 -168.85385702484544
-28.853180928632938 -169.63347360682874
-27.02003549730292 -170.36533162028334
-25.168338472442695 -171.04892768500514
-23.299360901276998 -171.68379159882215
-21.414385760628324 -172.2694866645268
-19.514707071934378 -172.80560999355225
-17.60162900847364 -173.2917927861744
-15.676464995427063 -173.72770058803374
-13.74053680340965 -174.1130335227932
-11.795173636110462 -174.44752650076126
-9.841711212684316 -174.73094940332993
-7.881490845542338 -174.9631072430928
-5.91585851419204 -175.14384029952743
-3.9461639357807603 -175.27302423014268
-1.9737596329987226 -175.35057015701094
0 -175.3764247286215
1.9737596329987226 -175.35057015701094
3.9461639357807603 -175.27302423014268
5.91585851419204 -175.14384029952743
7.881490845542338 -174.9631072430928
9.841711212684316 -174.73094940332993
11.795173636110462 -174.44752650076126
13.74053680340965 -174.1130335227932
15.676464995427063 -173.72770058803374
17.60162900847364 -173.2917927861744
19.514707071934378 -172.80560999355225
21.414385760628324 -172.2694866645268
23.299360901276998 -171.68379159882215
25.168338472442695 -171.04892768500514
27.02003549730292 -170.36533162028334
28.853180928632938 -169.63347360682874
30.666516525374004 -168.85385702484544
32.458797720171795 -168.02701808261924
34.22879447727575 -167.15352544380252
35.97529214019835 -166.23397983220417
37.69709226853993 -165.26901361437064
39.393013463394155 -164.25929036025977
41.061892180756836 -163.205504382325
42.702583532370745 -162.10838025334292
44.31396207344794 -160.96867230333146
45.894922576721626 -159.787164095922
47.44438079228923 -158.56466788456197
48.96127419271977 -157.30202404893976
50.444562702909316 -156.00010051203654
51.89322941417968 -154.65979213822385
53.30628128212773 -153.28202011283892
54.682749807744464 -151.86773130368155
56.02169170133577 -150.41789760489047
57.32218952878932 -148.93351526366723
58.58335233974557 -147.4156041903285
59.804316277244155 -145.86520725217872
60.984245168430135 -144.28338955170446
62.122331095919755 -142.6712376896042
63.21779494943827 -141.02985901317487
64.26988695735805 -139.36038085058559
65.27788719777908 -137.66394973157927
66.24110608880957 -135.9417305951465
67.15888485771944 -134.19490598472495
68.03059598865423 -132.42467523148005
68.85564364861375 -130.63225362622345
69.6334640914143 -128.81887158052493
70.36352603937007 -126.98577377756062
71.0453310424451 -125.13421831322019
71.67841381464301 -123.26547582795189
72.2623425474188 -121.38082862973785
72.7967191999124 -119.48156980842799
73.28117976582115 -117.56900234131945
73.71539451674363 -115.64443818914383
74.09906822184429 -113.70919737995843
74.43194034370342 -111.76460707425669
74.7137852102295 -109.81200059289279
74.94441216251684 -107.85271635122278
75.12366567849726 -105.88809648962534
75.25142547198257 -103.91948414341553
75.3276065639786 -101.94820972730685
0 -0
75.325069691468 -98.00338109570656
75.24635860866351 -96.03230716512331
75.11608272837263 -94.06402632146829
74.9343339140341 -92.09986902483193
74.70123928889294 -90.14117726030682
74.41696113795443 -88.18929157340104
74.08169678926212 -86.24554841379549
73.69567847168007 -84.31127878454251
73.25917314896809 -82.3878071861858
72.77248233021655 -80.47645065320863
72.2359418567706 -78.57851782783901
71.64992166580167 -76.69530805325401
71.01482553070245 -74.82811047963317
70.33109077849937 -72.97820318059186
69.59918798449134 -71.14685227915106
68.81962064433952 -69.3353110831132
67.99292482384698 -67.54481923004097
67.11966878668255 -65.77660184220163
66.20045260031706 -64.03186869191723
65.23590772045445 -62.3118133778051
64.22669655425437 -60.61761251241121
63.17351200265654 -58.95042492174868
62.07707698212974 -57.31139085725306
60.93814392618404 -55.701631220666364
59.75749426699377 -54.12224680235269
58.535937897495785 -52.57431753354551
57.27431261433689 -51.058901753014716
55.973483542057565 -49.57703548863544
54.63434253891158 -48.12973175432949
53.25780758473162 -46.71797986284053
51.84482215126242 -45.3427447547933
50.396354555395355 -44.00496634447691
48.91339729574701 -42.70555888278001
47.396966373036435 -41.44541033769484
45.84810059472466 -40.225381792794906
44.267860864390855 -39.04630686407872
42.65732945632784 -37.90899113556051
41.01760927585006 -36.8142116139753
39.349823105815005 -35.76271620295349
37.655112839867705 -34.75522319700693
35.934638702926634 -33.792420795655374
34.18957845943628 -32.874966638008765
32.42112660992047 -32.00348735810732
30.630493576375713 -31.178578161307485
28.818904877053114 -30.400802421988544
26.987600291181057 -29.67069130283967
25.137833014190004 -28.988743395974232
23.270868804003577 -28.355424386102854
21.387985118968107 -27.77116673598318
19.490470247995486 -27.23636939434909
17.579622433501484 -26.7513975265079
15.656748987722978 -26.31658226777935
13.723165403004861 -25.932220499935305
11.780194456647937 -25.59857465078391
9.829165310914915 -25.315872517027785
7.871412608792624 -25.084307110509656
5.908275566112335 -24.90403652794504
3.941097060631612 -24.775183844225246
1.971222718683618 -24.697837029359725
0.0000000000000334415813742545 -24.672048889110897
