
-0.00000000000011093956601158071 639.9922016569726
-6.539361066063818 639.9448594517135
-13.074245835549403 639.8028870918051
-19.600181064828817 639.5664472595599
-26.11269961412166 639.2358108078856
-32.60734349429114 638.8113563341775
-39.0796669074884 638.2935695842865
-45.52523927960098 637.6830426871128
-51.93964828246908 636.9804732205833
-58.31850284383726 636.1866631098861
-64.65743614300469 635.302517358995
-70.95210859018479 634.3290426168286
-77.19821078753488 633.2673455794416
-88.15083993876868 642.8913979430697
-94.63730715498016 641.5225033878629
-101.05900766428545 640.05977197052
-107.41154563804494 638.5047856373002
-113.6905723801486 636.8592222123693
-119.89178929368195 635.1248528029867
-126.01095081401854 633.3035390544136
-132.04386730638262 631.3972302581168
-137.98640792588634 629.407960317277
-143.8345034381589 627.3378445739783
-157.65990545519008 634.2006880021679
-163.6123252906037 631.750998950503
-169.45278341312013 629.2189650129994
-175.1772797478629 626.6071459995754
-180.7818932229684 623.9181708740377
-186.26278445075272 621.154733773344
-201.4308909661181 625.8624912217291
-206.92109212558302 622.6866455461612
-212.26970349791623 619.4374685370601
-217.4730591539081 616.1180574399332
-233.3697265094872 619.1445348369546
-238.51140965564144 615.3943728611301
-243.48989649942934 611.5770054552485
-259.8371256456163 613.1909108667967
-264.69545566823314 608.9309234024756
-281.3305621539844 609.4610874119422
-286.02374733068353 604.7494723992527
-302.86930103032705 604.1654931967731
-307.35167919782566 598.9960362909785
-324.3286413876949 597.2720425463036
-341.4235795816259 594.7952726249044
-358.60764023969614 591.5565821354435
-375.8517045520799 587.5477542065912
-393.12641770549504 582.7615083015222
-410.40221833295556 577.1915084011731
-441.20976844376673 572.1816979071858
-472.18102964628355 565.6365342031314
-503.25901752174343 557.5436976109706
-548.2503628607087 548.1261126755784
-593.4000142690857 536.3883971063583
-652.6431034064777 521.7995561625771
-740.1705677421381 502.32644156307634
-856.198735202469 475.7103533519971
NaN NaN
NaN NaN
NaN NaN
NaN NaN
0 -0
-1290.7611879465005 -761.402936534401
-1270.3869228226722 -775.4662793577087
-1252.59703307949 -789.8677570602883
-1236.3203832023837 -804.7105543818263
-1220.4593255562606 -820.4558590167339
-1217.7618939841482 -834.6233985004632
-1202.2628350994187 -851.9145991816486
-1186.9658764345102 -869.4965230305994
-1184.4057881717913 -886.002183369207
-1169.0560203088266 -904.3496208088425
-1166.042010790256 -922.2675526653725
-1150.285503703113 -941.2327259326046
-1146.5155140655127 -960.4322477741872
-1142.2217233274457 -980.4142907363264
-1137.3521048100113 -1001.1436699722224
-1131.8570998609678 -1022.5847989881335
-1113.9690936429236 -1043.0151673404328
-1118.8164250200412 -1067.448236330124
-1111.1933174956748 -1090.7890133126411
-1102.7869096517647 -1114.6801083284256
-1093.56745393108 -1139.0770541244733
-1094.4270042076655 -1167.521262442697
-1083.30824749063 -1193.1559433105033
-1081.8294165107511 -1223.4870378602147
-1068.6826380811165 -1250.1493147651531
-1064.707961416504 -1282.1250874628977
-1059.3238374656553 -1315.0090310203555
-1062.1958664737756 -1354.5222117559988
-1053.8908857534911 -1389.3416619415977
-1053.6068990733436 -1431.3695294111199
-1042.4275821222482 -1467.8750748702334
-1038.7411064532848 -1512.160595422848
-1041.851536644737 -1565.1984387513355
-1034.0389112462126 -1612.1210590320238
-1032.4182707821305 -1668.297970029145
-1028.1814436987383 -1726.0472095451537
-1021.2413472845077 -1785.2424146358842
-1019.0251949680581 -1855.0001584278593
-1020.6604069367578 -1936.159657229165
-1018.2508761964148 -2019.5947878440736
-1011.6744574773854 -2105.086727372475
-962.4391583320627 -2129.4794630653796
-900.4618897986306 -2131.479803482404
-839.214886276904 -2131.6512555986565
-784.1295131139315 -2140.884280937297
-724.1709822963119 -2137.639296178659
-669.7888003618732 -2143.7665557369533
-615.6558517485083 -2148.436624468244
-561.8120638812477 -2151.6632502602356
-508.30104036004815 -2153.46760689265
-455.1617301350234 -2153.8661843841182
-402.4365626416476 -2152.884561738845
-352.71649975181276 -2162.154855809705
-300.5702436019854 -2158.5218080988707
-250.7796497029726 -2165.2876168739526
-199.35852400668634 -2159.063562261625
-149.63429368745582 -2163.342783857338
-99.8111731176074 -2166.4019338341413
-49.922084678681415 -2168.238448818322
0 -2168.8507912877717
49.922084678681415 -2168.238448818322
99.8111731176074 -2166.4019338341413
149.63429368745582 -2163.342783857338
199.35852400668634 -2159.063562261625
250.7796497029726 -2165.2876168739526
300.5702436019854 -2158.5218080988707
352.71649975181276 -2162.154855809705
402.4365626416476 -2152.884561738845
455.1617301350234 -2153.8661843841182
508.30104036004815 -2153.46760689265
561.8120638812477 -2151.6632502602356
615.6558517485083 -2148.436624468244
669.7888003618732 -2143.7665557369533
724.1709822963119 -2137.639296178659
784.1295131139315 -2140.884280937297
839.214886276904 -2131.6512555986565
900.4618897986306 -2131.479803482404
962.4391583320627 -2129.4794630653796
1011.6744574773854 -2105.086727372475
1018.2508761964148 -2019.5947878440736
1020.6604069367578 -1936.159657229165
1019.0251949680581 -1855.0001584278593
1021.2413472845077 -1785.2424146358842
1028.1814436987383 -1726.0472095451537
1032.4182707821305 -1668.297970029145
1034.0389112462126 -1612.1210590320238
1041.851536644737 -1565.1984387513355
1038.7411064532848 -1512.160595422848
1042.4275821222482 -1467.8750748702334
1053.6068990733436 -1431.3695294111199
1053.8908857534911 -1389.3416619415977
1062.1958664737756 -1354.5222117559988
1059.3238374656553 -1315.0090310203555
1064.707961416504 -1282.1250874628977
1068.6826380811165 -1250.1493147651531
1081.8294165107511 -1223.4870378602147
1083.30824749063 -1193.1559433105033
1094.4270042076655 -1167.521262442697
1093.56745393108 -1139.0770541244733
1102.7869096517647 -1114.6801083284256
1111.1933174956748 -1090.7890133126411
1118.8164250200412 -1067.448236330124
1113.9690936429236 -1043.0151673404328
1131.8570998609678 -1022.5847989881335
1137.3521048100113 -1001.1436699722224
1142.2217233274457 -980.4142907363264
1146.5155140655127 -960.4322477741872
1150.285503703113 -941.2327259326046
1166.042010790256 -922.2675526653725
1169.0560203088266 -904.3496208088425
1184.4057881717913 -886.002183369207
1186.9658764345102 -869.4965230305994
1202.2628350994187 -851.9145991816486
1217.7618939841482 -834.6233985004632
1220.4593255562606 -820.4558590167339
1236.3203832023837 -804.7105543818263
1252.59703307949 -789.8677570602883
1270.3869228226722 -775.4662793577087
1290.7611879465005 -761.402936534401
0 -0
NaN NaN
NaN NaN
NaN NaN
NaN NaN
856.198735202469 475.7103533519971
740.1705677421381 502.32644156307634
652.6431034064777 521.7995561625771
593.4000142690857 536.3883971063583
548.2503628607087 548.1261126755784
503.25901752174343 557.5436976109706
472.18102964628355 565.6365342031314
441.20976844376673 572.1816979071858
410.40221833295556 577.1915084011731
393.12641770549504 582.7615083015222
375.8517045520799 587.5477542065912
358.60764023969614 591.5565821354435
341.4235795816259 594.7952726249044
324.3286413876949 597.2720425463036
307.35167919782566 598.9960362909785
302.86930103032705 604.1654931967731
286.02374733068353 604.7494723992527
281.3305621539844 609.4610874119422
264.69545566823314 608.9309234024756
259.8371256456163 613.1909108667967
243.48989649942934 611.5770054552485
238.51140965564144 615.3943728611301
233.3697265094872 619.1445348369546
217.4730591539081 616.1180574399332
212.26970349791623 619.4374685370601
206.92109212558302 622.6866455461612
201.4308909661181 625.8624912217291
186.26278445075272 621.154733773344
180.7818932229684 623.9181708740377
175.1772797478629 626.6071459995754
169.45278341312013 629.2189650129994
163.6123252906037 631.750998950503
157.65990545519008 634.2006880021679
143.8345034381589 627.3378445739783
137.98640792588634 629.407960317277
132.04386730638262 631.3972302581168
126.01095081401854 633.3035390544136
119.89178929368195 635.1248528029867
113.6905723801486 636.8592222123693
107.41154563804494 638.5047856373002
101.05900766428545 640.05977197052
94.63730715498016 641.5225033878629
88.15083993876868 642.8913979430697
77.19821078753488 633.2673455794416
70.95210859018479 634.3290426168286
64.65743614300469 635.302517358995
58.31850284383726 636.1866631098861
51.93964828246908 636.9804732205833
45.52523927960098 637.6830426871128
39.0796669074884 638.2935695842865
32.60734349429114 638.8113563341775
26.11269961412166 639.2358108078856
19.600181064828817 639.5664472595599
13.074245835549403 639.8028870918051
6.539361066063818 639.9448594517135
0.00000000000011093956601158071 639.9922016569726
