
-0.00000000000006448402560844615 180.37220165697386
-3.8010277474998575 180.33301677287707
-7.599455915295263 180.21549488513529
-11.392686690423922 180.0197342519532
-15.178125792236749 179.74589851890414
-18.95318423562965 179.39421654187683
-22.715280090765436 178.96498213940285
-26.46184023812151 178.45855377456994
-30.19030211769875 177.87535416678273
-33.898115471232124 177.21586983369863
-37.58274407624524 176.4806505637316
-41.24166747080187 175.67030881958416
-44.87238266780271 174.7855190733381
-53.23177932656887 184.59978378679807
-57.148945830211005 183.43390151571182
-61.027038277213 182.18644251466011
-64.86340410084605 180.85841555257076
-68.65541906370565 179.45089329195815
-72.40048904252104 177.96501117158098
-76.09605179309034 176.4019662230993
-79.73957869416951 174.76301582300601
-83.32857646914542 173.0494763811875
-86.86058888435123 171.2627219676106
-98.40895487944181 178.41579437813283
-102.12494633478715 176.26241882017158
-105.77111645540839 174.0319817923809
-109.3449690218192 171.7262261266156
-112.84405690596567 169.34695005538038
-116.26598374223377 166.89600541408385
-129.42309817686987 171.91819708684363
-132.9516577999159 169.05786869713936
-136.3893225912591 166.1244285818214
-139.73373628902166 163.12010812833765
-153.8247403351032 166.46016402820206
-157.21527633191738 163.0212048829524
-160.49833233531677 159.51180586829267
-175.2070089136712 161.4295936406119
-178.48478762309352 157.46856050251958
-193.59842728121313 158.29192078963692
-196.83027285319972 153.8669283696189
-212.27561570022894 153.5621991805052
-215.4198714017781 148.66383988997538
-231.1217165946672 147.20203291377183
-247.00541716208403 144.9778040831463
-263.04294968586896 141.9812999864465
-279.2059811293087 138.20362267254177
-295.465897565048 133.63684052441448
-311.7938331170902 128.27399842287178
-341.7210994141119 123.45845454362927
-371.88026136702223 117.09411671891043
-402.21489112931306 109.16815309321916
-446.53212895207673 99.90301499931118
-491.07738544083645 88.3028873767132
-549.7862064772786 73.83638451328085
-636.849895691331 54.47001018470724
-752.4850988576906 27.94476061832033
-868.4416168861965 -4.727488753502801
-870.7409082209227 -27.474660078678735
-872.4449235458259 -50.28053456758735
-873.552085939945 -73.13201182145816
0 -0
-873.971232958192 -118.86356929275398
-873.2822932034013 -141.75030860141922
-871.9941532348702 -164.61135841100005
-870.1072880429501 -187.4351237149809
-867.5977907211062 -210.30542222765155
-864.3008104880237 -233.68138771392987
-860.2688266186312 -257.1261969126299
-855.5600286968851 -280.4215500802602
-850.2092968535371 -303.494063675621
-844.2389844027235 -326.3184089477713
-837.6648121794553 -348.88476993202727
-830.5002392617708 -371.18577301790765
-822.7566043731931 -393.21540937712683
-814.442395406582 -414.9692761774607
-805.5686030132335 -436.4382924199526
-796.1438652817845 -457.61513002478165
-786.1771664891041 -478.49116310345806
-775.6778080051515 -499.05696075141094
-764.6553810984863 -519.3026171779946
-753.1177478330101 -539.2191380855377
-741.075875427581 -558.7954225794904
-728.5392489129302 -578.0214219659958
-715.5172576568552 -596.8871120064368
-702.020559098517 -615.3820240255227
-688.0598786601672 -633.4959326459673
-673.6442184622944 -651.2192293593555
-658.786402954493 -668.5415327793481
-643.4965932596707 -685.4533925955488
-627.7849229881073 -701.9453940411092
-611.6643836089446 -718.0081162331346
-595.1464414241067 -733.6326268903676
-578.2421898025277 -748.8101647779328
-560.9630216879898 -763.5321108200168
-543.3221266037992 -777.7903446311245
-525.3316892189807 -791.5769541604251
-507.0040493600333 -804.8843031470677
-488.35169290622775 -817.705038069458
-469.3865934031903 -830.0318057102985
-450.1219071992563 -841.8579136743239
-430.570869172474 -853.1770376783466
-410.7464612494538 -863.9830121020627
-390.66176990662325 -874.2699715227658
-370.3299788317465 -884.0323521968672
-349.7643618732371 -893.2648930655461
-328.97827627161945 -901.9626363660284
-307.98515616604 -910.1209279189883
-286.79850636735404 -917.7354171533921
-265.43177773256 -924.8018939063502
-243.8986046454892 -931.3165650360017
-222.21284340663516 -937.2762153767936
-200.3882192351932 -942.6777105809709
-178.4385003225324 -947.5182172710914
-156.37749297265202 -951.7952024213483
-134.2190369164953 -955.5064327401768
-111.97700078286812 -958.6499740761354
-89.665277707979 -961.2241908660147
-67.29778106498672 -963.2277456412977
-44.88844029439008 -964.6595986063953
-22.451196815641783 -965.5190072995103
0 -965.8055263444769
22.451196815641783 -965.5190072995103
44.88844029439008 -964.6595986063953
67.29778106498672 -963.2277456412977
89.665277707979 -961.2241908660147
111.97700078286812 -958.6499740761354
134.2190369164953 -955.5064327401768
156.37749297265202 -951.7952024213483
178.4385003225324 -947.5182172710914
200.3882192351932 -942.6777105809709
222.21284340663516 -937.2762153767936
243.8986046454892 -931.3165650360017
265.43177773256 -924.8018939063502
286.79850636735404 -917.7354171533921
307.98515616604 -910.1209279189883
328.97827627161945 -901.9626363660284
349.7643618732371 -893.2648930655461
370.3299788317465 -884.0323521968672
390.66176990662325 -874.2699715227658
410.7464612494538 -863.9830121020627
430.570869172474 -853.1770376783466
450.1219071992563 -841.8579136743239
469.3865934031903 -830.0318057102985
488.35169290622775 -817.705038069458
507.0040493600333 -804.8843031470677
525.3316892189807 -791.5769541604251
543.3221266037992 -777.7903446311245
560.9630216879898 -763.5321108200168
578.2421898025277 -748.8101647779328
595.1464414241067 -733.6326268903676
611.6643836089446 -718.0081162331346
627.7849229881073 -701.9453940411092
643.4965932596707 -685.4533925955488
658.786402954493 -668.5415327793481
673.6442184622944 -651.2192293593555
688.0598786601672 -633.4959326459673
702.020559098517 -615.3820240255227
715.5172576568552 -596.8871120064368
728.5392489129302 -578.0214219659958
741.075875427581 -558.7954225794904
753.1177478330101 -539.2191380855377
764.6553810984863 -519.3026171779946
775.6778080051515 -499.05696075141094
786.1771664891041 -478.49116310345806
796.1438652817845 -457.61513002478165
805.5686030132335 -436.4382924199526
814.442395406582 -414.9692761774607
822.7566043731931 -393.21540937712683
830.5002392617708 -371.18577301790765
837.6648121794553 -348.88476993202727
844.2389844027235 -326.3184089477713
850.2092968535371 -303.494063675621
855.5600286968851 -280.4215500802602
860.2688266186312 -257.1261969126299
864.3008104880237 -233.68138771392987
867.5977907211062 -210.30542222765155
870.1072880429501 -187.4351237149809
871.9941532348702 -164.61135841100005
873.2822932034013 -141.75030860141922
873.971232958192 -118.86356929275398
0 -0
873.552085939945 -73.13201182145816
872.4449235458259 -50.28053456758735
870.7409082209227 -27.474660078678735
868.4416168861965 -4.727488753502801
752.4850988576906 27.94476061832033
636.849895691331 54.47001018470724
549.7862064772786 73.83638451328085
491.07738544083645 88.3028873767132
446.53212895207673 99.90301499931118
402.21489112931306 109.16815309321916
371.88026136702223 117.09411671891043
341.7210994141119 123.45845454362927
311.7938331170902 128.27399842287178
295.465897565048 133.63684052441448
279.2059811293087 138.20362267254177
263.04294968586896 141.9812999864465
247.00541716208403 144.9778040831463
231.1217165946672 147.20203291377183
215.4198714017781 148.66383988997538
212.27561570022894 153.5621991805052
196.83027285319972 153.8669283696189
193.59842728121313 158.29192078963692
178.48478762309352 157.46856050251958
175.2070089136712 161.4295936406119
160.49833233531677 159.51180586829267
157.21527633191738 163.0212048829524
153.8247403351032 166.46016402820206
139.73373628902166 163.12010812833765
136.3893225912591 166.1244285818214
132.9516577999159 169.05786869713936
129.42309817686987 171.91819708684363
116.26598374223377 166.89600541408385
112.84405690596567 169.34695005538038
109.3449690218192 171.7262261266156
105.77111645540839 174.0319817923809
102.12494633478715 176.26241882017158
98.40895487944181 178.41579437813283
86.86058888435123 171.2627219676106
83.32857646914542 173.0494763811875
79.73957869416951 174.76301582300601
76.09605179309034 176.4019662230993
72.40048904252104 177.96501117158098
68.65541906370565 179.45089329195815
64.86340410084605 180.85841555257076
61.027038277213 182.18644251466011
57.148945830211005 183.43390151571182
53.23177932656887 184.59978378679807
44.87238266780271 174.7855190733381
41.24166747080187 175.67030881958416
37.58274407624524 176.4806505637316
33.898115471232124 177.21586983369863
30.19030211769875 177.87535416678273
26.46184023812151 178.45855377456994
22.715280090765436 178.96498213940285
18.95318423562965 179.39421654187683
15.178125792236749 179.74589851890414
11.392686690423922 180.0197342519532
7.599455915295263 180.21549488513529
3.8010277474998575 180.33301677287707
0.00000000000006448402560844615 180.37220165697386
