
-0.00000000000009117862718338168 444.4822016569744
-5.374547639510493 444.4383293569858
-10.745417287381601 444.30675757105774
-16.108933457805897 444.0876215772195
-21.46142567496166 443.78114662525894
-26.79923097381573 443.38764761655614
-32.11869639589729 442.9075286562402
-37.41618147837464 442.3412824780449
-42.688060734768285 441.6894897424741
-47.93072612563955 440.95281820882013
-53.14058951759208 440.1320217819044
-58.314085128954744 439.22793943441866
-63.44767196048463 438.2414940059509
-73.29720967835533 447.94645759301386
-78.6907653974291 446.66391900941056
-84.03048337276955 445.2927586945197
-89.31270931252004 443.83431478036425
-94.5338280589751 442.2900076715974
-99.69026605251649 440.66133807918004
-104.77849376780281 438.9498849396008
-109.79502812059039 437.15730322228694
-114.73643484354152 435.28532162804487
-119.59933082944967 433.33574018171765
-132.4561428968494 440.3220392217945
-137.4572461825325 437.99839396969037
-142.36431314006364 435.594651254974
-147.1739833942473 433.1130233670485
-151.8829628493178 430.555785898938
-156.48802594041257 427.92527469515016
-170.80071045128864 432.766784015099
-175.45648200197834 429.7251509163527
-179.99222803762177 426.6102798993832
-184.40483972630716 423.42489989694076
-199.53342642038356 426.5847651645758
-203.93021861495285 422.9669805122028
-208.18751472812772 419.2806145861709
-223.83774763277398 421.02378338998574
-228.02375358933048 416.8909630644337
-244.0116689618354 417.54584489349986
-248.08323953055984 412.9561514314243
-264.333181151107 412.49095768239
-268.2463579711487 407.43681841890964
-284.68091964737715 405.8243518817196
-301.2606298957015 403.45500615564873
-317.956988287695 400.3193352511694
-334.7412102603041 396.40883258389925
-351.58425615321534 391.7159406649906
-368.45686044262476 386.234060126821
-398.8899614684658 381.3068854316426
-429.5157774677918 374.8386401986488
-460.27756077272454 366.8167868832709
-504.9821588846473 357.46404873865873
-549.8747169316961 345.7848593855394
-608.8905427724154 331.24805777444357
-696.2207296309739 311.8203476185468
-812.0817406378991 285.2428997264787
-970.7648118560855 247.64829451776515
NaN NaN
NaN NaN
NaN NaN
0 -0
-1213.6875499749806 -516.330384980935
-1195.2472004796728 -533.0186280961132
-1179.3840848756458 -549.9996426554935
-1165.0369258745347 -567.3956490026841
-1151.154564749158 -585.7441813104252
-1150.217392464371 -602.1563718434461
-1136.7506075543226 -622.0999730331288
-1123.4487468024681 -642.2710292533619
-1122.7288959611637 -661.1069122034669
-1109.3241366204968 -681.958211249951
-1108.1625005488522 -702.2251558184133
-1094.2833955828946 -723.5904273988054
-1092.3508377259006 -745.1301531211733
-1089.8911494967253 -767.4625488997426
-1086.8451264145265 -790.5442756774313
-1083.1570628280745 -814.3324128802658
-1066.9645094952923 -836.912157122307
-1073.6598972155762 -863.8473337512672
-1067.7651409801495 -889.4808467257957
-1061.0539329241658 -915.6359640052641
-1053.4941199995292 -942.2637908965559
-1056.1116039541794 -973.2313779248137
-1046.5802347519411 -1001.0404465384491
-1046.7895913746318 -1033.8697089637863
-1035.149271381757 -1062.6297674551772
-1032.7811862438064 -1097.0511758503314
-1028.959387728448 -1132.3519134118835
-1033.4851426998316 -1174.665259785316
-1026.6455562748326 -1211.83189351908
-1027.908622894576 -1256.5915288644235
-1018.0947666321979 -1295.3545547576575
-1015.8462702756512 -1342.2817350997066
-1020.4507928674224 -1398.3428007880382
-1013.9564923039923 -1447.7974647020703
-1013.6989529183785 -1506.8719256638326
-1010.7580961073398 -1567.4449962887247
-1005.048714826731 -1629.38572208747
-1004.0802720299378 -1702.2114539950646
-1006.9622857931699 -1786.7283162447566
-984.5932581111892 -1842.544706416274
-939.5648722681226 -1867.175682248087
-893.9073616683468 -1890.662147577712
-847.6490586671472 -1912.9859158024133
-800.8189930022171 -1934.129430932107
-753.4485588626475 -1954.0775529144807
-705.5675504325841 -1972.8139497188474
-657.2060901915187 -1990.3224174791255
-608.3983807016613 -2006.5920037965884
-555.1522637485423 -2009.9011324944925
-502.237378524588 -2011.7409584610666
-449.6935610185891 -2012.1287184191233
-397.5641224397195 -2011.0909075858597
-348.4650490273148 -2020.6616362607053
-296.9142317243072 -2016.8862289007582
-247.73916428342352 -2023.8705253683004
-196.91623114858817 -2017.42011906087
-147.80492274486835 -2021.837545284676
-98.59270808294724 -2024.9952323867085
-49.31318627408534 -2026.8907976219455
0 -2027.522811520609
49.31318627408534 -2026.8907976219455
98.59270808294724 -2024.9952323867085
147.80492274486835 -2021.837545284676
196.91623114858817 -2017.42011906087
247.73916428342352 -2023.8705253683004
296.9142317243072 -2016.8862289007582
348.4650490273148 -2020.6616362607053
397.5641224397195 -2011.0909075858597
449.6935610185891 -2012.1287184191233
502.237378524588 -2011.7409584610666
555.1522637485423 -2009.9011324944925
608.3983807016613 -2006.5920037965884
657.2060901915187 -1990.3224174791255
705.5675504325841 -1972.8139497188474
753.4485588626475 -1954.0775529144807
800.8189930022171 -1934.129430932107
847.6490586671472 -1912.9859158024133
893.9073616683468 -1890.662147577712
939.5648722681226 -1867.175682248087
984.5932581111892 -1842.544706416274
1006.9622857931699 -1786.7283162447566
1004.0802720299378 -1702.2114539950646
1005.048714826731 -1629.38572208747
1010.7580961073398 -1567.4449962887247
1013.6989529183785 -1506.8719256638326
1013.9564923039923 -1447.7974647020703
1020.4507928674224 -1398.3428007880382
1015.8462702756512 -1342.2817350997066
1018.0947666321979 -1295.3545547576575
1027.908622894576 -1256.5915288644235
1026.6455562748326 -1211.83189351908
1033.4851426998316 -1174.665259785316
1028.959387728448 -1132.3519134118835
1032.7811862438064 -1097.0511758503314
1035.149271381757 -1062.6297674551772
1046.7895913746318 -1033.8697089637863
1046.5802347519411 -1001.0404465384491
1056.1116039541794 -973.2313779248137
1053.4941199995292 -942.2637908965559
1061.0539329241658 -915.6359640052641
1067.7651409801495 -889.4808467257957
1073.6598972155762 -863.8473337512672
1066.9645094952923 -836.912157122307
1083.1570628280745 -814.3324128802658
1086.8451264145265 -790.5442756774313
1089.8911494967253 -767.4625488997426
1092.3508377259006 -745.1301531211733
1094.2833955828946 -723.5904273988054
1108.1625005488522 -702.2251558184133
1109.3241366204968 -681.958211249951
1122.7288959611637 -661.1069122034669
1123.4487468024681 -642.2710292533619
1136.7506075543226 -622.0999730331288
1150.217392464371 -602.1563718434461
1151.154564749158 -585.7441813104252
1165.0369258745347 -567.3956490026841
1179.3840848756458 -549.9996426554935
1195.2472004796728 -533.0186280961132
1213.6875499749806 -516.330384980935
0 -0
NaN NaN
NaN NaN
NaN NaN
970.7648118560855 247.64829451776515
812.0817406378991 285.2428997264787
696.2207296309739 311.8203476185468
608.8905427724154 331.24805777444357
549.8747169316961 345.7848593855394
504.9821588846473 357.46404873865873
460.27756077272454 366.8167868832709
429.5157774677918 374.8386401986488
398.8899614684658 381.3068854316426
368.45686044262476 386.234060126821
351.58425615321534 391.7159406649906
334.7412102603041 396.40883258389925
317.956988287695 400.3193352511694
301.2606298957015 403.45500615564873
284.68091964737715 405.8243518817196
268.2463579711487 407.43681841890964
264.333181151107 412.49095768239
248.08323953055984 412.9561514314243
244.0116689618354 417.54584489349986
228.02375358933048 416.8909630644337
223.83774763277398 421.02378338998574
208.18751472812772 419.2806145861709
203.93021861495285 422.9669805122028
199.53342642038356 426.5847651645758
184.40483972630716 423.42489989694076
179.99222803762177 426.6102798993832
175.45648200197834 429.7251509163527
170.80071045128864 432.766784015099
156.48802594041257 427.92527469515016
151.8829628493178 430.555785898938
147.1739833942473 433.1130233670485
142.36431314006364 435.594651254974
137.4572461825325 437.99839396969037
132.4561428968494 440.3220392217945
119.59933082944967 433.33574018171765
114.73643484354152 435.28532162804487
109.79502812059039 437.15730322228694
104.77849376780281 438.9498849396008
99.69026605251649 440.66133807918004
94.5338280589751 442.2900076715974
89.31270931252004 443.83431478036425
84.03048337276955 445.2927586945197
78.6907653974291 446.66391900941056
73.29720967835533 447.94645759301386
63.44767196048463 438.2414940059509
58.314085128954744 439.22793943441866
53.14058951759208 440.1320217819044
47.93072612563955 440.95281820882013
42.688060734768285 441.6894897424741
37.41618147837464 442.3412824780449
32.11869639589729 442.9075286562402
26.79923097381573 443.38764761655614
21.46142567496166 443.78114662525894
16.108933457805897 444.0876215772195
10.745417287381601 444.30675757105774
5.374547639510493 444.4383293569858
0.00000000000009117862718338168 444.4822016569744
