
-0.00000000000007696461855257185 303.8522016569741
-4.536699385323014 303.81082525375905
-9.07029499834862 303.68673458245
-13.59768517907004 303.48004520922024
-18.11577249065359 303.19094958161514
-22.621465827508857 302.8197167845844
-27.11168251913877 302.3666921992229
-31.583350428369727 301.8322970645063
-36.03341004256245 301.21702794243066
-40.45881655640962 300.5214560870022
-44.85654194492688 299.7462267176829
-49.223577025262955 298.89205819794836
-53.55693350593971 297.9597411197545
-62.61301949104046 307.722904007886
-67.22044588761167 306.5024811231554
-71.78189572448619 305.19718774160714
-76.29424809591441 303.8081866201106
-80.75441547707838 302.33671300191935
-85.15934582641502 300.78407310240686
-89.50602466438448 299.15164250613896
-93.79147712730135 297.4408644772149
-98.0127699948371 295.653248184913
-102.1670136898518 293.79036684693375
-114.32712070576224 300.86546729205224
-118.64394366620056 298.6324851238427
-122.87962399628617 296.32102206060625
-127.03126145568169 293.9330404208436
-131.0960129314288 291.4705616186017
-135.07109438034334 288.9356637792577
-148.7684753441306 293.8733805857686
-152.8240431411399 290.92828635807064
-156.7750965661819 287.91002140561693
-160.61892750645384 284.8210497344374
-175.1950351282213 288.07686066338977
-179.05602856814176 284.554294787537
-182.79457345403358 280.9621579961314
-197.94345818494003 282.79830573122825
-201.64586262029522 278.75695650549244
-217.1682545604651 279.501547643391
-220.79269883222523 274.9995521387747
-236.61421772921105 274.61980055801024
-240.1179690186267 269.6486090723338
-256.16238295697315 268.11636385982484
-272.37149064793135 265.8242881689921
-288.7170456555539 262.762719071252
-305.170503839904 258.9229415921375
-321.7030522296457 254.29719903169683
-338.285638100457 248.87870259614675
-368.44939855640723 244.01096768607658
-398.8267364271223 237.59804977437256
-429.3610743392197 229.62725460545153
-473.859415673798 220.32116064368145
-518.5670469170825 208.68406909512572
-577.4194026672127 194.18469928473343
-664.6076881825926 174.78964846546344
-780.34846384584 148.23999448706977
-938.9330481231468 110.6682386057809
NaN NaN
NaN NaN
NaN NaN
0 -0
-1126.2176955852503 -301.777083789767
-1111.8744399195944 -322.4977953562283
-1099.8276978449367 -343.32053242511324
-1089.0742434285783 -364.4089862137136
-1078.676699780312 -386.417426244983
-1080.6634838273249 -405.9044083315365
-1070.4467387092259 -429.3938303506148
-1060.186063778342 -452.9384746231307
-1062.1393044224728 -474.7404301428598
-1051.466358632995 -498.71055067932997
-1052.8032629244167 -521.8417156587127
-1041.3768165651747 -546.0758025914487
-1041.766316294546 -570.3592723126926
-1041.5579833863842 -595.3971122495706
-1040.6891281613518 -621.1387393628291
-1039.1020811650326 -647.5354090245477
-1024.822616739324 -672.4658958108822
-1033.5758958836034 -702.0948921021798
-1029.5519261332224 -730.1574964862913
-1024.6367302480905 -758.6763898045111
-1018.7999638854991 -787.6010049483823
-1023.2210886061957 -821.12985899467
-1015.2751731726016 -851.1156398334288
-1017.155259592507 -886.4132500319938
-1006.9678924682958 -917.2199406900428
-1006.138771971669 -953.9990778390427
-1003.7899010043815 -991.6008889298831
-1009.8619415071942 -1036.5463067851651
-1004.3615440080503 -1075.8921810592215
-978.3120680943483 -1101.251196010533
-951.6987578186174 -1125.9136076003044
-924.5285743594684 -1149.8723982333424
-896.8094057188464 -1173.1189373385864
-868.5532213300972 -1195.6439415631944
-839.772703499757 -1217.4375932584896
-810.47813079563 -1238.4884711952927
-780.6849716956422 -1258.7860137885982
-750.4078488436851 -1278.3190033839232
-719.6614312268403 -1297.0756223131186
-688.4629941150455 -1315.0449562661681
-656.8299274161144 -1332.2160245029627
-624.780111546795 -1348.5779649630153
-592.3319268714787 -1364.1200795632287
-559.5042607494647 -1378.8318788982124
-526.3181739351173 -1392.7048646489766
-492.79296500776894 -1405.7289447954795
-458.94809883211667 -1417.8937521843247
-424.806945523522 -1429.193741300872
-390.3886228958347 -1439.6178873744823
-355.71694377499944 -1449.1618562217511
-320.81211957274667 -1457.815595570659
-285.69891543536806 -1465.5775685965543
-250.3980888206456 -1472.4384009384703
-214.93285226020183 -1478.3935102374708
-179.32705906109928 -1483.4409837972414
-143.60346601183315 -1487.575920901801
-107.78535960090024 -1490.7947980424597
-71.89632756124254 -1493.0955037035574
-35.95999244640038 -1494.4765300950123
0 -1494.9369727159972
35.95999244640038 -1494.4765300950123
71.89632756124254 -1493.0955037035574
107.78535960090024 -1490.7947980424597
143.60346601183315 -1487.575920901801
179.32705906109928 -1483.4409837972414
214.93285226020183 -1478.3935102374708
250.3980888206456 -1472.4384009384703
285.69891543536806 -1465.5775685965543
320.81211957274667 -1457.815595570659
355.71694377499944 -1449.1618562217511
390.3886228958347 -1439.6178873744823
424.806945523522 -1429.193741300872
458.94809883211667 -1417.8937521843247
492.79296500776894 -1405.7289447954795
526.3181739351173 -1392.7048646489766
559.5042607494647 -1378.8318788982124
592.3319268714787 -1364.1200795632287
624.780111546795 -1348.5779649630153
656.8299274161144 -1332.2160245029627
688.4629941150455 -1315.0449562661681
719.6614312268403 -1297.0756223131186
750.4078488436851 -1278.3190033839232
780.6849716956422 -1258.7860137885982
810.47813079563 -1238.4884711952927
839.772703499757 -1217.4375932584896
868.5532213300972 -1195.6439415631944
896.8094057188464 -1173.1189373385864
924.5285743594684 -1149.8723982333424
951.6987578186174 -1125.9136076003044
978.3120680943483 -1101.251196010533
1004.3615440080503 -1075.8921810592215
1009.8619415071942 -1036.5463067851651
1003.7899010043815 -991.6008889298831
1006.138771971669 -953.9990778390427
1006.9678924682958 -917.2199406900428
1017.155259592507 -886.4132500319938
1015.2751731726016 -851.1156398334288
1023.2210886061957 -821.12985899467
1018.7999638854991 -787.6010049483823
1024.6367302480905 -758.6763898045111
1029.5519261332224 -730.1574964862913
1033.5758958836034 -702.0948921021798
1024.822616739324 -672.4658958108822
1039.1020811650326 -647.5354090245477
1040.6891281613518 -621.1387393628291
1041.5579833863842 -595.3971122495706
1041.766316294546 -570.3592723126926
1041.3768165651747 -546.0758025914487
1052.8032629244167 -521.8417156587127
1051.466358632995 -498.71055067932997
1062.1393044224728 -474.7404301428598
1060.186063778342 -452.9384746231307
1070.4467387092259 -429.3938303506148
1080.6634838273249 -405.9044083315365
1078.676699780312 -386.417426244983
1089.0742434285783 -364.4089862137136
1099.8276978449367 -343.32053242511324
1111.8744399195944 -322.4977953562283
1126.2176955852503 -301.777083789767
0 -0
NaN NaN
NaN NaN
NaN NaN
938.9330481231468 110.6682386057809
780.34846384584 148.23999448706977
664.6076881825926 174.78964846546344
577.4194026672127 194.18469928473343
518.5670469170825 208.68406909512572
473.859415673798 220.32116064368145
429.3610743392197 229.62725460545153
398.8267364271223 237.59804977437256
368.44939855640723 244.01096768607658
338.285638100457 248.87870259614675
321.7030522296457 254.29719903169683
305.170503839904 258.9229415921375
288.7170456555539 262.762719071252
272.37149064793135 265.8242881689921
256.16238295697315 268.11636385982484
240.1179690186267 269.6486090723338
236.61421772921105 274.61980055801024
220.79269883222523 274.9995521387747
217.1682545604651 279.501547643391
201.64586262029522 278.75695650549244
197.94345818494003 282.79830573122825
182.79457345403358 280.9621579961314
179.05602856814176 284.554294787537
175.1950351282213 288.07686066338977
160.61892750645384 284.8210497344374
156.7750965661819 287.91002140561693
152.8240431411399 290.92828635807064
148.7684753441306 293.8733805857686
135.07109438034334 288.9356637792577
131.0960129314288 291.4705616186017
127.03126145568169 293.9330404208436
122.87962399628617 296.32102206060625
118.64394366620056 298.6324851238427
114.32712070576224 300.86546729205224
102.1670136898518 293.79036684693375
98.0127699948371 295.653248184913
93.79147712730135 297.4408644772149
89.50602466438448 299.15164250613896
85.15934582641502 300.78407310240686
80.75441547707838 302.33671300191935
76.29424809591441 303.8081866201106
71.78189572448619 305.19718774160714
67.22044588761167 306.5024811231554
62.61301949104046 307.722904007886
53.55693350593971 297.9597411197545
49.223577025262955 298.89205819794836
44.85654194492688 299.7462267176829
40.45881655640962 300.5214560870022
36.03341004256245 301.21702794243066
31.583350428369727 301.8322970645063
27.11168251913877 302.3666921992229
22.621465827508857 302.8197167845844
18.11577249065359 303.19094958161514
13.59768517907004 303.48004520922024
9.07029499834862 303.68673458245
4.536699385323014 303.81082525375905
0.00000000000007696461855257185 303.8522016569741
