
-0.00000000000010885946718755976 619.4122016569729
-6.416749126426626 619.3652247049001
-12.829105988373845 619.2243471422528
-19.23268131672114 618.989728766682
-25.623091831052186 618.661635630767
-31.995963228977942 618.2404396270593
-38.34693316942618 617.7266179076502
-44.671654247892945 617.1207521387897
-50.96579696165847 616.4235275913087
-57.22505266297434 615.6357320676685
-63.44513649822441 614.7582546666696
-69.62179033110795 613.7920843871012
-75.75078564784538 612.7383085717058
-86.58729991135675 622.3708779062217
-92.95872381208005 621.011073453289
-99.26653142307325 619.5579810993621
-105.50640497220022 618.0131571260439
-111.6740729779198 616.3782522607091
-117.76531316303296 614.6550091478491
-123.77595533546952 612.845259673907
-129.7018842341939 610.9509221490822
-135.53904233827114 608.9739983499894
-141.28343263724213 606.9165704274245
-155.00687781747 613.7924091831812
-160.85915906870147 611.3559878998911
-166.6013654896405 608.8374583016282
-172.22956434221916 606.2393436172043
-177.7399005520578 603.5642356135011
-183.12859934440112 600.8147907124813
-198.20666143824133 605.5366273052417
-203.60902790204568 602.3749092693391
-208.87207450209576 599.139869733094
-213.99219395100275 595.8345671722498
-229.8080107106342 598.875085397757
-234.87128428293738 595.1388578770324
-239.77385631297653 591.3352801006089
-256.04771743373817 592.962792185027
-260.83527650203285 588.7161907353131
-277.4022576074424 589.2594829363169
-282.0300096675126 584.5607017710604
-298.8128673588302 583.9892263005221
-303.23532959501756 578.8319080939186
-320.15519699397726 577.119654055295
-337.1959006673181 574.65419194393
-354.32862424474865 571.4263456213096
-371.52428410031405 567.4278677199923
-388.75355859472876 562.6514485503081
-405.9869175023944 557.090724372294
-436.75505192005085 552.0896123834444
-467.6899504696002 545.5525453605541
-498.73465365342565 537.4671806922654
-543.6958150737548 528.05642173485
-588.8184040230446 516.324866819956
-648.0375707081554 501.7415037006684
-735.5442689935945 482.27316851628376
-851.5548410377775 455.6611477072057
NaN NaN
NaN NaN
NaN NaN
NaN NaN
0 -0
-1283.897169054345 -737.4499319137349
-1263.6576643736576 -751.7172546383354
-1246.0049998596214 -766.3211012754864
-1229.8685694954156 -781.3660435670943
-1214.1539520375693 -797.3193075560985
-1211.5895946427756 -811.6676705365329
-1196.245863105927 -829.1742577554826
-1181.103927799714 -846.9682349844452
-1178.6894029506898 -863.6662622208402
-1163.4951756950557 -882.2219480898569
-1160.6315317986562 -900.3367116151016
-1145.029132910503 -919.5044234626355
-1141.4118245226955 -938.9028070131043
-1137.27205544133 -959.085919075639
-1132.5571461443492 -980.0178697071217
-1127.2169527809394 -1001.6624198975654
-1109.4759607039446 -1022.2802223098095
-1114.484151303304 -1046.9328064029473
-1107.0132215467688 -1070.4759899949354
-1098.7573269556976 -1094.5681125616893
-1089.6864123619177 -1119.164249757533
-1090.703917539015 -1147.835056906096
-1079.7294433083255 -1173.6660988404399
-1078.4045127623278 -1204.22400845629
-1065.396622810751 -1231.0777527537593
-1061.57038194429 -1263.2778588009337
-1056.3315603728645 -1296.3846607122737
-1059.3578326768177 -1336.1574705067933
-1051.1909329576224 -1371.19570917131
-1051.0530662290535 -1413.479503903086
-1040.0039546111564 -1450.197575559808
-1036.4548581266527 -1494.732941100809
-1039.7084547125994 -1548.0582058997982
-1032.023246873992 -1595.2227452975499
-1030.5346870435922 -1651.6777915624946
-1026.4241184833784 -1709.6993842443665
-1019.6045350703187 -1769.160578005477
-1017.5109175901534 -1839.2168937231081
-1019.2690119257949 -1920.704694967761
-1016.9747658440514 -2004.4570961812078
-1010.5064090556918 -2090.254900146369
-961.3406306036237 -2114.728532064625
-899.4211579320225 -2116.731675831546
-838.2317060658802 -2116.8997710147523
-783.2084879352482 -2126.1609481809287
-723.3071604404731 -2122.90120943918
-668.9864942776977 -2129.046257941589
-614.9147517641488 -2133.7292603922333
-561.1319511436863 -2136.9640579893066
-507.6817855045327 -2138.771928222994
-454.6032883923662 -2139.1694344541434
-401.9389734309013 -2138.1822466405397
-352.28224150263276 -2147.482303049219
-300.19683664874356 -2143.8351512882673
-250.46906467335089 -2150.622607603511
-199.10907878180964 -2144.3761264849204
-149.4474325539536 -2148.6690403937328
-99.68670487349904 -2151.7379541933615
-49.85988226156352 -2153.5803209235637
0 -2154.1946128850036
49.85988226156352 -2153.5803209235637
99.68670487349904 -2151.7379541933615
149.4474325539536 -2148.6690403937328
199.10907878180964 -2144.3761264849204
250.46906467335089 -2150.622607603511
300.19683664874356 -2143.8351512882673
352.28224150263276 -2147.482303049219
401.9389734309013 -2138.1822466405397
454.6032883923662 -2139.1694344541434
507.6817855045327 -2138.771928222994
561.1319511436863 -2136.9640579893066
614.9147517641488 -2133.7292603922333
668.9864942776977 -2129.046257941589
723.3071604404731 -2122.90120943918
783.2084879352482 -2126.1609481809287
838.2317060658802 -2116.8997710147523
899.4211579320225 -2116.731675831546
961.3406306036237 -2114.728532064625
1010.5064090556918 -2090.254900146369
1016.9747658440514 -2004.4570961812078
1019.2690119257949 -1920.704694967761
1017.5109175901534 -1839.2168937231081
1019.6045350703187 -1769.160578005477
1026.4241184833784 -1709.6993842443665
1030.5346870435922 -1651.6777915624946
1032.023246873992 -1595.2227452975499
1039.7084547125994 -1548.0582058997982
1036.4548581266527 -1494.732941100809
1040.0039546111564 -1450.197575559808
1051.0530662290535 -1413.479503903086
1051.1909329576224 -1371.19570917131
1059.3578326768177 -1336.1574705067933
1056.3315603728645 -1296.3846607122737
1061.57038194429 -1263.2778588009337
1065.396622810751 -1231.0777527537593
1078.4045127623278 -1204.22400845629
1079.7294433083255 -1173.6660988404399
1090.703917539015 -1147.835056906096
1089.6864123619177 -1119.164249757533
1098.7573269556976 -1094.5681125616893
1107.0132215467688 -1070.4759899949354
1114.484151303304 -1046.9328064029473
1109.4759607039446 -1022.2802223098095
1127.2169527809394 -1001.6624198975654
1132.5571461443492 -980.0178697071217
1137.27205544133 -959.085919075639
1141.4118245226955 -938.9028070131043
1145.029132910503 -919.5044234626355
1160.6315317986562 -900.3367116151016
1163.4951756950557 -882.2219480898569
1178.6894029506898 -863.6662622208402
1181.103927799714 -846.9682349844452
1196.245863105927 -829.1742577554826
1211.5895946427756 -811.6676705365329
1214.1539520375693 -797.3193075560985
1229.8685694954156 -781.3660435670943
1246.0049998596214 -766.3211012754864
1263.6576643736576 -751.7172546383354
1283.897169054345 -737.4499319137349
0 -0
NaN NaN
NaN NaN
NaN NaN
NaN NaN
851.5548410377775 455.6611477072057
735.5442689935945 482.27316851628376
648.0375707081554 501.7415037006684
588.8184040230446 516.324866819956
543.6958150737548 528.05642173485
498.73465365342565 537.4671806922654
467.6899504696002 545.5525453605541
436.75505192005085 552.0896123834444
405.9869175023944 557.090724372294
388.75355859472876 562.6514485503081
371.52428410031405 567.4278677199923
354.32862424474865 571.4263456213096
337.1959006673181 574.65419194393
320.15519699397726 577.119654055295
303.23532959501756 578.8319080939186
298.8128673588302 583.9892263005221
282.0300096675126 584.5607017710604
277.4022576074424 589.2594829363169
260.83527650203285 588.7161907353131
256.04771743373817 592.962792185027
239.77385631297653 591.3352801006089
234.87128428293738 595.1388578770324
229.8080107106342 598.875085397757
213.99219395100275 595.8345671722498
208.87207450209576 599.139869733094
203.60902790204568 602.3749092693391
198.20666143824133 605.5366273052417
183.12859934440112 600.8147907124813
177.7399005520578 603.5642356135011
172.22956434221916 606.2393436172043
166.6013654896405 608.8374583016282
160.85915906870147 611.3559878998911
155.00687781747 613.7924091831812
141.28343263724213 606.9165704274245
135.53904233827114 608.9739983499894
129.7018842341939 610.9509221490822
123.77595533546952 612.845259673907
117.76531316303296 614.6550091478491
111.6740729779198 616.3782522607091
105.50640497220022 618.0131571260439
99.26653142307325 619.5579810993621
92.95872381208005 621.011073453289
86.58729991135675 622.3708779062217
75.75078564784538 612.7383085717058
69.62179033110795 613.7920843871012
63.44513649822441 614.7582546666696
57.22505266297434 615.6357320676685
50.96579696165847 616.4235275913087
44.671654247892945 617.1207521387897
38.34693316942618 617.7266179076502
31.995963228977942 618.2404396270593
25.623091831052186 618.661635630767
19.23268131672114 618.989728766682
12.829105988373845 619.2243471422528
6.416749126426626 619.3652247049001
0.00000000000010885946718755976 619.4122016569729
