
-0.00000000000008667174639800296 399.8922016569743
-5.108888436963244 399.8491207388895
-10.214280951834558 399.7199210136943
-15.312684003572578 399.5047315093173
-20.400608811644467 399.2037670748353
-25.474573732303796 398.81732808446753
-30.53110663009581 398.3458000235274
-35.56674724300723 397.789652956679
-40.57804953967863 397.1494408790457
-45.56158406710323 396.42580095068274
-50.513940287234824 395.61945261520003
-55.43172890095491 394.7311966033427
-60.31158415782404 393.7619138225228
-69.90953961896281 403.4853308465099
-75.05383482114553 402.2224874845004
-80.14678485014312 400.87221180701084
-85.18490453652313 399.4357863393082
-90.16474602081273 397.9145727763336
-95.082901102777 396.3100101597154
-99.93600356427993 394.62361294850314
-104.72073146418167 392.8569689860446
-109.43380940370841 391.01173736558843
-114.07201076079669 389.0896461975179
-126.70791634845591 396.1041017806567
-131.4920527017443 393.80920336003135
-136.18624097252444 391.43472004700374
-140.78726668201918 388.9827848719104
-145.29197872901153 386.4555928344411
-149.69729154331745 383.8553980632818
-163.8148798075556 388.727412196043
-168.2803428509808 385.71638898323886
-172.63069854667742 382.6321491574573
-176.8629651200122 379.47733765029335
-191.8163755228687 382.6676247129802
-196.04328030742738 379.0800313799917
-200.13609432414665 375.42354298445105
-215.62736317370468 377.19619291281873
-219.6600320625632 373.09237561891575
-235.50034244432774 373.77570186297754
-239.43014126035618 369.2138150703403
-255.54424152953047 368.7757127405135
-259.3276004983978 363.74787399194656
-275.6384567943222 362.1608434845335
-292.1006589147012 359.8159980135381
-308.6857869653088 356.7038228038785
-325.3651326148114 352.81574519626747
-342.1097280798884 348.1441445373609
-358.8903753097423 342.68236139758284
-389.2380756670814 337.7740334635363
-419.7851059183112 331.32333103973195
-450.47477239136936 323.31766689274286
-495.1139720129146 313.9797183670806
-539.9478947319406 302.3138770983352
-598.911888592717 287.7889441069745
-686.1970823424627 268.3715893504962
-802.019969947734 241.80295416276383
-960.6718135993001 204.21559386274578
NaN NaN
NaN NaN
NaN NaN
0 -0
-1190.6239904312645 -453.1932054697335
-1173.002379631508 -470.82805467979745
-1157.929500518838 -488.7248349670844
-1144.350547850392 -507.0137444655767
-1131.2347199953942 -526.2594545046524
-1130.9590501242928 -543.4347824894738
-1118.242178458681 -564.2685625457144
-1105.6583764845568 -585.2966950078546
-1105.5837674982279 -604.8942222878615
-1092.8491427409656 -626.5542497155848
-1092.3116201036826 -647.570985175685
-1079.0541349276082 -669.693847968406
-1077.7187444493513 -691.9642268082185
-1075.8454751652203 -715.022769643008
-1073.3733841464314 -738.8238203097308
-1070.2454376461014 -763.3224830910357
-1054.5691487815031 -786.5467988599268
-1061.8233054677864 -814.2253719242757
-1056.442267089035 -840.5335759484635
-1050.2285076708683 -867.3490850429623
-1043.1497872713219 -894.6221368584553
-1046.2734301107537 -926.3132421566053
-1037.191482763644 -954.7404831904195
-1037.8762973195085 -988.2742428482474
-1026.653360849239 -1017.6212340098474
-1024.7286679796896 -1052.7218072545543
-1021.3337591676064 -1088.6884486264394
-1026.3091699735444 -1131.7670704736283
-1019.8621686691315 -1169.5701524901135
-1021.538028897241 -1215.0650119895179
-1012.0835199872841 -1254.4312738358037
-1010.2122371770337 -1302.0595855266615
-1015.2068224655787 -1358.9169862595181
-1009.052443593338 -1409.0338114648005
-1009.144957308839 -1468.8609010059388
-1006.5342732202251 -1530.162409662287
-1001.1361109443009 -1592.8068076991797
-970.0747867734223 -1627.5157273621758
-930.5001839607314 -1651.788206504253
-890.316398934425 -1675.055958167116
-849.5473180995987 -1697.3023528620474
-808.2174554558521 -1718.5111788333352
-766.3519569490741 -1738.6666802756388
-723.9766022128425 -1757.7535963559199
-681.1194715250647 -1775.7589454172376
-637.8069906973668 -1792.6684242463973
-594.0658595454194 -1808.4677275437157
-549.9267996988893 -1823.147662598367
-505.4163587629154 -1836.6938069276669
-460.5658865521036 -1849.0987249774362
-415.40319813527634 -1860.3495083270718
-369.96075632843684 -1870.4420682687712
-324.2670664780219 -1879.3647128293792
-278.3531599314812 -1887.1108301475545
-232.25076486127642 -1893.6767578595263
-185.99055358179933 -1899.0560997981581
-139.60376862423865 -1903.2441107464579
-93.1219857601916 -1906.2377316987552
-46.57683874828133 -1908.0347780217537
0 -1908.6339390808423
46.57683874828133 -1908.0347780217537
93.1219857601916 -1906.2377316987552
139.60376862423865 -1903.2441107464579
185.99055358179933 -1899.0560997981581
232.25076486127642 -1893.6767578595263
278.3531599314812 -1887.1108301475545
324.2670664780219 -1879.3647128293792
369.96075632843684 -1870.4420682687712
415.40319813527634 -1860.3495083270718
460.5658865521036 -1849.0987249774362
505.4163587629154 -1836.6938069276669
549.9267996988893 -1823.147662598367
594.0658595454194 -1808.4677275437157
637.8069906973668 -1792.6684242463973
681.1194715250647 -1775.7589454172376
723.9766022128425 -1757.7535963559199
766.3519569490741 -1738.6666802756388
808.2174554558521 -1718.5111788333352
849.5473180995987 -1697.3023528620474
890.316398934425 -1675.055958167116
930.5001839607314 -1651.788206504253
970.0747867734223 -1627.5157273621758
1001.1361109443009 -1592.8068076991797
1006.5342732202251 -1530.162409662287
1009.144957308839 -1468.8609010059388
1009.052443593338 -1409.0338114648005
1015.2068224655787 -1358.9169862595181
1010.2122371770337 -1302.0595855266615
1012.0835199872841 -1254.4312738358037
1021.538028897241 -1215.0650119895179
1019.8621686691315 -1169.5701524901135
1026.3091699735444 -1131.7670704736283
1021.3337591676064 -1088.6884486264394
1024.7286679796896 -1052.7218072545543
1026.653360849239 -1017.6212340098474
1037.8762973195085 -988.2742428482474
1037.191482763644 -954.7404831904195
1046.2734301107537 -926.3132421566053
1043.1497872713219 -894.6221368584553
1050.2285076708683 -867.3490850429623
1056.442267089035 -840.5335759484635
1061.8233054677864 -814.2253719242757
1054.5691487815031 -786.5467988599268
1070.2454376461014 -763.3224830910357
1073.3733841464314 -738.8238203097308
1075.8454751652203 -715.022769643008
1077.7187444493513 -691.9642268082185
1079.0541349276082 -669.693847968406
1092.3116201036826 -647.570985175685
1092.8491427409656 -626.5542497155848
1105.5837674982279 -604.8942222878615
1105.6583764845568 -585.2966950078546
1118.242178458681 -564.2685625457144
1130.9590501242928 -543.4347824894738
1131.2347199953942 -526.2594545046524
1144.350547850392 -507.0137444655767
1157.929500518838 -488.7248349670844
1173.002379631508 -470.82805467979745
1190.6239904312645 -453.1932054697335
0 -0
NaN NaN
NaN NaN
NaN NaN
960.6718135993001 204.21559386274578
802.019969947734 241.80295416276383
686.1970823424627 268.3715893504962
598.911888592717 287.7889441069745
539.9478947319406 302.3138770983352
495.1139720129146 313.9797183670806
450.47477239136936 323.31766689274286
419.7851059183112 331.32333103973195
389.2380756670814 337.7740334635363
358.8903753097423 342.68236139758284
342.1097280798884 348.1441445373609
325.3651326148114 352.81574519626747
308.6857869653088 356.7038228038785
292.1006589147012 359.8159980135381
275.6384567943222 362.1608434845335
259.3276004983978 363.74787399194656
255.54424152953047 368.7757127405135
239.43014126035618 369.2138150703403
235.50034244432774 373.77570186297754
219.6600320625632 373.09237561891575
215.62736317370468 377.19619291281873
200.13609432414665 375.42354298445105
196.04328030742738 379.0800313799917
191.8163755228687 382.6676247129802
176.8629651200122 379.47733765029335
172.63069854667742 382.6321491574573
168.2803428509808 385.71638898323886
163.8148798075556 388.727412196043
149.69729154331745 383.8553980632818
145.29197872901153 386.4555928344411
140.78726668201918 388.9827848719104
136.18624097252444 391.43472004700374
131.4920527017443 393.80920336003135
126.70791634845591 396.1041017806567
114.07201076079669 389.0896461975179
109.43380940370841 391.01173736558843
104.72073146418167 392.8569689860446
99.93600356427993 394.62361294850314
95.082901102777 396.3100101597154
90.16474602081273 397.9145727763336
85.18490453652313 399.4357863393082
80.14678485014312 400.87221180701084
75.05383482114553 402.2224874845004
69.90953961896281 403.4853308465099
60.31158415782404 393.7619138225228
55.43172890095491 394.7311966033427
50.513940287234824 395.61945261520003
45.56158406710323 396.42580095068274
40.57804953967863 397.1494408790457
35.56674724300723 397.789652956679
30.53110663009581 398.3458000235274
25.474573732303796 398.81732808446753
20.400608811644467 399.2037670748353
15.312684003572578 399.5047315093173
10.214280951834558 399.7199210136943
5.108888436963244 399.8491207388895
0.00000000000008667174639800296 399.8922016569743
