
-0.00000000000004957665070296255 32.88220165697364
-2.9223088467666285 32.84563442071278
-5.842620343870392 32.73595858000922
-8.758938495652169 32.55325171966211
-11.669270013572188 32.29764308288861
-14.57162566755168 31.96931347419794
-17.46402163465284 31.56849512350707
-20.34448084421392 31.095471511590098
-23.211034318555892 30.55057715698099
-26.061722508381227 29.934197364474613
-28.89459662198661 29.24676793540083
-31.707719947417804 28.48877483987141
-34.49916916669463 27.660753851229966
-42.02640913011669 37.53605685605412
-45.11909853942687 36.43532031793165
-48.180958548525574 35.25694127136246
-51.20989599562551 34.001744555231596
-54.20384001439933 32.67060863839299
-57.160743439536574 31.26446497642749
-60.078584196822256 29.78429732946818
-62.95536667681757 28.23114104159015
-65.78912309123591 26.606082282293052
-68.57791481111444 24.910257250640974
-79.39559014244796 32.15646284206287
-82.39392174448781 30.098172957453684
-85.33595467047104 27.964517027555775
-88.21967528137233 25.756975719621316
-91.04310943110707 23.477080688199305
-93.80432381338068 21.12641347790351
-106.31611989375291 26.249505685349966
-109.21519753123117 23.490425379915518
-112.03964812121198 20.658303820065388
-114.7875356682002 17.75509454327401
-128.29911044332326 21.19577638061708
-131.1277111608716 17.856680830254057
-133.8667109990717 14.446107493374043
-148.0495833952112 16.461409754597497
-150.82017026532483 12.596309721190792
-165.4455780309955 13.513755380986648
-168.20848626714147 9.180738867572229
-183.20450772116698 8.965619757374487
-185.9193659149867 4.154254477713614
-201.21203177302397 2.7765820615415233
-203.83755556190485 -2.5205182131695043
-206.32378653638702 -7.884752615342635
-208.66900320431517 -13.312465723928394
-210.8715796461877 -18.79995768970711
-212.92998667976454 -24.343486722982576
-214.84279296120636 -29.93927161616517
-216.6086660218524 -35.58349430185474
-218.2263732397836 -41.27230244876644
-219.69478274535973 -47.0018121012895
-221.01286425996926 -52.768110375863984
-222.17968986729076 -58.56725824417818
-223.19443471646923 -64.39529347523589
-224.05637765681107 -70.24823392552707
-224.76490180418236 -76.12208174544277
-225.31949504145564 -82.01283057370419
-225.7197504669526 -87.91648595611979
-225.96536691802376 -93.82918864159534
0 -0
-225.99200221092386 -105.6624840967685
-225.7729513112976 -111.57731602587046
-225.3991148819082 -117.4844566454368
-224.8707222177637 -123.38006397236792
-224.18810851399024 -129.26013353348077
-223.35171490356618 -135.12064272790582
-222.36208825551876 -140.95757323911025
-221.21988087942887 -146.76691865793256
-219.9258501520882 -152.54468885710153
-218.48085806950556 -158.28691339243235
-216.8858707252234 -163.9896445447168
-215.14195771539386 -169.64896020450823
-213.25029147094332 -175.26096667604392
-211.21214651714595 -180.82180143174372
-209.0288986609603 -186.32763583086447
-206.70202410652496 -191.7746778081114
-204.2330984992595 -197.1591745343409
-201.62379589907377 -202.47741504967968
-198.8753733776027 -207.72606974346667
-195.98630200107723 -212.90338393301286
-192.96058352925212 -218.00394398717242
-189.80056418865706 -223.02378580636858
-186.5082946706324 -227.95924524978437
-183.08688636923986 -232.80638417983496
-179.5393412001849 -237.56158454464844
-175.8667798190294 -242.22185697028652
-172.07395209508113 -246.78341140656906
-168.16281288317813 -251.2433093334279
-164.1351380027399 -255.59854463716212
-159.99541688416593 -259.84597600619753
-155.7464924022461 -263.9828014013409
-151.39071142264314 -268.0062258369444
-146.93060443354543 -271.913419453352
-142.37040003185496 -275.7018656965888
-137.71322238949392 -279.36906270232936
-132.96226019432544 -282.91258491969234
-128.12076446056253 -286.33008554251177
-123.19138982837883 -289.6190075486289
-118.17791234336809 -292.7772482313335
-113.08412303085255 -295.8028631024661
-107.91349714010903 -298.69385284942
-102.6695603903774 -301.4483058904974
-97.35588660433976 -304.0643999450728
-91.97609531688329 -306.54040349105935
-86.53384936058328 -308.8746771175234
-81.03285242932425 -311.06567477889354
-75.47684662146231 -313.11194495606816
-69.86948897944792 -315.0119654511887
-64.21459675706284 -316.76442654114135
-58.51619012175344 -318.3683971338672
-52.778134915868264 -319.8228189396009
-47.00432263411271 -321.1267322366279
-41.19866789129244 -322.2792765449158
-35.36510587956582 -323.2796912248889
-29.507589816413343 -324.12731600279346
-23.63008838451684 -324.8215914238433
-17.736583164728955 -325.3620592341278
-11.831066063302112 -325.74836269206924
-5.917536734536648 -325.98024681005126
0 -326.057558526687
5.917536734536648 -325.98024681005126
11.831066063302112 -325.74836269206924
17.736583164728955 -325.3620592341278
23.63008838451684 -324.8215914238433
29.507589816413343 -324.12731600279346
35.36510587956582 -323.2796912248889
41.19866789129244 -322.2792765449158
47.00432263411271 -321.1267322366279
52.778134915868264 -319.8228189396009
58.51619012175344 -318.3683971338672
64.21459675706284 -316.76442654114135
69.86948897944792 -315.0119654511887
75.47684662146231 -313.11194495606816
81.03285242932425 -311.06567477889354
86.53384936058328 -308.8746771175234
91.97609531688329 -306.54040349105935
97.35588660433976 -304.0643999450728
102.6695603903774 -301.4483058904974
107.91349714010903 -298.69385284942
113.08412303085255 -295.8028631024661
118.17791234336809 -292.7772482313335
123.19138982837883 -289.6190075486289
128.12076446056253 -286.33008554251177
132.96226019432544 -282.91258491969234
137.71322238949392 -279.36906270232936
142.37040003185496 -275.7018656965888
146.93060443354543 -271.913419453352
151.39071142264314 -268.0062258369444
155.7464924022461 -263.9828014013409
159.99541688416593 -259.84597600619753
164.1351380027399 -255.59854463716212
168.16281288317813 -251.2433093334279
172.07395209508113 -246.78341140656906
175.8667798190294 -242.22185697028652
179.5393412001849 -237.56158454464844
183.08688636923986 -232.80638417983496
186.5082946706324 -227.95924524978437
189.80056418865706 -223.02378580636858
192.96058352925212 -218.00394398717242
195.98630200107723 -212.90338393301286
198.8753733776027 -207.72606974346667
201.62379589907377 -202.47741504967968
204.2330984992595 -197.1591745343409
206.70202410652496 -191.7746778081114
209.0288986609603 -186.32763583086447
211.21214651714595 -180.82180143174372
213.25029147094332 -175.26096667604392
215.14195771539386 -169.64896020450823
216.8858707252234 -163.9896445447168
218.48085806950556 -158.28691339243235
219.9258501520882 -152.54468885710153
221.21988087942887 -146.76691865793256
222.36208825551876 -140.95757323911025
223.35171490356618 -135.12064272790582
224.18810851399024 -129.26013353348077
224.8707222177637 -123.38006397236792
225.3991148819082 -117.4844566454368
225.7729513112976 -111.57731602587046
225.99200221092386 -105.6624840967685
0 -0
225.96536691802376 -93.82918864159534
225.7197504669526 -87.91648595611979
225.31949504145564 -82.01283057370419
224.76490180418236 -76.12208174544277
224.05637765681107 -70.24823392552707
223.19443471646923 -64.39529347523589
222.17968986729076 -58.56725824417818
221.01286425996926 -52.768110375863984
219.69478274535973 -47.0018121012895
218.2263732397836 -41.27230244876644
216.6086660218524 -35.58349430185474
214.84279296120636 -29.93927161616517
212.92998667976454 -24.343486722982576
210.8715796461877 -18.79995768970711
208.66900320431517 -13.312465723928394
206.32378653638702 -7.884752615342635
203.83755556190485 -2.5205182131695043
201.21203177302397 2.7765820615415233
185.9193659149867 4.154254477713614
183.20450772116698 8.965619757374487
168.20848626714147 9.180738867572229
165.4455780309955 13.513755380986648
150.82017026532483 12.596309721190792
148.0495833952112 16.461409754597497
133.8667109990717 14.446107493374043
131.1277111608716 17.856680830254057
128.29911044332326 21.19577638061708
114.7875356682002 17.75509454327401
112.03964812121198 20.658303820065388
109.21519753123117 23.490425379915518
106.31611989375291 26.249505685349966
93.80432381338068 21.12641347790351
91.04310943110707 23.477080688199305
88.21967528137233 25.756975719621316
85.33595467047104 27.964517027555775
82.39392174448781 30.098172957453684
79.39559014244796 32.15646284206287
68.57791481111444 24.910257250640974
65.78912309123591 26.606082282293052
62.95536667681757 28.23114104159015
60.078584196822256 29.78429732946818
57.160743439536574 31.26446497642749
54.20384001439933 32.67060863839299
51.20989599562551 34.001744555231596
48.180958548525574 35.25694127136246
45.11909853942687 36.43532031793165
42.02640913011669 37.53605685605412
34.49916916669463 27.660753851229966
31.707719947417804 28.48877483987141
28.89459662198661 29.24676793540083
26.061722508381227 29.934197364474613
23.211034318555892 30.55057715698099
20.34448084421392 31.095471511590098
17.46402163465284 31.56849512350707
14.57162566755168 31.96931347419794
11.669270013572188 32.29764308288861
8.758938495652169 32.55325171966211
5.842620343870392 32.73595858000922
2.9223088467666285 32.84563442071278
0.00000000000004957665070296255 32.88220165697364
