
-0.00000000000005928377854839378 128.92220165697375
-3.4944978984068706 128.8839299058429
-6.986606297356355 128.76914501125398
-10.473937320154706 128.57793801975876
-13.954106334563065 128.31046057610806
-17.424733572346646 127.96692477408187
-20.88344574560988 127.54760294781117
-24.32787765885142 127.05282740376313
-27.75567381567217 126.48299009359609
-31.164490019074837 125.83854222815548
-34.55199496429456 125.1199938329184
-37.915871823109754 124.32791324526576
-41.25381981857896 123.46292655399795
-49.32292925803904 133.2984836946781
-52.952487472960726 132.155326679277
-56.545847674182504 130.9319653367657
-60.10055243623423 129.62934427442917
-63.61417055813368 128.24846841280765
-67.08429871589856 126.79040203373673
-70.50856309671778 125.25626777183275
-73.88462101369791 123.6472455504191
-77.21016250010722 121.96457146296852
-80.48291188205933 120.20953660122582
-91.77638578514163 127.39509733066656
-95.24203078003157 125.27489119364195
-98.64257164670931 123.07821501395365
-101.97568050770982 120.80672017068737
-105.23907522868942 118.46211190403822
-108.43052097635479 116.04614776192803
-121.36252435717792 121.1035372956248
-124.67149724107246 118.27852800508452
-127.8952501017079 115.3804315719065
-131.03157328175826 112.41138245912947
-144.92045083797066 115.78654043020722
-148.11496290015722 112.38241742270881
-151.20823186918477 108.9074924816932
-165.73348838397584 110.85929693618836
-168.83433970759282 106.93172883461422
-183.77766591485815 107.7879096005728
-186.84592869527242 103.39500179913745
-202.1345315214864 103.12153193987814
-205.12899739475785 98.25351939732599
-220.68810561037304 96.82106168624964
-236.43621987631403 94.62510238071054
-252.3454096985001 91.65570870111087
-268.38742999989404 87.90390645604373
-284.5337497881323 83.36169114637998
-300.75558104068733 78.02203835067368
-330.5843081048222 73.22824073427623
-360.6525634253139 66.88414461246768
-390.9039814585186 58.976860796455846
-435.14575948469286 49.72878764749021
-479.6233598257339 38.144061660708125
-538.2723747314727 23.69125335850904
-625.284148819972 4.336827567725566
-641.9097029705904 -13.307565989994627
-644.0147383959436 -30.127471993659963
-645.6794103204088 -46.999851615195865
-646.9023492707398 -63.91349182479418
-647.6824912302089 -80.85825310569469
0 -0
-647.9114991146392 -114.76944448918029
-647.3598264925897 -131.73312028371168
-646.364082519826 -148.67684214946996
-644.9247234514189 -165.5910428661057
-643.0425040349013 -182.4644735672165
-640.71848354165 -199.28564358922117
-637.9116316208157 -216.1571837310316
-634.5834514646981 -233.10999035312676
-630.7654827082079 -250.00998506163853
-626.4780394249209 -266.79692989702454
-621.7349475578299 -283.44076547962874
-616.5477405910367 -299.92216976648143
-610.9257751154868 -316.2281030400985
-604.8754975294848 -332.350189336093
-598.4057189693816 -348.2774297572428
-591.5228369319791 -364.0018727836742
-584.2334983818469 -379.5151815962571
-576.5445786030001 -394.80883760547147
-568.4631608289862 -409.8742756541939
-559.9945376227168 -424.70412771610637
-551.1470113476834 -439.28913320931315
-541.9273498129289 -453.6212049028201
-532.3421639447431 -467.69235994671016
-522.3992697210538 -481.49421515709093
-512.1065006215175 -495.0186425720306
-501.46992480064915 -508.2581211971538
-490.4993777926122 -521.2043345987914
-479.2020013945928 -533.8498574877572
-467.5848723331365 -546.1872531747568
-455.65789091786047 -558.2090238941134
-443.4294073209813 -569.9080996183559
-430.9073734399129 -581.2775165709807
-418.10001838429923 -592.3103849767563
-405.017352451061 -603.0002440241236
-391.668365286378 -613.3407698474916
-378.0621893444449 -623.3258422513067
-364.2080933598823 -632.949551387006
-350.1148236059111 -642.2059141800513
-335.79230765619155 -651.0895379012352
-321.2505488873049 -659.5953274684567
-306.49929482224246 -667.7182758884992
-291.54839755159185 -675.4536074888243
-276.40780775626547 -682.7967806711127
-261.0875688266441 -689.7434902850955
-245.59781107779952 -696.2896696733285
-229.94874605976455 -702.4314924301367
-214.15066096116476 -708.1653739118575
-198.21379352372503 -713.4878082077125
-182.14857163794815 -718.3956482896341
-165.96565242187486 -722.886269908086
-149.67556646704398 -726.9570717557684
-133.28889312901575 -730.6056986015325
-116.81625543819762 -733.8300418572833
-100.26831507587643 -736.6282400494897
-83.65576740930943 -738.9986792077136
-66.98933657934148 -740.9399931807834
-50.27977063368256 -742.451063889613
-33.537836698683634 -743.5310215241257
-16.774316182208533 -744.1792446902907
0 -744.3953605118924
16.774316182208533 -744.1792446902907
33.537836698683634 -743.5310215241257
50.27977063368256 -742.451063889613
66.98933657934148 -740.9399931807834
83.65576740930943 -738.9986792077136
100.26831507587643 -736.6282400494897
116.81625543819762 -733.8300418572833
133.28889312901575 -730.6056986015325
149.67556646704398 -726.9570717557684
165.96565242187486 -722.886269908086
182.14857163794815 -718.3956482896341
198.21379352372503 -713.4878082077125
214.15066096116476 -708.1653739118575
229.94874605976455 -702.4314924301367
245.59781107779952 -696.2896696733285
261.0875688266441 -689.7434902850955
276.40780775626547 -682.7967806711127
291.54839755159185 -675.4536074888243
306.49929482224246 -667.7182758884992
321.2505488873049 -659.5953274684567
335.79230765619155 -651.0895379012352
350.1148236059111 -642.2059141800513
364.2080933598823 -632.949551387006
378.0621893444449 -623.3258422513067
391.668365286378 -613.3407698474916
405.017352451061 -603.0002440241236
418.10001838429923 -592.3103849767563
430.9073734399129 -581.2775165709807
443.4294073209813 -569.9080996183559
455.65789091786047 -558.2090238941134
467.5848723331365 -546.1872531747568
479.2020013945928 -533.8498574877572
490.4993777926122 -521.2043345987914
501.46992480064915 -508.2581211971538
512.1065006215175 -495.0186425720306
522.3992697210538 -481.49421515709093
532.3421639447431 -467.69235994671016
541.9273498129289 -453.6212049028201
551.1470113476834 -439.28913320931315
559.9945376227168 -424.70412771610637
568.4631608289862 -409.8742756541939
576.5445786030001 -394.80883760547147
584.2334983818469 -379.5151815962571
591.5228369319791 -364.0018727836742
598.4057189693816 -348.2774297572428
604.8754975294848 -332.350189336093
610.9257751154868 -316.2281030400985
616.5477405910367 -299.92216976648143
621.7349475578299 -283.44076547962874
626.4780394249209 -266.79692989702454
630.7654827082079 -250.00998506163853
634.5834514646981 -233.10999035312676
637.9116316208157 -216.1571837310316
640.71848354165 -199.28564358922117
643.0425040349013 -182.4644735672165
644.9247234514189 -165.5910428661057
646.364082519826 -148.67684214946996
647.3598264925897 -131.73312028371168
647.9114991146392 -114.76944448918029
0 -0
647.6824912302089 -80.85825310569469
646.9023492707398 -63.91349182479418
645.6794103204088 -46.999851615195865
644.0147383959436 -30.127471993659963
641.9097029705904 -13.307565989994627
625.284148819972 4.336827567725566
538.2723747314727 23.69125335850904
479.6233598257339 38.144061660708125
435.14575948469286 49.72878764749021
390.9039814585186 58.976860796455846
360.6525634253139 66.88414461246768
330.5843081048222 73.22824073427623
300.75558104068733 78.02203835067368
284.5337497881323 83.36169114637998
268.38742999989404 87.90390645604373
252.3454096985001 91.65570870111087
236.43621987631403 94.62510238071054
220.68810561037304 96.82106168624964
205.12899739475785 98.25351939732599
202.1345315214864 103.12153193987814
186.84592869527242 103.39500179913745
183.77766591485815 107.7879096005728
168.83433970759282 106.93172883461422
165.73348838397584 110.85929693618836
151.20823186918477 108.9074924816932
148.11496290015722 112.38241742270881
144.92045083797066 115.78654043020722
131.03157328175826 112.41138245912947
127.8952501017079 115.3804315719065
124.67149724107246 118.27852800508452
121.36252435717792 121.1035372956248
108.43052097635479 116.04614776192803
105.23907522868942 118.46211190403822
101.97568050770982 120.80672017068737
98.64257164670931 123.07821501395365
95.24203078003157 125.27489119364195
91.77638578514163 127.39509733066656
80.48291188205933 120.20953660122582
77.21016250010722 121.96457146296852
73.88462101369791 123.6472455504191
70.50856309671778 125.25626777183275
67.08429871589856 126.79040203373673
63.61417055813368 128.24846841280765
60.10055243623423 129.62934427442917
56.545847674182504 130.9319653367657
52.952487472960726 132.155326679277
49.32292925803904 133.2984836946781
41.25381981857896 123.46292655399795
37.915871823109754 124.32791324526576
34.55199496429456 125.1199938329184
31.164490019074837 125.83854222815548
27.75567381567217 126.48299009359609
24.32787765885142 127.05282740376313
20.88344574560988 127.54760294781117
17.424733572346646 127.96692477408187
13.954106334563065 128.31046057610806
10.473937320154706 128.57793801975876
6.986606297356355 128.76914501125398
3.4944978984068706 128.8839299058429
0.00000000000005928377854839378 128.92220165697375
