
-0.0000000000000776579848272455 310.7122016569741
-4.577570031868745 310.67070350269694
-9.152008280740473 310.54624789896747
-13.720185095105936 310.3389513735129
-18.27897508501008 310.049007973988
-22.825259249279924 309.6766890202903
-27.355927098492845 309.2223427581018
-31.867878772272405 308.6863939139472
-36.35802714949932 308.0693431521889
-40.823299950030595 307.37176643440796
-45.260641826520306 306.59431428179124
-49.66701644495524 305.7377109411908
-54.03940855250288 304.8027534556665
-63.13419950017777 314.56307735350197
-67.77997366857838 313.33962443468005
-72.37938780489026 312.0311180319931
-76.92929498452932 310.6387294571961
-81.42658194448798 309.1637029858061
-85.86817120329802 307.60735432078604
-90.25102315723416 305.9710689663078
-94.57213815136423 304.2563005135599
-98.8285585240422 302.46456884067555
-103.01737062349072 300.59745822911833
-115.21146325166893 307.66822689838114
-119.56166574016797 305.4308221407133
-123.83009663744605 303.1148576310632
-128.01383325756294 300.7223078816341
-132.11001048839898 298.2552067054474
-136.1158227491272 295.71564479954515
-149.84321852008952 300.64866855793105
-153.92806454898567 297.6988651170112
-157.90763956478872 294.67588767360553
-161.7792159074223 291.58221315699853
-176.38227372783896 294.8333438097891
-180.26940369237644 291.3061331155695
-184.03325351618452 287.70939978101137
-199.20659425556607 289.5410119584847
-202.93258900902865 285.4952007278798
-218.47768940931243 286.2354158019329
-222.12394471994887 281.7291423481722
-237.96636228637672 281.3452228567605
-241.49008555289606 276.3699851380204
-257.55353108821237 274.8338266901612
-273.78071695270063 272.5379817293168
-290.14338432053637 269.47279790929673
-306.61297732382593 265.6295704210039
-323.1606719332345 261.0005522821014
-339.75740504397737 255.57896393910647
-369.9343040643125 250.70832952732366
-400.32376281935007 244.29271272189823
-430.869195628659 236.31942691168666
-475.3775982694492 227.01105762392424
-520.0942503324295 215.37191252392643
-578.9545802333201 200.87071677203636
-666.1497877654405 181.47407281439436
-781.8964285674039 154.92306303533363
-940.4858170857292 117.35019255270699
NaN NaN
NaN NaN
NaN NaN
0 -0
-1131.8300529513258 -313.5123253235429
-1117.12517861955 -333.93916837254716
-1104.755082391499 -354.48712767901657
-1093.7082757972885 -375.31616543039206
-1083.0358078982113 -397.07188009189724
-1084.7994654491192 -416.34989330562087
-1074.3407995878022 -439.6018815714667
-1063.8600940281829 -462.9241118737262
-1065.6251253528235 -484.53325269590545
-1054.7637810114388 -508.3032308449165
-1055.9322700409916 -531.2528953623777
-1044.3435822165598 -555.3072990509212
-1044.5823472099594 -579.4208332967282
-1044.2302901709738 -604.2928703399394
-1043.2246229843233 -629.873129987424
-1041.507498931454 -656.1130758780821
-1027.1114663607293 -680.9035876064675
-1035.7404373094 -710.3735665727091
-1031.6051329815493 -738.2940320154091
-1026.584284475725 -766.675699333755
-1020.6472534780199 -795.4679726887665
-1024.9641727192093 -828.8503530638593
-1016.9278784541816 -858.712552165959
-1018.7132582026283 -893.870972172985
-1008.4445605664837 -924.563003436338
-1007.5296614541176 -961.2108530791265
-1005.0993587418968 -998.6853354888934
-1011.0863215649664 -1043.4860417588657
-1005.513042637086 -1082.712831124393
-998.5280316411086 -1122.5357642940444
-971.3895346508899 -1147.695941253286
-943.6797728179097 -1172.1410725291944
-915.4070103792275 -1195.8619239303814
-886.5836043251733 -1218.8486407365733
-857.2226356565706 -1241.0908637529433
-827.3347921213323 -1262.5766578352784
-796.9359625788818 -1283.2949736946339
-766.0412003666839 -1303.234130607218
-734.6656152312044 -1322.3818712684965
-702.8269334756502 -1340.7268644553385
-670.543005621058 -1358.2577342938584
-637.8321819946933 -1374.963244739262
-604.7133218206483 -1390.8323443415434
-571.2057999044822 -1405.8542105145002
-537.3311730871588 -1420.020032045513
-503.1092433056628 -1433.3194231488808
-468.5599860707778 -1445.741742074051
-433.7072900762568 -1457.281189126543
-398.5707969528499 -1467.9265028054274
-363.17485064989137 -1477.6731329548286
-327.5401981586108 -1486.5108284385537
-291.69214661857876 -1494.4378748509819
-255.65199881520573 -1501.4447365481383
-219.44351743120185 -1507.5266899938717
-183.09110971788635 -1512.6817008197258
-146.6180891354909 -1516.9047643135325
-110.04830158595979 -1520.1922720227058
-73.40589637892874 -1522.5420465657942
-36.71505920794338 -1523.9525331054958
0 -1524.4227989124206
36.71505920794338 -1523.9525331054958
73.40589637892874 -1522.5420465657942
110.04830158595979 -1520.1922720227058
146.6180891354909 -1516.9047643135325
183.09110971788635 -1512.6817008197258
219.44351743120185 -1507.5266899938717
255.65199881520573 -1501.4447365481383
291.69214661857876 -1494.4378748509819
327.5401981586108 -1486.5108284385537
363.17485064989137 -1477.6731329548286
398.5707969528499 -1467.9265028054274
433.7072900762568 -1457.281189126543
468.5599860707778 -1445.741742074051
503.1092433056628 -1433.3194231488808
537.3311730871588 -1420.020032045513
571.2057999044822 -1405.8542105145002
604.7133218206483 -1390.8323443415434
637.8321819946933 -1374.963244739262
670.543005621058 -1358.2577342938584
702.8269334756502 -1340.7268644553385
734.6656152312044 -1322.3818712684965
766.0412003666839 -1303.234130607218
796.9359625788818 -1283.2949736946339
827.3347921213323 -1262.5766578352784
857.2226356565706 -1241.0908637529433
886.5836043251733 -1218.8486407365733
915.4070103792275 -1195.8619239303814
943.6797728179097 -1172.1410725291944
971.3895346508899 -1147.695941253286
998.5280316411086 -1122.5357642940444
1005.513042637086 -1082.712831124393
1011.0863215649664 -1043.4860417588657
1005.0993587418968 -998.6853354888934
1007.5296614541176 -961.2108530791265
1008.4445605664837 -924.563003436338
1018.7132582026283 -893.870972172985
1016.9278784541816 -858.712552165959
1024.9641727192093 -828.8503530638593
1020.6472534780199 -795.4679726887665
1026.584284475725 -766.675699333755
1031.6051329815493 -738.2940320154091
1035.7404373094 -710.3735665727091
1027.1114663607293 -680.9035876064675
1041.507498931454 -656.1130758780821
1043.2246229843233 -629.873129987424
1044.2302901709738 -604.2928703399394
1044.5823472099594 -579.4208332967282
1044.3435822165598 -555.3072990509212
1055.9322700409916 -531.2528953623777
1054.7637810114388 -508.3032308449165
1065.6251253528235 -484.53325269590545
1063.8600940281829 -462.9241118737262
1074.3407995878022 -439.6018815714667
1084.7994654491192 -416.34989330562087
1083.0358078982113 -397.07188009189724
1093.7082757972885 -375.31616543039206
1104.755082391499 -354.48712767901657
1117.12517861955 -333.93916837254716
1131.8300529513258 -313.5123253235429
0 -0
NaN NaN
NaN NaN
NaN NaN
940.4858170857292 117.35019255270699
781.8964285674039 154.92306303533363
666.1497877654405 181.47407281439436
578.9545802333201 200.87071677203636
520.0942503324295 215.37191252392643
475.3775982694492 227.01105762392424
430.869195628659 236.31942691168666
400.32376281935007 244.29271272189823
369.9343040643125 250.70832952732366
339.75740504397737 255.57896393910647
323.1606719332345 261.0005522821014
306.61297732382593 265.6295704210039
290.14338432053637 269.47279790929673
273.78071695270063 272.5379817293168
257.55353108821237 274.8338266901612
241.49008555289606 276.3699851380204
237.96636228637672 281.3452228567605
222.12394471994887 281.7291423481722
218.47768940931243 286.2354158019329
202.93258900902865 285.4952007278798
199.20659425556607 289.5410119584847
184.03325351618452 287.70939978101137
180.26940369237644 291.3061331155695
176.38227372783896 294.8333438097891
161.7792159074223 291.58221315699853
157.90763956478872 294.67588767360553
153.92806454898567 297.6988651170112
149.84321852008952 300.64866855793105
136.1158227491272 295.71564479954515
132.11001048839898 298.2552067054474
128.01383325756294 300.7223078816341
123.83009663744605 303.1148576310632
119.56166574016797 305.4308221407133
115.21146325166893 307.66822689838114
103.01737062349072 300.59745822911833
98.8285585240422 302.46456884067555
94.57213815136423 304.2563005135599
90.25102315723416 305.9710689663078
85.86817120329802 307.60735432078604
81.42658194448798 309.1637029858061
76.92929498452932 310.6387294571961
72.37938780489026 312.0311180319931
67.77997366857838 313.33962443468005
63.13419950017777 314.56307735350197
54.03940855250288 304.8027534556665
49.66701644495524 305.7377109411908
45.260641826520306 306.59431428179124
40.823299950030595 307.37176643440796
36.35802714949932 308.0693431521889
31.867878772272405 308.6863939139472
27.355927098492845 309.2223427581018
22.825259249279924 309.6766890202903
18.27897508501008 310.049007973988
13.720185095105936 310.3389513735129
9.152008280740473 310.54624789896747
4.577570031868745 310.67070350269694
0.0000000000000776579848272455 310.7122016569741
