
-0.00000000000007939140051392963 327.86220165697415
-4.679746648233071 327.82039912504166
-9.356291486720105 327.6950311902611
-14.026434885195675 327.4862167842445
-18.68698157090131 327.1941539549202
-23.33474280370759 326.8191196095552
-27.96653854687803 326.361469155299
-32.5791996320291 325.82163603754947
-37.169569916841496 325.2001311765844
-41.734508434083025 324.49754230292234
-46.27089153050387 323.71453319206216
-50.77561499418594 322.85184279929695
-55.245596168910794 321.91028429544656
-64.43714952302105 331.66351071754195
-69.17879312099514 330.43248271349165
-73.87311800590042 329.11594375795806
-78.51691220606659 327.71508654991
-83.10699811301197 326.2311779455229
-87.64023464550552 324.665557366734
-92.11351938935834 323.01963511673
-96.52379071152143 321.29489060442233
-100.86802984705493 319.4928704800819
-105.14326295758802 317.6151866845798
-117.42231961643566 324.67512591420336
-121.8559709250865 322.42666468288985
-126.20627824034574 320.0994465572056
-130.47026276226606 317.6954765336103
-134.64500438082447 315.21681942256157
-138.72764367108687 312.66559735026374
-152.53007645998684 317.5868884883372
-156.68811806860012 314.6253120143627
-160.73899706130578 311.590553343577
-164.67993690984343 308.4851217134014
-179.35037022688314 311.7245516757874
-183.30284150296316 308.1857289356507
-187.12995367156185 304.5775042432113
-202.3644344321312 306.3977775266259
-206.14940498086222 302.34081128384827
-221.75127653143076 303.07008619828764
-225.45205943925797 298.5531178716661
-241.3467236792909 298.15877860363605
-244.92037688856948 293.173425302237
-261.0314014163104 291.627483766002
-277.3037827146238 289.3222156301286
-293.7092309829926 286.2479950044086
-310.2191610336308 282.39614249317
-326.8047211922064 277.75893540811285
-343.4368224027783 272.3296172965058
-373.64656783407577 267.4517341304414
-404.0663287999195 261.0293700907124
-434.63949885225713 253.0498576772745
-479.17305475857717 243.73580007453123
-523.912258870797 232.0915210959282
-582.7925241485888 217.5857604902937
-670.0050367225601 198.18513368672166
-785.7663403713135 171.63073440599328
-944.3677394921851 134.05507742002217
NaN NaN
NaN NaN
NaN NaN
0 -0
-1144.990997061435 -342.12433941827936
-1129.5038731764887 -361.8794963054211
-1116.4256133908295 -381.79647537602204
-1104.7292948319985 -402.0271188367939
-1093.4421472525771 -423.1973251006039
-1094.7023827254657 -441.989257522409
-1083.6940883525263 -464.6869021107231
-1072.7096958204813 -487.4878445381596
-1074.0408696257 -508.6435030277641
-1062.7428887619894 -531.9412813554874
-1063.5188303809875 -554.4614233893351
-1051.5502133706557 -578.0894192683509
-1051.4343794390666 -601.7986094074289
-1050.7428552688395 -626.2751595833108
-1049.4128359699193 -651.4696073789954
-1047.3862518784122 -677.3340097265448
-1032.7118925538991 -701.7884278567093
-1041.0434347979037 -730.875844215937
-1036.64085871512 -758.4536838755643
-1031.3657218497785 -786.5039886382862
-1025.1867906700645 -814.9761682582579
-1029.2518901922965 -848.0036937068083
-1020.9965657023771 -877.5660283996868
-1022.5521349553057 -912.3862196999344
-1012.0855654839983 -942.7992454857781
-1010.9617723261858 -979.1272181545064
-1008.3328212613676 -1016.2910601540185
-1014.1120237030985 -1060.7382458980746
-1008.360371337746 -1099.673752023204
-1010.7651733553295 -1146.470594924929
-1001.9399433857282 -1186.9003055983815
-991.599635695792 -1227.8190779859979
-961.9425603442795 -1252.727787385393
-931.7006658558807 -1276.8708517227085
-900.8880301248408 -1300.236551900312
-869.5163643818147 -1322.8116619826644
-837.6026093442681 -1344.5839074686655
-805.1628963496873 -1365.5404440792254
-772.2134386631544 -1385.667909625152
-738.7730921394221 -1404.9539249136117
-704.8608611385515 -1423.3861206741394
-670.4962733983457 -1440.9523204815284
-635.6993882444237 -1457.6405842086958
-600.4908023573234 -1473.4392512343752
-564.8933163515221 -1488.3387232235305
-528.9279943950983 -1502.3278752959204
-492.61609271987476 -1515.3953747514183
-455.98280083228605 -1527.534782232872
-419.0490745054853 -1538.73424044771
-381.84059032962915 -1548.9886556159763
-344.3794392794292 -1558.287276019485
-306.6922887120313 -1566.6279401784548
-268.8018101333768 -1574.0007064093663
-230.7331471660644 -1580.4004957160846
-192.51209762341847 -1585.8249673541998
-154.16337246330426 -1590.2688547460539
-115.71222204035773 -1593.7283355371662
-77.1842056058365 -1596.2010664776792
-38.60492276365306 -1597.685374249408
0 -1598.1802550327004
38.60492276365306 -1597.685374249408
77.1842056058365 -1596.2010664776792
115.71222204035773 -1593.7283355371662
154.16337246330426 -1590.2688547460539
192.51209762341847 -1585.8249673541998
230.7331471660644 -1580.4004957160846
268.8018101333768 -1574.0007064093663
306.6922887120313 -1566.6279401784548
344.3794392794292 -1558.287276019485
381.84059032962915 -1548.9886556159763
419.0490745054853 -1538.73424044771
455.98280083228605 -1527.534782232872
492.61609271987476 -1515.3953747514183
528.9279943950983 -1502.3278752959204
564.8933163515221 -1488.3387232235305
600.4908023573234 -1473.4392512343752
635.6993882444237 -1457.6405842086958
670.4962733983457 -1440.9523204815284
704.8608611385515 -1423.3861206741394
738.7730921394221 -1404.9539249136117
772.2134386631544 -1385.667909625152
805.1628963496873 -1365.5404440792254
837.6026093442681 -1344.5839074686655
869.5163643818147 -1322.8116619826644
900.8880301248408 -1300.236551900312
931.7006658558807 -1276.8708517227085
961.9425603442795 -1252.727787385393
991.599635695792 -1227.8190779859979
1001.9399433857282 -1186.9003055983815
1010.7651733553295 -1146.470594924929
1008.360371337746 -1099.673752023204
1014.1120237030985 -1060.7382458980746
1008.3328212613676 -1016.2910601540185
1010.9617723261858 -979.1272181545064
1012.0855654839983 -942.7992454857781
1022.5521349553057 -912.3862196999344
1020.9965657023771 -877.5660283996868
1029.2518901922965 -848.0036937068083
1025.1867906700645 -814.9761682582579
1031.3657218497785 -786.5039886382862
1036.64085871512 -758.4536838755643
1041.0434347979037 -730.875844215937
1032.7118925538991 -701.7884278567093
1047.3862518784122 -677.3340097265448
1049.4128359699193 -651.4696073789954
1050.7428552688395 -626.2751595833108
1051.4343794390666 -601.7986094074289
1051.5502133706557 -578.0894192683509
1063.5188303809875 -554.4614233893351
1062.7428887619894 -531.9412813554874
1074.0408696257 -508.6435030277641
1072.7096958204813 -487.4878445381596
1083.6940883525263 -464.6869021107231
1094.7023827254657 -441.989257522409
1093.4421472525771 -423.1973251006039
1104.7292948319985 -402.0271188367939
1116.4256133908295 -381.79647537602204
1129.5038731764887 -361.8794963054211
1144.990997061435 -342.12433941827936
0 -0
NaN NaN
NaN NaN
NaN NaN
944.3677394921851 134.05507742002217
785.7663403713135 171.63073440599328
670.0050367225601 198.18513368672166
582.7925241485888 217.5857604902937
523.912258870797 232.0915210959282
479.17305475857717 243.73580007453123
434.63949885225713 253.0498576772745
404.0663287999195 261.0293700907124
373.64656783407577 267.4517341304414
343.4368224027783 272.3296172965058
326.8047211922064 277.75893540811285
310.2191610336308 282.39614249317
293.7092309829926 286.2479950044086
277.3037827146238 289.3222156301286
261.0314014163104 291.627483766002
244.92037688856948 293.173425302237
241.3467236792909 298.15877860363605
225.45205943925797 298.5531178716661
221.75127653143076 303.07008619828764
206.14940498086222 302.34081128384827
202.3644344321312 306.3977775266259
187.12995367156185 304.5775042432113
183.30284150296316 308.1857289356507
179.35037022688314 311.7245516757874
164.67993690984343 308.4851217134014
160.73899706130578 311.590553343577
156.68811806860012 314.6253120143627
152.53007645998684 317.5868884883372
138.72764367108687 312.66559735026374
134.64500438082447 315.21681942256157
130.47026276226606 317.6954765336103
126.20627824034574 320.0994465572056
121.8559709250865 322.42666468288985
117.42231961643566 324.67512591420336
105.14326295758802 317.6151866845798
100.86802984705493 319.4928704800819
96.52379071152143 321.29489060442233
92.11351938935834 323.01963511673
87.64023464550552 324.665557366734
83.10699811301197 326.2311779455229
78.51691220606659 327.71508654991
73.87311800590042 329.11594375795806
69.17879312099514 330.43248271349165
64.43714952302105 331.66351071754195
55.245596168910794 321.91028429544656
50.77561499418594 322.85184279929695
46.27089153050387 323.71453319206216
41.734508434083025 324.49754230292234
37.169569916841496 325.2001311765844
32.5791996320291 325.82163603754947
27.96653854687803 326.361469155299
23.33474280370759 326.8191196095552
18.68698157090131 327.1941539549202
14.026434885195675 327.4862167842445
9.356291486720105 327.6950311902611
4.679746648233071 327.82039912504166
0.00000000000007939140051392963 327.86220165697415
