
-0.00000000000006725749070714075 207.8122016569739
-3.964510333682784 207.77252976862863
-7.926309044862681 207.6535481512053
-11.882686354567504 207.45535890912356
-15.830936169662714 207.1781320883954
-19.768357922713918 206.8221054847008
-23.692258408181733 206.38758437491842
-27.599953613732225 205.87494117233356
-31.488770545446258 205.2846150058156
-35.35604904571601 204.61711122332164
-39.19914360261894 203.8730008201653
-43.015425149571 203.05291979255398
-46.80228285405538 202.15756841698618
-55.31649936311811 211.96047716926205
-59.38705695407782 210.7824747618104
-63.41700659882927 209.5221636762038
-67.40359165530569 208.18058690091294
-71.34408493334404 206.75885322750509
-75.23579055005304 205.25813604509793
-79.07604576448904 203.67967206377477
-82.86222279042103 202.0247599683857
-86.59173058596579 200.29475900423762
-90.26201661890691 198.49108749634914
-101.94632506306857 205.62683280344817
-105.7958346306568 203.45576688765405
-109.5730070200479 201.20732407420874
-113.2752562293442 198.8832959697773
-116.90004713384634 196.48553040276283
-120.44489721736923 194.0159294952336
-133.7220708807056 199.0193489754937
-137.367743431299 196.14018373290193
-140.91949458568638 193.18789365377603
-144.37488989289548 190.16476181858198
-158.5736947335739 193.48609661379933
-162.06877682885613 190.0285581950823
-165.4530525839205 186.50077300781234
-180.25955319617537 188.40041854963775
-183.63169317802723 184.4215373920691
-198.83616667660246 185.2273934238045
-202.15525640409427 180.78528920720908
-217.68419392889163 180.46388837550634
-220.90833753885556 175.54934415272166
-236.68630911962407 174.07188423511693
-252.64232238116136 171.8325783244454
-268.74830434579894 168.8216153386255
-284.97587506499656 165.03013798800748
-301.29637637940306 160.45025352603278
-317.6809008911717 155.07504379471067
-347.6607214457331 150.24790190861756
-377.86836693593335 143.87276850901316
-408.2473762870701 135.93684231815962
-452.60485933468146 126.66260292028235
-497.18619910222446 115.0542610919159
-555.9269167417084 100.58045446249247
-643.0182940227224 81.2077075804308
-758.676957743946 54.67703481137572
-917.1942826469935 17.12088334881572
-990.7350908389175 -16.842468966065407
-992.7071612504516 -42.78903456538062
-994.0003166407284 -68.78965963244009
0 -0
-994.5441679869891 -120.82304464381315
-993.7937077883904 -146.86989574861036
-992.3612762025143 -172.88813572952827
-990.2473304806944 -198.86547752805467
-987.2860184176795 -225.44680226889852
-983.3857147273751 -252.52359381116756
-978.6661180010756 -279.47690501338894
-973.1873687874219 -306.1544254324694
-966.9856140740613 -332.5163427141781
-960.0842875860205 -358.5558978082009
-952.5001724955629 -384.27403970552746
-944.2478416315518 -409.6697469754569
-935.3397984678518 -434.74075113399397
-925.7857397405611 -459.4847698023629
-915.5979487313912 -483.89375508200396
-904.7863928248303 -507.96073277756926
-893.3614402365581 -531.6769542779556
-881.3338246916801 -555.0325437728017
-868.7146130005602 -578.0169323430456
-855.5131731047516 -600.6203205434896
-841.7420269960699 -622.830697605772
-827.4122379007267 -644.6370501793966
-812.5348011892713 -666.0283559549933
-797.1220085524586 -686.9931334266172
-781.1862401539571 -707.5201464405368
-764.7381679809754 -727.5987888983997
-747.7923085347402 -747.2177011475311
-730.3605226292751 -766.3664827112475
-712.4546550264528 -785.0347998286794
-694.0894176556296 -803.2123474582676
-675.2780009889651 -820.8893464622911
-656.0332263317694 -838.0562274733998
-636.3682164940346 -854.7036031170385
-616.29788868567 -870.8226246220761
-595.8361532991175 -886.4046916632204
-574.9970719467885 -901.4415194782339
-553.7948469296408 -915.9251452396619
-532.2431631714787 -929.8476455837261
-510.3568784922756 -943.2017946285262
-488.1509202383377 -955.9807706056584
-465.6399541336684 -968.1779458415422
-442.8387403482291 -979.7870266782855
-419.762125667015 -990.8020536204514
-396.4250360904974 -1001.217400975505
-372.8424698559425 -1011.0277760882026
-349.0334003067917 -1020.2327474809039
-325.01024082697506 -1028.8256874929327
-300.7892050969326 -1036.8045100287334
-276.38218660131315 -1044.1614112790512
-251.8056769708954 -1050.8949938625387
-227.0725087530257 -1056.9979091856014
-202.1999830990278 -1062.4710332092566
-177.20135068007923 -1067.3071829983478
-152.09225346208802 -1071.5036935559424
-126.88892432654332 -1075.0603040354263
-101.6064641739413 -1077.9735256372478
-76.26046756913381 -1080.240987858271
-50.86680191860783 -1081.861473039601
-25.44134897122504 -1082.8341117971222
0 -1083.1583826502276
25.44134897122504 -1082.8341117971222
50.86680191860783 -1081.861473039601
76.26046756913381 -1080.240987858271
101.6064641739413 -1077.9735256372478
126.88892432654332 -1075.0603040354263
152.09225346208802 -1071.5036935559424
177.20135068007923 -1067.3071829983478
202.1999830990278 -1062.4710332092566
227.0725087530257 -1056.9979091856014
251.8056769708954 -1050.8949938625387
276.38218660131315 -1044.1614112790512
300.7892050969326 -1036.8045100287334
325.01024082697506 -1028.8256874929327
349.0334003067917 -1020.2327474809039
372.8424698559425 -1011.0277760882026
396.4250360904974 -1001.217400975505
419.762125667015 -990.8020536204514
442.8387403482291 -979.7870266782855
465.6399541336684 -968.1779458415422
488.1509202383377 -955.9807706056584
510.3568784922756 -943.2017946285262
532.2431631714787 -929.8476455837261
553.7948469296408 -915.9251452396619
574.9970719467885 -901.4415194782339
595.8361532991175 -886.4046916632204
616.29788868567 -870.8226246220761
636.3682164940346 -854.7036031170385
656.0332263317694 -838.0562274733998
675.2780009889651 -820.8893464622911
694.0894176556296 -803.2123474582676
712.4546550264528 -785.0347998286794
730.3605226292751 -766.3664827112475
747.7923085347402 -747.2177011475311
764.7381679809754 -727.5987888983997
781.1862401539571 -707.5201464405368
797.1220085524586 -686.9931334266172
812.5348011892713 -666.0283559549933
827.4122379007267 -644.6370501793966
841.7420269960699 -622.830697605772
855.5131731047516 -600.6203205434896
868.7146130005602 -578.0169323430456
881.3338246916801 -555.0325437728017
893.3614402365581 -531.6769542779556
904.7863928248303 -507.96073277756926
915.5979487313912 -483.89375508200396
925.7857397405611 -459.4847698023629
935.3397984678518 -434.74075113399397
944.2478416315518 -409.6697469754569
952.5001724955629 -384.27403970552746
960.0842875860205 -358.5558978082009
966.9856140740613 -332.5163427141781
973.1873687874219 -306.1544254324694
978.6661180010756 -279.47690501338894
983.3857147273751 -252.52359381116756
987.2860184176795 -225.44680226889852
990.2473304806944 -198.86547752805467
992.3612762025143 -172.88813572952827
993.7937077883904 -146.86989574861036
994.5441679869891 -120.82304464381315
0 -0
994.0003166407284 -68.78965963244009
992.7071612504516 -42.78903456538062
990.7350908389175 -16.842468966065407
917.1942826469935 17.12088334881572
758.676957743946 54.67703481137572
643.0182940227224 81.2077075804308
555.9269167417084 100.58045446249247
497.18619910222446 115.0542610919159
452.60485933468146 126.66260292028235
408.2473762870701 135.93684231815962
377.86836693593335 143.87276850901316
347.6607214457331 150.24790190861756
317.6809008911717 155.07504379471067
301.29637637940306 160.45025352603278
284.97587506499656 165.03013798800748
268.74830434579894 168.8216153386255
252.64232238116136 171.8325783244454
236.68630911962407 174.07188423511693
220.90833753885556 175.54934415272166
217.68419392889163 180.46388837550634
202.15525640409427 180.78528920720908
198.83616667660246 185.2273934238045
183.63169317802723 184.4215373920691
180.25955319617537 188.40041854963775
165.4530525839205 186.50077300781234
162.06877682885613 190.0285581950823
158.5736947335739 193.48609661379933
144.37488989289548 190.16476181858198
140.91949458568638 193.18789365377603
137.367743431299 196.14018373290193
133.7220708807056 199.0193489754937
120.44489721736923 194.0159294952336
116.90004713384634 196.48553040276283
113.2752562293442 198.8832959697773
109.5730070200479 201.20732407420874
105.7958346306568 203.45576688765405
101.94632506306857 205.62683280344817
90.26201661890691 198.49108749634914
86.59173058596579 200.29475900423762
82.86222279042103 202.0247599683857
79.07604576448904 203.67967206377477
75.23579055005304 205.25813604509793
71.34408493334404 206.75885322750509
67.40359165530569 208.18058690091294
63.41700659882927 209.5221636762038
59.38705695407782 210.7824747618104
55.31649936311811 211.96047716926205
46.80228285405538 202.15756841698618
43.015425149571 203.05291979255398
39.19914360261894 203.8730008201653
35.35604904571601 204.61711122332164
31.488770545446258 205.2846150058156
27.599953613732225 205.87494117233356
23.692258408181733 206.38758437491842
19.768357922713918 206.8221054847008
15.830936169662714 207.1781320883954
11.882686354567504 207.45535890912356
7.926309044862681 207.6535481512053
3.964510333682784 207.77252976862863
0.00000000000006725749070714075 207.8122016569739
