
-0.00000000000009291204287006581 461.6322016569744
-5.47672425587482 461.5880249793305
-10.949700493361233 461.45554086235137
-16.415183247895627 461.23488698795114
-21.869432160852888 460.9262926061911
-27.3087145282434 460.530078205821
-32.729307844282474 460.0466550534374
-38.127502338131336 459.47652460164716
-43.49960350211046 458.82027776686965
-48.84193460969198 458.0785940773345
-54.150839221575644 457.25224069217535
-59.42268367818545 456.3420712925248
-64.65385957689254 455.349024845731
-74.6001597011986 465.04689095705385
-80.08958484984586 463.75677728822217
-85.52421357377972 462.37758442048465
-90.90032653405731 460.9106718730781
-96.2142442274991 459.3574826313142
-101.46232949472399 457.719541125128
-106.640989999927 455.99845109002297
-111.74668068074759 454.1958933131494
-116.77590616655425 452.3136232674512
-121.72522316354697 450.3534686371791
-134.66699926161613 457.32893823761674
-139.75155136745101 454.9942365118669
-144.74049474296334 452.5792401811164
-149.63041289895042 450.08619201902474
-154.4179567417433 447.51739861605216
-159.09984686237223 444.87522724586876
-173.48756839118596 449.70500394550515
-178.2165355215928 446.65159781370414
-182.82358553413883 443.5249455693547
-187.3055607287283 440.3278084533436
-202.50152291942774 443.4759730305741
-206.96365642553957 439.846576332284
-211.28421488350506 436.1487190483708
-226.9955878093391 437.8805489581269
-231.24056956116405 433.73657362040217
-247.28525608395373 434.3805152898546
-251.41135424986894 429.78012695491816
-267.71354254402104 429.30451342926557
-271.6766493068221 424.2402585831262
-288.1587899754752 422.61800895756045
-304.7836956576247 420.2392400564605
-321.52283495015126 417.09453234628126
-338.347393970109 413.1754046560653
-355.22830541218724 408.47432379100206
-372.1362778014257 402.9847134842203
-402.60222523822904 398.05029003476045
-433.25834344836125 391.575297567463
-464.0478639963227 383.5472176488586
-508.77761537377523 374.1887911892657
-553.6927254700636 362.504467957541
-612.728486687684 347.9631014927009
-700.0759785880936 328.53140849087396
-815.9516524418087 301.9505710971382
-974.6467342625415 264.35317938508035
NaN NaN
NaN NaN
NaN NaN
0 -0
-1221.8207563842648 -539.7160312776402
-1203.123817283474 -556.0895935829402
-1187.0100485246112 -572.7643765341096
-1172.4164936233353 -589.8601205898902
-1158.2857429403089 -607.9053212770174
-1157.1318718412692 -624.0582122175806
-1143.4176914305058 -643.6979288958786
-1129.8767985579486 -663.5749544177797
-1128.9401830615914 -682.1483656809944
-1115.3088526534943 -702.719798733668
-1113.9345657695064 -722.7261999001408
-1099.8423564401012 -743.8271988763721
-1097.7037637737365 -765.1110912952838
-1095.040608157133 -787.1883205981424
-1091.794376665754 -810.0163995237523
-1087.9099192406882 -833.5531485146564
-1071.5352913796062 -855.9041225138153
-1078.0331015228478 -882.5746430156961
-1071.9556941774856 -907.9672056254041
-1065.0668798091556 -933.8858034390547
-1057.3346202760827 -960.2819102929284
-1059.7702491472385 -990.9889378955372
-1050.0765653971182 -1018.5747833443717
-1050.11389181674 -1051.1490008912124
-1038.3217988064914 -1079.696050080338
-1035.792263304432 -1113.8704033163547
-1031.8145411372739 -1148.9283215428152
-1036.1757883950766 -1190.9619155633366
-1029.1919378085672 -1227.8953329053509
-1030.3031124235215 -1272.3849490314224
-1020.3564927841925 -1310.9259526963504
-1017.9684854040655 -1357.5945585961051
-1022.4285283309698 -1413.3612779165906
-1015.8078656263107 -1462.5706694331952
-1015.4200361897779 -1521.365795088018
-1012.356003239883 -1581.6679663266823
-1006.5302661114492 -1643.3465139689467
-1005.4442294086145 -1715.8806264935279
-1008.2091769252604 -1800.079928623708
-1006.8545703520305 -1886.4403883193881
-974.2792580865896 -1932.5740979233178
-926.9540373985938 -1956.9412434694987
-879.0027193112628 -1980.1034621946221
-830.4555921274766 -2002.0423015567826
-775.9254294563024 -2011.5331231442703
-716.4758858201492 -2008.1530304308244
-662.6425278234774 -2014.4431737326881
-609.0553245815483 -2019.2316479492536
-555.7550655640912 -2022.5330750453602
-502.78620227049277 -2024.369590362268
-450.1884848168792 -2024.758360321375
-398.00513914362784 -2023.7257948087104
-348.84977794439385 -2033.2684826216794
-297.2451061968767 -2029.5063610520108
-248.0142909238719 -2036.4702682216866
-197.13726086309578 -2030.0409852651908
-147.97046655840478 -2034.4455133845286
-98.70296213042266 -2037.5940058243286
-49.36828080945257 -2039.4840615514086
0 -2040.1142401603586
49.36828080945257 -2039.4840615514086
98.70296213042266 -2037.5940058243286
147.97046655840478 -2034.4455133845286
197.13726086309578 -2030.0409852651908
248.0142909238719 -2036.4702682216866
297.2451061968767 -2029.5063610520108
348.84977794439385 -2033.2684826216794
398.00513914362784 -2023.7257948087104
450.1884848168792 -2024.758360321375
502.78620227049277 -2024.369590362268
555.7550655640912 -2022.5330750453602
609.0553245815483 -2019.2316479492536
662.6425278234774 -2014.4431737326881
716.4758858201492 -2008.1530304308244
775.9254294563024 -2011.5331231442703
830.4555921274766 -2002.0423015567826
879.0027193112628 -1980.1034621946221
926.9540373985938 -1956.9412434694987
974.2792580865896 -1932.5740979233178
1006.8545703520305 -1886.4403883193881
1008.2091769252604 -1800.079928623708
1005.4442294086145 -1715.8806264935279
1006.5302661114492 -1643.3465139689467
1012.356003239883 -1581.6679663266823
1015.4200361897779 -1521.365795088018
1015.8078656263107 -1462.5706694331952
1022.4285283309698 -1413.3612779165906
1017.9684854040655 -1357.5945585961051
1020.3564927841925 -1310.9259526963504
1030.3031124235215 -1272.3849490314224
1029.1919378085672 -1227.8953329053509
1036.1757883950766 -1190.9619155633366
1031.8145411372739 -1148.9283215428152
1035.792263304432 -1113.8704033163547
1038.3217988064914 -1079.696050080338
1050.11389181674 -1051.1490008912124
1050.0765653971182 -1018.5747833443717
1059.7702491472385 -990.9889378955372
1057.3346202760827 -960.2819102929284
1065.0668798091556 -933.8858034390547
1071.9556941774856 -907.9672056254041
1078.0331015228478 -882.5746430156961
1071.5352913796062 -855.9041225138153
1087.9099192406882 -833.5531485146564
1091.794376665754 -810.0163995237523
1095.040608157133 -787.1883205981424
1097.7037637737365 -765.1110912952838
1099.8423564401012 -743.8271988763721
1113.9345657695064 -722.7261999001408
1115.3088526534943 -702.719798733668
1128.9401830615914 -682.1483656809944
1129.8767985579486 -663.5749544177797
1143.4176914305058 -643.6979288958786
1157.1318718412692 -624.0582122175806
1158.2857429403089 -607.9053212770174
1172.4164936233353 -589.8601205898902
1187.0100485246112 -572.7643765341096
1203.123817283474 -556.0895935829402
1221.8207563842648 -539.7160312776402
0 -0
NaN NaN
NaN NaN
NaN NaN
974.6467342625415 264.35317938508035
815.9516524418087 301.9505710971382
700.0759785880936 328.53140849087396
612.728486687684 347.9631014927009
553.6927254700636 362.504467957541
508.77761537377523 374.1887911892657
464.0478639963227 383.5472176488586
433.25834344836125 391.575297567463
402.60222523822904 398.05029003476045
372.1362778014257 402.9847134842203
355.22830541218724 408.47432379100206
338.347393970109 413.1754046560653
321.52283495015126 417.09453234628126
304.7836956576247 420.2392400564605
288.1587899754752 422.61800895756045
271.6766493068221 424.2402585831262
267.71354254402104 429.30451342926557
251.41135424986894 429.78012695491816
247.28525608395373 434.3805152898546
231.24056956116405 433.73657362040217
226.9955878093391 437.8805489581269
211.28421488350506 436.1487190483708
206.96365642553957 439.846576332284
202.50152291942774 443.4759730305741
187.3055607287283 440.3278084533436
182.82358553413883 443.5249455693547
178.2165355215928 446.65159781370414
173.48756839118596 449.70500394550515
159.09984686237223 444.87522724586876
154.4179567417433 447.51739861605216
149.63041289895042 450.08619201902474
144.74049474296334 452.5792401811164
139.75155136745101 454.9942365118669
134.66699926161613 457.32893823761674
121.72522316354697 450.3534686371791
116.77590616655425 452.3136232674512
111.74668068074759 454.1958933131494
106.640989999927 455.99845109002297
101.46232949472399 457.719541125128
96.2142442274991 459.3574826313142
90.90032653405731 460.9106718730781
85.52421357377972 462.37758442048465
80.08958484984586 463.75677728822217
74.6001597011986 465.04689095705385
64.65385957689254 455.349024845731
59.42268367818545 456.3420712925248
54.150839221575644 457.25224069217535
48.84193460969198 458.0785940773345
43.49960350211046 458.82027776686965
38.127502338131336 459.47652460164716
32.729307844282474 460.0466550534374
27.3087145282434 460.530078205821
21.869432160852888 460.9262926061911
16.415183247895627 461.23488698795114
10.949700493361233 461.45554086235137
5.47672425587482 461.5880249793305
0.00000000000009291204287006581 461.6322016569744
