
-0.00000000000007523120286588773 286.70220165697407
-4.434522768958687 286.6611296314143
-8.866011792368989 286.5379512911564
-13.291435388980302 286.3327797984886
-17.707766004762362 286.045803600683
-22.11198227308119 285.67728619531954
-26.501071070753586 285.22756580202565
-30.87202956861303 284.697054940904
-35.221867275220276 284.0862399180351
-39.54760807235719 283.3956802184878
-43.84629224094332 282.62600780741195
-48.11497847603225 281.7779263398422
-52.350745889531794 280.85221027997443
-61.310069468197185 290.622470643846
-65.82162643519491 289.4096228443438
-70.28816552347602 288.1123620156422
-74.70663087437714 286.7318295273967
-79.07399930855439 285.2692380422025
-83.38728238420752 283.7258700564589
-87.6435284322603 282.1030763557168
-91.83982456714415 280.4022743863525
-95.97329867182437 278.6249465455067
-100.0411213557545 276.7726383914723
-112.11626434099551 283.85856827623
-116.34963848128203 281.63664258166614
-120.50344239338648 279.33643313446385
-124.57483195097856 276.9598717688674
-128.5610190390033 274.50894890148754
-132.45927345838368 271.9857112285391
-146.08161740423327 276.93516065536244
-150.06398962152545 274.00183946071917
-153.94373906966484 270.99535573564543
-157.7182065040327 267.91814117803455
-172.2269386291771 271.18565279739147
-176.02259075755504 267.6746989674558
-179.69787329865625 264.09405353393146
-194.7856180083749 265.9415401630871
-198.42904664846165 261.911345949524
-213.89466743834677 262.66687724703627
-217.46458411291613 258.1755766152808
-233.23385633629687 257.80624481113466
-236.68767768295328 252.84516890811722
-252.6845126288751 251.32270678398407
-268.84842488600816 249.04005426818026
-285.15119899309764 245.98752197614013
-301.5643201300991 242.1563695199714
-318.0590029706738 237.5388159056854
-334.60622074165605 232.12804923874745
-364.737134786644 227.2675630829589
-395.08417044655283 220.86139240555838
-425.5907711156216 212.89682383986369
-470.06395918467007 203.59641819307447
-514.749038378715 191.96446052312396
-573.5814587519441 177.4696555664761
-660.7524392254729 158.07858759313615
-776.4785520419304 131.5323231164101
-935.0511257166909 93.96335373846568
NaN NaN
NaN NaN
NaN NaN
0 -0
-1111.1393074364655 -271.62916480242785
-1097.8607695322012 -293.15867315396457
-1086.7516322952279 -314.7340298250241
-1076.8375356782894 -336.52958170591575
-1067.2174353949472 -359.22358256987485
-1069.8284734390752 -379.27490058499615
-1060.2830066938554 -403.40288364427107
-1050.6275357495736 -427.5431130868269
-1053.0943465635328 -449.85939739684255
-1042.932321764379 -474.3615255381337
-1044.723039271343 -497.9735175698604
-1033.7314745409938 -522.6821530854423
-1034.522961822918 -547.4131197822408
-1034.6962147048496 -572.8863915632164
-1034.189096398426 -599.050715429786
-1032.9446673032019 -625.8569243730431
-1018.9710366422408 -651.1523765884009
-1028.0496999418297 -681.195113232041
-1024.316117163907 -709.6267646774455
-1019.6757213145171 -738.5012802329676
-1014.0990699711243 -767.7682578832228
-1018.790052398499 -801.6753715936419
-1011.0774837255336 -831.9797644686183
-1013.2017541716618 -867.6356749362325
-1003.2235051951488 -898.7370874405005
-1002.6147111772276 -935.8532317678463
-1000.4746239680869 -973.7814353331997
-976.8281815569795 -999.196453950141
-952.5877149659592 -1023.952258977924
-927.8142968054401 -1048.0419658733583
-902.5138325725882 -1071.4620409421732
-876.6923696157982 -1094.2070575482712
-850.3568547533368 -1116.2698881460176
-823.5182883186728 -1137.642671774558
-796.1883560566431 -1158.3169386407997
-768.3763141312456 -1178.2825463283662
-740.0965809825575 -1197.530146589893
-711.3627037957388 -1216.0496735931624
-682.1882512861398 -1233.8304029990315
-652.5893731128949 -1250.862457125599
-622.5823099581161 -1267.1358375376026
-592.183770095274 -1282.6406117483011
-561.4109396879422 -1297.366959864554
-530.2814907326689 -1311.305220382112
-498.8152473153601 -1324.4476723593277
-467.03025344670385 -1336.7849535407604
-434.9447014680988 -1348.307378839105
-402.58066939939766 -1359.0100340050287
-369.9559700938613 -1368.8824821551098
-337.0930933807076 -1377.92092537017
-304.01091673503765 -1386.1158051413029
-270.73285552986465 -1393.4660254970206
-237.27830927917452 -1399.962612472305
-203.66912067131733 -1405.6013341527
-169.92776382498093 -1410.3805798428468
-136.07560963731504 -1414.2957069560648
-102.13455195096823 -1417.3434028127142
-68.12678052492011 -1419.5217193666806
-34.07451609032078 -1420.82926558957
0 -1421.265207037003
34.07451609032078 -1420.82926558957
68.12678052492011 -1419.5217193666806
102.13455195096823 -1417.3434028127142
136.07560963731504 -1414.2957069560648
169.92776382498093 -1410.3805798428468
203.66912067131733 -1405.6013341527
237.27830927917452 -1399.962612472305
270.73285552986465 -1393.4660254970206
304.01091673503765 -1386.1158051413029
337.0930933807076 -1377.92092537017
369.9559700938613 -1368.8824821551098
402.58066939939766 -1359.0100340050287
434.9447014680988 -1348.307378839105
467.03025344670385 -1336.7849535407604
498.8152473153601 -1324.4476723593277
530.2814907326689 -1311.305220382112
561.4109396879422 -1297.366959864554
592.183770095274 -1282.6406117483011
622.5823099581161 -1267.1358375376026
652.5893731128949 -1250.862457125599
682.1882512861398 -1233.8304029990315
711.3627037957388 -1216.0496735931624
740.0965809825575 -1197.530146589893
768.3763141312456 -1178.2825463283662
796.1883560566431 -1158.3169386407997
823.5182883186728 -1137.642671774558
850.3568547533368 -1116.2698881460176
876.6923696157982 -1094.2070575482712
902.5138325725882 -1071.4620409421732
927.8142968054401 -1048.0419658733583
952.5877149659592 -1023.952258977924
976.8281815569795 -999.196453950141
1000.4746239680869 -973.7814353331997
1002.6147111772276 -935.8532317678463
1003.2235051951488 -898.7370874405005
1013.2017541716618 -867.6356749362325
1011.0774837255336 -831.9797644686183
1018.790052398499 -801.6753715936419
1014.0990699711243 -767.7682578832228
1019.6757213145171 -738.5012802329676
1024.316117163907 -709.6267646774455
1028.0496999418297 -681.195113232041
1018.9710366422408 -651.1523765884009
1032.9446673032019 -625.8569243730431
1034.189096398426 -599.050715429786
1034.6962147048496 -572.8863915632164
1034.522961822918 -547.4131197822408
1033.7314745409938 -522.6821530854423
1044.723039271343 -497.9735175698604
1042.932321764379 -474.3615255381337
1053.0943465635328 -449.85939739684255
1050.6275357495736 -427.5431130868269
1060.2830066938554 -403.40288364427107
1069.8284734390752 -379.27490058499615
1067.2174353949472 -359.22358256987485
1076.8375356782894 -336.52958170591575
1086.7516322952279 -314.7340298250241
1097.8607695322012 -293.15867315396457
1111.1393074364655 -271.62916480242785
0 -0
NaN NaN
NaN NaN
NaN NaN
935.0511257166909 93.96335373846568
776.4785520419304 131.5323231164101
660.7524392254729 158.07858759313615
573.5814587519441 177.4696555664761
514.749038378715 191.96446052312396
470.06395918467007 203.59641819307447
425.5907711156216 212.89682383986369
395.08417044655283 220.86139240555838
364.737134786644 227.2675630829589
334.60622074165605 232.12804923874745
318.0590029706738 237.5388159056854
301.5643201300991 242.1563695199714
285.15119899309764 245.98752197614013
268.84842488600816 249.04005426818026
252.6845126288751 251.32270678398407
236.68767768295328 252.84516890811722
233.23385633629687 257.80624481113466
217.46458411291613 258.1755766152808
213.89466743834677 262.66687724703627
198.42904664846165 261.911345949524
194.7856180083749 265.9415401630871
179.69787329865625 264.09405353393146
176.02259075755504 267.6746989674558
172.2269386291771 271.18565279739147
157.7182065040327 267.91814117803455
153.94373906966484 270.99535573564543
150.06398962152545 274.00183946071917
146.08161740423327 276.93516065536244
132.45927345838368 271.9857112285391
128.5610190390033 274.50894890148754
124.57483195097856 276.9598717688674
120.50344239338648 279.33643313446385
116.34963848128203 281.63664258166614
112.11626434099551 283.85856827623
100.0411213557545 276.7726383914723
95.97329867182437 278.6249465455067
91.83982456714415 280.4022743863525
87.6435284322603 282.1030763557168
83.38728238420752 283.7258700564589
79.07399930855439 285.2692380422025
74.70663087437714 286.7318295273967
70.28816552347602 288.1123620156422
65.82162643519491 289.4096228443438
61.310069468197185 290.622470643846
52.350745889531794 280.85221027997443
48.11497847603225 281.7779263398422
43.84629224094332 282.62600780741195
39.54760807235719 283.3956802184878
35.221867275220276 284.0862399180351
30.87202956861303 284.697054940904
26.501071070753586 285.22756580202565
22.11198227308119 285.67728619531954
17.707766004762362 286.045803600683
13.291435388980302 286.3327797984886
8.866011792368989 286.5379512911564
4.434522768958687 286.6611296314143
0.00000000000007523120286588773 286.70220165697407
