
-0.000000000000049229967565625716 29.452201656973642
-2.9018735234937627 29.41569529624384
-5.801763702674465 29.30620192175047
-8.697688537634221 29.1237986375158
-11.587668716393942 28.8686138867022
-14.469728956666145 28.54082735634494
-17.341899344975804 28.140669844067634
-20.20221667226258 27.668423086869637
-23.048725765087454 27.124419552101877
-25.87948081157074 26.50904219077173
-28.6925466811899 25.822724153346627
-31.486000237571666 25.065948468250184
-34.257931643413045 24.239247683273963
-41.765819125548035 34.11597018324611
-44.83933464894352 33.01674866216931
-47.88221250832354 31.83997612616949
-50.892372551318054 30.586473136688827
-53.867756780694535 29.257113646449614
-56.806330751095075 27.85282436723788
-59.70608495039741 26.374584099383732
-62.56503616478612 24.823423023417686
-65.38122882663336 23.200421954411784
-68.15273634429498 21.50671155954866
-78.95341886949461 28.75508303889845
-81.9350607075041 26.69900444901839
-84.8607183498911 24.567599242327283
-87.72838938043171 22.362341989226096
-90.53611065262199 20.08475814477649
-93.28195962898874 17.73642296775978
-105.77874830577345 22.86186169926872
-108.66318682730827 20.1051360004452
-111.47337662190856 17.275370686071064
-114.207391467716 14.37451283199346
-127.70549114351442 17.817534807417427
-130.52102359875425 14.480761666237814
-133.24737096799623 11.072486600934077
-147.41801535989816 13.090056640969253
-150.17680707095812 9.227187609997097
-164.79086060657184 10.146821301715711
-167.54286332327965 5.81594376287347
-182.52843544258414 5.602908607999355
-185.23330764785203 0.7935664448703159
-187.81161062261918 -4.085099264087574
-190.26156407636321 -9.029764545803221
-192.58147467511583 -14.037059487920171
-194.76973724041918 -19.103570499419607
-196.82483589053658 -24.225842604471616
-198.7453451230275 -29.400381768742964
-200.52993083783082 -34.62365725780934
-202.17735130003462 -39.89210402808499
-203.68645804154812 -45.20212515218505
-205.05619670093077 -50.550094283626805
-206.28560780067903 -55.932358172193894
-207.37382746132513 -61.34523925588725
-208.32008805179277 -66.78503839189739
-209.12371877561975 -72.24803789081378
-209.78414619313065 -77.73050534750561
-210.30089468137984 -83.22870006917928
-210.6735868430009 -88.73889100386728
-210.90194396603025 -94.25746427358794
0 -0
-210.92502805739838 -105.30198805445085
-210.71969436479358 -110.82240456601899
-210.36989866803023 -116.33561565239967
-209.8758573573973 -121.83802093697916
-209.23788567746806 -127.32588050592608
-208.45639772932165 -132.79543954822017
-207.53190627197392 -138.2429479057974
-206.46502243918968 -143.6646668528853
-205.2564553843339 -149.0568730670788
-203.9070118558389 -154.41586175790468
-202.41759570408834 -159.73794948356584
-200.7892073201161 -165.0194768306049
-199.02294300643013 -170.25681102231314
-197.11999428027 -175.44634848296076
-195.08164710964272 -180.58451736947535
-192.90928108251998 -185.6677800754669
-190.60436850962788 -190.69263570932452
-188.16847346131246 -195.6556225465463
-185.60325073901163 -200.55332045563574
-182.91044478191645 -205.38235329645386
-180.0898314567304 -210.14044834503602
-177.1436105339375 -214.82379875646515
-174.07368082049732 -219.42890543813743
-170.88299616207658 -223.95200057167963
-167.57439575998328 -228.3896394793916
-164.1488326904667 -232.73900763174885
-160.61088365087193 -236.9964902622736
-156.96232585141573 -241.1593233209612
-153.20475257380394 -245.22467369004002
-149.34246592393004 -249.18957088746993
-145.37811706980577 -253.05138096652772
-141.31385673770865 -256.80747385230035
-137.1520149673643 -260.4551810083219
-132.89661592021986 -263.99214330413355
-128.55057532878453 -267.4160121011532
-124.11686961443594 -270.7245106270695
-119.5985338437987 -273.9154361880212
-114.99800304841558 -276.98637095901466
-110.31883045191374 -279.9353464584117
-105.5645810421942 -282.7605472684431
-100.73850087415505 -285.46009780986356
-95.84388352700869 -288.032204801409
-90.88406788579753 -290.4751587220398
-85.86243589828028 -292.78733517139807
-80.78241030857048 -294.9671961350871
-75.64745236889782 -297.0132911601849
-70.46105953085382 -298.92425844543203
-65.22664209103911 -300.698659514245
-59.94776868839985 -302.33526240328376
-54.62820917800274 -303.8332078350434
-49.27157741403481 -305.19150316473053
-43.881511435955844 -306.4092481807287
-38.461671083535 -307.485635741908
-33.01573560123383 -308.41995234455896
-27.547401233149607 -309.21157862016315
-22.060378809721964 -309.8599897649937
-16.558391327396997 -310.364755902363
-11.0451715224352 -310.7255423781695
-5.524459440042752 -310.94210999025944
0 -311.01431515198965
5.524459440042752 -310.94210999025944
11.0451715224352 -310.7255423781695
16.558391327396997 -310.364755902363
22.060378809721964 -309.8599897649937
27.547401233149607 -309.21157862016315
33.01573560123383 -308.41995234455896
38.461671083535 -307.485635741908
43.881511435955844 -306.4092481807287
49.27157741403481 -305.19150316473053
54.62820917800274 -303.8332078350434
59.94776868839985 -302.33526240328376
65.22664209103911 -300.698659514245
70.46105953085382 -298.92425844543203
75.64745236889782 -297.0132911601849
80.78241030857048 -294.9671961350871
85.86243589828028 -292.78733517139807
90.88406788579753 -290.4751587220398
95.84388352700869 -288.032204801409
100.73850087415505 -285.46009780986356
105.5645810421942 -282.7605472684431
110.31883045191374 -279.9353464584117
114.99800304841558 -276.98637095901466
119.5985338437987 -273.9154361880212
124.11686961443594 -270.7245106270695
128.55057532878453 -267.4160121011532
132.89661592021986 -263.99214330413355
137.1520149673643 -260.4551810083219
141.31385673770865 -256.80747385230035
145.37811706980577 -253.05138096652772
149.34246592393004 -249.18957088746993
153.20475257380394 -245.22467369004002
156.96232585141573 -241.1593233209612
160.61088365087193 -236.9964902622736
164.1488326904667 -232.73900763174885
167.57439575998328 -228.3896394793916
170.88299616207658 -223.95200057167963
174.07368082049732 -219.42890543813743
177.1436105339375 -214.82379875646515
180.0898314567304 -210.14044834503602
182.91044478191645 -205.38235329645386
185.60325073901163 -200.55332045563574
188.16847346131246 -195.6556225465463
190.60436850962788 -190.69263570932452
192.90928108251998 -185.6677800754669
195.08164710964272 -180.58451736947535
197.11999428027 -175.44634848296076
199.02294300643013 -170.25681102231314
200.7892073201161 -165.0194768306049
202.41759570408834 -159.73794948356584
203.9070118558389 -154.41586175790468
205.2564553843339 -149.0568730670788
206.46502243918968 -143.6646668528853
207.53190627197392 -138.2429479057974
208.45639772932165 -132.79543954822017
209.23788567746806 -127.32588050592608
209.8758573573973 -121.83802093697916
210.36989866803023 -116.33561565239967
210.71969436479358 -110.82240456601899
210.92502805739838 -105.30198805445085
0 -0
210.90194396603025 -94.25746427358794
210.6735868430009 -88.73889100386728
210.30089468137984 -83.22870006917928
209.78414619313065 -77.73050534750561
209.12371877561975 -72.24803789081378
208.32008805179277 -66.78503839189739
207.37382746132513 -61.34523925588725
206.28560780067903 -55.932358172193894
205.05619670093077 -50.550094283626805
203.68645804154812 -45.20212515218505
202.17735130003462 -39.89210402808499
200.52993083783082 -34.62365725780934
198.7453451230275 -29.400381768742964
196.82483589053658 -24.225842604471616
194.76973724041918 -19.103570499419607
192.58147467511583 -14.037059487920171
190.26156407636321 -9.029764545803221
187.81161062261918 -4.085099264087574
185.23330764785203 0.7935664448703159
182.52843544258414 5.602908607999355
167.54286332327965 5.81594376287347
164.79086060657184 10.146821301715711
150.17680707095812 9.227187609997097
147.41801535989816 13.090056640969253
133.24737096799623 11.072486600934077
130.52102359875425 14.480761666237814
127.70549114351442 17.817534807417427
114.207391467716 14.37451283199346
111.47337662190856 17.275370686071064
108.66318682730827 20.1051360004452
105.77874830577345 22.86186169926872
93.28195962898874 17.73642296775978
90.53611065262199 20.08475814477649
87.72838938043171 22.362341989226096
84.8607183498911 24.567599242327283
81.9350607075041 26.69900444901839
78.95341886949461 28.75508303889845
68.15273634429498 21.50671155954866
65.38122882663336 23.200421954411784
62.56503616478612 24.823423023417686
59.70608495039741 26.374584099383732
56.806330751095075 27.85282436723788
53.867756780694535 29.257113646449614
50.892372551318054 30.586473136688827
47.88221250832354 31.83997612616949
44.83933464894352 33.01674866216931
41.765819125548035 34.11597018324611
34.257931643413045 24.239247683273963
31.486000237571666 25.065948468250184
28.6925466811899 25.822724153346627
25.87948081157074 26.50904219077173
23.048725765087454 27.124419552101877
20.20221667226258 27.668423086869637
17.341899344975804 28.140669844067634
14.469728956666145 28.54082735634494
11.587668716393942 28.8686138867022
8.697688537634221 29.1237986375158
5.801763702674465 29.30620192175047
2.9018735234937627 29.41569529624384
0.000000000000049229967565625716 29.452201656973642
