0 230.72839032550837
-4.009503275139806 230.68978437658748
-8.016264377983699 230.57400078872413
-12.017542999930408 230.38114229806956
-16.010602558534245 230.11137999605614
-19.992712057495446 229.76495312644522
-24.18418872763644 230.48633413271273
-28.17302592583742 229.9809915539496
-32.14259524376307 229.39910779008122
-36.42302341356436 229.86261847165994
-40.38210944263807 229.11969902840875
-44.71852075970236 229.4022941066215
-48.655336988795995 228.49700262170626
-53.034815128226796 228.59373363253724
-57.448390978147444 228.5891543262503
-61.34675720411151 227.43193265005874
-65.78309291555775 227.23438594330253
-70.24264497194889 226.93096065909725
-74.72154918873653 226.52001928097513
-79.21588241135714 226.00002966317217
-83.72166576032834 225.36956662891433
-88.23486794258953 224.62731345668976
-93.52794040462761 224.69484321025365
-98.07473758110638 223.7038813913212
-103.4540746063443 223.4756932762244
-108.0155537629489 222.2287508375686
-113.45972008037141 221.69478129078536
-118.9423998652531 220.9920816857331
-124.45736077298876 220.11782350726426
-129.99827168147243 219.06936329959643
-135.55870867920368 217.84424561785042
-142.1663857668189 217.1394116054108
-148.83117285368454 216.19636642315493
-155.54424260469068 215.01117479074833
-162.29663403244538 213.5801766643512
-169.07926140515568 211.8999914973648
-177.03641262897312 210.5170381551319
-186.22342189289532 209.333023177649
-194.2992166880456 207.2758739655865
-203.62099682988745 205.34357130370316
-214.23397415650322 203.43213712188137
-224.92518894795353 201.05007076338384
-236.94763229047945 198.5420943455089
-250.3333006268454 195.79830862469697
-265.108780398927 192.70677681452395
-281.2951789045483 189.15377203106226
-300.2391435961975 185.23223342509792
-321.98943279450765 180.71620595611722
-345.22772942902395 175.24179495075037
-374.0484962806556 168.982732482394
-407.1535183195018 161.42225130765883
-447.34462588984997 152.25935670887492
-497.47308339373114 140.8907910206714
-560.4210086059705 126.4102156889576
-643.3078780815669 107.34251596561585
-756.1403898916225 81.21601725777384
-920.3214740693707 43.238442501122336
NaN NaN
NaN NaN
NaN NaN
-1050.6281514859777 -154.40538825983134
-1043.364035368219 -174.30672206878978
-1037.2297435429673 -198.12064628133456
-1032.187658286467 -221.9199517646717
-1027.6009519325346 -245.86114883211727
-1024.0025996946322 -270.2878806429263
-1021.2259237277021 -295.1669791449673
-1018.1270212441907 -320.39845901873736
-1015.8461565899071 -345.5599084012818
-1013.1195432599817 -370.9491767036867
-1011.1080064833404 -396.3909255841792
-1009.7678769890101 -422.0176567852297
-1007.8223133768747 -447.98471714691914
-1006.4522120219591 -474.2807478407589
-1004.3838949614618 -500.94860630292925
-1002.7967075698327 -528.073850890217
-1001.635119060528 -555.7637792586621
-996.0369581741616 -583.2399221198064
-982.5081135036844 -609.2618684927514
-968.3223590051191 -634.8614034305929
-953.4921512692109 -660.0270865978661
-938.03019284571 -684.7471035594413
-921.9494448238469 -709.0094267568251
-905.2631233388138 -732.8019447219889
-887.9847204350752 -756.1125519600273
-870.1279557432953 -778.929243701965
-851.7068009589085 -801.2401635924783
-832.7354881683729 -823.0336522349633
-813.2284371497107 -844.2982999606407
-793.2002941920473 -865.0229657129373
-772.6659180360997 -885.1968058588099
-751.6403258553778 -904.8092951281822
-730.1387417561763 -923.8502407561771
-708.1765293910324 -942.3097942970088
-685.7692097902767 -960.1784608437744
-662.9324477888111 -977.4471070122544
-639.6820391449106 -994.1069664827613
-616.0373993550342 -1010.151141381555
-592.0269298045624 -1025.5782977530696
-567.6635689540731 -1040.3821260037653
-542.9593301888464 -1054.5555589310911
-517.9267936335525 -1068.0914200845145
-492.5791791780923 -1080.982575811793
-466.9302287390618 -1093.2219643990497
-440.9942287573946 -1104.802710167522
-414.7858599328835 -1115.7180820797903
-388.3202865317706 -1125.9616525813685
-361.6129905496935 -1135.527203807646
-334.67986677132814 -1144.4088979274622
-307.53710557727413 -1152.6012130502
-280.20118558344956 -1160.0989868728275
-252.6888585375117 -1166.897459282942
-225.0171083985187 -1172.9922706813036
-197.20312490884623 -1178.3794704656123
-169.26429204846477 -1183.055562358641
-141.2181512976285 -1187.017491889214
-113.08237530501025 -1190.2626361496746
-84.87475968855036 -1192.7888702375838
-56.61318541174405 -1194.5945228959313
-28.31560109873784 -1195.6783985762434
0 -1196.039769978883
28.315601098737375 -1195.6783985762434
56.613185411743665 -1194.5945228959313
84.87475968855036 -1192.7888702375838
113.08237530500969 -1190.2626361496746
141.21815129762803 -1187.017491889214
169.26429204846477 -1183.055562358641
197.2031249088459 -1178.3794704656123
225.01710839851813 -1172.9922706813036
252.6888585375117 -1166.897459282942
280.2011855834492 -1160.0989868728275
307.5371055772739 -1152.6012130502
334.67986677132814 -1144.4088979274622
361.6129905496932 -1135.5272038076462
388.32028653177014 -1125.9616525813685
414.7858599328835 -1115.7180820797903
440.9942287573942 -1104.8027101675223
466.93022873906153 -1093.2219643990502
492.5791791780923 -1080.982575811793
517.9267936335524 -1068.0914200845145
542.9593301888464 -1054.5555589310911
567.6635689540731 -1040.3821260037653
592.0269298045624 -1025.5782977530696
616.0373993550342 -1010.151141381555
639.6820391449106 -994.1069664827613
662.9324477888109 -977.4471070122544
685.7692097902767 -960.1784608437742
708.1765293910324 -942.3097942970088
730.1387417561755 -923.8502407561774
751.6403258553773 -904.8092951281831
772.6659180360997 -885.1968058588099
793.2002941920466 -865.0229657129379
813.2284371497103 -844.2982999606409
832.7354881683726 -823.0336522349634
851.7068009589083 -801.2401635924786
870.1279557432956 -778.929243701965
887.9847204350752 -756.1125519600273
905.2631233388138 -732.8019447219889
921.9494448238468 -709.0094267568255
938.03019284571 -684.7471035594413
953.4921512692104 -660.0270865978665
968.3223590051191 -634.8614034305929
982.5081135036844 -609.2618684927514
996.0369581741616 -583.2399221198064
1001.635119060528 -555.7637792586622
1002.7967075698331 -528.0738508902166
1004.3838949614618 -500.9486063029293
1006.4522120219586 -474.2807478407601
1007.8223133768747 -447.98471714691914
1009.7678769890101 -422.0176567852297
1011.10800648334 -396.3909255841806
1013.1195432599814 -370.9491767036885
1015.8461565899071 -345.5599084012814
1018.1270212441898 -320.3984590187399
1021.2259237277021 -295.1669791449673
1024.0025996946322 -270.2878806429263
1027.6009519325346 -245.86114883211727
1032.187658286467 -221.9199517646717
1037.2297435429673 -198.12064628133456
1043.364035368219 -174.30672206878978
1050.6281514859777 -154.40538825983134
NaN NaN
NaN NaN
NaN NaN
920.3214740693709 43.23844250112054
756.1403898916225 81.21601725777384
643.3078780815669 107.34251596561585
560.4210086059705 126.4102156889576
497.4730833937312 140.89079102067092
447.3446258898501 152.25935670887478
407.1535183195018 161.42225130765863
374.0484962806556 168.982732482394
345.22772942902395 175.24179495075037
321.98943279450765 180.71620595611722
300.2391435961975 185.23223342509786
281.2951789045483 189.1537720310623
265.1087803989271 192.70677681452383
250.3333006268454 195.79830862469697
236.94763229047945 198.5420943455089
224.92518894795353 201.05007076338384
214.23397415650334 203.43213712188117
203.62099682988747 205.34357130370307
194.2992166880456 207.2758739655864
186.22342189289532 209.333023177649
177.03641262897312 210.5170381551319
169.07926140515568 211.8999914973648
162.29663403244547 213.5801766643511
155.5442426046907 215.01117479074833
148.83117285368454 216.1963664231549
142.1663857668189 217.1394116054108
135.55870867920368 217.84424561785042
129.99827168147243 219.06936329959643
124.45736077298888 220.1178235072642
118.94239986525314 220.99208168573236
113.45972008037144 221.69478129078533
108.0155537629489 222.2287508375686
103.4540746063443 223.4756932762244
98.07473758110638 223.7038813913212
93.52794040462769 224.69484321025354
88.23486794258956 224.62731345668976
83.72166576032835 225.36956662891433
79.21588241135714 226.00002966317217
74.72154918873653 226.52001928097513
70.24264497194889 226.93096065909725
65.78309291555782 227.2343859433025
61.34675720411156 227.43193265005874
57.44839097814747 228.58915432625025
53.034815128226796 228.59373363253724
48.655336988795995 228.49700262170626
44.71852075970236 229.4022941066215
40.38210944263812 229.11969902840872
36.4230234135644 229.86261847165994
32.142595243763125 229.3991077900812
28.17302592583742 229.9809915539496
24.18418872763644 230.48633413271273
19.992712057495446 229.76495312644522
16.010602558534288 230.11137999605612
12.01754299993045 230.38114229806956
8.016264377983743 230.57400078872413
4.009503275139806 230.68978437658748
