-1847.875 -3160.625 0.0000000000000015178642343446508
-2033.125 -2583.125 0.00000000000000144199365026989
1233.875 -3835.625 0.0000000000000011975579940095006
-1703.875 -3504.875 0.0000000000000015548464609832935
-1313.875 -3712.625 0.00000000000000237044636576425
1452.875 -3433.625 0.000000000000001148651680400391
-1948.375 -1896.875 0.0000000000000017540188368331602
-1889.875 -3045.125 0.0000000000000015040851555593965
1290.875 -3751.625 0.0000000000000011898957290754829
-1667.875 -3579.875 0.0000000000000015624056403687925
-1983.625 -2755.625 0.0000000000000014664641200003536
-1668.625 -2878.625 0.0000000000000021160042478627728
1833.125 -3199.625 0.0000000000000030445456583241038
1771.625 -3353.375 0.0000000000000030784085407517652
2022.875 -2621.375 0.0000000000000028950940247757777
-1747.375 -3410.375 0.0000000000000015451989071295534
-2044.375 -2544.125 0.0000000000000014363797191663988
1855.625 -3141.125 0.0000000000000030312631559690353
1849.625 -2317.625 0.000000000000000957713512468379
-1802.125 -2469.875 0.000000000000001971518008368644
-1460.125 -3414.125 0.00000000000000229127583488564
1692.875 -2813.375 0.0000000000000010469882516050904
1620.875 -3675.125 0.000000000000003143649968057975
-1855.375 -2295.875 0.0000000000000019073290241282448
1882.625 -2171.375 0.000000000000000929804869286036
-1841.125 -3180.125 0.0000000000000015200780674407133
-1246.375 -3816.125 0.000000000000002390833944031164
-1685.125 -2835.125 0.000000000000002101363435521082
-1503.625 -3885.875 0.0000000000000015933445199218792
1303.625 -3731.375 0.0000000000000011876159849378712
-1947.625 -2871.875 0.0000000000000014819908957870795
-1721.875 -3467.375 0.000000000000001551061259896077
1626.125 -2988.125 0.0000000000000010758872166222245
-1777.375 -2572.625 0.0000000000000020101251257901324
-1463.125 -3948.875 0.0000000000000016006248957889268
-1555.375 -3800.375 0.000000000000001589365997707854
1890.125 -3045.125 0.000000000000003008170311118801
-2000.875 -2697.875 0.0000000000000014584604727782598
1270.625 -3777.875 0.000000000000001191001641687722
-1907.125 -2085.125 0.00000000000000182672287441597
1784.375 -2550.875 0.0000000000000010011397731764086
-1712.875 -3486.125 0.0000000000000015529359664877917
-1625.875 -2988.125 0.000000000000002151774090287865
1220.375 -3854.375 0.000000000000001199654650923344
1463.375 -3948.875 0.000000000000003201249791577856
-1855.375 -3141.125 0.0000000000000015156315779845166
-1937.125 -1939.625 0.0000000000000017705370378824336
2096.375 -2340.875 0.0000000000000027966102597377115
-1563.625 -3784.625 0.0000000000000015872366097208063
1183.625 -3899.375 0.0000000000000012023428515843082
-1947.625 -1859.375 0.0000000000000017392230876569937
-1596.625 -3723.125 0.0000000000000015784971608006083
1896.125 -3025.625 0.000000000000003003333242908864
1599.125 -3054.125 0.0000000000000010862536350851548
-1535.125 -3204.125 0.000000000000002219510005122407
-1487.875 -3351.875 0.0000000000000022733356062560918
1512.875 -3277.625 0.0000000000000011235069226722862
-2061.625 -2474.375 0.0000000000000014187958345465287
1763.375 -3372.125 0.0000000000000030824125436520634
2061.125 -2474.375 0.0000000000000028375916690930574
1140.125 -3954.875 0.0000000000000012082621514500595
-1935.625 -2910.125 0.0000000000000014870716065120492
-1994.875 -2717.375 0.0000000000000014611457400968383
-2139.625 -2157.125 0.000000000000001361968169212124
-1541.875 -3184.625 0.0000000000000022125952292932285
1474.625 -3389.375 0.0000000000000011430163253407132
1801.625 -2469.875 0.000000000000000985759004184322
-1959.625 -2832.875 0.0000000000000014768887169128598
1453.625 -3963.875 0.000000000000003204920483306278
-1716.625 -2747.375 0.0000000000000020715946271645974
-2177.125 -1989.875 0.0000000000000013298149208959382
-1896.625 -3025.625 0.0000000000000015016666214544323
2143.625 -2138.375 0.0000000000000027177571497329098
1922.375 -2948.375 0.0000000000000029840282913708572
-1401.625 -3549.875 0.000000000000002331475035604401
1941.875 -2890.625 0.0000000000000029691430017499805
-2049.625 -2525.375 0.0000000000000014335492074963751
1617.125 -3009.875 0.000000000000001079368861956202
1822.625 -2404.625 0.0000000000000009737944269518412
-2071.375 -2436.125 0.000000000000001413007812678841
-1835.875 -2361.125 0.0000000000000019315443646513596
-1140.625 -3954.875 0.000000000000002416524302900116
-1647.625 -3624.125 0.0000000000000015702135180474106
1551.875 -3162.875 0.0000000000000011030230885044928
1913.375 -2025.875 0.0000000000000009017660223698381
2071.625 -2436.125 0.0000000000000028260148768587072
-1739.875 -2681.375 0.0000000000000020488761649525364
-1529.875 -3222.125 0.000000000000002226500809454463
1661.375 -3594.125 0.0000000000000031300954407987656
-2130.625 -2195.375 0.000000000000001368107325385107
-1829.125 -2382.875 0.0000000000000019395758866853964
-1811.125 -3257.375 0.0000000000000015287747100184658
-1620.625 -3675.125 0.0000000000000015718249840289868
1401.875 -3549.875 0.0000000000000011657375178022013
-2011.375 -2659.625 0.000000000000001453037871061198
1902.875 -3006.875 0.000000000000002998565468337907
-2076.625 -2417.375 0.0000000000000014100951789286084
1197.125 -3881.375 0.0000000000000012003266217698691
-2081.125 -2397.875 0.000000000000001407171106420904
1811.375 -3257.375 0.0000000000000030575494200369316
-2056.375 -2493.875 0.0000000000000014216696016629089
1443.875 -3453.875 0.0000000000000011515527839168974
1989.125 -2736.875 0.0000000000000029276272664857772
1712.375 -3486.125 0.000000000000003105871932975587
1428.125 -3492.125 0.0000000000000011573722997432596
1419.875 -3511.625 0.0000000000000011601988517958109
-1546.375 -3816.125 0.0000000000000015913284565491947
1685.375 -2835.125 0.0000000000000010506819744265506
1528.625 -3847.625 0.0000000000000031904965871102194
1740.125 -2681.375 0.0000000000000010244380824762682
-1676.125 -3561.875 0.0000000000000015604110865633796
1725.125 -2725.625 0.000000000000001032030470210084
1530.125 -3222.125 0.0000000000000011132504047272322
1561.625 -3141.125 0.0000000000000010997222613046933
1909.625 -2987.375 0.000000000000002993758803978325
-1916.125 -2967.875 0.0000000000000014944564067100442
-1928.875 -2928.875 0.000000000000001489552498874021
-1220.875 -3854.375 0.000000000000002399309371119905
1467.125 -3396.125 0.0000000000000011425319067982604
-1931.125 -1961.375 0.0000000000000017787929187602646
1971.875 -2794.625 0.0000000000000029434251982656442
-1612.375 -3691.625 0.000000000000001574021170960247
1436.375 -3986.375 0.0000000000000031970150297421976
-1763.875 -3372.125 0.000000000000001541206271826032
-1616.875 -3009.875 0.000000000000002158737723912401
1953.125 -1837.625 0.0000000000000008654708412386767
-1654.375 -3609.125 0.0000000000000015676497926889057
1155.125 -3936.125 0.0000000000000012063108950874065
2091.125 -2360.375 0.000000000000002802542463262158
-1304.125 -3731.375 0.0000000000000023752319698757396
1676.375 -2856.875 0.000000000000001054351479273882
-1988.875 -2736.875 0.0000000000000014638136332428886
1685.375 -3543.125 0.0000000000000031171146534130574
-1098.625 -3998.375 0.0000000000000024210583512926352
-2121.625 -2232.875 0.0000000000000013742074210114869
1795.625 -3295.625 0.000000000000003066044692374374
1572.875 -3768.125 0.0000000000000031705016676347953
-1849.375 -2317.625 0.000000000000001915427024936758
-1571.125 -3119.375 0.000000000000002192798056245289
-2027.875 -2601.875 0.0000000000000014447778988479132
-1394.125 -3569.375 0.0000000000000023369996824857957
1895.375 -2128.625 0.0000000000000009215895341011917
1836.125 -2361.125 0.0000000000000009657721823256828
1901.375 -2106.875 0.0000000000000009174770458636187
-2100.625 -2322.125 0.0000000000000013953288374218254
1919.375 -2004.125 0.0000000000000008976460902827958
-1291.375 -3751.625 0.0000000000000023797914581509657
1660.625 -2900.375 0.0000000000000010616350665820755
-1868.875 -2252.375 0.0000000000000018910590066461837
-2105.875 -2303.375 0.0000000000000013923356710930909
-1481.125 -3370.625 0.000000000000002279653579959133
-1998.625 -1642.625 0.0000000000000016779088528827952
1643.375 -2944.625 0.0000000000000010688220519698242
-1925.125 -1983.125 0.0000000000000017870469288563228
1676.375 -3561.875 0.000000000000003120822173126758
1384.625 -3588.125 0.0000000000000011711722363368562
1125.125 -3972.875 0.0000000000000012101926724806575
-1941.625 -2890.625 0.0000000000000014845715008749898
1862.375 -2274.125 0.0000000000000009496122638267874
-1901.125 -2106.875 0.0000000000000018349539192335183
-2148.625 -2118.875 0.0000000000000013557752299725786
-1883.125 -3064.625 0.0000000000000015064242857583262
-1607.875 -3032.375 0.0000000000000021656437838049045
-1724.875 -2725.625 0.000000000000002064060388979784
-2114.875 -2265.125 0.0000000000000013863228150896916
-1154.875 -3936.125 0.000000000000002412621790174813
-1183.375 -3899.375 0.0000000000000024046857031686164
-1971.625 -2794.625 0.0000000000000014717125991328221
1169.375 -3918.125 0.000000000000001204335229357274
-1436.875 -3472.625 0.0000000000000023090150305562987
-1787.875 -3315.125 0.0000000000000015350883177200385
-1943.125 -1917.875 0.0000000000000017622796349423563
1929.125 -2928.875 0.000000000000002979104997748042
2066.375 -2455.625 0.0000000000000028318163733079507
-1427.875 -3492.125 0.000000000000002314744599486519
2100.875 -2322.125 0.000000000000002790657674843651
-1493.875 -3900.875 0.0000000000000015953000117035269
-1755.625 -3390.875 0.0000000000000015432407093311975
1596.875 -3723.125 0.0000000000000031569943216012165
-1589.125 -3738.125 0.0000000000000015807739024433727
1948.625 -1896.875 0.0000000000000008770094184165796
1840.625 -3180.125 0.0000000000000030401561348814247
-1794.625 -2491.625 0.000000000000001979442422978407
-1862.125 -2274.125 0.0000000000000018992245276535747
-1874.125 -3095.375 0.0000000000000015173661170904382
1746.875 -3410.375 0.000000000000003090397814259108
1580.375 -3097.625 0.0000000000000010930438999626352
1647.875 -3624.125 0.000000000000003140427036094821
-1730.125 -3448.625 0.0000000000000015491075550012692
-2017.375 -2640.125 0.0000000000000014503005350979586
1494.125 -3900.875 0.0000000000000031906000234070558
-1474.375 -3932.375 0.0000000000000015989347620366289
-1772.125 -3353.375 0.0000000000000015392042703758826
1965.875 -2813.375 0.0000000000000029486190872449253
1518.875 -3258.875 0.0000000000000011201527030573154
1755.125 -2637.875 0.0000000000000010167552461419005
-1762.375 -2616.125 0.0000000000000020257517191221003
-1903.375 -3006.875 0.0000000000000014992827341689535
2033.375 -2583.125 0.00000000000000288398730053978
-1346.125 -3654.875 0.0000000000000023559160540388485
-1922.875 -2948.375 0.0000000000000014920143309556963
-2022.625 -2621.375 0.0000000000000014475473456307356
-1876.375 -2193.125 0.000000000000001867806402350895
1738.625 -3429.125 0.0000000000000030943800541749446
-1977.625 -2775.125 0.000000000000001469097167578929
1524.875 -3240.125 0.0000000000000011167669660265417
1721.375 -3467.375 0.0000000000000031021225197921473
1916.375 -2967.875 0.000000000000002988912813420091
1206.125 -3873.125 0.0000000000000012017001497955114
-1803.625 -3276.125 0.0000000000000015309390039121553
-1169.125 -3918.125 0.000000000000002408670458714547
1639.625 -3639.875 0.0000000000000031450621071616996
-1769.875 -2594.375 0.0000000000000020179449728181296
-1466.875 -3396.125 0.0000000000000022850638135965208
1995.125 -2717.375 0.0000000000000029222914801936765
1937.375 -1939.625 0.0000000000000008852685189412168
-1859.875 -3133.625 0.0000000000000015219011613100528
-1913.125 -2063.375 0.0000000000000018184867074742337
-1336.375 -3673.625 0.0000000000000023609212091516273
-1640.125 -3639.875 0.0000000000000015725310535808477
1874.375 -3095.375 0.0000000000000030347322341808763
1257.875 -3797.375 0.0000000000000011931932742586309
1590.125 -3075.875 0.0000000000000010896618715808308
1522.625 -3854.375 0.0000000000000031790659531363636
-1870.375 -2214.875 0.0000000000000018759925812054476
1537.625 -3831.125 0.000000000000003186773785571409
1779.875 -3333.875 0.000000000000003074371929569606
1513.625 -3869.375 0.0000000000000031831063537229273
-2126.125 -2214.125 0.0000000000000013711627275765866
1866.875 -3114.125 0.000000000000003039286532341588
1694.375 -3524.375 0.0000000000000031133753504352486
1098.125 -3998.375 0.0000000000000012105291756463263
1803.875 -3276.125 0.0000000000000030618780078243188
-1739.125 -3429.125 0.0000000000000015471900270874723
1507.625 -3295.625 0.0000000000000011268827092747146
2130.125 -2195.375 0.000000000000002736214650770214
1977.875 -2775.125 0.000000000000002938194335157858
-1634.125 -2966.375 0.000000000000002144752855294397
1794.875 -2491.625 0.000000000000000989720904924788
-1357.375 -3634.625 0.0000000000000023510035797586956
-2039.125 -2563.625 0.0000000000000014391938681283884
1555.625 -3800.375 0.000000000000003178731995415709
2028.125 -2601.875 0.0000000000000028895557976958264
1460.375 -3414.125 0.00000000000000114563791744282
-1919.875 -2004.125 0.0000000000000017952921805655585
-1474.375 -3389.375 0.0000000000000022860326506814245
1113.875 -3980.375 0.00000000000000120867689478625
1947.125 -1859.375 0.0000000000000008696115438284968
-2066.125 -2455.625 0.0000000000000014159081866539754
-1953.625 -2852.375 0.000000000000001479449153785443
1818.875 -3237.875 0.00000000000000305329482222277
1709.375 -2769.125 0.0000000000000010395515609961657
-1692.625 -2813.375 0.0000000000000020939765032101768
-1747.375 -2659.625 0.0000000000000020412234519227315
1913.375 -2063.375 0.0000000000000009092433537371169
2177.375 -1989.875 0.0000000000000026596298417918765
1605.125 -3706.625 0.000000000000003152744697140319
-1125.625 -3972.875 0.000000000000002420385344961315
1634.375 -2966.375 0.0000000000000010723764276471984
-1822.375 -2404.625 0.0000000000000019475888539036825
1494.875 -3332.375 0.0000000000000011334635415046652
1998.125 -1642.625 0.0000000000000008389544264413976
1935.125 -2910.125 0.0000000000000029741435995579152
2148.125 -2118.875 0.000000000000002711550459945157
-1436.125 -3986.375 0.0000000000000015985075148710988
1942.625 -1917.875 0.0000000000000008811398174711782
-1909.375 -2987.375 0.0000000000000014968794019891626
1959.875 -2832.875 0.0000000000000029537774338257195
-1283.125 -3759.125 0.0000000000000023774984004334944
1484.375 -3916.625 0.0000000000000031943685098030843
-1754.875 -2637.875 0.000000000000002033510492283801
1612.625 -3691.625 0.0000000000000031480422780785287
-2096.125 -2340.875 0.000000000000001398305428231934
-1325.125 -3693.125 0.0000000000000023656753468336163
2076.125 -2417.375 0.000000000000002820190357857217
1791.125 -2529.125 0.000000000000000997194627073802
1809.125 -2448.125 0.0000000000000009817831364713133
1336.625 -3673.625 0.0000000000000011804605985386986
-1507.375 -3295.625 0.000000000000002253765624570766
-1685.875 -3543.125 0.0000000000000015585573267065258
-1524.625 -3240.125 0.0000000000000022335339320530834
-1676.875 -2856.875 0.000000000000002108702958547764
1925.375 -1983.125 0.0000000000000008935234644281614
1651.625 -2922.875 0.0000000000000010652349371398302
1755.875 -3390.875 0.000000000000003086481418662397
1473.875 -3932.375 0.0000000000000031978695240732578
1732.625 -2703.875 0.0000000000000010282397824598302
1393.625 -3569.375 0.0000000000000011684998412428979
1546.625 -3816.125 0.000000000000003182656913098391
1769.375 -2594.375 0.0000000000000010089724864090652
-1694.875 -3524.375 0.0000000000000015566876752176243
-1412.125 -3530.375 0.000000000000002326080705190083
2115.125 -2265.125 0.0000000000000027726447981610733
1356.875 -3634.625 0.0000000000000011755017898793476
1815.875 -2426.375 0.0000000000000009777973269971415
-1779.625 -3333.875 0.000000000000001537185964784803
2110.625 -2283.875 0.0000000000000027786673058502985
2006.375 -2679.125 0.0000000000000029115173285557145
-1196.875 -3881.375 0.00000000000000240065319515775
-1895.125 -2128.625 0.0000000000000018431790682023835
-2086.375 -2379.125 0.0000000000000014042267483147118
-1913.875 -2025.875 0.0000000000000018035320447396763
-1889.125 -2149.625 0.000000000000001851404216775155
-1815.625 -2426.375 0.000000000000001955594179530963
-2090.875 -2360.375 0.000000000000001401271231631079
-1632.625 -3654.875 0.0000000000000015750146953445751
-2135.125 -2175.875 0.00000000000000136504489969573
1983.125 -2755.625 0.0000000000000029329282400007072
-1512.625 -3277.625 0.000000000000002247013845344573
1571.375 -3119.375 0.0000000000000010963990281226505
1848.125 -3160.625 0.0000000000000030357284686893017
1503.125 -3885.875 0.000000000000003186689064443659
1747.625 -2659.625 0.0000000000000010206117259613658
2134.625 -2175.875 0.00000000000000273008979939146
1701.125 -2790.875 0.0000000000000010432787691154833
1947.875 -2871.875 0.0000000000000029639817915741622
-1484.875 -3916.625 0.0000000000000015971842718965238
-1518.625 -3258.875 0.000000000000002240305406114631
-1443.625 -3453.875 0.000000000000002303105567833795
1716.875 -2747.375 0.0000000000000010357970404359201
1488.125 -3351.875 0.0000000000000011366678031280459
1535.375 -3204.125 0.0000000000000011097550466540329
1883.375 -3064.625 0.0000000000000030128485715166445
-1732.375 -2703.875 0.0000000000000020564795649196604
-1384.375 -3588.125 0.0000000000000023423444726737124
-1580.875 -3097.625 0.0000000000000021860877999252716
1581.125 -3753.125 0.0000000000000031661029338495448
-1494.625 -3332.375 0.0000000000000022669270830093305
1588.625 -3738.125 0.0000000000000031615478368445697
1375.625 -3596.375 0.000000000000001170291964767195
1480.625 -3370.625 0.0000000000000011398267899795671
1829.375 -2382.875 0.0000000000000009697879433426982
1704.125 -3504.875 0.000000000000003109692921966587
1632.875 -3654.875 0.0000000000000031500293906891502
-1842.625 -2339.375 0.0000000000000019234958311220447
-2144.125 -2138.375 0.0000000000000013588785748664549
-1528.375 -3847.625 0.0000000000000015952483045367432
-1643.125 -2944.625 0.0000000000000021376442225355553
1542.125 -3184.625 0.0000000000000011062976146466145
-1453.375 -3963.875 0.0000000000000016024602191108595
-1452.625 -3433.625 0.0000000000000022973033608007816
-1513.375 -3869.375 0.0000000000000015915531768614637
1876.625 -2193.125 0.0000000000000009339032011754476
-1818.625 -3237.875 0.0000000000000015266472842289026
1501.625 -3313.625 0.0000000000000011302275333096948
-1604.875 -3706.625 0.0000000000000015763723485701582
-1965.625 -2813.375 0.0000000000000014743095436224627
1762.625 -2616.125 0.0000000000000010128758595610501
1842.875 -2339.375 0.0000000000000009617479155610224
2049.125 -2525.375 0.0000000000000028670984149927502
-1661.125 -3594.125 0.0000000000000015650477203993828
1314.125 -3712.625 0.0000000000000011852231911979655
-1561.375 -3141.125 0.0000000000000021994445226093847
1667.375 -3579.875 0.0000000000000031248111857972356
-1551.625 -3162.875 0.0000000000000022060461770089857
-1795.375 -3295.625 0.0000000000000015330221886794518
-1791.625 -2529.125 0.0000000000000019943897132894132
1425.125 -4002.125 0.000000000000003200319482038696
-1826.125 -3218.375 0.0000000000000015245014659736815
-1651.375 -2922.875 0.0000000000000021304697543988704
1668.875 -2878.625 0.0000000000000010580021239313864
-1113.625 -3980.375 0.0000000000000024173537895725
-1808.875 -2448.125 0.0000000000000019635662729426267
1654.625 -3609.125 0.0000000000000031352995853778135
1436.375 -3472.625 0.0000000000000011545075457374502
1889.375 -2149.625 0.0000000000000009257021083875774
2038.625 -2563.625 0.000000000000002878388261361886
2081.375 -2397.875 0.000000000000002814342212841808
1627.625 -3661.625 0.000000000000003138410772931559
1245.875 -3816.125 0.000000000000001195416972015582
-1366.375 -3615.875 0.0000000000000023457846378675622
2105.375 -2303.375 0.0000000000000027846713421861818
-1598.875 -3054.125 0.0000000000000021725072701703095
1788.125 -3315.125 0.0000000000000030701766354400763
1931.375 -1961.375 0.0000000000000008893964593801323
1365.875 -3615.875 0.0000000000000011728923114492907
2016.875 -2640.125 0.0000000000000029006010701959172
1282.625 -3759.125 0.0000000000000011887492002167482
-1700.875 -2790.875 0.0000000000000020865575382309666
-1580.875 -3753.125 0.000000000000001583051466924774
-1206.625 -3873.125 0.000000000000002403400276340775
-1443.625 -3978.875 0.0000000000000016042711541686066
1443.125 -3978.875 0.000000000000003208542343253205
1411.625 -3530.375 0.0000000000000011630403338553545
1855.625 -2295.875 0.0000000000000009536645120641224
1324.625 -3693.125 0.0000000000000011828376734168095
2125.625 -2214.125 0.0000000000000027423254551531733
-1502.125 -3313.625 0.0000000000000022604550666193864
-1271.125 -3777.875 0.000000000000002382003283375445
1868.375 -2252.375 0.0000000000000009455295033230918
-1952.875 -1837.625 0.0000000000000017309416824773534
-1784.125 -2550.875 0.000000000000002002279546352817
-1572.625 -3768.125 0.0000000000000015852508304072407
-1257.625 -3797.375 0.0000000000000023863865485172625
2011.625 -2659.625 0.000000000000002906075742122396
2139.875 -2157.125 0.0000000000000027239363384242497
-2110.375 -2283.875 0.0000000000000013893336529251493
2000.375 -2697.875 0.0000000000000029169209455565227
1608.125 -3032.375 0.0000000000000010828221084607335
2086.625 -2379.125 0.0000000000000028084534966294236
-1709.125 -2769.125 0.0000000000000020791031219923314
1907.375 -2085.125 0.000000000000000913361437207985
-1867.375 -3114.125 0.0000000000000015196434701654702
1860.125 -3133.625 0.0000000000000030438019246098388
-1419.625 -3511.625 0.0000000000000023203977035916226
1345.625 -3654.875 0.0000000000000011779580270194242
-1833.625 -3199.625 0.0000000000000015222728291620549
-1233.625 -3835.625 0.000000000000002395115988019001
2043.875 -2544.125 0.0000000000000028727594383327976
1730.375 -3448.625 0.0000000000000030982151100025383
-1424.875 -4002.125 0.000000000000001600159741019348
-1538.125 -3831.125 0.0000000000000015933868927857037
1563.875 -3784.625 0.0000000000000031744732194416114
-1589.875 -3075.875 0.0000000000000021793237431616573
1826.375 -3218.375 0.0000000000000030490031923357626
-2006.125 -2679.125 0.0000000000000014557586642778547
-1660.375 -2900.375 0.00000000000000212327013316415
1953.875 -2852.375 0.000000000000002958898307570886
1776.875 -2572.625 0.0000000000000010050625628950662
-1883.125 -2171.375 0.000000000000001859609738572072
