-437.5 37.5 0.00000005077282683814477
-667.5 -517.5 0.000000004131314208534123
-852.5 -272.5 0.000000003545369172199916
-767.5 -437.5 0.0000000009122120538670987
-852.5 -282.5 0.000000007955769809334905
-502.5 37.5 0.00000007568444677914876
-347.5 27.5 0.000000001686629482452286
-222.5 -427.5 0.000000004079378023623613
737.5 -472.5 0.000000007558730650150813
-402.5 37.5 0.00000003791485458721418
437.5 -552.5 0.000000015232306905040925
-822.5 -362.5 0.000000003523078279971375
-827.5 -42.5 0.000000004408406357795238
282.5 -487.5 0.000000039920729364035015
-707.5 -492.5 0.000000003903694861900767
512.5 37.5 0.0000003331463985107973
-647.5 -527.5 0.000000004266603251641162
707.5 -497.5 0.000000001962357455444608
-227.5 -437.5 0.000000017268281383388764
387.5 37.5 0.000000004244588475581434
627.5 32.5 0.000000027824687104744067
472.5 37.5 0.00000015574310503666097
-792.5 -412.5 0.000000003583671614855759
-667.5 27.5 0.00000000968050637524905
-302.5 17.5 0.0000000013569384045372287
252.5 12.5 0.000000008950931916514942
142.5 -267.5 0.000000010886649825715178
-862.5 -217.5 0.000000008165283708151653
712.5 -492.5 0.00000000778484690949294
-632.5 -537.5 0.0000000010954022240023406
147.5 -107.5 0.0000000018012876496744022
562.5 37.5 0.00000034142116579882056
-832.5 -52.5 0.0000000010799339121295937
-192.5 -387.5 0.000000011602112987328883
492.5 -562.5 0.00000001228310842320523
-167.5 -337.5 0.000000007822532549833891
647.5 -527.5 0.000000008548772381899566
-757.5 -452.5 0.000000008306587279121045
837.5 -322.5 0.0000000017602174537200758
677.5 22.5 0.000000004647389517539374
-172.5 -347.5 0.0000000021180650324719133
-572.5 37.5 0.00000003405123430654148
-802.5 -392.5 0.0000000008886743570575877
-802.5 -397.5 0.0000000035587474900839933
-577.5 37.5 0.00000012584994005125044
287.5 -487.5 0.000000009906797179310104
552.5 37.5 0.00000039800379189879267
-862.5 -207.5 0.000000003650589426802901
-157.5 -77.5 0.000000003518063085438171
-857.5 -267.5 0.0000000035501521653969687
-562.5 -552.5 0.000000005031012958710859
137.5 -192.5 0.000000018981460789372553
807.5 -392.5 0.000000007113683367333078
827.5 -352.5 0.000000007047623225416578
672.5 27.5 0.0000000047786201555769806
137.5 -167.5 0.00000001786245854150108
-647.5 27.5 0.00000004637215640861072
-817.5 -377.5 0.000000000883189751927602
297.5 -502.5 0.00000000933489944007454
542.5 -557.5 0.000000023883077304597707
-547.5 37.5 0.000000012826761141637008
-817.5 -32.5 0.0000000011261101399339368
737.5 -467.5 0.000000001884338301652724
162.5 -322.5 0.0000000035924318051934902
-202.5 -407.5 0.000000013605781370935447
332.5 27.5 0.0000000123159580376958
-812.5 -382.5 0.0000000035394699023065182
722.5 -487.5 0.0000000019266625693349606
402.5 37.5 0.00000007594835113803004
167.5 -52.5 0.0000000017618414553570037
812.5 -17.5 0.00000002090615569042645
657.5 27.5 0.00000004784025677956426
142.5 -162.5 0.000000001955846171615292
137.5 -237.5 0.0000000024050378702692204
857.5 -242.5 0.000000016155422649572094
702.5 22.5 0.000000015433437017703204
-187.5 -377.5 0.000000010695118222338471
142.5 -257.5 0.000000010406790490049457
-137.5 -162.5 0.0000000009811308586954363
-832.5 -337.5 0.0000000035144580547105484
147.5 -117.5 0.000000007270040665119717
157.5 -77.5 0.0000000070468903642306365
-862.5 -202.5 0.0000000036626729261654473
-857.5 -252.5 0.0000000035696820473024973
227.5 -437.5 0.000000034596278939289146
-257.5 12.5 0.0000000011251589586221148
162.5 -67.5 0.0000000070334164733364116
437.5 -557.5 0.00000000375143951457339
-857.5 -132.5 0.000000003881316232349971
337.5 27.5 0.000000012826958812108614
457.5 -557.5 0.000000031327370889703144
832.5 -347.5 0.0000000017610186662456574
-237.5 12.5 0.0000000010543511329996734
-582.5 37.5 0.0000001128472837069766
-482.5 -557.5 0.0000000063176134571050024
-857.5 -152.5 0.000000003805223327867234
-852.5 -112.5 0.000000003968663412742653
-437.5 -557.5 0.0000000018722528328327594
-142.5 -132.5 0.0000000037097748396863134
-792.5 -407.5 0.0000000008946370511643133
-432.5 37.5 0.000000003072017127742549
467.5 37.5 0.00000014465508914693978
-137.5 -212.5 0.000000004447882663170583
857.5 -137.5 0.000000007738630733599117
847.5 -92.5 0.000000008149424674071496
267.5 -477.5 0.00000004067534861549107
142.5 -237.5 0.000000002424000601521653
-137.5 -187.5 0.000000004149882612481265
642.5 32.5 0.00000002405507994526458
-232.5 7.5 0.0000000010450869931502117
-627.5 -537.5 0.000000009932660920178462
-552.5 -557.5 0.00000000516613231369781
-682.5 27.5 0.0000000022218492562631025
697.5 17.5 0.000000004028199111395476
-802.5 2.5 0.000000004844710051109553
-642.5 -532.5 0.000000009683131982568415
137.5 -222.5 0.000000009229212393834837
-147.5 -107.5 0.0000000008992765560341959
-767.5 -442.5 0.000000008232745485914724
852.5 -112.5 0.000000007949386979315834
-782.5 -422.5 0.0000000036061939193562025
687.5 22.5 0.0000000042995843224537485
197.5 -397.5 0.000000025191180033044808
-152.5 -107.5 0.0000000008972026585783872
812.5 -22.5 0.000000002302953832930517
-862.5 -227.5 0.0000000036094182762779804
512.5 -562.5 0.00000001153477933425577
442.5 37.5 0.00000010732035100326879
-622.5 32.5 0.00000001517078372971838
282.5 17.5 0.000000022490139198322788
197.5 -2.5 0.0000000074464673357733846
287.5 -492.5 0.00000003928409322118358
-742.5 -467.5 0.000000008433659443978412
-277.5 17.5 0.0000000012106625056785424
277.5 17.5 0.000000002425099325033531
167.5 -62.5 0.0000000017586234779342259
187.5 -22.5 0.0000000018084159667221135
187.5 -382.5 0.000000022135527586780018
672.5 -517.5 0.00000001848548008460484
317.5 27.5 0.0000000029112605617807848
-387.5 32.5 0.000000002099564681835861
642.5 -532.5 0.000000019401636639048167
-842.5 -82.5 0.000000004129917191106622
-337.5 27.5 0.0000000064034810482448
177.5 -357.5 0.000000004590093829881107
137.5 -182.5 0.000000008217834001216567
-262.5 -472.5 0.000000020251447890602774
802.5 2.5 0.00000000970447514943772
562.5 -552.5 0.000000010080652037188147
402.5 -547.5 0.00000001803148426079536
487.5 37.5 0.00000019689290885768423
-152.5 -92.5 0.0000000035451981129323906
-172.5 -357.5 0.000000008946040752852513
782.5 2.5 0.000000002598780933264396
-237.5 -447.5 0.00000004166324417053637
462.5 -557.5 0.000000013621714890187422
537.5 -557.5 0.00000001076936321492962
827.5 -42.5 0.000000008830395779139346
-477.5 37.5 0.00000004685576510024765
857.5 -262.5 0.00000001602977031821593
162.5 -332.5 0.0000000340736748266567
862.5 -187.5 0.0000000074125088043069215
-622.5 27.5 0.000000003708804022854743
-862.5 -187.5 0.000000003700712824458832
-217.5 2.5 0.0000000009869815251864183
797.5 2.5 0.0000000024438180294452977
377.5 27.5 0.000000003955524926674155
577.5 -552.5 0.000000009782737160445531
152.5 -92.5 0.00000000710121132650294
-782.5 2.5 0.000000001297373450836595
-837.5 -322.5 0.0000000008786901473548552
522.5 37.5 0.00000022419316265138547
232.5 -442.5 0.00000008097935109677278
-857.5 -142.5 0.000000008644403666526303
152.5 -302.5 0.00000002869369334825538
217.5 -422.5 0.00000003116549922915405
477.5 -557.5 0.000000029045589380916462
-297.5 -502.5 0.000000004659090476864005
202.5 2.5 0.0000000018860345748195276
807.5 -7.5 0.00000002137844957421703
662.5 -522.5 0.000000018769201390946984
577.5 37.5 0.0000002520938153688948
147.5 -277.5 0.000000011308746639955827
-522.5 -557.5 0.000000012581287229588339
-557.5 -557.5 0.000000005110784041976006
-682.5 -512.5 0.000000004047561030276692
432.5 37.5 0.0000000061536454008967435
352.5 27.5 0.00000005505592224273247
372.5 32.5 0.00000001531392367801416
437.5 37.5 0.00000010170453280443003
-817.5 -22.5 0.0000000011448396061245117
-807.5 -392.5 0.0000000035508662296300217
-452.5 42.5 0.00000001504256423253293
447.5 37.5 0.00000011356465480734902
-497.5 37.5 0.00000012139855089608219
-392.5 -542.5 0.000000009607859324574862
832.5 -337.5 0.000000007040360069908802
547.5 42.5 0.00000010433329091138374
752.5 -457.5 0.000000016722650793616457
-677.5 -512.5 0.000000004070631457478286
142.5 -157.5 0.000000007769005244470422
302.5 -502.5 0.000000036801029788958806
492.5 37.5 0.0000002176237946499495
392.5 32.5 0.00000003969006091066816
147.5 -122.5 0.000000016476371477628916
-637.5 27.5 0.000000029038517368792227
-702.5 22.5 0.000000007704698699381329
-817.5 -367.5 0.0000000008819609675003899
-162.5 -327.5 0.000000007313343729175025
212.5 -422.5 0.000000007626267089547743
387.5 32.5 0.000000004205696970016405
597.5 -547.5 0.000000009384379981530897
-827.5 -347.5 0.0000000008792285715511073
-252.5 -462.5 0.00000004454328288962486
-837.5 -62.5 0.000000001061266809832992
767.5 7.5 0.0000000028025743659863985
-527.5 37.5 0.00000021205980004811208
-412.5 -547.5 0.000000008571118763392589
667.5 27.5 0.000000019391249743784592
-152.5 -97.5 0.0000000035567400031032994
-442.5 -557.5 0.0000000073801855188273026
142.5 -132.5 0.000000007430778917912576
-862.5 -237.5 0.0000000008988833839269722
-462.5 37.5 0.00000003822438646278359
452.5 -557.5 0.000000014240723145542524
207.5 -407.5 0.0000000069760720616160995
-162.5 -322.5 0.0000000017933207204578309
172.5 -357.5 0.000000017921546157292927
522.5 -557.5 0.000000025209284698260738
232.5 -437.5 0.000000008800649465108924
862.5 -182.5 0.000000007437422512333222
622.5 27.5 0.000000007429197835007896
767.5 -442.5 0.0000000164940606376009
857.5 -267.5 0.0000000071113769105263185
-242.5 7.5 0.0000000010788166632712152
-482.5 37.5 0.0000000897081906548525
852.5 -272.5 0.000000007101826914787608
197.5 2.5 0.000000007501042988650036
-852.5 -127.5 0.000000003899714118337588
-857.5 -262.5 0.000000008002449384973318
-182.5 -367.5 0.0000000024843966751789092
137.5 -202.5 0.000000008656381788816186
-862.5 -197.5 0.0000000009185788648516913
307.5 -507.5 0.00000000886246704487161
-727.5 -477.5 0.0000000009515623650511273
627.5 -537.5 0.000000019901728341417608
-762.5 7.5 0.000000001406877879479624
152.5 -292.5 0.000000012142197469895153
497.5 -562.5 0.000000012105841686745485
182.5 -367.5 0.000000004977041664279174
-687.5 -507.5 0.0000000040141893834515045
692.5 22.5 0.00000003684009365372176
-732.5 17.5 0.0000000016269331112613885
172.5 -42.5 0.0000000070872072603571135
732.5 12.5 0.000000003238018594215654
422.5 37.5 0.00000008929974603589316
157.5 -82.5 0.0000000070581917375338
277.5 -482.5 0.000000040373041267526526
-807.5 -7.5 0.000000010672669928835577
-192.5 -12.5 0.0000000036568267398105356
432.5 32.5 0.000000024154016580765934
-852.5 -122.5 0.0000000088279626810596
137.5 -162.5 0.000000001965213864294569
737.5 12.5 0.000000012829475802576135
562.5 -557.5 0.000000002539883626588578
-277.5 -482.5 0.000000020150711723868176
862.5 -227.5 0.0000000072298099871251644
-512.5 37.5 0.00000016631284113373863
-307.5 -507.5 0.000000004423269381459429
817.5 -367.5 0.000000001766850086933603
252.5 -462.5 0.00000008924291323924376
-657.5 27.5 0.00000002388281987666251
-272.5 12.5 0.0000000011982004771109906
-727.5 12.5 0.0000000016843308148978497
-257.5 -467.5 0.00000004514288420605158
137.5 -227.5 0.000000009366474052642083
167.5 -347.5 0.000000004179884342423573
-267.5 17.5 0.0000000011695426571249217
192.5 -12.5 0.0000000073249872477644115
-507.5 37.5 0.0000001489224947405664
-702.5 -497.5 0.0000000039320601108732695
-157.5 -317.5 0.000000015547581112608686
617.5 -542.5 0.000000020291304416338823
-182.5 -377.5 0.0000000026088166437046723
762.5 12.5 0.0000000028339542408926275
-532.5 37.5 0.0000002233393418584796
862.5 -232.5 0.000000007213675888508243
857.5 -157.5 0.0000000075908865291197
847.5 -297.5 0.000000007061673561146093
-292.5 -497.5 0.000000004781492245146584
-692.5 -507.5 0.0000000009995065299211211
-702.5 -502.5 0.0000000009866777466353052
802.5 -397.5 0.000000007129513718124915
-567.5 -552.5 0.000000004979899092264009
857.5 -147.5 0.000000007653962434805426
-842.5 -322.5 0.000000000878779809955295
757.5 7.5 0.000000002923916157871608
827.5 -357.5 0.000000007051194432044835
-217.5 -427.5 0.000000015990884659949498
172.5 -47.5 0.00000001589885898349858
702.5 -497.5 0.000000007878214455565188
862.5 -167.5 0.000000016930581708638563
-822.5 -37.5 0.000000010015105499199305
817.5 -22.5 0.0000000022932199483407775
747.5 12.5 0.000000012257314692668388
172.5 -347.5 0.000000004243075541038484
-137.5 -222.5 0.000000004607622220716599
187.5 -387.5 0.000000005670351663936329
-142.5 -252.5 0.000000005106289332498387
-782.5 -427.5 0.000000003614451291306098
137.5 -212.5 0.00000000890915198041758
-137.5 -167.5 0.000000008917824690664778
-332.5 27.5 0.000000006148376813795542
532.5 -557.5 0.000000010897985008482659
607.5 -542.5 0.000000009185289036454239
-862.5 -232.5 0.0000000036013477508761033
237.5 7.5 0.000000002102591396594412
147.5 -127.5 0.000000007380592312466329
272.5 -482.5 0.000000040559534843800144
-847.5 -97.5 0.000000004045166718903735
-187.5 -382.5 0.0000000110492782133046
-857.5 -162.5 0.0000000009446075649735246
692.5 -502.5 0.000000007978824727908536
-732.5 12.5 0.0000000016164907210027418
857.5 -132.5 0.000000007774380951236766
827.5 -347.5 0.0000000017613402750796678
257.5 12.5 0.0000000022538231595506647
-147.5 -282.5 0.000000013020626252234338
-152.5 -302.5 0.000000014324027575035383
-287.5 -492.5 0.000000019607038256617767
857.5 -142.5 0.000000017314921598308857
777.5 -427.5 0.000000001813557584913795
-487.5 37.5 0.00000009829258005844297
-422.5 37.5 0.00000004458010080083529
772.5 -437.5 0.000000007295665056378232
752.5 12.5 0.000000011797804542622287
307.5 22.5 0.000000024753434079995707
-407.5 -547.5 0.000000008779207800568963
-492.5 37.5 0.00000010864181341179895
267.5 -472.5 0.000000010161619901136854
787.5 -422.5 0.0000000018032007522113397
817.5 -372.5 0.000000007072175464893757
-167.5 -57.5 0.000000007907317972784899
782.5 7.5 0.000000010476153924977157
-627.5 32.5 0.00000001389062458585246
242.5 -452.5 0.00000008570897973026216
-862.5 -177.5 0.000000003726026152943593
687.5 -507.5 0.000000008042848704400537
-217.5 7.5 0.000000003972335179953411
-707.5 17.5 0.000000017011927181446998
527.5 -557.5 0.000000011031042070408447
597.5 37.5 0.00000017050089396458752
222.5 -427.5 0.000000008172798253976873
262.5 12.5 0.000000009254807099122354
367.5 32.5 0.00000003375506113165968
582.5 -552.5 0.000000021750024318185323
712.5 -487.5 0.0000000019395393818724183
837.5 -72.5 0.000000018880096766496646
-157.5 -87.5 0.000000007949756665282495
842.5 -322.5 0.0000000017603933386626693
852.5 -127.5 0.000000007811242768404833
392.5 -542.5 0.00000001925107457288359
137.5 -232.5 0.000000009509337548453115
-857.5 -157.5 0.000000003789735418426665
427.5 37.5 0.00000002314264566114927
177.5 -367.5 0.000000019431293105634003
142.5 -147.5 0.000000007633664958135835
707.5 -492.5 0.000000007821351083329113
297.5 22.5 0.000000010567383832613503
817.5 -377.5 0.0000000017693223780845867
842.5 -87.5 0.000000018472257392267626
-342.5 27.5 0.000000014662716365289923
-137.5 -232.5 0.000000004747431384488303
-472.5 37.5 0.00000007774986906966006
207.5 2.5 0.00000000772257305905715
412.5 -547.5 0.000000017173876676432437
407.5 -547.5 0.000000017590802239607898
-827.5 -52.5 0.0000000010838324681968468
862.5 -222.5 0.000000007246716463356734
257.5 -467.5 0.0000000904446488371471
-747.5 -462.5 0.000000008389055813410895
-692.5 22.5 0.000000018391352046589643
-142.5 -147.5 0.00000000381108230170201
-207.5 -407.5 0.00000000348211305737127
822.5 -357.5 0.0000000017635724758145158
-857.5 -257.5 0.0000000035636548839082853
222.5 -432.5 0.00000003333662365929593
-562.5 -557.5 0.0000000012675945584282659
567.5 37.5 0.000000020095014248770983
857.5 -247.5 0.00000000716315673587596
-522.5 37.5 0.00000011192139905556752
142.5 -262.5 0.000000023941772068391826
182.5 -372.5 0.000000020403175084299042
-267.5 -472.5 0.000000005071845709198117
-197.5 -2.5 0.000000003717461922319762
792.5 2.5 0.000000010076760813296668
-157.5 -307.5 0.0000000016468700012318778
812.5 -387.5 0.000000001774294477574616
517.5 -557.5 0.000000011384479417932816
232.5 7.5 0.000000002093425498341837
427.5 -552.5 0.000000015876953487683787
-827.5 -357.5 0.0000000035198008277418883
847.5 -302.5 0.000000015874780409122284
-187.5 -17.5 0.000000008168768652781251
187.5 -17.5 0.000000016362830878003093
772.5 7.5 0.000000010846745931943872
287.5 17.5 0.0000000025260260189917097
-857.5 -147.5 0.0000000038212157486323545
-862.5 -212.5 0.000000003640737134213791
-617.5 32.5 0.00000006358787412077599
-692.5 -502.5 0.000000003982249723967116
-407.5 32.5 0.000000002477924738387396
-157.5 -322.5 0.000000001770769062602229
327.5 27.5 0.0000000030482773403657097
-862.5 -192.5 0.00000000829306995041099
-562.5 37.5 0.00000017044390490031466
802.5 -402.5 0.000000001784500452182428
-202.5 2.5 0.0000000009415535259781618
397.5 32.5 0.0000000729635561982993
837.5 -332.5 0.000000015839482221368986
-177.5 -362.5 0.000000009389632886668139
-272.5 17.5 0.0000000012043655232085095
432.5 -552.5 0.000000015546788159846825
-732.5 -472.5 0.0000000009459014767701184
-367.5 32.5 0.000000016851192959227436
857.5 -257.5 0.0000000071383466642316685
-587.5 32.5 0.00000010140768490299334
-372.5 32.5 0.000000007645008333194637
137.5 -217.5 0.000000020397146540458657
-697.5 17.5 0.0000000020109634758060632
-847.5 -102.5 0.000000009038174307154567
822.5 -32.5 0.000000002246658507638907
-822.5 -32.5 0.0000000011215982293387792
477.5 37.5 0.00000009385820996633198
297.5 -497.5 0.00000003784822303334545
-727.5 17.5 0.0000000016955793946533902
-542.5 42.5 0.00000021214305324752328
-842.5 -312.5 0.0000000035177710373990075
862.5 -237.5 0.0000000018005133296506417
-607.5 -542.5 0.000000004584209803266041
-137.5 -182.5 0.000000004102767883754713
-822.5 -367.5 0.0000000035256815006119174
-147.5 -117.5 0.00000000362951036106997
-267.5 12.5 0.0000000011636461057719606
247.5 12.5 0.000000008703526548379454
-187.5 -387.5 0.0000000028304321165580713
742.5 -467.5 0.00000001689700114511649
-142.5 -157.5 0.0000000038786608447082094
-672.5 22.5 0.000000009409284124237292
-452.5 37.5 0.000000003675840017705857
842.5 -82.5 0.000000008272460019850196
-162.5 -62.5 0.0000000008778268011636699
417.5 37.5 0.00000008525749013337821
817.5 -27.5 0.000000020467987417461804
807.5 -12.5 0.000000009394485116981317
167.5 -342.5 0.0000000365349865432931
-852.5 -117.5 0.000000003948220542229672
412.5 32.5 0.00000008156347590444803
592.5 32.5 0.000000011931939613403227
857.5 -237.5 0.0000000017986392439802227
-672.5 -517.5 0.000000009226030552337991
832.5 -52.5 0.000000002163187881432959
-862.5 -162.5 0.00000000094276392412943
717.5 -487.5 0.000000007732136484353819
142.5 -247.5 0.000000010057064429624378
-182.5 -32.5 0.0000000008926604585770598
-672.5 27.5 0.0000000023855855535166286
187.5 -377.5 0.00000002142593769691856
-797.5 -407.5 0.0000000035736512710990352
-682.5 -507.5 0.0000000010076686248164779
-142.5 -142.5 0.000000008488207662632465
-802.5 -402.5 0.0000000008907435355261185
852.5 -277.5 0.00000000709297600411104
842.5 -312.5 0.000000007046818014754371
-512.5 -562.5 0.000000005756700325080412
632.5 -532.5 0.000000002186766407706002
-292.5 17.5 0.00000001170294977449012
662.5 27.5 0.000000020715057758948974
-297.5 -497.5 0.000000018890256056104972
-287.5 -487.5 0.000000004944580281327721
-427.5 37.5 0.000000011553235981993562
727.5 -482.5 0.000000007649550743905901
-227.5 -432.5 0.000000004238747395767452
-422.5 -552.5 0.000000008097014510107921
-657.5 -522.5 0.0000000041965294396709246
742.5 12.5 0.0000000030923557842620718
-662.5 22.5 0.000000002546334760513982
607.5 32.5 0.0000000826189467529949
567.5 -552.5 0.000000009978226493673413
342.5 27.5 0.000000029371243403459217
-622.5 -537.5 0.000000004456882307773895
827.5 -52.5 0.000000002170998337964416
237.5 -447.5 0.0000000834714955272538
-417.5 -552.5 0.000000018735091835256795
812.5 -382.5 0.000000007090782931250114
-197.5 -397.5 0.000000012574356671451809
-717.5 -487.5 0.000000003859193746810106
-337.5 22.5 0.000000001584535154076476
-542.5 -557.5 0.000000011919434945153236
-212.5 -417.5 0.000000033277291539370104
482.5 37.5 0.00000017969723228113195
-642.5 32.5 0.000000012008771118577517
142.5 -142.5 0.000000017002057707840136
852.5 -287.5 0.00000000707387549156624
852.5 -122.5 0.000000017682699713659136
157.5 -307.5 0.0000000032990083389708548
-807.5 -12.5 0.000000004689974632974528
-392.5 32.5 0.00000001981405827208465
397.5 -547.5 0.000000018497957299712666
-272.5 -477.5 0.000000005072023568275502
-847.5 -292.5 0.000000003528131077581235
457.5 42.5 0.00000012635647683875019
-787.5 -417.5 0.000000008083504896425624
727.5 17.5 0.000000003396443405942063
-837.5 -332.5 0.000000007906909183893551
-212.5 -422.5 0.000000003806616295555381
-232.5 -437.5 0.0000000043927179552557884
-172.5 -42.5 0.000000003538152800049385
182.5 -22.5 0.0000000018039276422128593
182.5 -377.5 0.000000005226326118426905
797.5 -402.5 0.0000000071469335361349886
622.5 -537.5 0.000000008930118745755053
567.5 32.5 0.00000007738395226062634
862.5 -212.5 0.000000007292431665540083
-447.5 -557.5 0.000000007240597079886574
-767.5 7.5 0.0000000013991107013593416
-162.5 -67.5 0.0000000035113252103321677
462.5 37.5 0.00000007656838564731212
822.5 -367.5 0.00000000706304704485233
847.5 -107.5 0.0000000020005719108374388
857.5 -162.5 0.0000000018920586445884444
-602.5 -547.5 0.000000004642929142660925
852.5 -282.5 0.000000015936577971021835
467.5 -557.5 0.000000013392066754388305
837.5 -62.5 0.0000000021257895881603458
647.5 27.5 0.00000009288918898258362
262.5 -472.5 0.00000004057439022184631
852.5 -107.5 0.0000000019952195375247816
-797.5 2.5 0.000000001220012354595038
-852.5 -277.5 0.000000003540935234461424
-852.5 -287.5 0.0000000035313616539950133
-137.5 -227.5 0.000000004676128779405697
337.5 22.5 0.000000003174017019340066
-582.5 -552.5 0.000000010854962260925353
157.5 -87.5 0.000000015923790938270625
482.5 -557.5 0.000000012658686251735529
617.5 32.5 0.00000012737458671848153
-137.5 -207.5 0.000000004388325662263276
197.5 -402.5 0.000000006450677948047647
-377.5 32.5 0.000000007999780699523701
-192.5 -7.5 0.000000008293276743351334
-157.5 -312.5 0.000000006704696339894157
-152.5 -292.5 0.0000000060615012419487126
-317.5 27.5 0.0000000014533613365421607
507.5 -562.5 0.000000011690558440477134
-397.5 32.5 0.000000036424815806676077
-207.5 -412.5 0.000000014246506246803867
-497.5 -562.5 0.000000013545530341329037
277.5 -487.5 0.000000010045933084890437
682.5 -507.5 0.000000002018973243853468
377.5 32.5 0.00000001602456577469271
-862.5 -172.5 0.000000003739360935611032
862.5 -202.5 0.000000007336300025454011
832.5 -57.5 0.000000019331412774238005
802.5 -2.5 0.000000009612493925770263
-777.5 -432.5 0.0000000036275555339687824
592.5 -547.5 0.000000009468271812462033
-172.5 -47.5 0.000000007937213853765994
572.5 -552.5 0.000000009878962175520501
-557.5 37.5 0.00000018561504237695275
-727.5 -482.5 0.000000003818001665598797
-167.5 -347.5 0.000000002086525468612179
-837.5 -327.5 0.000000003514388336393959
-752.5 -457.5 0.000000008346717248506352
-357.5 32.5 0.000000007028315320820665
-377.5 27.5 0.000000001974677089822814
227.5 -432.5 0.000000008492130677463702
702.5 -502.5 0.000000001976896046629132
862.5 -177.5 0.00000000746323121806407
537.5 37.5 0.0000002578973683353558
502.5 37.5 0.0000002656403687187501
802.5 -392.5 0.0000000017803448370705756
-812.5 -17.5 0.000000010436919532654929
-207.5 2.5 0.000000003855292790463949
397.5 -542.5 0.000000004716342294170224
812.5 -377.5 0.000000007082828338961134
152.5 -102.5 0.000000016105771491909734
142.5 -242.5 0.00000002216877061449873
-182.5 -372.5 0.000000010184649999840443
-832.5 -347.5 0.0000000008790698490218348
-247.5 12.5 0.0000000043449983346565496
142.5 -152.5 0.000000007699540795941406
652.5 27.5 0.000000005643021128088825
-757.5 7.5 0.000000001459686489222446
-152.5 -307.5 0.000000001627951190214524
-287.5 17.5 0.0000000012610465520213453
-737.5 12.5 0.0000000064047632706680695
-432.5 -552.5 0.000000007759037776919228
-507.5 -562.5 0.000000005834444747868924
-142.5 -162.5 0.0000000009764533963661446
137.5 -207.5 0.000000008789820482661148
172.5 -352.5 0.000000017366943248625843
-222.5 -432.5 0.000000016639628567929502
-417.5 37.5 0.000000042562156681223076
-307.5 -502.5 0.0000000179897827528044
-137.5 -177.5 0.000000004057677944210021
-227.5 7.5 0.000000004078478777252003
837.5 -67.5 0.000000008460396338498314
-682.5 22.5 0.000000019650969999140624
302.5 17.5 0.0000000027181090761403755
-842.5 -317.5 0.000000007911254475793025
242.5 7.5 0.0000000021609910733640662
637.5 -532.5 0.000000008699682275071878
-747.5 12.5 0.000000006119130084660849
837.5 -327.5 0.000000007040146429504008
552.5 -557.5 0.000000010351410617014877
542.5 42.5 0.00000042495058113736836
-772.5 7.5 0.00000000541494884880549
-612.5 37.5 0.000000004209519538752741
-577.5 -552.5 0.000000004882344177348176
157.5 -322.5 0.0000000035472481579583443
-232.5 -442.5 0.000000040419542425655503
-857.5 -137.5 0.000000003863473266065701
-602.5 -542.5 0.000000001153302954495596
-842.5 -77.5 0.000000004155756283636321
-797.5 -402.5 0.0000000035674222760741817
-137.5 -192.5 0.000000009476555725736089
-762.5 12.5 0.0000000014147748416604585
707.5 17.5 0.00000003407690056512583
-177.5 -32.5 0.0000000008909451325285288
-142.5 -237.5 0.0000000012101488334550072
-612.5 32.5 0.0000000041389013670511445
-537.5 -557.5 0.0000000053747110974067514
-862.5 -222.5 0.000000003617874468172411
-412.5 32.5 0.00000004071806070209656
-742.5 12.5 0.0000000015437732100521396
-352.5 27.5 0.000000027485026699528617
-272.5 -482.5 0.00000002024385181354976
697.5 -502.5 0.000000007937684350771739
-137.5 -172.5 0.000000004014565170261891
197.5 -392.5 0.000000006149357540913873
382.5 32.5 0.00000006579908306311177
-812.5 -377.5 0.000000003535513255043675
262.5 -467.5 0.000000010111685433338203
-202.5 -402.5 0.000000013187626670491659
217.5 2.5 0.000000001977031954434324
182.5 -27.5 0.000000016160855980522794
142.5 -137.5 0.000000007484401801055413
-327.5 27.5 0.0000000015217627996235894
-587.5 -547.5 0.000000004768563280782113
672.5 22.5 0.000000018847939751794033
-602.5 32.5 0.00000007836913654731745
-362.5 27.5 0.000000016453492889334358
797.5 -407.5 0.000000007159439719265645
-592.5 32.5 0.000000005956656941040078
857.5 -252.5 0.000000007150388449499779
-462.5 -557.5 0.000000006798246168954311
147.5 -272.5 0.00000001109318310559327
732.5 -477.5 0.000000007603040916054244
-457.5 -557.5 0.00000001563469209033718
-862.5 -182.5 0.0000000037131460915781625
-452.5 -557.5 0.000000007107187072824891
327.5 22.5 0.000000012074147865025826
667.5 -517.5 0.000000008277615950276118
292.5 -497.5 0.000000009580104491822071
207.5 -412.5 0.000000028541558280482278
-567.5 32.5 0.000000038631551894007896
-722.5 -487.5 0.0000000009616203638202427
192.5 -392.5 0.000000024005369696891415
792.5 -412.5 0.0000000071795547724480266
662.5 22.5 0.000000005100618844596814
-737.5 -467.5 0.0000000009405111578763748
212.5 -417.5 0.00000006666828615197409
-612.5 -542.5 0.000000004546486136800757
547.5 -557.5 0.000000010465965810990823
612.5 37.5 0.000000008432208597345957
-137.5 -197.5 0.0000000010658843292155045
-147.5 -277.5 0.000000005645520201876495
792.5 -407.5 0.0000000017923176057429578
817.5 -32.5 0.0000000022556976307807216
157.5 -317.5 0.00000003114516498521539
-217.5 -422.5 0.000000015556073751314493
557.5 37.5 0.00000037181108254943454
137.5 -197.5 0.000000002134954428237501
-517.5 37.5 0.0000001840941000965171
442.5 -557.5 0.00000001478771185622325
-442.5 37.5 0.00000005357632529453088
-662.5 27.5 0.000000010341381905015
-197.5 -402.5 0.0000000032198925334858533
-807.5 -387.5 0.000000003546048365644827
177.5 -37.5 0.00000001600619627886252
292.5 -492.5 0.000000038762480640227134
-172.5 -352.5 0.000000008669230824547919
-402.5 -547.5 0.000000008999154208922324
-832.5 -57.5 0.000000009650883600148589
-847.5 -92.5 0.000000004068506574055023
-297.5 22.5 0.00000000527546186795811
-812.5 -387.5 0.0000000008856628955659096
-317.5 22.5 0.000000012917273510932436
177.5 -362.5 0.000000018810306630067823
147.5 -282.5 0.000000026082231142758737
747.5 -462.5 0.00000001680755728322617
-397.5 -547.5 0.000000009231973477147342
-1497.5 1997.5 NaN
-157.5 -82.5 0.0000000035237096745616194
147.5 -112.5 0.0000000072317525898625306
757.5 -452.5 0.000000016642168530000124
272.5 17.5 0.0000000024124846955230282
-242.5 -452.5 0.00000004277982865181917
177.5 -32.5 0.0000000017846403546970045
732.5 -472.5 0.000000001895146623531981
272.5 12.5 0.0000000024001343550755354
267.5 17.5 0.0000000023427307756007297
-857.5 -242.5 0.000000008065336488214105
447.5 -557.5 0.000000014508028228346236
507.5 37.5 0.00000029831127980318307
347.5 27.5 0.0000000033785259625208653
862.5 -207.5 0.000000007312134084160058
167.5 -337.5 0.000000015670537292478852
307.5 -502.5 0.00000003604427977066373
862.5 -162.5 0.0000000018883645520225522
-492.5 -562.5 0.000000006130170581555384
152.5 -107.5 0.000000001797134727616431
-592.5 -547.5 0.000000004725419825514941
532.5 37.5 0.00000044737766386433637
-847.5 -307.5 0.0000000008799891947367904
162.5 -72.5 0.000000015834801357611813
-237.5 7.5 0.0000000010496622932825028
862.5 -197.5 0.0000000018399032253752067
762.5 7.5 0.000000002818134312705769
-632.5 32.5 0.00000003020230278803876
-192.5 -392.5 0.000000011982520427908012
-282.5 17.5 0.000000011227570698231002
-717.5 17.5 0.00000001603717294328074
-427.5 -552.5 0.000000007923822822375479
-147.5 -127.5 0.0000000036847145722537653
-387.5 37.5 0.0000000021189796143739447
202.5 -407.5 0.000000027257772094497962
-567.5 37.5 0.000000010031814303999207
-712.5 17.5 0.0000000018072982489986015
582.5 37.5 0.00000022604766634313368
-732.5 -477.5 0.000000003794804761093277
-182.5 -22.5 0.0000000009005711872000487
632.5 32.5 0.00000006049901510505921
-327.5 22.5 0.000000006027666117847181
-277.5 -487.5 0.000000005014045521910291
832.5 -342.5 0.00000001584462410925555
167.5 -57.5 0.00000001583892562633899
227.5 7.5 0.000000008169647455167694
-312.5 22.5 0.0000000014177469266746655
-502.5 -562.5 0.000000005915062116024775
-847.5 -107.5 0.0000000009987667643934653
452.5 42.5 0.00000003013223720306887
487.5 -562.5 0.000000012467263743617755
142.5 -252.5 0.000000010228348595992789
782.5 -422.5 0.000000007224755762492377
832.5 -62.5 0.0000000021330542216932776
-147.5 -272.5 0.000000005537931262962402
-842.5 -87.5 0.000000009222047172234574
-302.5 -502.5 0.000000018367524852268795
-177.5 -37.5 0.000000007990775335345629
-597.5 37.5 0.000000085117273731502
-572.5 -552.5 0.0000000049303631163452064
827.5 -47.5 0.000000019682983026183267
-782.5 7.5 0.000000005229941772753716
722.5 -482.5 0.000000007681811726484924
-617.5 -542.5 0.000000010127052318035296
-652.5 27.5 0.000000002817111932931309
-772.5 -432.5 0.0000000009086058220024723
632.5 -537.5 0.00000000219481576375652
162.5 -62.5 0.000000001758346776542921
-142.5 -242.5 0.00000001106740425386204
-167.5 -52.5 0.0000000008795686920062627
842.5 -307.5 0.0000000017623221759751347
162.5 -327.5 0.000000014650347654217152
152.5 -307.5 0.000000003261103212717284
202.5 -402.5 0.00000002641994256827741
862.5 -217.5 0.00000001635523120805532
-722.5 -482.5 0.000000003834092468875135
-137.5 -202.5 0.000000004321728243906919
-762.5 -447.5 0.000000008268613120063653
-262.5 12.5 0.000000004620208144308823
-282.5 -487.5 0.00000001992487194471026
-722.5 17.5 0.0000000017070361949639168
-177.5 -357.5 0.000000002291266627664788
-787.5 -422.5 0.0000000009000593982517463
-547.5 -557.5 0.0000000052233005384108345
-847.5 -297.5 0.0000000035252398633388193
677.5 -512.5 0.000000008155984590796921
-137.5 -217.5 0.000000010183193695955381
862.5 -172.5 0.00000000748995080153172
-147.5 -112.5 0.000000003610390587376436
247.5 -457.5 0.00000008765515718021036
782.5 -427.5 0.000000007241324956508287
-837.5 -67.5 0.00000000422372300251463
-142.5 -137.5 0.000000003736550725914368
-597.5 -547.5 0.000000004683556898298894
-517.5 -557.5 0.000000005681690732242579
807.5 -387.5 0.000000007104003743012596
-687.5 22.5 0.000000002146444189455166
-852.5 -107.5 0.0000000009960952958078367
-662.5 -522.5 0.00000000936758373605797
-477.5 -557.5 0.000000014495885439912763
-152.5 -297.5 0.000000006192901714300137
-637.5 -532.5 0.000000004341900726704138
822.5 -37.5 0.000000020061100171238595
-152.5 -102.5 0.000000008040644845667406
-857.5 -237.5 0.0000000008979458097257488
312.5 22.5 0.000000002839916588133912
862.5 -192.5 0.00000001661094884151366
-457.5 42.5 0.00000006307944962939157
-382.5 32.5 0.00000003284818363677605
137.5 -187.5 0.000000008312193580494587
-547.5 42.5 0.00000005208508812925877
-697.5 -502.5 0.000000003961726482154374
-712.5 -487.5 0.0000000009680432544327895
-832.5 -62.5 0.0000000010648928888693277
612.5 32.5 0.000000008290749548798446
172.5 -52.5 0.000000001763173462402505
237.5 12.5 0.000000002111984731964492
217.5 7.5 0.000000007957028317347222
-677.5 22.5 0.0000000023200747986092452
822.5 -362.5 0.000000007057803352186363
317.5 22.5 0.000000025874861255721454
192.5 -387.5 0.000000023243183935714683
587.5 -547.5 0.000000009554729092523654
-447.5 37.5 0.00000005669357508063423
137.5 -177.5 0.000000008127529825296673
-137.5 -237.5 0.0000000012006845735041463
-307.5 22.5 0.00000001235743657237319
-817.5 -372.5 0.000000003530216833176719
-292.5 -492.5 0.000000019346644222025295
452.5 37.5 0.0000000073631906551060865
272.5 -477.5 0.000000010162021802487508
847.5 -292.5 0.000000007067434684285945
527.5 37.5 0.0000004247833735483258
-652.5 -527.5 0.000000009519692136295193
-832.5 -342.5 0.000000007909393260389202
502.5 -562.5 0.000000026760756588984706
777.5 -432.5 0.0000000072676173525502456
-827.5 -47.5 0.000000009826368397576053
322.5 22.5 0.0000000029895797044392337
727.5 -477.5 0.00000000190649695726155
-142.5 -247.5 0.000000005020801213709998
-322.5 22.5 0.0000000014924611988141555
267.5 12.5 0.000000002330918253114948
217.5 -427.5 0.00000003203672789004414
787.5 -417.5 0.00000001619462967328842
-197.5 -392.5 0.0000000030695044270079395
847.5 -102.5 0.00000001810386766745882
362.5 27.5 0.00000003295839275997718
637.5 27.5 0.00000005816776215555492
-142.5 -257.5 0.000000005195350044391389
557.5 -557.5 0.000000010240501628589257
652.5 -527.5 0.000000019074068503712565
-632.5 -532.5 0.0000000010913858449904207
847.5 -307.5 0.0000000017627896999384104
-752.5 12.5 0.000000005889732259862132
147.5 -287.5 0.000000011890660627590442
717.5 17.5 0.000000032124335853153403
-197.5 2.5 0.000000003744703119343312
857.5 -152.5 0.000000007621919172143405
152.5 -297.5 0.000000012405468033491459
692.5 -507.5 0.000000002002612302947113
407.5 32.5 0.000000004963597641705697
-537.5 37.5 0.00000012874724465394556
-147.5 -287.5 0.000000005935957299242456
-162.5 -72.5 0.000000007905294113327228
727.5 12.5 0.000000003373909734951833
842.5 -77.5 0.000000008324227908670258
-467.5 37.5 0.0000000722145403807082
622.5 32.5 0.000000030388985761879805
-472.5 -557.5 0.0000000065736934577960215
-247.5 -457.5 0.00000004375100690443682
587.5 32.5 0.00000020313254447646457
-162.5 -332.5 0.000000017009233389796497
732.5 17.5 0.000000003258937368702402
847.5 -97.5 0.000000008102663215842434
682.5 -512.5 0.00000000810974140119678
417.5 -552.5 0.00000003753939369400136
-772.5 -437.5 0.0000000036415360619164435
-707.5 -497.5 0.0000000009794253249976183
762.5 -447.5 0.000000016566004728697712
772.5 -432.5 0.0000000018203489508372266
-487.5 -562.5 0.000000006222078392331164
-147.5 -122.5 0.000000008225711857075341
182.5 -32.5 0.000000001788077391454829
-167.5 -342.5 0.00000001823770456586529
-432.5 32.5 0.000000012058147948341099
-142.5 -262.5 0.000000011952312104302187
852.5 -117.5 0.0000000079084287008195
-397.5 -542.5 0.000000002353837764618736
-842.5 -307.5 0.0000000008797539217571454
-437.5 -552.5 0.000000007602081017004005
-467.5 -557.5 0.00000000668363168366345
722.5 17.5 0.0000000034193941786398993
682.5 27.5 0.000000004450635882037651
767.5 -437.5 0.000000001827583424591605
572.5 37.5 0.00000006820908456201363
-182.5 -27.5 0.000000008067961528030635
602.5 -547.5 0.00000000930296272634583
-777.5 -427.5 0.0000000009052207978917503
-812.5 -22.5 0.0000000011496983436077825
-167.5 -62.5 0.0000000008779643840296591
-252.5 12.5 0.000000004468508654105913
682.5 22.5 0.00000003936326980930052
-532.5 -557.5 0.000000005438900447469216
-847.5 -302.5 0.000000007924765607702975
422.5 -552.5 0.00000001622396164238589
-607.5 32.5 0.00000004124500156474719
-792.5 2.5 0.0000000050305595058581046
-822.5 -357.5 0.0000000008803338034173999
-802.5 -2.5 0.000000004798796332980763
-172.5 -52.5 0.0000000008802331223370153
192.5 -7.5 0.000000016612281631502714
-527.5 -557.5 0.0000000055053035864721165
472.5 -557.5 0.000000013171787518739349
-862.5 -167.5 0.0000000084525855724661
-262.5 -467.5 0.000000005046945639564488
602.5 32.5 0.00000015698338560907735
157.5 -312.5 0.000000013430884102851729
842.5 -317.5 0.000000015847952291521402
-267.5 -477.5 0.000000020301746151245634
152.5 -97.5 0.000000007124321043684477
517.5 37.5 0.00000036876454639843297
-187.5 -22.5 0.0000000009028113424438806
-552.5 37.5 0.00000019869085056815217
357.5 32.5 0.000000014078600152207938
657.5 -522.5 0.000000008408327427176713
292.5 17.5 0.000000023442391413576715
-142.5 -267.5 0.000000005434849514230964
497.5 37.5 0.0000001347571977208636
547.5 37.5 0.000000025693688332041354
-817.5 -27.5 0.00000001021820472724077
-177.5 -367.5 0.00000000969957440830954
-827.5 -352.5 0.0000000035180326134892107
-142.5 -152.5 0.0000000038439757237844586
712.5 17.5 0.0000000036202330466951386
-837.5 -72.5 0.00000000942561351678322
-712.5 -492.5 0.0000000038854859166714554
-737.5 -472.5 0.000000003772705863008247
612.5 -542.5 0.000000009109689890615817
137.5 -172.5 0.000000008041185677133059
602.5 -542.5 0.00000000231085233827069
-857.5 -247.5 0.0000000035760719617583218
