0 318.5363903255108
-4.532647550925204 318.4962259629939
-9.062194392599505 318.3757712401446
-13.585541925189824 318.17514120101174
-18.099595766297696 317.8945274184325
-22.601267856165286 317.53419774348345
-27.310519343368952 318.2386612863611
-31.81498872779134 317.7134312267983
-36.297694212554276 317.10874247498276
-41.08841085191262 317.54659091845866
-45.55458792703354 316.77521984899374
-50.394545331763936 317.02664922012127
-54.83101758480453 316.0875605213816
-59.7059192451851 316.1479524564255
-64.61034657452089 316.10458871376863
-68.99465583328403 314.90624036699927
-73.91169308982785 314.66533425799605
-78.84637575479354 314.31643245284744
-83.79451401283964 313.85801887623154
-88.75186311983225 313.2886883533308
-93.71412686833429 312.60714789413146
-98.67696111641364 311.8122178504469
-104.4125091552058 311.8256129022195
-109.39432216871347 310.7792043523339
-115.20091715312572 310.4944070921652
-120.18160356979386 309.1898461394222
-126.03663914444995 308.59740478890205
-131.92156859447195 307.83553879735626
-137.82988389341955 306.9015805669421
-143.75498433374963 305.7930493432788
-149.6901826996289 304.5076537322911
-156.66293614898478 303.74249983566597
-163.6828643860771 302.7392582319404
-170.7408966797998 301.49415906466106
-177.8278356226472 300.0037072631661
-184.93436620068908 298.2646863438278
-193.20455433298943 296.8236778640161
-202.69351966868464 295.5825492242108
-211.05998275328852 293.4693863949242
-220.6609441927515 291.4823259839903
-231.54142448822165 289.51754254588576
-242.48828058660433 287.0836844041698
-254.75432837034 284.5256185738144
-268.37139732789007 281.73358619685547
-283.3659153107059 278.5957859414953
-299.7588394987552 274.9986210405511
-318.89667580213364 271.0351550302779
-340.8280496715743 266.47955114600455
-364.2345199302059 260.9680265187126
-393.21043410117704 254.6744182107226
-426.45747082432433 247.08205682747075
-466.7773631141924 237.89003805598412
-517.0212871101749 226.4951869093226
-580.0712814521343 211.9912395264337
-663.0467527420225 192.9031476319329
-775.9543383276515 166.75929467555108
-940.1969167904367 128.76745302177684
NaN NaN
NaN NaN
NaN NaN
-1145.9138824162583 -319.1733944229408
-1131.3904323837994 -335.0383021815363
-1117.8892557406707 -354.2614193860336
-1106.574227228755 -373.7530948645434
-1096.5277313832253 -393.6393854197849
-1088.060099368615 -414.199961617816
-1080.913795145368 -435.40197028194166
-1073.8818756026162 -457.15083708529886
-1068.089826520341 -479.06645451353364
-1062.1724155204502 -501.38846418603777
-1057.2626209741109 -523.9478203232591
-1053.2637310602597 -546.8465884976493
-1048.8563319789046 -570.212125870696
-1045.200168345574 -594.0256303756505
-1040.9999342428537 -618.3179891264025
-1037.4146401966232 -643.1605848826445
-1034.3711832321005 -668.6468273910095
-1030.6045289572476 -694.6631529221027
-1028.429542532466 -721.65821486272
-1025.399978528223 -749.2638975925302
-1022.6259765151669 -777.7629511107277
-1020.0239887745943 -807.2299846826515
-1017.5068687950919 -837.7345918301803
-1014.9838725192587 -869.340976075586
-1013.4415157143493 -902.6083558744136
-1011.660644868353 -937.1676073343665
-1009.5370460852821 -973.0617910574613
-1006.96378047647 -1010.3269228151389
-1005.8458854855181 -1050.299562456432
-1004.2071334666208 -1091.8410233531772
-1001.9647619330086 -1134.9972264439893
-1000.8601305302619 -1181.3333625370053
-975.0762035829679 -1208.8589470701745
-945.8998742171937 -1233.3535589559608
-916.1498772334852 -1257.0939679540286
-885.8389066948488 -1280.0684788076271
-854.9808866872687 -1302.2649637668148
-823.590766775593 -1323.6710180574948
-791.6845392912643 -1344.2741445341655
-759.2790489448097 -1364.0618414729859
-726.3920573695174 -1383.0217711233827
-693.0420125655626 -1401.1417640011796
-659.2481181131592 -1418.4099627274882
-625.0302108947668 -1434.8148442106697
-590.4087791860846 -1450.3453283158942
-555.404807240353 -1464.9907316673937
-520.0398599715745 -1478.7409232076684
-484.33591149169257 -1491.586227077027
-448.3154352234404 -1503.5175911310696
-412.00128089539385 -1514.5265207593704
-375.4166615784046 -1524.6051212288203
-338.58513282837424 -1533.7461393430158
-301.53054579380023 -1541.942960939246
-264.2770147510834 -1549.1896188049413
-226.84889948462887 -1555.4808377656839
-189.27076228734333 -1560.812021833646
-151.56733532501073 -1565.179243736466
-113.76350614524105 -1568.579311523869
-75.8842735843068 -1571.0097239649074
-37.95472364997201 -1572.4686926737056
0 -1572.955134607345
37.95472364997136 -1572.4686926737056
75.88427358430617 -1571.0097239649074
113.76350614524105 -1568.579311523869
151.5673353250101 -1565.179243736466
189.27076228734276 -1560.812021833646
226.84889948462887 -1555.4808377656839
264.27701475108296 -1549.1896188049413
301.5305457937995 -1541.942960939246
338.58513282837424 -1533.7461393430158
375.41666157840405 -1524.6051212288203
412.00128089539345 -1514.5265207593704
448.3154352234404 -1503.5175911310696
484.33591149169223 -1491.5862270770274
520.039859971574 -1478.7409232076686
555.404807240353 -1464.9907316673937
590.4087791860842 -1450.3453283158944
625.0302108947664 -1434.8148442106701
659.2481181131592 -1418.4099627274882
693.0420125655623 -1401.1417640011796
726.3920573695174 -1383.0217711233827
759.2790489448097 -1364.0618414729859
791.6845392912643 -1344.2741445341655
823.590766775593 -1323.6710180574948
854.9808866872687 -1302.2649637668148
885.8389066948486 -1280.0684788076271
916.1498772334851 -1257.0939679540284
945.8998742171937 -1233.3535589559608
975.0762035829667 -1208.858947070175
1000.8601305302609 -1181.3333625370067
1001.9647619330086 -1134.9972264439893
1004.20713346662 -1091.8410233531788
1005.8458854855176 -1050.2995624564326
1006.9637804764698 -1010.326922815139
1009.5370460852819 -973.0617910574615
1011.6606448683533 -937.1676073343664
1013.4415157143493 -902.6083558744136
1014.9838725192587 -869.340976075586
1017.5068687950918 -837.7345918301808
1020.0239887745943 -807.2299846826515
1022.6259765151663 -777.7629511107282
1025.399978528223 -749.2638975925302
1028.429542532466 -721.65821486272
1030.6045289572476 -694.6631529221027
1034.3711832321005 -668.6468273910097
1037.4146401966234 -643.1605848826441
1040.9999342428534 -618.3179891264025
1045.2001683455735 -594.0256303756516
1048.8563319789046 -570.212125870696
1053.2637310602597 -546.8465884976493
1057.2626209741102 -523.9478203232602
1062.1724155204497 -501.3884641860394
1068.089826520341 -479.0664545135333
1073.8818756026146 -457.15083708530125
1080.913795145368 -435.40197028194166
1088.060099368615 -414.199961617816
1096.5277313832253 -393.6393854197849
1106.574227228755 -373.7530948645434
1117.8892557406707 -354.2614193860336
1131.3904323837994 -335.0383021815363
1145.9138824162583 -319.1733944229408
NaN NaN
NaN NaN
NaN NaN
940.196916790437 128.76745302177505
775.9543383276515 166.75929467555108
663.0467527420225 192.9031476319329
580.0712814521343 211.9912395264337
517.021287110175 226.49518690932211
466.7773631141925 237.89003805598398
426.45747082432433 247.08205682747055
393.21043410117704 254.6744182107226
364.2345199302059 260.9680265187126
340.8280496715743 266.47955114600455
318.89667580213364 271.03515503027785
299.7588394987552 274.99862104055114
283.36591531070593 278.5957859414952
268.37139732789007 281.73358619685547
254.75432837034 284.5256185738144
242.48828058660433 287.0836844041698
231.54142448822176 289.5175425458856
220.66094419275151 291.48232598399017
211.05998275328852 293.46938639492413
202.69351966868464 295.5825492242108
193.20455433298943 296.8236778640161
184.93436620068908 298.2646863438278
177.82783562264729 300.003707263166
170.74089667979982 301.49415906466106
163.6828643860771 302.73925823194037
156.66293614898478 303.74249983566597
149.6901826996289 304.5076537322911
143.75498433374963 305.7930493432788
137.82988389341966 306.901580566942
131.921568594472 307.8355387973555
126.03663914444998 308.59740478890205
120.18160356979386 309.1898461394222
115.20091715312572 310.4944070921652
109.39432216871347 310.7792043523339
104.41250915520587 311.8256129022194
98.67696111641366 311.8122178504469
93.7141268683343 312.60714789413146
88.75186311983225 313.2886883533308
83.79451401283964 313.85801887623154
78.84637575479354 314.31643245284744
73.91169308982792 314.66533425799605
68.99465583328407 314.90624036699927
64.61034657452092 316.1045887137686
59.7059192451851 316.1479524564255
54.83101758480453 316.0875605213816
50.394545331763936 317.02664922012127
45.55458792703359 316.7752198489937
41.08841085191266 317.54659091845866
36.29769421255433 317.10874247498276
31.81498872779134 317.7134312267983
27.310519343368952 318.2386612863611
22.601267856165286 317.53419774348345
18.09959576629774 317.8945274184325
13.585541925189867 318.17514120101174
9.06219439259955 318.3757712401446
4.532647550925204 318.4962259629939
