0 247.19239032550786
-4.107592826849568 247.1534921740387
-8.212376255724163 247.03683274836547
-12.311542798416548 246.8425170923722
-16.402288784989892 246.57072013775075
-20.48181626974604 246.22168649213893
-24.770375718086285 246.9398954740218
-28.85589395120378 246.43082399260777
-32.92167630041142 245.8446642935012
-37.29778355825466 246.30336330543375
-41.35194915846222 245.55510918226938
-45.782775366963904 245.83186069040366
-49.813277100547595 244.92023222789538
-54.28564715015648 245.01014966201535
-58.791257652467465 244.99829827391
-62.780738197081135 243.8333653469851
-67.30720544823339 243.62768875230756
-71.85584449373226 243.3157366204254
-76.42273009325586 242.8958942050857
-81.00387879419623 242.3666531675769
-85.59525221807945 241.72661311614254
-90.19276041268155 240.9744830305201
-95.56879704536102 241.03186252749637
-100.1971596912827 240.0305044465111
-105.65660758386582 239.79170211671416
-110.29668810173233 238.53395620666532
-115.81789240488614 237.98902319668306
-121.37599400198184 237.27522989416244
-126.96470885807004 236.38977795595466
-132.5776553037744 235.33005443278688
-138.2083600580334 234.09363463930728
-144.884488963475 233.3774906485829
-151.61586501600814 232.4231586373022
-158.39361524377364 231.22673434210697
-165.20873433060822 229.7845886516297
-172.0520935543182 228.09337178107728
-180.06793919847618 226.69953310054768
-189.31156522585582 225.50480931137872
-197.44186032527864 223.43715754608732
-206.81598696042445 221.494587806257
-217.47912109370043 219.5731506388822
-228.21826863020055 217.1813733210312
-240.2863878054533 214.66400513831664
-253.71544375829222 211.91117316947629
-268.53199319488556 208.81096602583108
-284.7571152659621 205.24968122034142
-303.7374308848105 201.32028122606917
-325.52167345895765 196.7968331792211
-348.79150264799557 191.3154633697432
-377.6413596220034 185.0499235564556
-410.77300941415604 177.48346484262356
-450.98826411941417 168.3151094614579
-501.13837159056504 156.9416152497935
-564.1054347646262 142.45665765848437
-647.0089170804023 123.38513440304978
-759.8555052233779 97.25538177360738
-924.0481195795705 59.275131973744806
NaN NaN
NaN NaN
NaN NaN
-1074.6862778448392 -188.45472351081978
-1064.9462815656807 -207.39076724843633
-1056.4333907981397 -230.07993869955976
-1049.4697572850198 -252.81921117902456
-1043.2855879493559 -275.7683057057589
-1038.3189406164574 -299.2587970979339
-1034.3577411808621 -323.2583421452496
-1030.2262970475333 -347.6675463110893
-1027.0496103867297 -372.07241979794816
-1023.5291737320125 -396.75546115889495
-1020.8127037351753 -421.5412072194677
-1018.8387954529393 -446.55378044219583
-1016.3169141556817 -471.9410602771262
-1014.4203538251403 -497.6890577538479
-1011.8683333442347 -523.8371400317008
-1009.8338987953193 -550.4670505900054
-1008.2562504389235 -577.6824857427451
-1005.8720179693462 -605.3648985082781
-1005.0189123372245 -633.9943495567754
-1003.2403524492239 -663.1799493971344
-1001.6599077150711 -693.2227675304543
-997.9086724182067 -723.4079480898409
-980.7315549487262 -749.1941191827251
-962.9128559976808 -774.4761385435426
-944.4671515022508 -799.2413803078169
-925.4092519877628 -823.47732746231
-905.7542247155305 -847.1716256650313
-885.5173997559366 -870.3121362550347
-864.7142951116404 -892.886992199971
-843.3606536195504 -914.8846191443025
-821.4724270402082 -936.2937656240854
-799.0657203430322 -957.1035247958894
-776.156838664866 -977.3033488855593
-752.7622185201418 -996.8830609247334
-728.909067157222 -1015.8356150974168
-704.6311698268769 -1034.1586919882213
-679.9388435177655 -1051.845600560125
-654.842674443126 -1068.8889687668561
-629.3541846273872 -1085.281075996962
-603.4856442528503 -1101.0139529923154
-577.250138852563 -1116.079560256019
-550.6613421885993 -1130.469800718711
-523.7335885899148 -1144.1766701971344
-496.48175439204397 -1157.1922851818094
-468.92127963943096 -1169.5089958694903
-441.0680168879047 -1181.1193438235869
-412.9383196800197 -1192.016220156387
-384.54887569104983 -1202.1927710704654
-355.9168008999631 -1211.642567819438
-327.0595213482992 -1220.3595421856967
-297.99476477218224 -1228.3380298471327
-268.74054446493733 -1235.5728127696616
-239.31511728382085 -1242.0591173440027
-209.73695613844845 -1247.7926227346543
-180.02473735592494 -1252.7695061371098
-150.19730282059317 -1256.9864301736056
-120.27363251257069 -1260.440532587721
-90.27283518214512 -1263.129492699615
-60.214109567348586 -1265.0514869867839
-30.11672555790232 -1266.2052111478067
0 -1266.589872626833
30.116725557901844 -1266.2052111478067
60.21410956734817 -1265.0514869867839
90.27283518214512 -1263.129492699615
120.27363251257013 -1260.440532587721
150.19730282059268 -1256.9864301736056
180.02473735592494 -1252.7695061371098
209.7369561384481 -1247.7926227346543
239.31511728382023 -1242.0591173440027
268.74054446493733 -1235.5728127696616
297.9947647721818 -1228.3380298471327
327.05952134829886 -1220.3595421856967
355.9168008999631 -1211.642567819438
384.5488756910495 -1202.1927710704656
412.9383196800192 -1192.0162201563871
441.0680168879047 -1181.1193438235869
468.92127963943057 -1169.5089958694905
496.48175439204357 -1157.19228518181
523.7335885899148 -1144.1766701971344
550.6613421885992 -1130.469800718711
577.250138852563 -1116.079560256019
603.4856442528503 -1101.0139529923154
629.3541846273872 -1085.281075996962
654.842674443126 -1068.8889687668561
679.9388435177655 -1051.845600560125
704.6311698268767 -1034.1586919882213
728.909067157222 -1015.8356150974167
752.7622185201418 -996.8830609247334
776.1568386648652 -977.3033488855597
799.0657203430316 -957.1035247958904
821.4724270402082 -936.2937656240854
843.3606536195497 -914.8846191443032
864.71429511164 -892.8869921999712
885.5173997559364 -870.3121362550348
905.7542247155303 -847.1716256650316
925.4092519877631 -823.47732746231
944.4671515022508 -799.2413803078169
962.9128559976808 -774.4761385435426
980.7315549487261 -749.1941191827256
997.9086724182067 -723.4079480898409
1001.6599077150705 -693.2227675304548
1003.2403524492239 -663.1799493971344
1005.0189123372245 -633.9943495567754
1005.8720179693462 -605.3648985082781
1008.2562504389235 -577.6824857427453
1009.8338987953197 -550.467050590005
1011.8683333442347 -523.8371400317008
1014.4203538251398 -497.68905775384906
1016.3169141556817 -471.9410602771262
1018.8387954529393 -446.55378044219583
1020.8127037351749 -421.54120721946913
1023.5291737320122 -396.75546115889676
1027.0496103867297 -372.07241979794776
1030.2262970475324 -347.6675463110919
1034.3577411808621 -323.2583421452496
1038.3189406164574 -299.2587970979339
1043.2855879493559 -275.7683057057589
1049.4697572850198 -252.81921117902456
1056.4333907981397 -230.07993869955976
1064.9462815656807 -207.39076724843633
1074.6862778448392 -188.45472351081978
NaN NaN
NaN NaN
NaN NaN
924.0481195795708 59.27513197374301
759.8555052233779 97.25538177360738
647.0089170804023 123.38513440304978
564.1054347646262 142.45665765848437
501.1383715905651 156.94161524979302
450.9882641194143 168.31510946145775
410.77300941415604 177.48346484262336
377.6413596220034 185.0499235564556
348.79150264799557 191.3154633697432
325.52167345895765 196.7968331792211
303.7374308848105 201.3202812260691
284.7571152659621 205.24968122034144
268.5319931948856 208.81096602583096
253.71544375829222 211.91117316947629
240.2863878054533 214.66400513831664
228.21826863020055 217.1813733210312
217.47912109370054 219.573150638882
206.81598696042448 221.4945878062569
197.44186032527864 223.43715754608724
189.31156522585582 225.50480931137872
180.06793919847618 226.69953310054768
172.0520935543182 228.09337178107728
165.2087343306083 229.78458865162958
158.39361524377367 231.22673434210697
151.61586501600814 232.42315863730218
144.884488963475 233.3774906485829
138.2083600580334 234.09363463930728
132.5776553037744 235.33005443278688
126.96470885807015 236.3897779559546
121.37599400198188 237.2752298941617
115.81789240488617 237.98902319668304
110.29668810173233 238.53395620666532
105.65660758386582 239.79170211671416
100.1971596912827 240.0305044465111
95.5687970453611 241.03186252749626
90.19276041268158 240.9744830305201
85.59525221807947 241.72661311614254
81.00387879419623 242.3666531675769
76.42273009325586 242.8958942050857
71.85584449373226 243.3157366204254
67.30720544823346 243.62768875230753
62.780738197081185 243.8333653469851
58.79125765246749 244.99829827390994
54.28564715015648 245.01014966201535
49.813277100547595 244.92023222789538
45.782775366963904 245.83186069040366
41.35194915846227 245.55510918226935
37.2977835582547 246.30336330543375
32.92167630041148 245.84466429350118
28.85589395120378 246.43082399260777
24.770375718086285 246.9398954740218
20.48181626974604 246.22168649213893
16.402288784989935 246.57072013775073
12.31154279841659 246.8425170923722
8.212376255724207 247.03683274836547
4.107592826849568 247.1534921740387
