-500 941.8322016569682 0.9973370900879889
-508.3376695140755 941.7795024049756 0.9973371161117197
-516.6696302607892 941.6214730185729 0.9973371941474812
-524.990177370402 941.3583184884365 0.9973373240890496
-533.2936137658163 940.9903800722918 0.9973375057596159
-541.5742540522123 940.5181347052438 0.9973377389121321
-549.8264283990599 939.9421941749528 0.9973380232297941
-558.0444864113073 939.2633040625177 0.9973383583266623
-566.2228009876794 938.4823424499449 0.997338743748416
-574.355772163158 937.6003183957442 0.997339178973244
-582.4378309331308 936.6183701797682 0.9973396634128653
-590.4634430566568 935.5377633194965 0.9973401964136829
-598.4271128363181 934.3598883595655 0.9973407772580638
-611.0827603407948 943.8590251501735 0.9973360889989531
-619.2565295175036 942.3568090949472 0.9973368310132916
-627.3486592020528 940.7527047475031 0.997337623105223
-635.3536087370932 939.0486704690591 0.997338464259156
-643.2658969461746 937.2467815033856 0.997339353400163
-651.0801058765263 935.3492264116705 0.9973402893960486
-658.7908844993963 933.3583033018439 0.9973412710595251
-666.3929523651606 931.2764158572908 0.9973422971504955
-673.881103210907 929.1060691708283 0.9973433663784345
-681.250208518279 926.8498653900998 0.997344477404866
-696.5709774750921 933.5221106806391 0.9973411903060788
-703.9920965451545 930.8778276928102 0.9973424935514881
-711.2735796241546 928.1477301131108 0.9973438383572023
-718.410439030638 925.3349142743517 0.9973452231294445
-725.3977857296658 922.4425546952423 0.997346646237436
-732.2308326772351 919.4738986659962 0.9973481060164243
-748.719590708311 923.9751619968773 0.9973458922631694
-755.4980340707888 920.5921109395521 0.9973475562605071
-762.1015954366161 917.1355843285635 0.9973492552179525
-768.5257487965282 913.6092480326234 0.9973509872603958
-785.60822489268 916.4297932785196 0.9973496019829601
-791.8999151219754 912.4752592945641 0.9973515439820535
-797.9918192340705 908.4556439899624 0.9973535163444571
-815.4151127531776 909.869984866086 0.9973528225329934
-821.3114167724888 905.4136691875253 0.9973550079245211
-838.945695503267 905.7512863877807 0.9973548424251636
-844.5985663905086 900.8514416127396 0.997357243208646
-862.3636615456263 900.0840743417884 0.9973576189803971
-867.7248067056627 894.7365831811901 0.9973602359665448
-885.5391591622057 892.8404070810972 0.9973611632461644
-903.4295369914875 890.1977892791969 0.9973624549601051
-921.3665414989251 886.8000510094075 0.9973641147597705
-939.3205378446456 882.639422676709 0.997366145673734
-957.2616846634006 877.7090513193285 0.9973685501004009
-975.1599638478525 872.0030074914009 0.9973713298021086
NaN NaN NaN
NaN NaN NaN
NaN NaN NaN
NaN NaN NaN
NaN NaN NaN
NaN NaN NaN
NaN NaN NaN
NaN NaN NaN
NaN NaN NaN
NaN NaN NaN
NaN NaN NaN
NaN NaN NaN
-1421.3959024849512 -1180.3363998773075 0.996864256888603
-1408.8209201683296 -1185.5605317131938 0.9968673502177492
-1395.9478692659843 -1191.3868758424837 0.9968707962723331
-1383.7974646119344 -1197.2861759899254 0.9968742813369382
-1372.0820452287699 -1203.2890004180472 0.9968778232879069
-1360.6191593909352 -1209.4079366823175 0.9968814293212793
-1349.2855816737779 -1215.6461677097375 0.9968851010604822
-1337.9943497617173 -1222.0015006701904 0.9968888369570916
-1326.6770648427216 -1228.4709584972525 0.9968926350049278
-1327.5719210469695 -1233.563290616323 0.9968956210805544
-1315.7766229013544 -1240.5173458550476 0.9968996938748733
-1303.829077054413 -1247.5664056026728 0.9969038164609586
-1291.7207894945532 -1254.69157136345 0.9969079775805125
-1291.1088366640683 -1261.307118607013 0.9969118357094733
-1278.4721206621762 -1268.779289035299 0.9969161872019553
-1265.6436471691768 -1276.287233495665 0.9969205529008435
-1263.7871334021625 -1283.9934806461508 0.996925027010597
-1250.373444399189 -1291.7793326160413 0.9969295402523838
-1247.589298963114 -1300.2579246783787 0.996934446969363
-1233.5598820061227 -1308.2753929841765 0.996939079082294
-1229.8089132053094 -1317.487574961427 0.996944392167564
-1215.136954613989 -1325.6878896053902 0.9969491133319723
-1210.3837286028727 -1335.5873203689716 0.9969548022933686
-1205.0308384348016 -1345.955314836433 0.9969607483132534
-1199.0654733976871 -1356.7786558396672 0.9969669421701373
-1182.8473723639004 -1365.4261653983929 0.9969718811211862
-1175.8013707271116 -1376.8244923904851 0.9969783779800406
-1168.1093665510698 -1388.629515758786 0.9969850908613465
-1159.7574463818046 -1400.822513652735 0.9969920075382509
-1159.579242249103 -1417.1529727923253 0.9970012445477381
-1149.6582561708658 -1430.3430377249663 0.9970086829894068
-1139.0340615596535 -1443.8527354231028 0.9970162811209486
-1135.9085929074254 -1462.3215636346188 0.9970266348006471
-1123.610997174574 -1476.6671950361765 0.9970346503320362
-1118.3315035073563 -1496.5077523522286 0.997045697825553
-1111.823732971075 -1517.1335097636581 0.9970571355826654
-1104.0570064125172 -1538.4955784201445 0.9970689314128068
-1095.0024483222007 -1560.5418240019148 0.9970810516660278
-1084.6325481711629 -1583.2169923445192 0.9970934613795744
-1079.4477121038842 -1613.2654743738162 0.9971098188651979
-1072.3602620205083 -1644.4120668617913 0.9971266694438385
-1069.3575590822402 -1684.046894149169 0.9971479592004081
-1058.2442204838096 -1717.501128386848 0.9971657966276454
-1056.2705245787486 -1768.164247005157 0.9971925807464072
-1046.0305470049336 -1812.406827950397 0.9972157469474734
-1043.2328789155442 -1875.6920431336766 0.9972485257585041
-1036.6891853475481 -1941.4595668768195 0.9972821484393644
-1030.7278573578742 -2019.10756029715 0.9973212731892513
-1024.359228067231 -2109.448048043815 0.9973660265679989
-1020.4260371402924 -2223.6639366114136 0.9974214494216099
-1016.934141415311 -2363.595619812589 0.9974876287485674
-962.9470728586642 -2364.008400184862 0.9974878212120754
-909.3732709689076 -2363.10057909777 0.997487397909061
-858.7721778165353 -2371.9760704287132 0.997491533082479
-805.7766977602173 -2368.530140845004 0.9974899284732632
-755.1111286474784 -2375.0087277391044 0.9974929443253875
-702.8366002093455 -2369.0822265538663 0.99749018562913
-652.2401091955019 -2373.1797941091854 0.9974920933372114
-601.5470804285403 -2376.1093796023724 0.9974934562982327
-550.7896479282629 -2377.868231148884 0.9974942741989564
-500 -2378.454698337022 0.9974945468531317
-449.21035207173816 -2377.868231148884 0.9974942741989564
-398.4529195714608 -2376.1093796023724 0.9974934562982327
-347.7598908044986 -2373.1797941091854 0.9974920933372114
-297.1633997906558 -2369.0822265538663 0.99749018562913
-244.88887135252207 -2375.0087277391044 0.9974929443253875
-194.223302239783 -2368.530140845004 0.9974899284732632
-141.22782218346563 -2371.9760704287132 0.997491533082479
-90.62672903109306 -2363.10057909777 0.997487397909061
-37.052927141334806 -2364.008400184862 0.9974878212120754
16.93414141531059 -2363.595619812589 0.9974876287485674
71.2930960319127 -2361.837869241238 0.9974868089976551
125.98603986531326 -2358.7196189554443 0.9974853540421089
180.97048173008412 -2354.221041157981 0.9974832534176112
236.20761976800242 -2348.3295775223673 0.9974804994895118
296.9647980798568 -2351.379029712492 0.997481925346572
352.9121917618632 -2342.5191017325938 0.9974777802034811
414.9610819775204 -2342.303197632008 0.9974776790994049
477.74269576041496 -2340.3400279918733 0.997476759579183
541.1997188845979 -2336.592484732653 0.9974750032704413
605.2733749929627 -2331.0257826213046 0.9974723919439566
669.9034854586428 -2323.6075447326375 0.9974689074949352
735.0285302708021 -2314.3078931038413 0.9974645319300555
808.4794341650727 -2312.2170564563426 0.9974635470402533
882.9031642704424 -2307.811816481065 0.9974614705860316
958.2169933778722 -2301.0407796184154 0.9974582753809497
1034.3346069979511 -2291.855987332919 0.9974539341433413
1038.7541645393933 -2214.0412128933185 0.9974168292593497
1039.7731664364462 -2138.28001826097 0.9973801382149704
1046.9776948282147 -2072.2270103110336 0.9973476868126537
1051.4380967164677 -2007.802424568357 0.9973156149898734
1053.2540702261824 -1945.1195510957314 0.9972840064429661
1062.6065644263604 -1890.737646115453 0.9972562571194222
1059.6347175065453 -1831.48305359982 0.9972256717813548
1064.7711134405913 -1779.9902168407264 0.997198793359261
1078.6372822010649 -1735.2602130389528 0.9971752166160527
1080.2774214838155 -1686.2230204953496 0.9971491231630741
1080.2396597957052 -1638.6764285458548 0.9971235743882717
1089.6816606927384 -1596.9644718724667 0.9971009574399419
1097.9398667427686 -1556.0932808685582 0.9970786103671354
1105.1194949357719 -1516.0769283703344 0.99705655082848
1111.0639396468605 -1477.0283970321682 0.9970348518510778
1115.5347498149283 -1439.131866153762 0.9970136283690489
1118.5943280393874 -1402.471878592526 0.9969929418569337
1132.3160777505846 -1369.1585896995116 0.9969740101929547
1132.9091568007527 -1334.8077255533792 0.996954354692802
1144.6031158705593 -1303.1597688397374 0.9969361243857361
1155.4506075055497 -1272.2517916804495 0.9969182072083053
1165.5193454097857 -1242.149701478449 0.9969006490686638
1174.8937079522586 -1212.914771749297 0.9968834939682973
1183.672453954874 -1184.6073797399695 0.9968667860785178
1191.976062586912 -1157.2847025266676 0.9968505682942591
1199.9572566654213 -1130.997577419966 0.9968348802387853
1220.9418815589504 -1104.3302788718615 0.996818879718098
1229.035213439653 -1079.873212254971 0.9968041291749559
1250.9715374145644 -1054.3940443144147 0.9967886842652309
1260.5962289251847 -1032.0751370303444 0.9967750893841014
1284.7068946213458 -1008.9765358190334 0.9967609547032767
1308.893440062834 -989.015538266537 0.9967700582838559
1337.6018599383835 -970.0266371344172 0.9967955444129651
1363.03525566641 -957.0328739091245 0.9968131343619777
NaN NaN NaN
NaN NaN NaN
842.0962933833235 672.2078892095161 0.9974666577934884
583.3405616433006 732.0899556699073 0.9974384908954093
424.3091829512915 769.765369475609 0.997420593160458
308.022949387453 796.4411129160343 0.9974078378172828
220.19091631520723 815.9843256039065 0.997398449054712
160.5969645443559 830.6535079735912 0.9973913773182487
115.05039706936041 842.481579806261 0.9973856598742301
69.6163542570672 851.9992790853141 0.9973810492393363
38.05019090431084 860.201703894266 0.9973770686073995
6.545610791601707 866.8656189220595 0.9973738297304451
-24.84003615214784 872.0030074914009 0.9973713298021086
-42.73831533660078 877.7090513193284 0.9973685501004009
-60.67946215534659 882.6394226767089 0.997366145673734
-78.63345850106779 886.8000510094074 0.9973641147597705
-96.57046300852163 890.1977892791969 0.9973624549601051
-114.46084083777936 892.8404070810972 0.9973611632461644
-132.27519329432215 894.7365831811901 0.9973602359665448
-137.63633845438403 900.0840743417883 0.9973576189803971
-155.40143360947638 900.8514416127394 0.997357243208646
-161.05430449673298 905.7512863877806 0.9973548424251636
-178.68858322749594 905.4136691875253 0.9973550079245211
-184.58488724683758 909.869984866086 0.9973528225329934
-202.00818076592952 908.4556439899624 0.9973535163444571
-208.10008487803768 912.475259294564 0.9973515439820535
-214.39177510733532 916.4297932785196 0.9973496019829601
-231.47425120348592 913.6092480326233 0.9973509872603958
-237.89840456338402 917.1355843285635 0.9973492552179525
-244.50196592919625 920.5921109395521 0.9973475562605071
-251.280409291689 923.9751619968773 0.9973458922631694
-267.7691673227649 919.4738986659962 0.9973481060164243
-274.60221427034946 922.4425546952423 0.997346646237436
-281.58956096936214 925.3349142743516 0.9973452231294445
-288.72642037584524 928.1477301131108 0.9973438383572023
-296.0079034548302 930.8778276928102 0.9973424935514881
-303.4290225249079 933.5221106806391 0.9973411903060788
-318.74979148173634 926.8498653900998 0.997344477404866
-326.118896789093 929.1060691708283 0.9973433663784345
-333.60704763485467 931.2764158572908 0.9973422971504955
-341.20911550058815 933.3583033018439 0.9973412710595251
-348.9198941234739 935.3492264116705 0.9973402893960486
-356.7341030538254 937.2467815033856 0.997339353400163
-364.64639126289126 939.0486704690591 0.997338464259156
-372.6513407979317 940.7527047475031 0.997337623105223
-380.743470482481 942.3568090949472 0.9973368310132916
-388.9172396591897 943.8590251501735 0.9973360889989531
-401.57288716368186 934.3598883595655 0.9973407772580638
-409.5365569433586 935.5377633194965 0.9973401964136829
-417.56216906688456 936.6183701797682 0.9973396634128653
-425.6442278368418 937.6003183957442 0.997339178973244
-433.77719901230495 938.4823424499449 0.997338743748416
-441.95551358867726 939.2633040625177 0.9973383583266623
-450.1735716009401 939.9421941749528 0.9973380232297941
-458.4257459477877 940.5181347052438 0.9973377389121321
-466.7063862341985 940.9903800722918 0.9973375057596159
-475.0098226295979 941.3583184884365 0.9973373240890496
-483.3303697392043 941.6214730185729 0.9973371941474812
-491.6623304859245 941.7795024049756 0.9973371161117197
500 941.8322016569682 0.9973370900879889
491.6623304859245 941.7795024049756 0.9973371161117197
483.3303697392043 941.6214730185729 0.9973371941474812
475.0098226295981 941.3583184884365 0.9973373240890496
466.70638623419853 940.9903800722918 0.9973375057596159
458.4257459477877 940.5181347052438 0.9973377389121321
450.1735716009401 939.9421941749528 0.9973380232297941
441.95551358867726 939.2633040625177 0.9973383583266623
433.77719901230495 938.4823424499449 0.997338743748416
425.6442278368418 937.6003183957442 0.997339178973244
417.5621690668846 936.6183701797682 0.9973396634128653
409.5365569433586 935.5377633194965 0.9973401964136829
401.57288716368186 934.3598883595655 0.9973407772580638
388.9172396591897 943.8590251501735 0.9973360889989531
380.74347048248103 942.3568090949472 0.9973368310132916
372.6513407979317 940.7527047475031 0.997337623105223
364.6463912628913 939.0486704690591 0.997338464259156
356.7341030538254 937.2467815033856 0.997339353400163
348.9198941234739 935.3492264116705 0.9973402893960486
341.20911550058815 933.3583033018439 0.9973412710595251
333.60704763485467 931.2764158572908 0.9973422971504955
326.11889678909307 929.1060691708283 0.9973433663784345
318.7497914817364 926.8498653900998 0.997344477404866
303.4290225249079 933.5221106806391 0.9973411903060788
296.0079034548302 930.8778276928102 0.9973424935514881
288.72642037584524 928.1477301131108 0.9973438383572023
281.5895609693622 925.3349142743517 0.9973452231294445
274.6022142703495 922.4425546952423 0.997346646237436
267.769167322765 919.4738986659962 0.9973481060164243
251.280409291689 923.9751619968773 0.9973458922631694
244.50196592919625 920.5921109395521 0.9973475562605071
237.89840456338402 917.1355843285635 0.9973492552179525
231.4742512034861 913.6092480326234 0.9973509872603958
214.39177510733532 916.4297932785196 0.9973496019829601
208.1000848780378 912.4752592945641 0.9973515439820535
202.00818076592952 908.4556439899624 0.9973535163444571
184.58488724683758 909.869984866086 0.9973528225329934
178.68858322749594 905.4136691875253 0.9973550079245211
161.0543044967331 905.7512863877807 0.9973548424251636
155.40143360947638 900.8514416127396 0.997357243208646
137.63633845438414 900.0840743417884 0.9973576189803971
132.27519329432215 894.7365831811901 0.9973602359665448
114.46084083777936 892.8404070810972 0.9973611632461644
96.57046300852163 890.1977892791969 0.9973624549601051
78.63345850106785 886.8000510094075 0.9973641147597705
60.679462155346705 882.639422676709 0.997366145673734
42.738315336600834 877.7090513193285 0.9973685501004009
24.84003615214784 872.0030074914009 0.9973713298021086
-6.545610791601707 866.8656189220595 0.9973738297304451
-38.05019090431084 860.201703894266 0.9973770686073995
-69.61635425706716 851.9992790853144 0.9973810492393363
-115.0503970693604 842.4815798062613 0.9973856598742301
-160.59696454435584 830.6535079735918 0.9973913773182487
-220.19091631520723 815.9843256039065 0.997398449054712
-308.022949387453 796.4411129160343 0.9974078378172828
-424.3091829512915 769.765369475609 0.997420593160458
-583.3405616433004 732.0899556699084 0.9974384908954091
-842.0962933833235 672.2078892095161 0.9974666577934884
NaN NaN NaN
NaN NaN NaN
-1363.03525566641 -957.0328739091245 0.9968131343619777
-1337.6018599383835 -970.0266371344172 0.9967955444129651
-1308.893440062834 -989.015538266537 0.9967700582838559
-1284.7068946213458 -1008.9765358190334 0.9967609547032767
-1260.5962289251847 -1032.0751370303444 0.9967750893841014
-1250.9715374145644 -1054.3940443144147 0.9967886842652309
-1229.035213439653 -1079.873212254971 0.9968041291749559
-1220.941881558952 -1104.33027887186 0.996818879718098
-1199.9572566654217 -1130.997577419965 0.9968348802387853
-1191.976062586912 -1157.2847025266672 0.9968505682942591
-1183.6724539548743 -1184.6073797399692 0.9968667860785178
-1174.8937079522586 -1212.914771749297 0.9968834939682973
-1165.5193454097857 -1242.149701478449 0.9969006490686638
-1155.4506075055501 -1272.251791680449 0.9969182072083053
-1144.6031158705593 -1303.1597688397374 0.9969361243857361
-1132.9091568007536 -1334.807725553378 0.996954354692802
-1132.3160777505848 -1369.1585896995111 0.9969740101929547
-1118.5943280393874 -1402.471878592526 0.9969929418569337
-1115.5347498149283 -1439.131866153762 0.9970136283690489
-1111.06393964686 -1477.028397032169 0.9970348518510778
-1105.1194949357714 -1516.0769283703344 0.99705655082848
-1097.93986674277 -1556.0932808685568 0.9970786103671354
-1089.68166069274 -1596.9644718724653 0.9971009574399419
-1080.2396597957052 -1638.6764285458548 0.9971235743882717
-1080.2774214838155 -1686.2230204953496 0.9971491231630741
-1078.6372822010653 -1735.2602130389523 0.9971752166160527
-1064.7711134405915 -1779.990216840726 0.997198793359261
-1059.6347175065453 -1831.48305359982 0.9972256717813548
-1062.6065644263604 -1890.737646115453 0.9972562571194222
-1053.2540702261829 -1945.1195510957314 0.9972840064429661
-1051.4380967164677 -2007.802424568357 0.9973156149898734
-1046.9776948282167 -2072.227010311032 0.9973476868126537
-1039.7731664364476 -2138.280018260968 0.9973801382149704
-1038.7541645393933 -2214.0412128933185 0.9974168292593497
-1034.3346069979518 -2291.855987332919 0.9974539341433413
-958.2169933778727 -2301.0407796184154 0.9974582753809497
-882.9031642704424 -2307.811816481065 0.9974614705860316
-808.4794341650746 -2312.217056456341 0.9974635470402533
-735.0285302708025 -2314.307893103841 0.9974645319300555
-669.9034854586428 -2323.6075447326375 0.9974689074949352
-605.2733749929629 -2331.025782621304 0.9974723919439566
-541.1997188845992 -2336.592484732653 0.9974750032704413
-477.74269576041496 -2340.3400279918733 0.997476759579183
-414.9610819775214 -2342.303197632007 0.9974776790994049
-352.91219176186405 -2342.5191017325933 0.9974777802034811
-296.9647980798568 -2351.379029712492 0.997481925346572
-236.20761976800307 -2348.3295775223673 0.9974804994895118
-180.97048173008469 -2354.221041157981 0.9974832534176112
-125.98603986531326 -2358.7196189554443 0.9974853540421089
-71.29309603191363 -2361.8378692412375 0.9974868089976551
-16.934141415311327 -2363.595619812589 0.9974876287485674
37.052927141334806 -2364.008400184862 0.9974878212120754
90.62672903109245 -2363.10057909777 0.997487397909061
141.22782218346444 -2371.9760704287132 0.997491533082479
194.223302239783 -2368.530140845004 0.9974899284732632
244.88887135252128 -2375.0087277391044 0.9974929443253875
297.1633997906549 -2369.0822265538663 0.99749018562913
347.7598908044986 -2373.1797941091854 0.9974920933372114
398.45291957146003 -2376.1093796023724 0.9974934562982327
449.21035207173713 -2377.868231148884 0.9974942741989564
500 -2378.454698337022 0.9974945468531317
550.7896479282625 -2377.868231148884 0.9974942741989564
601.5470804285395 -2376.1093796023724 0.9974934562982327
652.2401091955019 -2373.1797941091854 0.9974920933372114
702.8366002093443 -2369.0822265538663 0.99749018562913
755.1111286474775 -2375.0087277391044 0.9974929443253875
805.7766977602173 -2368.530140845004 0.9974899284732632
858.7721778165344 -2371.9760704287132 0.997491533082479
909.3732709689069 -2363.10057909777 0.997487397909061
962.9470728586642 -2364.008400184862 0.9974878212120754
1016.9341414153105 -2363.595619812589 0.9974876287485674
1020.4260371402912 -2223.663936611414 0.9974214494216099
1024.359228067231 -2109.448048043815 0.9973660265679989
1030.7278573578737 -2019.10756029715 0.9973212731892513
1036.689185347548 -1941.4595668768195 0.9972821484393644
1043.2328789155442 -1875.6920431336766 0.9972485257585041
1046.0305470049332 -1812.4068279503972 0.9972157469474734
1056.2705245787477 -1768.1642470051574 0.9971925807464072
1058.2442204838096 -1717.501128386848 0.9971657966276454
1069.3575590822395 -1684.046894149169 0.9971479592004081
1072.3602620205081 -1644.4120668617916 0.9971266694438385
1079.4477121038842 -1613.2654743738162 0.9971098188651979
1084.6325481711626 -1583.2169923445194 0.9970934613795744
1095.0024483222 -1560.541824001915 0.9970810516660278
1104.0570064125172 -1538.4955784201445 0.9970689314128068
1111.8237329710748 -1517.1335097636581 0.9970571355826654
1118.331503507356 -1496.5077523522289 0.997045697825553
1123.610997174574 -1476.6671950361765 0.9970346503320362
1135.9085929074247 -1462.321563634619 0.9970266348006471
1139.0340615596529 -1443.8527354231028 0.9970162811209486
1149.6582561708658 -1430.3430377249663 0.9970086829894068
1159.579242249103 -1417.1529727923253 0.9970012445477381
1159.7574463818044 -1400.822513652735 0.9969920075382509
1168.1093665510696 -1388.629515758786 0.9969850908613465
1175.8013707271111 -1376.8244923904851 0.9969783779800406
1182.8473723638995 -1365.426165398393 0.9969718811211862
1199.0654733976871 -1356.7786558396672 0.9969669421701373
1205.0308384348016 -1345.955314836433 0.9969607483132534
1210.3837286028722 -1335.587320368972 0.9969548022933686
1215.1369546139886 -1325.6878896053904 0.9969491133319723
1229.8089132053094 -1317.487574961427 0.996944392167564
1233.5598820061227 -1308.2753929841765 0.996939079082294
1247.589298963114 -1300.2579246783787 0.996934446969363
1250.373444399189 -1291.7793326160413 0.9969295402523838
1263.7871334021625 -1283.993480646151 0.996925027010597
1265.6436471691768 -1276.2872334956655 0.9969205529008435
1278.4721206621762 -1268.779289035299 0.9969161872019553
1291.1088366640688 -1261.3071186070133 0.9969118357094733
1291.7207894945532 -1254.69157136345 0.9969079775805125
1303.829077054413 -1247.5664056026728 0.9969038164609586
1315.7766229013544 -1240.5173458550478 0.9968996938748733
1327.5719210469692 -1233.5632906163232 0.9968956210805544
1326.6770648427216 -1228.470958497253 0.9968926350049278
1337.9943497617169 -1222.0015006701906 0.9968888369570916
1349.2855816737779 -1215.6461677097375 0.9968851010604822
1360.6191593909352 -1209.4079366823175 0.9968814293212793
1372.0820452287699 -1203.2890004180472 0.9968778232879069
1383.7974646119344 -1197.2861759899254 0.9968742813369382
1395.9478692659843 -1191.3868758424837 0.9968707962723331
1408.8209201683296 -1185.5605317131938 0.9968673502177492
1421.3959024849512 -1180.3363998773075 0.996864256888603
NaN NaN NaN
NaN NaN NaN
NaN NaN NaN
NaN NaN NaN
NaN NaN NaN
NaN NaN NaN
NaN NaN NaN
NaN NaN NaN
NaN NaN NaN
NaN NaN NaN
NaN NaN NaN
NaN NaN NaN
975.1599638478525 872.0030074914009 0.9973713298021086
957.2616846634006 877.7090513193284 0.9973685501004009
939.3205378446456 882.6394226767089 0.997366145673734
921.3665414989252 886.8000510094074 0.9973641147597705
903.4295369914875 890.1977892791969 0.9973624549601051
885.5391591622057 892.8404070810972 0.9973611632461644
867.7248067056627 894.7365831811901 0.9973602359665448
862.3636615456263 900.0840743417883 0.9973576189803971
844.5985663905086 900.8514416127394 0.997357243208646
838.945695503267 905.7512863877806 0.9973548424251636
821.3114167724888 905.4136691875253 0.9973550079245211
815.4151127531776 909.869984866086 0.9973528225329934
797.9918192340705 908.4556439899624 0.9973535163444571
791.8999151219754 912.475259294564 0.9973515439820535
785.6082248926803 916.4297932785196 0.9973496019829601
768.5257487965282 913.6092480326233 0.9973509872603958
762.1015954366161 917.1355843285635 0.9973492552179525
755.4980340707888 920.5921109395521 0.9973475562605071
748.719590708311 923.9751619968773 0.9973458922631694
732.2308326772351 919.4738986659962 0.9973481060164243
725.3977857296658 922.4425546952423 0.997346646237436
718.410439030638 925.3349142743516 0.9973452231294445
711.2735796241546 928.1477301131108 0.9973438383572023
703.9920965451545 930.8778276928102 0.9973424935514881
696.5709774750921 933.5221106806391 0.9973411903060788
681.2502085182792 926.8498653900998 0.997344477404866
673.881103210907 929.1060691708283 0.9973433663784345
666.3929523651608 931.2764158572908 0.9973422971504955
658.7908844993963 933.3583033018439 0.9973412710595251
651.0801058765263 935.3492264116705 0.9973402893960486
643.2658969461746 937.2467815033856 0.997339353400163
635.3536087370932 939.0486704690591 0.997338464259156
627.3486592020528 940.7527047475031 0.997337623105223
619.2565295175036 942.3568090949472 0.9973368310132916
611.0827603407948 943.8590251501735 0.9973360889989531
598.4271128363181 934.3598883595655 0.9973407772580638
590.4634430566568 935.5377633194965 0.9973401964136829
582.437830933131 936.6183701797682 0.9973396634128653
574.3557721631581 937.6003183957442 0.997339178973244
566.2228009876794 938.4823424499449 0.997338743748416
558.0444864113073 939.2633040625177 0.9973383583266623
549.8264283990599 939.9421941749528 0.9973380232297941
541.5742540522123 940.5181347052438 0.9973377389121321
533.2936137658163 940.9903800722918 0.9973375057596159
524.9901773704021 941.3583184884365 0.9973373240890496
516.6696302607892 941.6214730185729 0.9973371941474812
508.3376695140755 941.7795024049756 0.9973371161117197
