-500 636.5622016569727 0.9974832627495158
-506.51892574279066 636.5149203272446 0.9974832846950711
-513.0333891943552 636.3731304335464 0.997483350505366
-519.5389311068067 636.1369941774136 0.9974834601013347
-526.0310983169493 635.8067816116992 0.9974836133513564
-532.5054467834017 635.3828702163245 0.997483810071489
-538.9575446178061 634.8657443048471 0.9974840500257953
-545.3829751076419 634.2559942623923 0.9974843329267612
-551.7773397289925 633.5543156157042 0.9974846584358065
-558.1362611470254 632.7615079361832 0.9974850261638847
-564.4553862022184 631.8784735769408 0.9974854356721743
-570.7303888803465 630.9062162452074 0.9974858864728574
-576.9569732642559 629.8458394114856 0.9974863780299859
-587.8902499341896 639.4713112702617 0.9974819120857078
-594.3575432644891 638.1039317321006 0.9974825470425221
-600.7602616240756 636.642806825327 0.9974832253362674
-607.0940221937323 635.0895142187574 0.9974839461962347
-613.3544891464463 633.445727220426 0.9974847088058713
-619.5373766052354 631.7132121937971 0.9974855123041959
-625.6384515675883 629.8938258243292 0.9974863557872892
-631.6535367943586 627.9895122399444 0.9974872383098577
-637.5785136612816 626.0022999893957 0.9974881588868679
-643.4093249713445 623.934298882886 0.9974891164952472
-657.2177341822419 630.7993081990035 0.9974859360368377
-663.1534642536097 628.3518304420677 0.9974870704257625
-668.9775470925401 625.8220472277709 0.9974882423706818
-674.6859938469224 623.2125122691803 0.9974894506310826
-680.2748944444895 620.525848330615 0.9974906939352393
-685.7404202663556 617.7647432632002 0.9974919709823253
-700.8935193781386 622.4748472356479 0.9974897920669312
-706.3690814216542 619.3013561666909 0.9974912603671288
-711.7034319986125 616.0545354030658 0.9974927616169666
-716.8929149534295 612.7374757286527 0.9974942943224105
-732.7761072096886 615.766293263755 0.997492894845224
-737.9047220935292 612.0184536971138 0.9974946264230805
-742.8705564683539 608.2033845628085 0.9974963877102792
-759.2055576103135 609.8195577531684 0.9974956417447496
-764.0520924738563 605.5618012912819 0.9974976064404131
-780.6758447295607 606.0941533326715 0.9974973608851663
-785.3581243868117 601.384677294554 0.9974995322801747
-802.1932287517513 600.8027820473981 0.9974998004302177
-806.6656209306809 595.6353482581352 0.9975021803080041
-823.6330673220655 593.9133111311355 0.997502972843353
-840.7189664292496 591.438425844742 0.9975041113780485
-857.8944709072041 588.2015427164212 0.9975055995959681
-875.1304678101185 584.194439792158 0.9975074405833321
-892.3976078537007 579.4098316763199 0.9975096368207389
-909.6663348611957 573.8413777296934 0.9975121901766096
-940.4673156898143 568.8330169865623 0.9975144842444433
-971.4325164501697 562.2892027293685 0.9975174781120758
NaN NaN NaN
NaN NaN NaN
NaN NaN NaN
NaN NaN NaN
NaN NaN NaN
NaN NaN NaN
NaN NaN NaN
NaN NaN NaN
NaN NaN NaN
NaN NaN NaN
-1346.8405220153186 -873.3508066789218 0.996928751388679
-1334.7024801311957 -879.3620271152766 0.9969203368083207
-1322.3578704828708 -886.0462184108817 0.9969109965963323
-1310.784371747424 -892.7936176345726 0.996901586560156
-1299.6955398920522 -899.6396035853766 0.996892059096975
-1288.9086409000377 -906.5988206902902 0.9968823958970225
-1278.299391753588 -913.6751143358908 0.9968725939196155
-1267.7793422290881 -920.8661966579856 0.9968626587956632
-1257.2785328955586 -928.1689224132526 0.9968525974648904
-1258.9315564675467 -933.881969600617 0.9968447469208699
-1248.0585171977887 -941.7029509433513 0.9968340304588609
-1237.072393411032 -949.6140751590217 0.9968232282179914
-1225.9621065143926 -957.5942763759274 0.9968123719988676
-1226.3466326173796 -964.9785658607763 0.9968023642311966
-1214.7900065504734 -973.3202693911851 0.9967911045897239
-1203.071280141116 -981.6863843109014 0.996779862887347
-1202.3624954968036 -990.2616593016802 0.9967683954629882
-1190.1258852948597 -998.9118960297917 0.9967568871119681
-1188.5805695477395 -1008.33045583642 0.9967605583972206
-1175.7857704796195 -1017.2131651288837 0.9967660025162394
-1173.3522313219705 -1027.4294133250726 0.9967722518465771
-1159.9630691369143 -1036.4906074116816 0.9967777838123884
-1156.5934638768115 -1047.450734070173 0.9967844615441444
-1152.6579584338633 -1058.921285926211 0.9967914344060267
-1148.1398438605338 -1070.886243860471 0.9967986905701233
-1133.2818346573738 -1080.3968847735132 0.9968044457784372
-1127.723925610518 -1092.9757539524178 0.9968120406652764
-1121.5396164778276 -1105.9922134543733 0.99681987941491
-1114.7114561278122 -1119.4243549313676 0.9968279468574865
-1116.2064852639262 -1137.4471663781676 0.9968387370649634
-1107.8347229391895 -1151.94744046605 0.9968473897910317
-1098.7651165279983 -1166.7838132187105 0.9968562168134704
-1097.3414674780079 -1187.096726267097 0.9968682592114928
-1086.6012880040364 -1202.8130780832166 0.9968775426283081
-1083.0208939139652 -1224.5769070910392 0.9968903495063974
-1078.2041714518557 -1247.1656812400906 0.996903582258265
-1072.1159172745831 -1270.5221436062177 0.9969172012238974
-1064.7232233961874 -1294.5860067844296 0.9969311654591775
-1055.99503637995 -1319.2941317922568 0.9969454329293352
-1052.5590683182438 -1352.0079228399522 0.9969642137029537
-1047.1840488709151 -1385.8377535538789 0.9969835047847768
-1045.9720912258467 -1428.7997304355736 0.9970078136782486
-1036.4830856680312 -1464.9474996856582 0.997028103767111
-1036.2985442537565 -1519.579517240517 0.9970584888206844
-1027.6760161698155 -1567.1257721832997 0.9970846608133558
-1026.6110439373674 -1634.9460977515448 0.9971215595041285
-1021.7058810400216 -1705.1675001136457 0.9971592345247915
-1017.3607078662627 -1787.774053526925 0.9972028743860396
-1012.5629740754198 -1883.51001206538 0.9972525460517547
-1010.1875800163818 -2004.0379353462367 0.9973137279962111
-1008.198125380904 -2151.0218126784775 0.997386348442245
-955.0689217569179 -2151.420212645782 0.9973865423606133
-902.3538676465446 -2150.437667754255 0.997386064085578
-852.6443285069281 -2159.7128940535763 0.9973905752189929
-800.5081859633299 -2156.077508993814 0.997388808108041
-750.7280319537329 -2162.846905257082 0.9973920975764242
-699.3170679217161 -2156.6191340670953 0.9973890714669592
-649.6032383911316 -2160.9006247766924 0.9973911522771061
-599.7904870552455 -2163.9613928531357 0.997392638710306
-549.9117468801227 -2165.798877620752 0.9973935306255519
-500 -2166.41154317216 0.9973938279397782
-450.0882531198782 -2165.798877620752 0.9973935306255519
-400.20951294475515 -2163.9613928531357 0.997392638710306
-350.39676160886853 -2160.9006247766924 0.9973911522771061
-300.68293207828475 -2156.6191340670953 0.9973890714669592
-249.27196804626757 -2162.846905257082 0.9973920975764242
-199.49181403667055 -2156.077508993814 0.997388808108041
-147.3556714930733 -2159.7128940535763 0.9973905752189929
-97.64613235345627 -2150.437667754255 0.997386064085578
-44.93107824308169 -2151.420212645782 0.9973865423606133
8.198125380903425 -2151.0218126784775 0.997386348442245
61.699035180037484 -2149.2168737724464 0.997385469705202
115.5326882353719 -2145.9888937640985 0.9973838973584847
169.65546617080315 -2141.316681709212 0.997381619708324
224.0274265681603 -2135.186474293019 0.99737862803542
283.9764498382178 -2138.4339039520223 0.9973802133128877
339.0514965341557 -2129.196213537493 0.9973757010738937
400.2889357636239 -2129.025317675187 0.9973756175187066
462.2566000903845 -2127.0245126985074 0.9973746390610962
524.8954764255011 -2123.1545945814714 0.9973727454233813
588.1450134761493 -2117.378469193963 0.9973699162769846
651.9431696224198 -2109.661215510459 0.9973661312038957
716.2264602671729 -2099.970151879664 0.9973613696621922
788.9071873867089 -2097.8448916400935 0.9973603242026912
862.550741385634 -2093.2920726298157 0.9973580830635418
937.0717943090708 -2086.25683904614 0.9973546158868423
1012.3812652585477 -2076.687315759997 0.9973498918078847
1015.2379736792931 -1994.946408397754 0.9973091648327089
1014.6121960265477 -1915.14549889902 0.9972687494288895
1020.1942092107485 -1845.388275813005 0.9972328821814846
1022.9580034514604 -1777.164092564406 0.9971973100449409
1023.0020283605644 -1710.5915079483589 0.9971621223843007
1030.6278984165838 -1652.6787750594083 0.9971311239943923
1025.7366637284754 -1589.3722809259775 0.997096820240486
1029.0073030075969 -1534.1928806368896 0.9970665596251478
1041.0714429935863 -1486.1291588852553 0.9970399244180548
1040.7126404516646 -1433.2565808769202 0.997010323384117
1038.6084293820088 -1381.811329877839 0.9969812156836267
1046.0525629209546 -1336.5336546429369 0.996955345531648
1052.2463671261976 -1292.0135582515468 0.9969296759162439
1057.2933810985244 -1248.2639519528304 0.9969042240954392
1061.039320852033 -1205.4070451629686 0.996879072007337
1063.2524787223194 -1163.6460175766815 0.9968543521670834
1064.0000351176009 -1123.076928837295 0.9968301368270333
1075.4622278778822 -1086.0624921260946 0.9968078689618105
1073.6411932524795 -1047.7160981651398 0.9967846230401151
1082.9585045662889 -1012.2281122045224 0.9967629484360053
1091.368854343999 -977.4025874009211 0.9967856125936615
1098.9437445291885 -943.313136343534 0.9968318286959154
1105.7724049264539 -910.0297287944958 0.9968776403819996
1111.9599118747835 -877.6230672923106 0.9969227696244299
1117.634560527522 -846.1621007318975 0.9969669653189208
1122.9582804639995 -815.7104687765276 0.9970100077486003
1141.1312047650606 -784.6122416586351 0.9970541438161376
1146.497359660579 -755.9026672098919 0.9970949787732379
1165.476233549221 -725.769767781049 0.9971378609723979
1172.3567894617252 -699.1833874276234 0.9971756636416502
1193.5116551583812 -671.4485397444131 0.9972150193496185
1215.0112500263567 -647.2935693122383 0.997249194644948
1241.064669396773 -624.1313949287769 0.9972818508866163
1264.622324442101 -608.1704114258226 0.9973042771373724
NaN NaN NaN
NaN NaN NaN
772.831642290745 374.8996636101807 0.997601545622276
514.2423428083848 434.7430050316953 0.9975750450284226
355.4247528416948 472.3688190778652 0.9975582175769983
239.39951795071846 498.9842293886109 0.9975462365091826
151.87551462342572 518.456547418926 0.9975374298653004
92.6364125614136 533.0444753919573 0.9975308094227499
47.491271562881664 544.7811641854568 0.9975254687143046
2.504956877021428 554.1976114578531 0.9975211746119498
-28.56748354982723 562.2892027293685 0.9975174781120758
-59.53268431018473 568.8330169865623 0.9975144842444433
-90.33366513880466 573.8413777296934 0.9975121901766096
-107.60239214629962 579.4098316763198 0.9975096368207389
-124.86953218987622 584.1944397921579 0.9975074405833321
-142.10552909279136 588.201542716421 0.9975055995959681
-159.28103357075634 591.438425844742 0.9975041113780485
-176.36693267792464 593.9133111311355 0.997502972843353
-193.33437906930897 595.6353482581352 0.9975021803080041
-197.80677124825647 600.802782047398 0.9974998004302177
-214.64187561317834 601.3846772945539 0.9974995322801747
-219.32415527043923 606.0941533326713 0.9974973608851663
-235.94790752613346 605.5618012912819 0.9974976064404131
-240.79444238969666 609.8195577531684 0.9974956417447496
-257.1294435316461 608.2033845628085 0.9974963877102792
-262.095277906481 612.0184536971137 0.9974946264230805
-267.2238927903217 615.766293263755 0.997492894845224
-283.10708504658083 612.7374757286526 0.9974942943224105
-288.29656800138764 616.0545354030658 0.9974927616169666
-293.6309185783353 619.3013561666909 0.9974912603671288
-299.10648062186135 622.4748472356479 0.9974897920669312
-314.25957973364433 617.7647432632002 0.9974919709823253
-319.72510555552066 620.525848330615 0.9974906939352393
-325.31400615307774 623.2125122691801 0.9974894506310826
-331.02245290745975 625.8220472277709 0.9974882423706818
-336.84653574638 628.3518304420677 0.9974870704257625
-342.7822658177582 630.7993081990035 0.9974859360368377
-356.59067502866577 623.934298882886 0.9974891164952472
-362.4214863387184 626.0022999893957 0.9974881588868679
-368.34646320565156 627.9895122399444 0.9974872383098577
-374.3615484324012 629.8938258243292 0.9974863557872892
-380.4626233947648 631.7132121937971 0.9974855123041959
-386.6455108535537 633.445727220426 0.9974847088058713
-392.9059778062572 635.0895142187574 0.9974839461962347
-399.23973837591393 636.642806825327 0.9974832253362674
-405.64245673550056 638.1039317321006 0.9974825470425221
-412.10975006580003 639.4713112702617 0.9974819120857078
-423.04302673574404 629.8458394114856 0.9974863780299859
-429.2696111196639 630.9062162452074 0.9974858864728574
-435.54461379779195 631.8784735769408 0.9974854356721743
-441.86373885297445 632.7615079361832 0.9974850261638847
-448.2226602709969 633.5543156157042 0.9974846584358065
-454.61702489234773 634.2559942623923 0.9974843329267612
-461.04245538219385 634.8657443048471 0.9974840500257953
-467.49455321659826 635.3828702163245 0.997483810071489
-473.96890168306044 635.8067816116992 0.9974836133513564
-480.4610688931932 636.1369941774136 0.9974834601013347
-486.9666108056433 636.3731304335464 0.997483350505366
-493.48107425720934 636.5149203272446 0.9974832846950711
500 636.5622016569727 0.9974832627495158
493.48107425720934 636.5149203272446 0.9974832846950711
486.9666108056433 636.3731304335464 0.997483350505366
480.4610688931934 636.1369941774136 0.9974834601013347
473.9689016830605 635.8067816116992 0.9974836133513564
467.49455321659826 635.3828702163245 0.997483810071489
461.04245538219385 634.8657443048471 0.9974840500257953
454.61702489234773 634.2559942623923 0.9974843329267612
448.2226602709969 633.5543156157042 0.9974846584358065
441.86373885297445 632.7615079361832 0.9974850261638847
435.544613797792 631.8784735769408 0.9974854356721743
429.2696111196639 630.9062162452074 0.9974858864728574
423.04302673574404 629.8458394114856 0.9974863780299859
412.10975006580003 639.4713112702617 0.9974819120857078
405.6424567355006 638.1039317321006 0.9974825470425221
399.23973837591393 636.642806825327 0.9974832253362674
392.9059778062573 635.0895142187574 0.9974839461962347
386.6455108535537 633.445727220426 0.9974847088058713
380.4626233947648 631.7132121937971 0.9974855123041959
374.3615484324012 629.8938258243292 0.9974863557872892
368.34646320565156 627.9895122399444 0.9974872383098577
362.42148633871847 626.0022999893957 0.9974881588868679
356.5906750286658 623.934298882886 0.9974891164952472
342.7822658177582 630.7993081990035 0.9974859360368377
336.84653574638 628.3518304420677 0.9974870704257625
331.02245290745975 625.8220472277709 0.9974882423706818
325.3140061530778 623.2125122691803 0.9974894506310826
319.7251055555207 620.525848330615 0.9974906939352393
314.25957973364444 617.7647432632002 0.9974919709823253
299.10648062186135 622.4748472356479 0.9974897920669312
293.6309185783353 619.3013561666909 0.9974912603671288
288.29656800138764 616.0545354030658 0.9974927616169666
283.107085046581 612.7374757286527 0.9974942943224105
267.2238927903217 615.766293263755 0.997492894845224
262.0952779064811 612.0184536971138 0.9974946264230805
257.1294435316461 608.2033845628085 0.9974963877102792
240.79444238969666 609.8195577531684 0.9974956417447496
235.94790752613346 605.5618012912819 0.9974976064404131
219.32415527043935 606.0941533326715 0.9974973608851663
214.64187561317834 601.384677294554 0.9974995322801747
197.80677124825658 600.8027820473981 0.9974998004302177
193.33437906930897 595.6353482581352 0.9975021803080041
176.36693267792464 593.9133111311355 0.997502972843353
159.28103357075634 591.438425844742 0.9975041113780485
142.10552909279141 588.2015427164212 0.9975055995959681
124.86953218987634 584.194439792158 0.9975074405833321
107.60239214629968 579.4098316763199 0.9975096368207389
90.33366513880466 573.8413777296934 0.9975121901766096
59.53268431018473 568.8330169865623 0.9975144842444433
28.56748354982723 562.2892027293685 0.9975174781120758
-2.504956877021398 554.1976114578533 0.9975211746119498
-47.49127156288165 544.781164185457 0.9975254687143046
-92.63641256141355 533.0444753919579 0.9975308094227499
-151.87551462342572 518.456547418926 0.9975374298653004
-239.39951795071846 498.9842293886109 0.9975462365091826
-355.4247528416948 472.3688190778652 0.9975582175769983
-514.2423428083846 434.74300503169627 0.9975750450284226
-772.831642290745 374.8996636101807 0.997601545622276
NaN NaN NaN
NaN NaN NaN
-1264.622324442101 -608.1704114258226 0.9973042771373724
-1241.064669396773 -624.1313949287769 0.9972818508866163
-1215.0112500263567 -647.2935693122383 0.997249194644948
-1193.5116551583812 -671.4485397444131 0.9972150193496185
-1172.3567894617252 -699.1833874276234 0.9971756636416502
-1165.476233549221 -725.769767781049 0.9971378609723979
-1146.497359660579 -755.9026672098919 0.9970949787732379
-1141.131204765062 -784.6122416586334 0.9970541438161376
-1122.9582804639997 -815.7104687765265 0.9970100077486003
-1117.634560527522 -846.1621007318968 0.9969669653189208
-1111.9599118747838 -877.6230672923102 0.9969227696244299
-1105.7724049264539 -910.0297287944958 0.9968776403819996
-1098.9437445291885 -943.313136343534 0.9968318286959154
-1091.3688543439994 -977.4025874009205 0.9967856125936615
-1082.9585045662889 -1012.2281122045222 0.9967629484360053
-1073.6411932524804 -1047.7160981651386 0.9967846230401151
-1075.4622278778825 -1086.0624921260942 0.9968078689618105
-1064.0000351176009 -1123.076928837295 0.9968301368270333
-1063.2524787223194 -1163.6460175766815 0.9968543521670834
-1061.0393208520325 -1205.4070451629696 0.996879072007337
-1057.293381098524 -1248.2639519528304 0.9969042240954392
-1052.2463671261987 -1292.0135582515452 0.9969296759162439
-1046.0525629209562 -1336.5336546429355 0.996955345531648
-1038.6084293820088 -1381.811329877839 0.9969812156836267
-1040.7126404516646 -1433.2565808769202 0.997010323384117
-1041.0714429935867 -1486.1291588852548 0.9970399244180548
-1029.007303007597 -1534.1928806368892 0.9970665596251478
-1025.7366637284754 -1589.3722809259775 0.997096820240486
-1030.6278984165838 -1652.6787750594083 0.9971311239943923
-1023.0020283605649 -1710.5915079483589 0.9971621223843007
-1022.9580034514604 -1777.164092564406 0.9971973100449409
-1020.1942092107505 -1845.3882758130032 0.9972328821814846
-1014.612196026549 -1915.1454988990183 0.9972687494288895
-1015.2379736792931 -1994.946408397754 0.9973091648327089
-1012.3812652585482 -2076.687315759997 0.9973498918078847
-937.0717943090713 -2086.25683904614 0.9973546158868423
-862.550741385634 -2093.2920726298157 0.9973580830635418
-788.9071873867107 -2097.844891640092 0.9973603242026912
-716.2264602671734 -2099.9701518796637 0.9973613696621922
-651.9431696224198 -2109.661215510459 0.9973661312038957
-588.1450134761495 -2117.3784691939627 0.9973699162769846
-524.8954764255024 -2123.1545945814714 0.9973727454233813
-462.2566000903845 -2127.0245126985074 0.9973746390610962
-400.2889357636249 -2129.025317675186 0.9973756175187066
-339.05149653415657 -2129.1962135374924 0.9973757010738937
-283.9764498382178 -2138.4339039520223 0.9973802133128877
-224.02742656816096 -2135.186474293019 0.99737862803542
-169.65546617080372 -2141.316681709212 0.997381619708324
-115.5326882353719 -2145.9888937640985 0.9973838973584847
-61.6990351800384 -2149.216873772446 0.997385469705202
-8.198125380904154 -2151.0218126784775 0.997386348442245
44.93107824308169 -2151.420212645782 0.9973865423606133
97.64613235345566 -2150.437667754255 0.997386064085578
147.3556714930721 -2159.7128940535763 0.9973905752189929
199.49181403667055 -2156.077508993814 0.997388808108041
249.27196804626678 -2162.846905257082 0.9973920975764242
300.6829320782839 -2156.6191340670953 0.9973890714669592
350.39676160886853 -2160.9006247766924 0.9973911522771061
400.2095129447544 -2163.9613928531357 0.997392638710306
450.08825311987715 -2165.798877620752 0.9973935306255519
500 -2166.41154317216 0.9973938279397782
549.9117468801225 -2165.798877620752 0.9973935306255519
599.7904870552447 -2163.9613928531357 0.997392638710306
649.6032383911316 -2160.9006247766924 0.9973911522771061
699.3170679217149 -2156.6191340670953 0.9973890714669592
750.7280319537319 -2162.846905257082 0.9973920975764242
800.5081859633299 -2156.077508993814 0.997388808108041
852.6443285069272 -2159.7128940535763 0.9973905752189929
902.3538676465439 -2150.437667754255 0.997386064085578
955.0689217569179 -2151.420212645782 0.9973865423606133
1008.1981253809034 -2151.0218126784775 0.997386348442245
1010.1875800163807 -2004.037935346237 0.9973137279962111
1012.5629740754198 -1883.51001206538 0.9972525460517547
1017.3607078662623 -1787.774053526925 0.9972028743860396
1021.7058810400214 -1705.167500113646 0.9971592345247915
1026.6110439373674 -1634.9460977515448 0.9971215595041285
1027.676016169815 -1567.1257721833 0.9970846608133558
1036.2985442537556 -1519.5795172405176 0.9970584888206844
1036.4830856680312 -1464.9474996856582 0.997028103767111
1045.972091225846 -1428.7997304355736 0.9970078136782486
1047.184048870915 -1385.837753553879 0.9969835047847768
1052.5590683182438 -1352.0079228399522 0.9969642137029537
1055.99503637995 -1319.294131792257 0.9969454329293352
1064.723223396187 -1294.5860067844299 0.9969311654591775
1072.1159172745831 -1270.5221436062177 0.9969172012238974
1078.2041714518555 -1247.1656812400906 0.996903582258265
1083.020893913965 -1224.5769070910396 0.9968903495063974
1086.6012880040364 -1202.8130780832166 0.9968775426283081
1097.3414674780072 -1187.096726267097 0.9968682592114928
1098.7651165279979 -1166.7838132187107 0.9968562168134704
1107.8347229391895 -1151.94744046605 0.9968473897910317
1116.2064852639262 -1137.4471663781678 0.9968387370649634
1114.711456127812 -1119.4243549313676 0.9968279468574865
1121.5396164778274 -1105.9922134543733 0.99681987941491
1127.7239256105179 -1092.9757539524178 0.9968120406652764
1133.2818346573729 -1080.3968847735134 0.9968044457784372
1148.1398438605338 -1070.886243860471 0.9967986905701233
1152.6579584338633 -1058.921285926211 0.9967914344060267
1156.593463876811 -1047.4507340701734 0.9967844615441444
1159.9630691369139 -1036.4906074116818 0.9967777838123884
1173.3522313219705 -1027.4294133250726 0.9967722518465771
1175.7857704796195 -1017.2131651288838 0.9967660025162394
1188.5805695477395 -1008.33045583642 0.9967605583972206
1190.1258852948597 -998.9118960297917 0.9967568871119681
1202.3624954968036 -990.2616593016804 0.9967683954629882
1203.0712801411157 -981.6863843109018 0.996779862887347
1214.7900065504734 -973.3202693911851 0.9967911045897239
1226.3466326173798 -964.9785658607765 0.9968023642311966
1225.9621065143926 -957.5942763759274 0.9968123719988676
1237.072393411032 -949.6140751590217 0.9968232282179914
1248.0585171977884 -941.7029509433514 0.9968340304588609
1258.9315564675467 -933.8819696006171 0.9968447469208698
1257.2785328955586 -928.1689224132529 0.9968525974648904
1267.7793422290877 -920.8661966579858 0.9968626587956632
1278.299391753588 -913.6751143358908 0.9968725939196155
1288.9086409000377 -906.5988206902902 0.9968823958970225
1299.6955398920522 -899.6396035853766 0.996892059096975
1310.784371747424 -892.7936176345726 0.996901586560156
1322.3578704828708 -886.0462184108817 0.9969109965963323
1334.7024801311957 -879.3620271152766 0.9969203368083207
1346.8405220153186 -873.3508066789218 0.996928751388679
NaN NaN NaN
NaN NaN NaN
NaN NaN NaN
NaN NaN NaN
NaN NaN NaN
NaN NaN NaN
NaN NaN NaN
NaN NaN NaN
NaN NaN NaN
NaN NaN NaN
971.4325164501697 562.2892027293685 0.9975174781120758
940.4673156898143 568.8330169865623 0.9975144842444433
909.6663348611957 573.8413777296934 0.9975121901766096
892.3976078537007 579.4098316763198 0.9975096368207389
875.1304678101185 584.1944397921579 0.9975074405833321
857.8944709072042 588.201542716421 0.9975055995959681
840.7189664292496 591.438425844742 0.9975041113780485
823.6330673220655 593.9133111311355 0.997502972843353
806.6656209306809 595.6353482581352 0.9975021803080041
802.1932287517513 600.802782047398 0.9974998004302177
785.3581243868117 601.3846772945539 0.9974995322801747
780.6758447295607 606.0941533326713 0.9974973608851663
764.0520924738563 605.5618012912819 0.9974976064404131
759.2055576103135 609.8195577531684 0.9974956417447496
742.8705564683539 608.2033845628085 0.9974963877102792
737.9047220935292 612.0184536971137 0.9974946264230805
732.7761072096888 615.766293263755 0.997492894845224
716.8929149534295 612.7374757286526 0.9974942943224105
711.7034319986125 616.0545354030658 0.9974927616169666
706.3690814216542 619.3013561666909 0.9974912603671288
700.8935193781386 622.4748472356479 0.9974897920669312
685.7404202663556 617.7647432632002 0.9974919709823253
680.2748944444895 620.525848330615 0.9974906939352393
674.6859938469224 623.2125122691801 0.9974894506310826
668.9775470925401 625.8220472277709 0.9974882423706818
663.1534642536097 628.3518304420677 0.9974870704257625
657.2177341822419 630.7993081990035 0.9974859360368377
643.4093249713447 623.934298882886 0.9974891164952472
637.5785136612816 626.0022999893957 0.9974881588868679
631.6535367943588 627.9895122399444 0.9974872383098577
625.6384515675883 629.8938258243292 0.9974863557872892
619.5373766052354 631.7132121937971 0.9974855123041959
613.3544891464463 633.445727220426 0.9974847088058713
607.0940221937323 635.0895142187574 0.9974839461962347
600.7602616240756 636.642806825327 0.9974832253362674
594.3575432644891 638.1039317321006 0.9974825470425221
587.8902499341896 639.4713112702617 0.9974819120857078
576.9569732642559 629.8458394114856 0.9974863780299859
570.7303888803465 630.9062162452074 0.9974858864728574
564.4553862022185 631.8784735769408 0.9974854356721743
558.1362611470255 632.7615079361832 0.9974850261638847
551.7773397289925 633.5543156157042 0.9974846584358065
545.3829751076419 634.2559942623923 0.9974843329267612
538.9575446178061 634.8657443048471 0.9974840500257953
532.5054467834017 635.3828702163245 0.997483810071489
526.0310983169493 635.8067816116992 0.9974836133513564
519.5389311068068 636.1369941774136 0.9974834601013347
513.0333891943552 636.3731304335464 0.997483350505366
506.51892574279066 636.5149203272446 0.9974832846950711
