0 141.20539032551116
-3.476141337717974 141.16837322794655
-6.949906042769928 141.05735200817438
-10.418919095662018 140.87241685404902
-13.880808702182124 140.6137179755917
-17.333207903382835 140.28146545048568
-20.9967969670654 141.02009433934467
-24.459931037907833 140.53502766874576
-27.906341998236762 139.976394302735
-31.666515126810854 140.46606843801487
-35.10860598784425 139.75215631679157
-38.9316363327177 140.066525807306
-42.35903763114667 139.1956916380529
-46.23341600898415 139.32947147225
-50.14655343653233 139.36443411085077
-53.54948555483919 138.24914236052172
-57.49573101913393 138.09580191933765
-61.47087257225234 137.83874136937538
-65.47137802041266 137.47619938112388
-69.49365207966963 137.00651435797138
-73.53403939630664 136.4281263546109
-77.58882763646417 135.73957889898728
-82.4307824206397 135.86230067274636
-86.53406735702258 134.9278685287262
-91.47780154107107 134.75739520606135
-95.61188579581399 133.56919664310524
-100.63715806582259 133.09484092746658
-105.70973174679055 132.45246330239857
-110.82365556035933 131.63907119251024
-115.97287323520862 130.65185526287337
-121.15122930681702 129.48819281367872
-127.38669963500134 128.84485680816255
-133.6894092210499 127.9631837587291
-140.0507788796771 126.83906973023574
-146.46208866118494 125.46868648352452
-152.9144865940845 123.84848620467832
-160.55248690730025 122.52472188943358
-169.4316425199226 121.39893607549371
-177.21109191059088 119.39889449661328
-186.24823799509247 117.5224190710667
-196.58848768549342 115.66537612318938
-207.01906817573533 113.3361131061757
-218.7931491778091 110.87920440961753
-231.94289734960338 108.18460766245944
-246.49506082090252 105.14024797804143
-262.47089993936083 101.63226581435686
-281.21720646436415 97.75347350731674
-302.78287418156077 93.27779543049138
-325.8497125508658 87.84122292247682
-354.51230186207715 81.61738101718397
-387.4725354923195 74.08940271129038
-427.5323430165946 64.956201116705
-477.5430788234468 53.61443427482292
-540.3869413682802 39.15768747965527
-623.1834785253992 20.11077821206804
-710.4940730202726 -3.727334473521701
-712.8403251670604 -22.342086721653487
-714.6993105800798 -41.01556248772508
-716.0694677792262 -59.735063599717556
-716.9495679423654 -78.48798269612844
-717.3526316012042 -100
-717.2363311028945 -116.03960611952475
-716.6422208065961 -134.81516256933054
-715.5564801898752 -153.57213461536523
-713.9795604695956 -172.29790158048726
-711.9122502086974 -190.97963260330462
-709.3346535355076 -209.67221538107904
-706.1547763742536 -228.58022863699216
-702.4055593349889 -247.4939478577367
-698.1195865885278 -266.29977713719757
-693.3178845287167 -284.94905031318
-688.0154055425277 -303.41770217597656
-682.2237380321383 -321.6914940114425
-675.9525662472909 -339.76011580818005
-669.2104585314343 -357.61477410435566
-662.005349778225 -375.2471448838487
-654.3448324226681 -392.6489465083648
-646.2363591841107 -409.8117668207308
-637.6873354591115 -426.72705346048474
-628.7052156305347 -443.3861130115972
-619.2975467434512 -459.78015496757985
-609.4720066223999 -475.9003315818195
-599.2364279772714 -491.7377795181028
-588.5988060977797 -507.28366167419216
-577.5673301998639 -522.5291924718222
-566.150345749404 -537.4656842183836
-554.3563884480858 -552.0845587312755
-542.1942019431924 -566.3773686965781
-529.6726743832463 -580.3358300726879
-516.8008854504835 -593.9518259794164
-503.5881004170775 -607.2174245322711
-490.0437237018346 -620.1248920481921
-476.1773544026784 -632.6667020109218
-461.99872547398144 -644.8355437482845
-447.5177276269538 -656.6243301605404
-432.7444013420009 -668.0262055482889
-417.68892905263203 -679.0345520762253
-402.3615910906047 -689.6429811879406
-386.77285442019434 -699.8453694643704
-370.9332482958823 -709.6358209065503
-354.85344817743976 -719.0087033797682
-338.5442307425822 -727.9586368467617
-322.016469220492 -736.4804945128307
-305.2811337389254 -744.5694079013703
-288.34928495857247 -752.2207684904322
-271.2320678707758 -759.4302290165461
-253.94070344222206 -766.193701929318
-236.4864765079454 -772.5073510612393
-218.88076189847757 -778.367629544303
-201.1349765705323 -783.7712317488505
-183.26059650852582 -788.7151166442834
-165.26915754536597 -793.1965210445483
-147.17223233974678 -797.2129299745008
-128.9814384857735 -800.7620973411279
-110.70843467788836 -803.842054029301
-92.36490282749745 -806.4510727812008
-73.96255630734238 -808.5876990241703
-55.513133284951294 -810.2507536404722
-37.02838680348216 -811.4393109804018
-18.520083702491245 -812.1527098593626
0 -812.3905535649099
18.520083702490936 -812.1527098593626
37.0283868034819 -811.4393109804018
55.513133284951294 -810.2507536404722
73.96255630734204 -808.5876990241703
92.36490282749716 -806.4510727812009
110.70843467788836 -803.842054029301
128.98143848577325 -800.762097341128
147.17223233974644 -797.2129299745008
165.26915754536597 -793.1965210445483
183.26059650852548 -788.7151166442834
201.1349765705321 -783.7712317488505
218.88076189847757 -778.367629544303
236.48647650794518 -772.5073510612394
253.94070344222177 -766.193701929318
271.2320678707758 -759.4302290165461
288.34928495857224 -752.2207684904324
305.2811337389252 -744.5694079013704
322.016469220492 -736.4804945128307
338.5442307425821 -727.9586368467617
354.8534481774397 -719.0087033797682
370.9332482958823 -709.6358209065503
386.77285442019434 -699.8453694643704
402.3615910906047 -689.6429811879406
417.68892905263203 -679.0345520762253
432.7444013420007 -668.0262055482889
447.51772762695373 -656.6243301605404
461.99872547398144 -644.8355437482845
476.17735440267836 -632.666702010922
490.0437237018343 -620.1248920481925
503.5881004170775 -607.2174245322711
516.8008854504833 -593.9518259794168
529.6726743832463 -580.335830072688
542.1942019431923 -566.3773686965782
554.3563884480856 -552.0845587312757
566.1503457494041 -537.4656842183836
577.5673301998639 -522.5291924718222
588.5988060977797 -507.28366167419216
599.2364279772714 -491.737779518103
609.4720066223999 -475.9003315818195
619.2975467434509 -459.7801549675802
628.7052156305347 -443.3861130115972
637.6873354591115 -426.72705346048474
646.2363591841107 -409.8117668207308
654.3448324226681 -392.64894650836493
662.005349778225 -375.24714488384876
669.2104585314343 -357.6147741043557
675.9525662472906 -339.76011580818084
682.2237380321383 -321.6914940114425
688.0154055425277 -303.41770217597656
693.3178845287165 -284.9490503131811
698.1195865885277 -266.29977713719865
702.4055593349889 -247.49394785773666
706.1547763742536 -228.58022863699333
709.3346535355076 -209.67221538107904
711.9122502086974 -190.97963260330462
713.9795604695956 -172.29790158048726
715.5564801898752 -153.57213461536523
716.6422208065961 -134.81516256933054
717.2363311028945 -116.03960611952475
717.3526316012042 -100
716.9495679423654 -78.48798269612844
716.0694677792263 -59.73506359971715
714.6993105800798 -41.01556248772508
712.8403251670607 -22.342086721655235
710.4940730202726 -3.727334473521701
623.1834785253992 20.11077821206804
540.3869413682802 39.15768747965527
477.5430788234469 53.61443427482244
427.5323430165947 64.95620111670486
387.4725354923195 74.08940271129016
354.51230186207715 81.61738101718397
325.8497125508658 87.84122292247682
302.78287418156077 93.27779543049138
281.21720646436415 97.75347350731667
262.47089993936083 101.63226581435687
246.49506082090258 105.1402479780413
231.94289734960338 108.18460766245944
218.7931491778091 110.87920440961753
207.01906817573533 113.3361131061757
196.58848768549353 115.66537612318918
186.2482379950925 117.52241907106661
177.21109191059088 119.39889449661321
169.4316425199226 121.39893607549371
160.55248690730025 122.52472188943358
152.9144865940845 123.84848620467832
146.46208866118502 125.4686864835244
140.05077887967713 126.83906973023574
133.6894092210499 127.96318375872907
127.38669963500134 128.84485680816255
121.15122930681702 129.48819281367872
115.97287323520862 130.65185526287337
110.82365556035944 131.6390711925102
105.7097317467906 132.45246330239783
100.63715806582262 133.09484092746655
95.61188579581399 133.56919664310524
91.47780154107107 134.75739520606135
86.53406735702258 134.9278685287262
82.43078242063977 135.86230067274624
77.5888276364642 135.73957889898728
73.53403939630665 136.4281263546109
69.49365207966963 137.00651435797138
65.47137802041266 137.47619938112388
61.47087257225234 137.83874136937538
57.49573101913399 138.09580191933762
53.54948555483924 138.24914236052172
50.14655343653236 139.3644341108507
46.23341600898415 139.32947147225
42.35903763114667 139.1956916380529
38.9316363327177 140.066525807306
35.1086059878443 139.75215631679154
31.6665151268109 140.46606843801487
27.906341998236815 139.97639430273497
24.459931037907833 140.53502766874576
20.9967969670654 141.02009433934467
17.333207903382835 140.28146545048568
13.880808702182168 140.61371797559167
10.41891909566206 140.87241685404902
6.949906042769973 141.05735200817438
3.476141337717974 141.16837322794655
