-500 955.552201656968 0.9973303054535083
-508.41941080716697 955.4992589028511 0.9973303316703984
-516.8330568255727 955.3404996516078 0.9973304102852059
-525.2351772024737 955.0761308170217 0.9973305411904118
-533.6200189545294 954.7064968570376 0.9973307242070526
-541.9818408957543 954.2320791766559 0.9973309590850713
-550.3149175577679 953.6534952927103 0.9973312455038084
-558.6135430991125 952.9714977613997 0.9973315830726313
-566.872035201553 952.1869728694613 0.9973319713317016
-575.0847389503999 951.300939090556 0.9973324097528788
-583.2460306963179 950.3145453079852 0.9973328977407578
-591.3503218960416 949.2290688059815 0.9973334346338394
-599.3920629294445 948.0459130313893 0.9973340197058311
-612.1251203590692 957.5393718414055 0.997329321216619
-620.3755850794369 956.0310957179964 0.9973300682956391
-628.5436433628607 954.4205653282751 0.9973308657707392
-636.6237025143229 952.7097561432299 0.9973317126146646
-644.6102298809939 950.9007614711591 0.9973326077401842
-652.4977566302922 948.9957888484289 0.9973335500021884
-660.2808814850955 946.9971562221816 0.9973345381998989
-667.9542744132865 944.9072879299805 0.9973355710791856
-675.5126802693171 942.7287104823533 0.997336647334983
-682.950922385557 940.464048154469 0.9973377656138059
-698.3396625669056 947.1276298932969 0.9973344737011335
-705.8275406930891 944.4745017265515 0.997335784921112
-713.1745249064744 941.735401254025 0.9973371378893572
-720.3755826344005 938.9134491959325 0.9973385309952982
-727.4257808436063 936.0118448689334 0.9973399625910898
-734.3202894148027 933.0338607065713 0.9973414309946854
-750.8690770602288 937.5257379412022 0.9973392157705556
-757.7060768864802 934.1332684574335 0.9973408889949953
-764.3666814338297 930.6673168645409 0.9973425972725302
-770.8463255984652 927.1315748777457 0.9973443387099618
-787.9827020919156 929.942759571318 0.9973429542361416
-794.3266653704449 925.9789359506293 0.9973449061420939
-800.4691793583723 921.9501275597221 0.9973468884397831
-817.9413848944299 923.3553973205992 0.9973461971879278
-823.8848695499554 918.8901576323003 0.9973483929562699
-841.5645652009616 919.2190227048643 0.997348231305732
-847.2610581659557 914.3106220315344 0.9973506428629388
-865.0679506599578 913.5349189392891 0.9973510237555261
-870.4690397742012 908.1793353125634 0.9973536518657014
-888.3214554246839 906.2753327417696 0.9973545855160962
-906.2479896010262 903.6251763998465 0.9973558844513811
-924.2192188288901 900.2202086854968 0.9973575523210993
-942.2054848124895 896.0526803344417 0.997359592150814
-960.1769240705781 891.1157578201379 0.9973620063348009
-978.1034977348933 885.4035301773204 0.9973647966301804
NaN NaN NaN
NaN NaN NaN
NaN NaN NaN
NaN NaN NaN
NaN NaN NaN
NaN NaN NaN
NaN NaN NaN
NaN NaN NaN
NaN NaN NaN
NaN NaN NaN
NaN NaN NaN
NaN NaN NaN
-1424.2826649976057 -1193.208277352977 0.9968718727260211
-1411.6940528431219 -1198.4058220581453 0.9968749423079172
-1398.804093998023 -1204.203117134349 0.9968783622824068
-1386.634824523774 -1210.0736252174886 0.9968818213577658
-1374.898547675873 -1216.047753878527 0.9968853372698334
-1363.4128222900206 -1222.1380224618258 0.9968889171568381
-1352.0544579312661 -1228.3475927460577 0.9968925626266841
-1340.736541246291 -1234.674276513682 0.9968962721387493
-1329.3907252964386 -1241.1151038474827 0.9969000436972598
-1330.2584762411402 -1246.1860525477587 0.9969030096358581
-1318.4304939219655 -1253.1102029726092 0.9969070545746732
-1306.4486187750967 -1260.1294571626133 0.9969111492857902
-1294.3044440826948 -1267.2249935818897 0.9969152825849045
-1293.6562693698168 -1273.813839678051 0.9969191154117109
-1280.9802849902376 -1281.2557534093307 0.9969234383345276
-1268.111222458459 -1288.733771018255 0.9969277756723479
-1266.2125376930214 -1296.40964869278 0.9969322209454353
-1252.755379616623 -1304.1652290529648 0.9969367053639708
-1249.9254215871272 -1312.6108361778602 0.9969415807646654
-1235.8499943492047 -1320.597871207539 0.9969461837802828
-1232.0499891489908 -1329.7746683895202 0.9969514632863
-1217.329810172523 -1337.9445693172295 0.996956155266621
-1212.5247464872778 -1347.8064562888671 0.9969618086256813
-1207.1185974919294 -1358.135328861067 0.9969677175943858
-1201.0986845662899 -1368.9180583316243 0.9969738730361152
-1184.8286489630389 -1377.534780638022 0.9969787823365661
-1177.726179305512 -1388.8909178384756 0.9969852393251281
-1169.976777036117 -1400.6525301986924 0.9969919112296857
-1161.5666538653336 -1412.8010015477225 0.9969987859233899
-1161.3249295280464 -1429.0704600384122 0.9970079661939443
-1151.344357630977 -1442.2131310284565 0.9970153600814543
-1140.6601576236521 -1455.6746987235856 0.9970229130071004
-1137.4693995562288 -1474.0764012802906 0.9970332044642866
-1125.1112382070814 -1488.3719546614814 0.9970411730689329
-1119.7660570302025 -1508.1420034682262 0.9970521553261408
-1113.1926341825742 -1528.6954926260335 0.9970635262776626
-1105.360461709089 -1549.9838271204278 0.9970752539985485
-1096.240820572477 -1571.9551638113976 0.9970873051023652
-1085.806341589778 -1594.554534969735 0.997099644885935
-1080.552895320128 -1624.503165803289 0.9971159108080273
-1073.3978997104675 -1655.548690828148 0.9971326687184613
-1070.3245738606454 -1695.0574505600187 0.9971538432459558
-1059.1464239356285 -1728.4090268034113 0.9971715865377576
-1057.1016374239766 -1778.919925440964 0.9971982317079126
-1046.7966574446652 -1823.0349463369578 0.9972212811903505
-1043.9294400989597 -1886.143821626948 0.9972538990240236
-1037.3194561592268 -1951.736809518911 0.9972873622265093
-1031.2924185077402 -2029.1889571836205 0.9973263080060161
-1024.8595389930847 -2119.3145669588407 0.9973708649460383
-1020.8623084567453 -2233.276814268642 0.9974260558877449
-1017.3082247079124 -2372.9223582266122 0.9974919735290892
-963.2844235213091 -2373.3357247319905 0.9974921659027538
-909.6738381632458 -2372.4309500574777 0.9974917448152566
-859.0346426552248 -2381.290140100773 0.9974958646210536
-806.0023296382002 -2377.8519375450533 0.9974942666234433
-755.2988795127824 -2384.3186626857705 0.9974972712888968
-702.9873308285629 -2378.404449777155 0.9974945234933644
-652.353052717408 -2382.494516001984 0.9974964241246508
-601.6223264525843 -2385.418750054456 0.9974977820368662
-550.8272560585608 -2387.17439339515 0.9974985969107242
-500 -2387.7597916242116 0.997498868556347
-449.1727439414402 -2387.17439339515 0.9974985969107242
-398.377673547417 -2385.418750054456 0.9974977820368662
-347.64694728259246 -2382.494516001984 0.9974964241246508
-297.01266917143846 -2378.404449777155 0.9974945234933644
-244.70112048721816 -2384.3186626857705 0.9974972712888968
-193.9976703618 -2377.8519375450533 0.9974942666234433
-140.96535734477615 -2381.290140100773 0.9974958646210536
-90.32616183675489 -2372.4309500574777 0.9974917448152566
-36.715576478689925 -2373.3357247319905 0.9974921659027538
17.308224707911858 -2372.9223582266122 0.9974919735290892
71.70390164728687 -2371.1665319181197 0.9974911562184942
126.43359808404372 -2368.052755471955 0.9974897060889036
181.45486573608002 -2363.561255518401 0.9974876127251031
236.7289460242072 -2357.6795209889938 0.9974848685350226
297.52077645643044 -2360.720906731251 0.9974862879355684
353.5053458543184 -2351.876370671128 0.9974821578089373
415.58896491089706 -2351.658634214362 0.9974820560395172
478.4053768735128 -2349.696998757055 0.9974811389744634
541.8973331075894 -2345.95444108198 0.997479388318506
606.0061255860332 -2340.3962682488527 0.9974767859263836
670.6716471395849 -2332.990203837541 0.9974733137848243
735.8324527802611 -2323.7064794442467 0.9974689540003361
809.3162411414291 -2321.6170452084843 0.9974679716400195
883.7732107919859 -2317.2178097140227 0.9974659019550884
959.1207350073272 -2310.4575173604444 0.9974627178856313
1035.2726055797232 -2301.288363562584 0.9974583922911623
1039.7561034576815 -2223.632667518521 0.9974214344229241
1040.8419543977482 -2148.0342159609777 0.9973848937525955
1048.1121435356545 -2082.1295763243575 0.9973525795489026
1052.6407401390638 -2017.8563018111404 0.997320647573393
1054.5274258414954 -1955.3273835129091 0.9972891812203911
1063.9485243764498 -1901.0843819995318 0.9972615602699602
1061.052133087616 -1841.988171721777 0.9972311209683653
1066.2615022792127 -1790.6384695542258 0.9972043745677348
1080.197839085284 -1746.0370904526762 0.9971809165328647
1081.914904257609 -1697.146902127979 0.9971549583701631
1081.9559449242445 -1649.748648684824 0.9971295459361151
1091.473680366844 -1608.1713822000775 0.9971070527944126
1099.8093975744184 -1567.4370327403656 0.9970848313191615
1107.0682883625911 -1527.5596282054444 0.9970628991097367
1113.093575739999 -1488.6517190850366 0.9970413287848056
1117.6464841667148 -1450.8967037283244 0.9970202345581184
1120.7891639050138 -1414.3786354787433 0.9969996774501094
1134.5913592467828 -1381.1985601476802 0.9969808671483191
1135.2690992146786 -1346.9902156543355 0.9969613411414671
1147.0454556398643 -1315.4779560755007 0.9969432339738302
1157.9762440305599 -1284.7071036016046 0.9969254409742544
1168.1289417514492 -1254.7432009207268 0.9969080077104328
1177.5876580297308 -1225.647130791329 0.9968909778222292
1186.450840160449 -1197.4788348297423 0.9968743950816826
1194.8386163790178 -1170.2950196920901 0.996858301956134
1202.9033265958717 -1144.1460349567078 0.9968427376287148
1223.9743816066273 -1117.6239225178192 0.9968268667780003
1232.1499129637739 -1093.30444374636 0.9968122388627323
1254.1731093591081 -1067.9738433490004 0.9967969259601319
1263.8766880463895 -1045.7893232746142 0.9967834502411013
1288.0699768392026 -1022.8346816964582 0.9967694428264287
1312.32977082242 -1003.0020687150419 0.9967572879810194
1341.1085347090984 -984.1391567395405 0.9967765770498312
1366.5903761560153 -971.2338941129954 0.9967939161199991
NaN NaN NaN
NaN NaN NaN
845.2093114099563 685.5700566521829 0.9974604022289343
586.4460995684653 745.4538635637596 0.9974321580170864
427.40511239441946 783.1315065721368 0.997414210605901
311.107148553149 809.809961613896 0.9974014193087055
223.26127144742213 829.3563605785124 0.9973920034975351
163.6513713750499 844.0291948311927 0.9973849107732943
118.08676226066284 855.8613737667466 0.9973791757926513
72.63259683594566 865.3836236977843 0.9973745504066307
41.044243688766485 873.5910297893175 0.9973705565196552
9.515421807412334 880.2603426045538 0.9973673061958007
-21.896502265107095 885.4035301773204 0.9973647966301804
-39.82307592942328 891.1157578201378 0.9973620063348009
-57.79451518750259 896.0526803344416 0.997359592150814
-75.78078117110269 900.2202086854967 0.9973575523210993
-93.75201039898302 903.6251763998465 0.9973558844513811
-111.67854457530092 906.2753327417696 0.9973545855160962
-129.53096022578342 908.1793353125634 0.9973536518657014
-134.93204934005269 913.534918939289 0.9973510237555261
-152.7389418340291 914.3106220315343 0.9973506428629388
-158.43543479903832 919.2190227048642 0.997348231305732
-176.11513045002908 918.8901576323003 0.9973483929562699
-182.0586151055855 923.3553973205992 0.9973461971879278
-199.53082064162766 921.9501275597221 0.9973468884397831
-205.6733346295683 925.9789359506292 0.9973449061420939
-212.01729790809998 929.942759571318 0.9973429542361416
-229.153674401549 927.1315748777456 0.9973443387099618
-235.63331856617037 930.6673168645409 0.9973425972725302
-242.2939231135047 934.1332684574335 0.9973408889949953
-249.13092293977115 937.5257379412022 0.9973392157705556
-265.67971058519726 933.0338607065713 0.9973414309946854
-272.5742191564092 936.0118448689334 0.9973399625910898
-279.62441736559964 938.9134491959323 0.9973385309952982
-286.8254750935255 941.735401254025 0.9973371378893572
-294.1724593068954 944.4745017265515 0.997335784921112
-301.6603374330944 947.1276298932969 0.9973344737011335
-317.0490776144586 940.464048154469 0.9973377656138059
-324.4873197306829 942.7287104823533 0.997336647334983
-332.04572558672896 944.9072879299805 0.9973355710791856
-339.7191185148887 946.9971562221816 0.9973345381998989
-347.502243369708 948.9957888484289 0.9973335500021884
-355.38977011900613 950.9007614711591 0.9973326077401842
-363.3762974856613 952.7097561432299 0.9973317126146646
-371.4563566371235 954.4205653282751 0.9973308657707392
-379.6244149205475 956.0310957179964 0.9973300682956391
-387.8748796409151 957.5393718414055 0.997329321216619
-400.60793707055547 948.0459130313893 0.9973340197058311
-408.6496781039741 949.2290688059815 0.9973334346338394
-416.7539693036977 950.3145453079852 0.9973328977407578
-424.9152610495999 951.300939090556 0.9973324097528788
-433.12796479843115 952.1869728694613 0.9973319713317016
-441.38645690087185 952.9714977613997 0.9973315830726313
-449.68508244223204 953.6534952927103 0.9973312455038084
-458.0181591042456 954.2320791766559 0.9973309590850713
-466.3799810454856 954.7064968570376 0.9973307242070526
-474.7648227975262 955.0761308170217 0.9973305411904118
-483.1669431744205 955.3404996516078 0.9973304102852059
-491.58058919283303 955.4992589028511 0.9973303316703984
500 955.552201656968 0.9973303054535083
491.58058919283303 955.4992589028511 0.9973303316703984
483.1669431744205 955.3404996516078 0.9973304102852059
474.7648227975264 955.0761308170217 0.9973305411904118
466.37998104548564 954.7064968570376 0.9973307242070526
458.0181591042456 954.2320791766559 0.9973309590850713
449.68508244223204 953.6534952927103 0.9973312455038084
441.38645690087185 952.9714977613997 0.9973315830726313
433.12796479843115 952.1869728694613 0.9973319713317016
424.9152610495999 951.300939090556 0.9973324097528788
416.7539693036978 950.3145453079852 0.9973328977407578
408.6496781039741 949.2290688059815 0.9973334346338394
400.60793707055547 948.0459130313893 0.9973340197058311
387.8748796409151 957.5393718414055 0.997329321216619
379.62441492054757 956.0310957179964 0.9973300682956391
371.4563566371235 954.4205653282751 0.9973308657707392
363.3762974856614 952.7097561432299 0.9973317126146646
355.38977011900613 950.9007614711591 0.9973326077401842
347.502243369708 948.9957888484289 0.9973335500021884
339.7191185148887 946.9971562221816 0.9973345381998989
332.04572558672896 944.9072879299805 0.9973355710791856
324.48731973068294 942.7287104823533 0.997336647334983
317.04907761445867 940.464048154469 0.9973377656138059
301.6603374330944 947.1276298932969 0.9973344737011335
294.1724593068954 944.4745017265515 0.997335784921112
286.8254750935255 941.735401254025 0.9973371378893572
279.6244173655997 938.9134491959325 0.9973385309952982
272.57421915640924 936.0118448689334 0.9973399625910898
265.67971058519737 933.0338607065713 0.9973414309946854
249.13092293977115 937.5257379412022 0.9973392157705556
242.2939231135047 934.1332684574335 0.9973408889949953
235.63331856617037 930.6673168645409 0.9973425972725302
229.15367440154918 927.1315748777457 0.9973443387099618
212.01729790809998 929.942759571318 0.9973429542361416
205.67333462956842 925.9789359506293 0.9973449061420939
199.53082064162766 921.9501275597221 0.9973468884397831
182.0586151055855 923.3553973205992 0.9973461971879278
176.11513045002908 918.8901576323003 0.9973483929562699
158.43543479903843 919.2190227048643 0.997348231305732
152.7389418340291 914.3106220315344 0.9973506428629388
134.9320493400528 913.5349189392891 0.9973510237555261
129.53096022578342 908.1793353125634 0.9973536518657014
111.67854457530092 906.2753327417696 0.9973545855160962
93.75201039898302 903.6251763998465 0.9973558844513811
75.78078117110275 900.2202086854968 0.9973575523210993
57.794515187502704 896.0526803344417 0.997359592150814
39.82307592942334 891.1157578201379 0.9973620063348009
21.896502265107095 885.4035301773204 0.9973647966301804
-9.515421807412334 880.2603426045538 0.9973673061958007
-41.044243688766485 873.5910297893175 0.9973705565196552
-72.63259683594562 865.3836236977845 0.9973745504066307
-118.08676226066282 855.8613737667469 0.9973791757926513
-163.65137137504985 844.0291948311933 0.9973849107732943
-223.26127144742213 829.3563605785124 0.9973920034975351
-311.107148553149 809.809961613896 0.9974014193087055
-427.40511239441946 783.1315065721368 0.997414210605901
-586.4460995684651 745.4538635637606 0.9974321580170864
-845.2093114099563 685.5700566521829 0.9974604022289343
NaN NaN NaN
NaN NaN NaN
-1366.5903761560153 -971.2338941129954 0.9967939161199991
-1341.1085347090984 -984.1391567395405 0.9967765770498312
-1312.32977082242 -1003.0020687150419 0.9967572879810194
-1288.0699768392026 -1022.8346816964582 0.9967694428264287
-1263.8766880463895 -1045.7893232746142 0.9967834502411013
-1254.1731093591081 -1067.9738433490004 0.9967969259601319
-1232.1499129637739 -1093.30444374636 0.9968122388627323
-1223.9743816066289 -1117.6239225178176 0.9968268667780003
-1202.9033265958722 -1144.1460349567067 0.9968427376287148
-1194.8386163790178 -1170.2950196920897 0.996858301956134
-1186.4508401604492 -1197.478834829742 0.9968743950816826
-1177.5876580297308 -1225.647130791329 0.9968909778222292
-1168.1289417514492 -1254.7432009207268 0.9969080077104328
-1157.9762440305603 -1284.707103601604 0.9969254409742544
-1147.0454556398643 -1315.4779560755007 0.9969432339738302
-1135.2690992146795 -1346.9902156543344 0.9969613411414671
-1134.591359246783 -1381.1985601476797 0.9969808671483191
-1120.7891639050138 -1414.3786354787433 0.9969996774501094
-1117.6464841667148 -1450.8967037283244 0.9970202345581184
-1113.0935757399986 -1488.6517190850375 0.9970413287848056
-1107.0682883625907 -1527.5596282054444 0.9970628991097367
-1099.8093975744198 -1567.4370327403642 0.9970848313191615
-1091.4736803668457 -1608.171382200076 0.9971070527944126
-1081.9559449242445 -1649.748648684824 0.9971295459361151
-1081.914904257609 -1697.146902127979 0.9971549583701631
-1080.1978390852844 -1746.0370904526758 0.9971809165328647
-1066.261502279213 -1790.6384695542254 0.9972043745677348
-1061.052133087616 -1841.988171721777 0.9972311209683653
-1063.9485243764498 -1901.0843819995318 0.9972615602699602
-1054.5274258414959 -1955.3273835129091 0.9972891812203911
-1052.6407401390638 -2017.8563018111404 0.997320647573393
-1048.1121435356565 -2082.1295763243556 0.9973525795489026
-1040.8419543977495 -2148.034215960976 0.9973848937525955
-1039.7561034576815 -2223.632667518521 0.9974214344229241
-1035.2726055797239 -2301.288363562584 0.9974583922911623
-959.1207350073277 -2310.4575173604444 0.9974627178856313
-883.7732107919859 -2317.2178097140227 0.9974659019550884
-809.3162411414311 -2321.617045208483 0.9974679716400195
-735.8324527802615 -2323.7064794442463 0.9974689540003361
-670.6716471395849 -2332.990203837541 0.9974733137848243
-606.0061255860335 -2340.3962682488523 0.9974767859263836
-541.8973331075906 -2345.95444108198 0.997479388318506
-478.4053768735128 -2349.696998757055 0.9974811389744634
-415.5889649108981 -2351.658634214361 0.9974820560395172
-353.5053458543193 -2351.8763706711275 0.9974821578089373
-297.52077645643044 -2360.720906731251 0.9974862879355684
-236.72894602420786 -2357.6795209889938 0.9974848685350226
-181.4548657360806 -2363.561255518401 0.9974876127251031
-126.43359808404372 -2368.052755471955 0.9974897060889036
-71.70390164728781 -2371.1665319181193 0.9974911562184942
-17.308224707912597 -2372.9223582266122 0.9974919735290892
36.715576478689925 -2373.3357247319905 0.9974921659027538
90.32616183675428 -2372.4309500574777 0.9974917448152566
140.96535734477496 -2381.290140100773 0.9974958646210536
193.9976703618 -2377.8519375450533 0.9974942666234433
244.70112048721737 -2384.3186626857705 0.9974972712888968
297.0126691714376 -2378.404449777155 0.9974945234933644
347.64694728259246 -2382.494516001984 0.9974964241246508
398.3776735474162 -2385.418750054456 0.9974977820368662
449.1727439414392 -2387.17439339515 0.9974985969107242
500 -2387.7597916242116 0.997498868556347
550.8272560585605 -2387.17439339515 0.9974985969107242
601.6223264525835 -2385.418750054456 0.9974977820368662
652.353052717408 -2382.494516001984 0.9974964241246508
702.9873308285617 -2378.404449777155 0.9974945234933644
755.2988795127815 -2384.3186626857705 0.9974972712888968
806.0023296382002 -2377.8519375450533 0.9974942666234433
859.0346426552239 -2381.290140100773 0.9974958646210536
909.6738381632451 -2372.4309500574777 0.9974917448152566
963.2844235213091 -2373.3357247319905 0.9974921659027538
1017.3082247079118 -2372.9223582266122 0.9974919735290892
1020.8623084567441 -2233.2768142686423 0.9974260558877449
1024.8595389930847 -2119.3145669588407 0.9973708649460383
1031.2924185077395 -2029.1889571836205 0.9973263080060161
1037.3194561592265 -1951.736809518911 0.9972873622265093
1043.9294400989597 -1886.143821626948 0.9972538990240236
1046.7966574446648 -1823.034946336958 0.9972212811903505
1057.1016374239757 -1778.9199254409646 0.9971982317079126
1059.1464239356285 -1728.4090268034113 0.9971715865377576
1070.3245738606447 -1695.0574505600187 0.9971538432459558
1073.3978997104673 -1655.5486908281482 0.9971326687184613
1080.552895320128 -1624.503165803289 0.9971159108080273
1085.8063415897777 -1594.5545349697352 0.997099644885935
1096.2408205724764 -1571.9551638113978 0.9970873051023652
1105.360461709089 -1549.9838271204278 0.9970752539985485
1113.192634182574 -1528.6954926260335 0.9970635262776626
1119.7660570302023 -1508.1420034682264 0.9970521553261408
1125.1112382070814 -1488.3719546614814 0.9970411730689329
1137.4693995562282 -1474.0764012802908 0.9970332044642866
1140.6601576236515 -1455.6746987235856 0.9970229130071004
1151.344357630977 -1442.2131310284565 0.9970153600814543
1161.3249295280464 -1429.0704600384122 0.9970079661939443
1161.5666538653334 -1412.8010015477225 0.9969987859233899
1169.9767770361168 -1400.6525301986924 0.9969919112296857
1177.7261793055116 -1388.8909178384756 0.9969852393251281
1184.828648963038 -1377.5347806380223 0.9969787823365661
1201.0986845662899 -1368.9180583316243 0.9969738730361152
1207.1185974919294 -1358.135328861067 0.9969677175943858
1212.5247464872773 -1347.8064562888676 0.9969618086256813
1217.3298101725225 -1337.9445693172297 0.996956155266621
1232.0499891489908 -1329.7746683895202 0.9969514632863
1235.8499943492047 -1320.597871207539 0.9969461837802828
1249.9254215871272 -1312.6108361778602 0.9969415807646654
1252.755379616623 -1304.1652290529648 0.9969367053639708
1266.2125376930214 -1296.4096486927801 0.9969322209454353
1268.111222458459 -1288.7337710182555 0.9969277756723479
1280.9802849902376 -1281.2557534093307 0.9969234383345276
1293.6562693698172 -1273.8138396780512 0.9969191154117109
1294.3044440826948 -1267.2249935818897 0.9969152825849045
1306.4486187750967 -1260.1294571626133 0.9969111492857902
1318.4304939219655 -1253.1102029726094 0.9969070545746732
1330.25847624114 -1246.186052547759 0.9969030096358581
1329.3907252964386 -1241.1151038474832 0.9969000436972598
1340.7365412462905 -1234.6742765136821 0.9968962721387493
1352.0544579312661 -1228.3475927460577 0.9968925626266841
1363.4128222900206 -1222.1380224618258 0.9968889171568381
1374.898547675873 -1216.047753878527 0.9968853372698334
1386.634824523774 -1210.0736252174886 0.9968818213577658
1398.804093998023 -1204.203117134349 0.9968783622824068
1411.6940528431219 -1198.4058220581453 0.9968749423079172
1424.2826649976057 -1193.208277352977 0.9968718727260211
NaN NaN NaN
NaN NaN NaN
NaN NaN NaN
NaN NaN NaN
NaN NaN NaN
NaN NaN NaN
NaN NaN NaN
NaN NaN NaN
NaN NaN NaN
NaN NaN NaN
NaN NaN NaN
NaN NaN NaN
978.1034977348933 885.4035301773204 0.9973647966301804
960.1769240705781 891.1157578201378 0.9973620063348009
942.2054848124895 896.0526803344416 0.997359592150814
924.2192188288902 900.2202086854967 0.9973575523210993
906.2479896010262 903.6251763998465 0.9973558844513811
888.3214554246839 906.2753327417696 0.9973545855160962
870.4690397742012 908.1793353125634 0.9973536518657014
865.0679506599578 913.534918939289 0.9973510237555261
847.2610581659557 914.3106220315343 0.9973506428629388
841.5645652009616 919.2190227048642 0.997348231305732
823.8848695499554 918.8901576323003 0.9973483929562699
817.9413848944299 923.3553973205992 0.9973461971879278
800.4691793583723 921.9501275597221 0.9973468884397831
794.3266653704449 925.9789359506292 0.9973449061420939
787.9827020919158 929.942759571318 0.9973429542361416
770.8463255984652 927.1315748777456 0.9973443387099618
764.3666814338297 930.6673168645409 0.9973425972725302
757.7060768864802 934.1332684574335 0.9973408889949953
750.8690770602288 937.5257379412022 0.9973392157705556
734.3202894148027 933.0338607065713 0.9973414309946854
727.4257808436063 936.0118448689334 0.9973399625910898
720.3755826344005 938.9134491959323 0.9973385309952982
713.1745249064744 941.735401254025 0.9973371378893572
705.8275406930891 944.4745017265515 0.997335784921112
698.3396625669056 947.1276298932969 0.9973344737011335
682.9509223855572 940.464048154469 0.9973377656138059
675.5126802693171 942.7287104823533 0.997336647334983
667.9542744132867 944.9072879299805 0.9973355710791856
660.2808814850955 946.9971562221816 0.9973345381998989
652.4977566302922 948.9957888484289 0.9973335500021884
644.6102298809939 950.9007614711591 0.9973326077401842
636.6237025143229 952.7097561432299 0.9973317126146646
628.5436433628607 954.4205653282751 0.9973308657707392
620.3755850794369 956.0310957179964 0.9973300682956391
612.1251203590692 957.5393718414055 0.997329321216619
599.3920629294445 948.0459130313893 0.9973340197058311
591.3503218960416 949.2290688059815 0.9973334346338394
583.246030696318 950.3145453079852 0.9973328977407578
575.0847389504 951.300939090556 0.9973324097528788
566.872035201553 952.1869728694613 0.9973319713317016
558.6135430991125 952.9714977613997 0.9973315830726313
550.3149175577679 953.6534952927103 0.9973312455038084
541.9818408957543 954.2320791766559 0.9973309590850713
533.6200189545294 954.7064968570376 0.9973307242070526
525.2351772024738 955.0761308170217 0.9973305411904118
516.8330568255727 955.3404996516078 0.9973304102852059
508.41941080716697 955.4992589028511 0.9973303316703984
