0 1514.642201656976
-11.750368500644482 1514.579336191296
-23.492689340510626 1514.3908349477963
-35.21892035940504 1514.0769832068563
-46.92103039457434 1513.63825583541
-58.591004770102195 1513.0753163866991
-70.22085077513286 1512.389015841347
-81.80260312719251 1511.5803909908268
-93.32832941692 1510.6506624647561
-104.79013553050962 1509.601232404134
-116.18017104616635 1508.4336817828264
-127.49063460095076 1507.1497673802576
-138.713779224338 1505.7514184082258
-154.6012911037758 1515.0134995091253
-165.977099228233 1513.2582756072711
-177.23924791580157 1511.3858839947322
-188.38002393644587 1509.3989973656926
-199.3917969748751 1507.3004451579438
-210.26702484626426 1505.093208146332
-220.99825865235206 1502.7804127259446
-231.57814787440344 1500.3653248921028
-241.99944539953214 1497.8513439270153
-252.25501247712123 1495.241995802528
-270.41358005829403 1501.5525378091015
-280.6218897214486 1498.538968601491
-290.6380451610044 1495.433000246261
-300.4551844877222 1492.2387472503633
-310.06658173666534 1488.9604194468463
-319.46565147069197 1485.6023138599912
-338.46064590088156 1489.7117076724428
-347.68382162592445 1485.9354373111005
-356.6689358202862 1482.085417705621
-365.40983027738065 1478.1663938164634
-384.7426479607404 1480.5961360028532
-393.21673799555765 1476.2537596852853
-401.4216044236734 1471.850333027431
-420.88697465043725 1472.885954841995
-428.7530702317452 1468.057061756881
-448.2835053820191 1468.0292776260344
-455.75759801544757 1462.772224097425
-475.267732068943 1461.6568362874423
-482.2965373171699 1455.9714846660088
-501.70002812069544 1453.7485534141858
-521.0999334397094 1450.7912015663198
-540.4658200249643 1447.0916339861492
-559.7670737521296 1442.6429298870605
-578.9729299130621 1437.43904772812
-598.0525036318038 1431.4748296285513
-630.535220701692 1426.0953326661947
-663.0518946553257 1419.2060600126556
-695.5444819252489 1410.7956666559435
-741.818643806249 1401.0879776565346
-788.1184497258286 1389.088434278443
-848.3782430851776 1374.2667857936897
-936.7882645552413 1354.5905460517613
NaN NaN
NaN NaN
NaN NaN
NaN NaN
NaN NaN
-1502.1091793100074 -1581.749019553484
-1480.7973226158203 -1589.641581475218
-1458.1635994529731 -1599.6337231754437
-1437.9843391467778 -1609.9442969108682
-1419.1805361073502 -1620.6488180477872
-1400.5998777940733 -1632.082488993726
-1395.3283670684589 -1642.454993652994
-1376.786107679895 -1655.1717031678163
-1358.3650442328626 -1668.190779133403
-1352.7700644665297 -1680.505418404599
-1334.124960164574 -1694.2612720407128
-1327.8343455595013 -1707.78579595335
-1308.6561562799322 -1722.1761281730066
-1301.418854090854 -1736.8297629178958
-1293.5608427789991 -1752.1607987824812
-1285.0439725609353 -1768.1484015349988
-1275.8318672256394 -1784.7708357178392
-1254.3223647516998 -1800.7096950278162
-1255.1973296292142 -1819.8210772440798
-1243.720695179575 -1838.194116843754
-1231.4371882244316 -1857.093644538789
-1218.3268037760438 -1876.48754208833
-1215.029513257015 -1899.1715396300197
-1200.00493082489 -1919.7537823951513
-1194.3477673528557 -1944.1795394338587
-1177.3192997079682 -1965.7973988062552
-1169.1904737248976 -1991.7947437298262
-1159.6768797790473 -2018.6656461035468
-1158.150169258412 -2051.080765128407
-1145.7956741247729 -2079.8399242656255
-1141.213985673669 -2114.687902419766
-1126.0990898126427 -2145.155799127835
-1118.2507120651396 -2182.25657449311
-1116.999843340146 -2226.9124543167195
-1105.2044443046477 -2266.6828991273555
-1099.4340909791401 -2314.5275792695247
-1091.1682708150563 -2364.004387615105
-1080.3243656289983 -2415.0124020529656
-1074.1094930311929 -2475.453327314075
-1071.6953211811401 -2546.2142726908896
-1065.4230644715342 -2619.4479646715395
-1055.1685456079551 -2694.964678956862
-1003.4242951924192 -2716.6960837699394
-939.29579561734 -2718.6038661790717
-875.90078342104 -2718.8858048551247
-818.5205604536178 -2727.190427040154
-756.4169342601142 -2724.4319835833476
-699.7522615905342 -2729.9723742764277
-643.3430639585836 -2734.215456227267
-587.226745263783 -2737.1721669283147
-531.4444052059213 -2738.8604215820114
-476.0326249745946 -2739.2943567512207
-421.0314682688524 -2738.4965243404854
-368.9562643627549 -2746.783258555059
-314.5302594860588 -2743.616452622452
-262.39703225113624 -2749.666512382523
-208.68438700343012 -2744.183939971692
-156.62264522824034 -2748.010539180854
-104.46719939474792 -2750.74676373598
-52.24923622305782 -2752.3896738636486
0 -2752.9375064353057
52.24923622305696 -2752.3896738636486
104.4671993947471 -2750.74676373598
156.62264522824034 -2748.010539180854
208.68438700342944 -2744.183939971692
262.39703225113533 -2749.666512382523
314.5302594860588 -2743.616452622452
368.95626436275404 -2746.783258555059
421.03146826885137 -2738.4965243404854
476.0326249745946 -2739.2943567512207
531.4444052059204 -2738.8604215820114
587.2267452637819 -2737.172166928315
643.3430639585836 -2734.215456227267
699.7522615905333 -2729.9723742764277
756.4169342601132 -2724.4319835833476
818.5205604536178 -2727.190427040154
875.9007834210396 -2718.885804855125
939.2957956173391 -2718.6038661790726
1003.4242951924192 -2716.6960837699394
1055.1685456079542 -2694.9646789568624
1065.423064471534 -2619.4479646715395
1071.6953211811401 -2546.2142726908896
1074.1094930311929 -2475.453327314075
1080.324365628997 -2415.012402052966
1091.1682708150563 -2364.004387615105
1099.4340909791397 -2314.5275792695247
1105.2044443046475 -2266.682899127356
1116.999843340146 -2226.9124543167195
1118.2507120651387 -2182.2565744931107
1126.0990898126415 -2145.1557991278355
1141.213985673669 -2114.687902419766
1145.7956741247726 -2079.8399242656255
1158.150169258412 -2051.080765128407
1159.6768797790469 -2018.6656461035468
1169.1904737248967 -1991.7947437298265
1177.319299707968 -1965.7973988062554
1194.3477673528557 -1944.1795394338587
1200.00493082489 -1919.7537823951513
1215.0295132570127 -1899.1715396300203
1218.3268037760429 -1876.4875420883307
1231.4371882244318 -1857.093644538789
1243.7206951795752 -1838.1941168437543
1255.1973296292142 -1819.8210772440798
1254.3223647516998 -1800.7096950278162
1275.8318672256391 -1784.7708357178392
1285.043972560935 -1768.1484015349993
1293.5608427789987 -1752.1607987824814
1301.4188540908538 -1736.8297629178962
1308.6561562799322 -1722.1761281730066
1327.8343455595013 -1707.78579595335
1334.124960164574 -1694.261272040713
1352.7700644665294 -1680.5054184045991
1358.3650442328612 -1668.1907791334033
1376.7861076798943 -1655.1717031678163
1395.3283670684589 -1642.454993652994
1400.5998777940733 -1632.082488993726
1419.1805361073502 -1620.6488180477872
1437.9843391467778 -1609.9442969108682
1458.1635994529731 -1599.6337231754437
1480.7973226158203 -1589.641581475218
1502.1091793100074 -1581.749019553484
NaN NaN
NaN NaN
NaN NaN
NaN NaN
NaN NaN
936.7882645552413 1354.5905460517613
848.3782430851776 1374.2667857936897
788.1184497258287 1389.0884342784423
741.818643806249 1401.0879776565343
695.544481925249 1410.7956666559433
663.0518946553257 1419.2060600126556
630.535220701692 1426.0953326661947
598.0525036318038 1431.4748296285513
578.9729299130622 1437.43904772812
559.7670737521297 1442.6429298870603
540.4658200249644 1447.091633986149
521.0999334397094 1450.7912015663198
501.70002812069544 1453.7485534141858
482.2965373171699 1455.9714846660088
475.2677320689431 1461.656836287442
455.7575980154476 1462.772224097425
448.28350538201914 1468.0292776260344
428.7530702317452 1468.057061756881
420.88697465043725 1472.885954841995
401.4216044236734 1471.850333027431
393.2167379955577 1476.2537596852853
384.7426479607404 1480.5961360028532
365.4098302773807 1478.1663938164631
356.6689358202862 1482.085417705621
347.68382162592445 1485.9354373111005
338.46064590088156 1489.7117076724428
319.4656514706921 1485.6023138599912
310.0665817366654 1488.9604194468463
300.45518448772225 1492.238747250363
290.6380451610044 1495.433000246261
280.6218897214486 1498.538968601491
270.41358005829403 1501.5525378091015
252.2550124771213 1495.241995802528
241.9994453995322 1497.8513439270153
231.5781478744035 1500.3653248921028
220.99825865235206 1502.7804127259446
210.26702484626426 1505.093208146332
199.3917969748751 1507.3004451579438
188.3800239364459 1509.3989973656926
177.23924791580163 1511.3858839947322
165.97709922823302 1513.2582756072711
154.6012911037758 1515.0134995091253
138.713779224338 1505.7514184082258
127.49063460095076 1507.1497673802576
116.1801710461664 1508.4336817828264
104.79013553050967 1509.601232404134
93.32832941692145 1510.6506624647561
81.80260312719251 1511.5803909908268
70.22085077513286 1512.389015841347
58.591004770102195 1513.0753163866991
46.921030394574494 1513.63825583541
35.21892035940601 1514.0769832068563
23.492689340510672 1514.3908349477963
11.750368500644482 1514.579336191296
