0 849.2222016569696
-7.785915785708604 849.1711460443156
-15.566500948500911 849.0180432455874
-23.33642850392352 848.7630852704857
-31.090378741994687 848.4065917752581
-38.82304285830869 847.9490095232121
-46.529126577787665 847.3909116300892
-54.20335376863268 846.7329965950639
-61.84047004404361 845.976087118209
-69.4352463492767 845.121128705765
-76.98248253160418 844.1691880643037
-84.47701089079936 843.1214512857234
-91.91369970771146 841.9792218247547
-104.04683021745666 851.5166849843575
-111.70290447446463 850.0553743893645
-119.28251611660947 848.4946458272924
-126.7804757407997 846.8363421684057
-134.1916496361415 845.0824167209147
-141.5109632886134 843.2349299635516
-148.73340484593362 841.2960460895641
-155.85402854030133 839.2680293666351
-162.86795806664082 837.1532403180341
-169.77038991414594 834.954131730608
-184.63235310534412 841.6848559951991
-191.60284854660975 839.1002779650569
-198.44219896849637 836.4309499119403
-205.14571970524102 833.6798035536817
-211.70881871055937 830.8498460228273
-218.12699969866054 827.9441548921143
-234.21055783286545 832.5087743726841
-240.59374506487924 829.1892976938526
-246.81226495542435 825.7963897107159
-252.8618553834459 822.333541828048
-269.5805037978262 825.2172708021303
-275.5193509447985 821.3254418661242
-281.2696383950328 817.3678798940842
-298.36277579971073 818.8434507981223
-303.94061052460273 814.4473721852942
-321.26832504382793 814.8440662474667
-326.62674690625454 810.0019737858743
-344.1097100238783 809.2908733086588
-349.20123349304134 803.9980062944206
-366.7586593904911 802.1546588715582
-384.40498187708886 799.5629262148117
-402.11096952166224 796.2139866958049
-419.84714581169965 792.0999334870138
-437.5838186649523 787.2137824388652
-455.29111011032705 781.5494793614447
-486.49938643487826 776.4512340652233
-517.8403346092309 769.8237541026679
-549.2567168496407 761.6549529511408
-594.5549320280733 752.1679705729836
-639.9797184371693 740.3676216847815
-699.466019172755 725.7230895253169
-787.2046050189981 706.2013842054677
-903.4116592101667 679.5439440740461
NaN NaN
NaN NaN
NaN NaN
NaN NaN
-1371.0241790756213 -978.2978777507543
-1350.6907050156267 -988.199413909975
-1329.3492541854202 -1000.6838548087811
-1310.5593533082165 -1013.5095670878829
-1293.2463783065016 -1026.7691366750637
-1276.2893827579883 -1040.8761755976225
-1272.5799180583417 -1053.6112994627683
-1255.892044924347 -1069.1870927568496
-1239.3945565114816 -1085.0702501856179
-1235.691761343355 -1100.0263181581536
-1219.1120715955697 -1116.6873553910684
-1214.8954186432882 -1133.0027629923402
-1197.8963957854355 -1150.3104102901557
-1192.8839085925106 -1167.8740771834596
-1187.3267629177092 -1186.1937207963747
-1181.1782707871705 -1205.2398101787062
-1174.3937921811346 -1224.9820926429645
-1155.2689395624195 -1243.8395711382514
-1158.7602655683454 -1266.4216415162962
-1149.8417686832252 -1288.0470226825682
-1140.145305860857 -1310.2263182063566
-1129.6441708983702 -1332.9192124309914
-1129.1373295800095 -1359.4155368721988
-1116.7572950301992 -1383.354112905209
-1113.9306265328266 -1411.7169086418614
-1099.5545692811384 -1436.7099314985949
-1094.2645294443469 -1466.7212124449866
-1087.5851855883327 -1497.644291010589
-1089.0795877552937 -1534.8615994993938
-1079.5290042256731 -1567.7367746919115
-1077.9247081327562 -1607.4795077323313
-1065.5576180213436 -1642.0786250781118
-1060.6162457759008 -1684.112965134153
-1062.4156770093537 -1734.5478937877597
-1053.4259242689386 -1779.2689232040957
-1050.5823928635994 -1832.9027985646574
-1045.1701753044315 -1888.14980778312
-1037.102322165961 -1944.8899898615512
-1033.7362763670596 -2011.8790291208884
-1034.2142429334851 -2089.9787271264345
-1030.7129474848578 -2170.4419806038163
-1023.1078316423936 -2253.055442923394
-973.198666121956 -2276.684699930703
-910.6557335317859 -2278.658552760621
-848.8449696034992 -2278.861692202062
-793.1528164587052 -2287.82881698177
-732.6331022814469 -2284.7231857851107
-677.6494488673322 -2290.682404457514
-622.9176213749363 -2295.230269166141
-568.4767300701293 -2298.3796712685066
-514.3695715793518 -2300.150819986492
-460.63433169335764 -2300.559518664529
-407.3126794079868 -2299.630484673877
-356.9729592574552 -2308.6194761826496
-304.22991676276877 -2305.119748091978
-253.82411535235596 -2311.680918976277
-201.80329507911028 -2305.668863929212
-151.46587711694931 -2309.81865872168
-101.03128071954244 -2312.785500643061
-50.531854458070626 -2314.566686570837
0 -2315.160595308872
50.531854458069795 -2314.566686570837
101.03128071954164 -2312.785500643061
151.46587711694931 -2309.81865872168
201.8032950791096 -2305.668863929212
253.82411535235505 -2311.680918976277
304.22991676276877 -2305.119748091978
356.97295925745436 -2308.6194761826496
407.31267940798585 -2299.630484673877
460.63433169335764 -2300.559518664529
514.3695715793509 -2300.150819986492
568.4767300701284 -2298.379671268507
622.9176213749363 -2295.230269166141
677.6494488673314 -2290.682404457514
732.6331022814459 -2284.7231857851107
793.1528164587052 -2287.82881698177
848.8449696034987 -2278.8616922020624
910.6557335317854 -2278.658552760622
973.198666121956 -2276.684699930703
1023.1078316423926 -2253.0554429233944
1030.7129474848575 -2170.4419806038163
1034.2142429334851 -2089.9787271264345
1033.7362763670596 -2011.8790291208886
1037.1023221659595 -1944.8899898615516
1045.1701753044315 -1888.14980778312
1050.582392863599 -1832.9027985646574
1053.4259242689384 -1779.268923204096
1062.4156770093537 -1734.5478937877597
1060.6162457758999 -1684.112965134154
1065.5576180213427 -1642.0786250781123
1077.9247081327562 -1607.4795077323313
1079.529004225673 -1567.7367746919115
1089.0795877552937 -1534.8615994993938
1087.5851855883325 -1497.644291010589
1094.2645294443462 -1466.7212124449868
1099.554569281138 -1436.709931498595
1113.9306265328266 -1411.7169086418614
1116.7572950301992 -1383.354112905209
1129.1373295800074 -1359.4155368721995
1129.6441708983693 -1332.919212430992
1140.1453058608572 -1310.2263182063566
1149.8417686832252 -1288.0470226825685
1158.7602655683454 -1266.4216415162962
1155.2689395624195 -1243.8395711382514
1174.3937921811344 -1224.9820926429645
1181.17827078717 -1205.2398101787066
1187.3267629177087 -1186.193720796375
1192.8839085925104 -1167.87407718346
1197.8963957854355 -1150.3104102901557
1214.8954186432882 -1133.0027629923402
1219.1120715955697 -1116.6873553910686
1235.6917613433548 -1100.0263181581538
1239.3945565114805 -1085.0702501856183
1255.8920449243462 -1069.1870927568498
1272.5799180583417 -1053.6112994627683
1276.2893827579883 -1040.8761755976225
1293.2463783065016 -1026.7691366750637
1310.5593533082165 -1013.5095670878829
1329.3492541854202 -1000.6838548087811
1350.6907050156267 -988.199413909975
1371.0241790756213 -978.2978777507543
NaN NaN
NaN NaN
NaN NaN
NaN NaN
903.4116592101667 679.5439440740461
787.2046050189981 706.2013842054677
699.466019172755 725.7230895253169
639.9797184371694 740.3676216847809
594.5549320280733 752.1679705729833
549.2567168496408 761.6549529511406
517.8403346092309 769.8237541026679
486.49938643487826 776.4512340652233
455.29111011032705 781.5494793614447
437.5838186649524 787.2137824388651
419.8471458116997 792.0999334870137
402.1109695216623 796.2139866958048
384.40498187708886 799.5629262148117
366.7586593904911 802.1546588715582
349.20123349304134 803.9980062944206
344.10971002387834 809.2908733086587
326.6267469062546 810.0019737858742
321.268325043828 814.8440662474666
303.94061052460273 814.4473721852942
298.36277579971073 818.8434507981223
281.2696383950328 817.3678798940842
275.51935094479853 821.325441866124
269.5805037978262 825.2172708021303
252.86185538344597 822.3335418280479
246.81226495542435 825.7963897107159
240.59374506487924 829.1892976938526
234.21055783286545 832.5087743726841
218.12699969866065 827.9441548921143
211.70881871055943 830.8498460228273
205.14571970524105 833.6798035536816
198.44219896849637 836.4309499119403
191.60284854660975 839.1002779650569
184.63235310534412 841.6848559951991
169.77038991414602 834.954131730608
162.86795806664088 837.1532403180341
155.85402854030139 839.2680293666351
148.73340484593362 841.2960460895641
141.5109632886134 843.2349299635516
134.1916496361415 845.0824167209147
126.78047574079974 846.8363421684057
119.28251611660951 848.4946458272924
111.70290447446467 850.0553743893645
104.04683021745666 851.5166849843575
91.91369970771146 841.9792218247547
84.47701089079936 843.1214512857234
76.98248253160422 844.1691880643037
69.43524634927675 845.121128705765
61.84047004404496 845.976087118209
54.20335376863268 846.7329965950639
46.529126577787665 847.3909116300892
38.82304285830869 847.9490095232121
31.090378741994844 848.4065917752581
23.33642850392399 848.7630852704857
15.566500948500959 849.0180432455874
7.785915785708604 849.1711460443156
