0 571.3922016569736
-6.130654600606511 571.3460769623357
-12.257113011630876 571.2077539266306
-18.375181904469898 570.9773856166335
-24.480673670556794 570.655226884157
-30.569409276580473 570.241633977117
-36.63722111394766 569.7370639954987
-42.679955840574195 569.1420741927026
-48.69347721310038 568.4573211230012
-54.67366890762754 567.6835596358275
-60.616437327070486 566.8216417179102
-66.51771439326193 565.872515184404
-72.37346032190321 564.8372222203225
-82.93903984739558 574.4896644869098
-89.04202934531313 573.1510702726165
-95.08408686024478 571.7204690666603
-101.0610767518959 570.1993572664458
-106.96890770605259 568.589322373502
-112.80353552485197 566.8920406191949
-118.5609658855218 565.1092744527249
-124.23725706575367 563.2428698946682
-129.8285226338357 561.2947537596517
-135.33093410176966 559.2669307521325
-148.81647999612315 566.173091938879
-154.4351045509296 563.7676287817968
-159.94805700152136 561.2806093084287
-165.35156172905042 558.7144713916717
-170.64191765326643 556.0717200055822
-175.815500762914 553.3549235704685
-190.68345920652882 558.1096115001045
-195.88087804712524 554.9808579567542
-200.94427351184802 551.778805857173
-205.8701751442235 548.5064232143219
-221.4973405133105 551.5797033729625
-226.37765841329454 547.8759895808042
-231.10309587792 544.1045876064499
-247.20576493935584 545.7638485942309
-251.82819178089892 541.5484811786007
-268.236213665511 542.1224058265245
-272.71128845344714 537.4535703052784
-289.34785545867084 536.9112702092698
-293.630513855132 531.7822756341122
-310.4171600753027 530.0974142429415
-327.33131653393315 527.6583370216562
-344.3442535898712 524.4557937549971
-361.42696971286034 520.4814659179281
-378.5502206696074 515.7279757974753
-395.6845488977517 510.18889497157596
-426.3607133647138 505.2080794947145
-457.21076572400574 498.68990472787374
-488.1778046273507 490.6219745486201
-533.0685369041958 481.2271428731504
-578.1279801156156 469.50996281835137
-637.2913277454032 454.9393812895481
-724.7495719136595 435.48219807376773
-840.7190879868305 408.8796678693591
-999.4910376638595 371.2644425358982
NaN NaN
NaN NaN
NaN NaN
-1286.130592626381 -668.319664199976
-1266.9544839575137 -680.1061532757504
-1247.0741032688668 -694.9000306518543
-1229.7848370035297 -710.0248771901164
-1214.017571472563 -725.5888894979934
-1198.686472121769 -742.0747811714048
-1196.4683991764414 -756.8851463102965
-1181.5276526311238 -774.9407573006516
-1166.7859509969585 -793.2738994702568
-1164.745192943066 -810.4598828372251
-1149.9490861460463 -829.5426274330772
-1147.4685508968212 -848.154430507562
-1132.257477866181 -867.8324903526567
-1129.0264129011837 -887.7308861918409
-1125.2750152112342 -908.4185096755295
-1120.9489791812634 -929.8576951220798
-1115.9967217409908 -952.0105739568471
-1098.6227013879325 -973.0958484450406
-1104.0320012423147 -998.2948636636612
-1096.9391147129863 -1022.3408811289311
-1089.0561202899707 -1046.9314813656958
-1080.3522633504845 -1072.0206487276444
-1081.7596316142467 -1101.2512757201591
-1071.1398950280857 -1127.5665354470884
-1070.1930163159022 -1158.682766288671
-1057.5249917075073 -1186.0069946864242
-1054.0617542883365 -1218.757422650935
-1049.1774848762361 -1252.4099573245348
-1052.5797935933401 -1292.8173615359556
-1044.7483332764234 -1328.3894007915642
-1044.9651730957512 -1371.2965237499575
-1034.2310756415613 -1408.5313468188544
-1031.0141520281254 -1453.673229662072
-1034.6135729974685 -1507.694966781433
-1027.235204868711 -1555.4446998237343
-1026.064442077168 -1612.5714374131908
-1022.2570787027682 -1671.2496462312774
-1015.7263778833207 -1731.351087809761
-1013.9261897445424 -1802.1249199681513
-1015.9781750401313 -1884.4003230127942
-1013.9591247727213 -1968.9125622308766
-1007.7482691991731 -2055.441731943239
-958.7471804836399 -2080.1086139156473
-896.9641876234614 -2082.118451978202
-835.9106001738847 -2082.2785283979056
-781.0342790483286 -2091.606938645333
-721.2679272277937 -2088.3119639066213
-667.0925730397049 -2094.4994948235676
-613.1653763492346 -2099.213382443267
-559.5265755999865 -2102.4676929064585
-506.22008069522093 -2104.2839526550374
-453.2851301056354 -2104.6789007195125
-400.76444130895464 -2103.678424060519
-351.2572743950935 -2113.049543733286
-299.3154679055938 -2109.3687169913837
-249.73601659392662 -2116.207858126683
-198.52030367349235 -2109.907832190393
-149.0063920504219 -2114.2334380857574
-99.39293479474564 -2117.325662850218
-49.71307417691664 -2119.1820000107746
0 -2119.800946094214
49.71307417691581 -2119.1820000107746
99.39293479474485 -2117.325662850218
149.0063920504219 -2114.2334380857574
198.52030367349167 -2109.907832190393
249.7360165939257 -2116.207858126683
299.3154679055938 -2109.3687169913837
351.2572743950926 -2113.049543733286
400.7644413089537 -2103.678424060519
453.2851301056354 -2104.6789007195125
506.22008069522 -2104.2839526550374
559.5265755999856 -2102.467692906459
613.1653763492346 -2099.213382443267
667.0925730397041 -2094.4994948235676
721.2679272277927 -2088.3119639066213
781.0342790483286 -2091.606938645333
835.9106001738843 -2082.278528397906
896.9641876234608 -2082.1184519782028
958.7471804836399 -2080.1086139156473
1007.7482691991721 -2055.4417319432396
1013.9591247727212 -1968.9125622308768
1015.9781750401313 -1884.4003230127942
1013.9261897445423 -1802.1249199681515
1015.7263778833194 -1731.3510878097616
1022.2570787027682 -1671.2496462312774
1026.0644420771675 -1612.5714374131908
1027.2352048687108 -1555.4446998237345
1034.6135729974685 -1507.694966781433
1031.014152028125 -1453.6732296620728
1034.2310756415604 -1408.531346818855
1044.9651730957512 -1371.2965237499575
1044.7483332764232 -1328.3894007915644
1052.5797935933401 -1292.8173615359556
1049.177484876236 -1252.4099573245348
1054.0617542883358 -1218.7574226509353
1057.5249917075068 -1186.0069946864244
1070.1930163159022 -1158.682766288671
1071.1398950280857 -1127.5665354470884
1081.7596316142447 -1101.2512757201598
1080.3522633504836 -1072.020648727645
1089.056120289971 -1046.9314813656958
1096.9391147129863 -1022.3408811289312
1104.0320012423147 -998.2948636636612
1098.6227013879325 -973.0958484450406
1115.9967217409906 -952.0105739568475
1120.9489791812632 -929.8576951220804
1125.275015211234 -908.4185096755298
1129.0264129011834 -887.7308861918413
1132.257477866181 -867.8324903526567
1147.4685508968212 -848.154430507562
1149.9490861460463 -829.5426274330773
1164.745192943066 -810.4598828372255
1166.7859509969574 -793.2738994702573
1181.5276526311231 -774.9407573006521
1196.4683991764414 -756.8851463102965
1198.686472121769 -742.0747811714048
1214.017571472563 -725.5888894979934
1229.7848370035297 -710.0248771901164
1247.0741032688668 -694.9000306518543
1266.9544839575137 -680.1061532757504
1286.130592626381 -668.319664199976
NaN NaN
NaN NaN
NaN NaN
999.4910376638596 371.2644425358972
840.7190879868305 408.8796678693591
724.7495719136595 435.48219807376773
637.2913277454032 454.9393812895481
578.1279801156157 469.50996281835086
533.0685369041958 481.2271428731502
488.17780462735084 490.62197454861985
457.21076572400574 498.68990472787374
426.3607133647138 505.2080794947145
395.6845488977517 510.18889497157596
378.55022066960754 515.7279757974752
361.4269697128604 520.481465917928
344.34425358987124 524.455793754997
327.33131653393315 527.6583370216562
310.4171600753027 530.0974142429415
293.630513855132 531.7822756341122
289.3478554586709 536.9112702092697
272.7112884534472 537.4535703052783
268.23621366551106 542.1224058265244
251.82819178089892 541.5484811786007
247.20576493935584 545.7638485942309
231.10309587792 544.1045876064499
226.3776584132946 547.8759895808041
221.49734051331052 551.5797033729625
205.87017514422357 548.5064232143218
200.94427351184802 551.778805857173
195.88087804712524 554.9808579567542
190.68345920652882 558.1096115001045
175.81550076291413 553.3549235704685
170.6419176532665 556.0717200055822
165.35156172905045 558.7144713916716
159.94805700152136 561.2806093084287
154.4351045509296 563.7676287817968
148.81647999612315 566.173091938879
135.33093410176974 559.2669307521325
129.82852263383575 561.2947537596517
124.23725706575372 563.2428698946682
118.5609658855218 565.1092744527249
112.80353552485197 566.8920406191949
106.96890770605259 568.589322373502
101.06107675189594 570.1993572664458
95.08408686024482 571.7204690666603
89.04202934531317 573.1510702726165
82.93903984739558 574.4896644869098
72.37346032190321 564.8372222203225
66.51771439326193 565.872515184404
60.61643732707053 566.8216417179102
54.67366890762759 567.6835596358275
48.693477213101154 568.4573211230012
42.679955840574195 569.1420741927026
36.63722111394766 569.7370639954987
30.569409276580473 570.241633977117
24.48067367055695 570.655226884157
18.37518190447008 570.9773856166335
12.257113011630924 571.2077539266306
6.130654600606511 571.3460769623357
