0 382.74220165697426
-5.006711820598917 382.6994251165448
-10.009997745854927 382.5711377224007
-15.006434213482839 382.3574660985857
-19.992602325753285 382.05862109390307
-24.965090177876128 381.6748974952027
-29.920495181710624 381.20667362633014
-34.85542638325053 380.6544108330767
-39.766506772336456 380.01865285465016
-44.6503755830508 379.30002508216836
-49.50369058325131 378.4992337049291
-54.32313035172416 377.6170647452366
-59.10539654141613 376.65438298274273
-68.60658959611953 386.3848974824699
-73.65501536872877 385.1296292056888
-78.65305464913295 383.7873860810459
-83.5972873149859 382.3594292465943
-88.4843298522887 380.84709781661684
-93.3108376605695 379.2518071137674
-98.07350733215574 377.57504679808096
-102.76907890402447 375.81837889518215
-107.39433808069568 373.9834357261821
-111.94611842669934 372.0719177420564
-124.49705998368914 379.0972027648345
-129.19774751682579 376.8133608178548
-133.81005936962475 374.45013112086133
-138.33083717731606 372.0096162199342
-142.75698483658604 369.49398011732694
-147.08547062135773 366.9054455125633
-161.12802186765828 371.78919226563687
-165.52028933136634 368.7899420858874
-169.7993410501604 365.7174834874858
-173.962244117591 362.57442909389056
-188.84827902382452 365.77641684698193
-193.00984249684063 362.2004355599105
-197.03939416876932 358.5554385222511
-212.46952299713956 360.3394273446776
-216.44321609072966 356.24676506294725
-232.22675532220939 356.94103146662286
-236.10202654104708 352.3898395468464
-252.16388013661626 351.962156993638
-255.8973091627244 346.94443382773
-272.1605864662242 345.36718640869265
-288.57759315277804 343.0317641127263
-305.11994030285257 339.9286257087666
-321.7589489050065 336.0491731241014
-338.4656788209165 331.38576141134945
-355.2109579509413 325.93170804018365
-385.52581189731814 321.03062886041846
-416.04253993774176 314.5866736709178
-446.7044691677711 306.5872361271554
-491.31851552378663 297.2549759164736
-536.129886193573 285.59426852633356
-595.0739446774484 271.07390038871745
-682.3418333853431 251.660528478169
-798.1500581438244 225.09528279210417
-956.7898911928442 187.51070899543063
NaN NaN
NaN NaN
NaN NaN
-1197.8340688730298 -413.376764469621
-1180.862125554314 -427.8855172609275
-1163.6333937109002 -445.94601278042575
-1148.934663869078 -464.25183251858425
-1135.714944262003 -482.93706175628205
-1122.9534961184327 -502.57858258660224
-1122.9800432389504 -520.0887156174581
-1110.6030391826341 -541.311001615242
-1098.3414443609722 -562.7111443074516
-1098.553504569651 -582.6376109193656
-1086.1144890782934 -604.6452995247201
-1085.8499665645322 -625.9828960288539
-1072.8625599074182 -648.4285843433178
-1071.7848229617814 -671.0090328193163
-1070.1630193905999 -694.3745311475632
-1067.9356015774974 -718.4785051710458
-1065.0451116324502 -743.2752965895855
-1049.586330497466 -766.7691495332277
-1057.0752071021977 -794.75755577322
-1051.9087006000104 -821.3460102498441
-1045.9017489262203 -848.4349885223093
-1039.022190792847 -875.9744475150745
-1042.3548308201362 -907.9634022385908
-1033.4574383181348 -936.6443941250197
-1034.3371043378672 -970.466556639889
-1023.2843285116479 -1000.0531941022775
-1021.5401239044544 -1035.430391849449
-1018.3184162075887 -1071.6675631921005
-1023.4759377255996 -1115.0562695205263
-1017.1872038858525 -1153.116588175606
-1019.0292364384053 -1198.9079058972866
-1009.7187773394141 -1238.5168588274043
-1007.9985324173026 -1286.4266526400388
-1013.149049654752 -1343.6030089876076
-1007.1300527636731 -1393.9844647818597
-1007.361799159365 -1454.1117227044629
-1004.882124070459 -1515.7031500111611
-968.1134276048385 -1540.8672395358292
-930.7216959616906 -1565.0983252701114
-892.7266890976222 -1588.379453191096
-854.1508962545715 -1610.6948354156593
-815.0170361885976 -1632.0288698095294
-775.3484296619719 -1652.366318101817
-735.169004737086 -1671.6923453072927
-694.5032995016469 -1689.9925597042625
-653.3781289572339 -1707.2547966566592
-611.8186334568327 -1723.4655206828243
-569.8502072106963 -1738.6111447102362
-527.5022445442461 -1752.6831414866185
-484.799950987351 -1765.6677086093375
-441.7733143497565 -1777.557976772364
-398.44877510221886 -1788.3415591023927
-354.8574039975375 -1798.0148331003816
-311.026304782469 -1806.566530192709
-266.9850939934895 -1813.9904094104245
-222.76407451009896 -1820.283128230537
-178.39248569493574 -1825.4385638507615
-133.90012954959735 -1829.4521944150783
-89.3171353276499 -1832.3211341715835
-44.67368592708026 -1834.0433222611575
0 -1834.6175223226542
44.67368592707951 -1834.0433222611575
89.31713532764914 -1832.3211341715835
133.90012954959735 -1829.4521944150783
178.3924856949351 -1825.4385638507615
222.76407451009823 -1820.2831282305372
266.9850939934895 -1813.9904094104245
311.02630478246823 -1806.566530192709
354.8574039975368 -1798.0148331003816
398.44877510221886 -1788.3415591023927
441.7733143497558 -1777.557976772364
484.79995098735054 -1765.6677086093378
527.5022445442461 -1752.6831414866185
569.8502072106957 -1738.6111447102362
611.8186334568318 -1723.4655206828245
653.3781289572339 -1707.2547966566592
694.5032995016464 -1689.9925597042627
735.1690047370855 -1671.6923453072934
775.3484296619719 -1652.366318101817
815.0170361885969 -1632.0288698095296
854.1508962545714 -1610.6948354156596
892.7266890976222 -1588.379453191096
930.7216959616904 -1565.0983252701117
968.1134276048374 -1540.8672395358296
1004.882124070459 -1515.7031500111611
1007.3617991593646 -1454.1117227044629
1007.1300527636729 -1393.98446478186
1013.149049654752 -1343.6030089876076
1007.998532417302 -1286.4266526400397
1009.7187773394134 -1238.5168588274048
1019.0292364384053 -1198.9079058972866
1017.1872038858521 -1153.1165881756062
1023.4759377255996 -1115.0562695205263
1018.3184162075886 -1071.6675631921005
1021.540123904454 -1035.4303918494493
1023.2843285116475 -1000.0531941022779
1034.3371043378672 -970.466556639889
1033.4574383181348 -936.6443941250197
1042.354830820134 -907.9634022385917
1039.022190792846 -875.9744475150754
1045.9017489262205 -848.4349885223091
1051.9087006000104 -821.3460102498442
1057.0752071021977 -794.75755577322
1049.586330497466 -766.7691495332277
1065.04511163245 -743.2752965895859
1067.9356015774972 -718.4785051710465
1070.1630193905996 -694.3745311475634
1071.7848229617812 -671.0090328193168
1072.8625599074182 -648.4285843433178
1085.8499665645322 -625.9828960288539
1086.1144890782934 -604.6452995247204
1098.553504569651 -582.6376109193658
1098.3414443609718 -562.7111443074523
1110.6030391826334 -541.3110016152427
1122.9800432389504 -520.0887156174581
1122.9534961184327 -502.57858258660224
1135.714944262003 -482.93706175628205
1148.934663869078 -464.25183251858425
1163.6333937109002 -445.94601278042575
1180.862125554314 -427.8855172609275
1197.8340688730298 -413.376764469621
NaN NaN
NaN NaN
NaN NaN
956.7898911928443 187.51070899542967
798.1500581438244 225.09528279210417
682.3418333853431 251.660528478169
595.0739446774484 271.07390038871745
536.1298861935732 285.59426852633305
491.31851552378663 297.2549759164734
446.7044691677712 306.58723612715517
416.04253993774176 314.5866736709178
385.52581189731814 321.03062886041846
355.2109579509413 325.93170804018365
338.4656788209166 331.3857614113493
321.75894890500655 336.0491731241013
305.1199403028526 339.92862570876656
288.57759315277804 343.0317641127263
272.1605864662242 345.36718640869265
255.8973091627244 346.94443382773
252.1638801366163 351.96215699363785
236.1020265410471 352.3898395468463
232.2267553222094 356.9410314666228
216.44321609072966 356.24676506294725
212.46952299713956 360.3394273446776
197.03939416876932 358.5554385222511
193.0098424968407 362.2004355599104
188.84827902382455 365.77641684698193
173.96224411759107 362.5744290938905
169.7993410501604 365.7174834874858
165.52028933136634 368.7899420858874
161.12802186765828 371.78919226563687
147.08547062135784 366.90544551256323
142.7569848365861 369.49398011732694
138.33083717731608 372.0096162199341
133.81005936962475 374.45013112086133
129.19774751682579 376.8133608178548
124.49705998368914 379.0972027648345
111.94611842669943 372.0719177420564
107.39433808069573 373.9834357261821
102.76907890402452 375.81837889518215
98.07350733215574 377.57504679808096
93.3108376605695 379.2518071137674
88.4843298522887 380.84709781661684
83.59728731498595 382.3594292465943
78.653054649133 383.78738608104584
73.65501536872881 385.1296292056888
68.60658959611953 386.3848974824699
59.10539654141613 376.65438298274273
54.32313035172416 377.6170647452366
49.503690583251355 378.4992337049291
44.65037558305085 379.30002508216836
39.76650677233684 380.01865285465016
34.85542638325053 380.6544108330767
29.920495181710624 381.20667362633014
24.965090177876128 381.6748974952027
19.99260232575344 382.05862109390307
15.006434213482885 382.3574660985857
10.009997745854974 382.5711377224007
5.006711820598917 382.6994251165448
