0 210.148390325509
-3.8868913355026034 210.11014962977347
-7.77112453080812 209.99546083917247
-11.650043251822732 209.80442380519128
-15.52099477546479 209.53720481893788
-19.381331792182202 209.19403641932809
-23.45145498957413 209.9193824560764
-27.319440894129468 209.41870100562687
-31.168743922952448 208.84216216080623
-35.329573232701485 209.31168742944269
-39.16980979785788 208.57543633608296
-43.388202500625425 208.8653358768938
-47.207911849106495 207.96796561396985
-51.471275100814694 208.0732135956896
-55.76980763524742 208.0777243916757
-59.55428096289948 206.9301417789008
-63.87795224971319 206.74275743204623
-68.22614556971968 206.44999070743705
-72.59507305808737 206.0501756258369
-76.98088693280829 205.54175028266624
-81.37968268813944 204.92325851987906
-85.7875023549745 204.19335148940183
-90.97686960371085 204.27356906370025
-95.42170994338596 203.29560257233385
-100.70090838444241 203.0806822256122
-105.16413583946961 201.84724412619772
-110.512004674728 201.32697890841322
-115.90040719434216 200.63814642519642
-121.32317566663717 199.77788044640127
-126.77404215359529 198.74349938310837
-132.2466444556665 197.53250934102934
-138.76875677099878 196.84181280144568
-145.35030765078002 195.91287615547083
-151.98252680583698 194.74172535155003
-158.65650865974183 193.3246616802531
-165.36322121870253 191.6582661427242
-173.2470044170943 190.28891947336217
-182.3632427266947 189.11829051048687
-190.37091214150428 187.07426948996047
-199.6272591667162 185.15480067551087
-210.17754048500672 183.25587022563033
-220.80883934514475 180.88594256632464
-232.77418789676213 178.38970585449923
-246.1056217125369 175.65722794372283
-260.82976440397886 172.57654030039004
-276.9677584527811 169.03388554446332
-295.8662844854312 165.12217367388385
-317.57413196394515 160.61542192723738
-340.77301290530943 155.14970942700933
-369.5574171039709 148.89874363981698
-402.62915445118404 141.3457343889529
-442.7900781028947 132.1896657681462
-492.89147314768877 120.82726073426907
-555.8154759076509 106.35216322704915
-638.6815793330226 87.28924291882343
-751.4964957269282 61.16681161298198
-915.6631671816208 23.192580660344152
NaN NaN
NaN NaN
-1017.0547515837119 -61.92061123965831
-1011.3253108092861 -109.75436068700284
-1009.4458913419631 -130.61461604021704
-1008.115475641441 -155.88459690972462
-1006.7005825495646 -181.1844909271008
-1004.9684995619488 -206.57000457486083
-1003.707751819846 -232.3678214519569
-1002.8802785729052 -258.53085102956146
-1001.427862930976 -284.9541865572765
-998.1377742807047 -311.7217624710894
-991.7421157172215 -338.7946092537116
-984.6297423104717 -365.5261838130775
-976.8182365171303 -391.91952546769244
-968.3218884368517 -417.976430553622
-959.1532074112363 -443.6960167781846
-949.3237244035976 -469.0747924305034
-938.8444750246601 -494.1070674128935
-927.72628516306 -518.7854240376525
-915.9799663705398 -543.1011182999114
-903.6163993308057 -567.0444502057638
-890.6466217963588 -590.6050205699165
-877.0818635391471 -613.7719545541732
-862.9335761008109 -636.5340689437783
-848.2134487206919 -658.8800059130348
-832.9334080437213 -680.798342415856
-817.1056419594082 -702.2776655285793
-800.7425542481544 -723.3066564230384
-783.8567917076282 -743.8741301439775
-766.4612550568244 -763.9690783123916
-748.5690287453534 -783.5807176466968
-730.1934219895198 -802.6985058559922
-711.3479568701274 -821.312168401929
-692.0463163038753 -839.4117181493702
-672.3023943664944 -856.9874688190861
-652.1302305813969 -874.0300465894833
-631.5440292728294 -890.5303994877663
-610.5581473644925 -906.4798058546943
-589.1870827122555 -921.8698806148345
-567.4454267523022 -936.6925659062719
-545.3479496534254 -950.9401653774547
-522.9094737731311 -964.6053048626027
-500.1449546774523 -977.6809664628884
-477.06943426771306 -990.1604744178572
-453.698089404087 -1002.0375359813459
-430.0502888555908 -1013.3097317902981
-406.1422685602632 -1023.9734872712429
-381.9872508832084 -1034.022971921387
-357.5989204778934 -1043.4526015181345
-332.99125969604745 -1052.256945184001
-308.1786447333354 -1060.43089623403
-283.1757297196648 -1067.9696086432068
-257.9974405903447 -1074.8685410663331
-232.6589612461716 -1081.1234997251959
-207.17569394453292 -1086.7306369826647
-181.5632341950261 -1091.6864600127014
-155.8373605436628 -1095.9878762333256
-130.01399920682553 -1099.632180908407
-104.10919911829589 -1102.6170469962053
-78.13912510450807 -1104.9405915849975
-52.12002167492346 -1106.6013316162737
-26.068196741406418 -1107.5982059539785
0 -1107.9305679494732
26.068196741405988 -1107.5982059539785
52.12002167492309 -1106.6013316162737
78.13912510450807 -1104.9405915849975
104.10919911829536 -1102.6170469962053
130.01399920682508 -1099.632180908407
155.8373605436628 -1095.9878762333256
181.56323419502579 -1091.6864600127014
207.17569394453238 -1086.7306369826647
232.6589612461716 -1081.1234997251959
257.99744059034435 -1074.8685410663331
283.17572971966456 -1067.9696086432068
308.1786447333354 -1060.43089623403
332.9912596960472 -1052.2569451840013
357.598920477893 -1043.4526015181345
381.9872508832084 -1034.022971921387
406.1422685602629 -1023.9734872712431
430.0502888555905 -1013.3097317902985
453.698089404087 -1002.0375359813459
477.0694342677129 -990.1604744178572
500.1449546774523 -977.6809664628884
522.9094737731311 -964.6053048626027
545.3479496534254 -950.9401653774547
567.4454267523022 -936.6925659062719
589.1870827122555 -921.8698806148345
610.5581473644922 -906.4798058546943
631.5440292728294 -890.5303994877662
652.1302305813969 -874.0300465894833
672.3023943664936 -856.9874688190864
692.0463163038748 -839.4117181493709
711.3479568701274 -821.312168401929
730.1934219895192 -802.6985058559927
748.5690287453534 -783.5807176466969
766.4612550568243 -763.9690783123917
783.856791707628 -743.8741301439777
800.7425542481545 -723.3066564230384
817.1056419594082 -702.2776655285793
832.9334080437213 -680.798342415856
848.2134487206918 -658.8800059130352
862.9335761008109 -636.5340689437783
877.0818635391468 -613.7719545541736
890.6466217963588 -590.6050205699165
903.6163993308057 -567.0444502057638
915.9799663705398 -543.1011182999114
927.72628516306 -518.7854240376527
938.8444750246604 -494.1070674128932
949.3237244035976 -469.07479243050346
959.1532074112358 -443.6960167781858
968.3218884368517 -417.976430553622
976.8182365171303 -391.91952546769244
984.6297423104713 -365.5261838130791
991.7421157172213 -338.7946092537136
998.1377742807047 -311.72176247108894
1001.4278629309756 -284.9541865572792
1002.8802785729052 -258.53085102956146
1003.707751819846 -232.3678214519569
1004.9684995619488 -206.57000457486083
1006.7005825495646 -181.1844909271008
1008.115475641441 -155.88459690972462
1009.4458913419631 -130.61461604021704
1011.3253108092861 -109.75436068700284
1017.0547515837119 -61.92061123965831
NaN NaN
NaN NaN
915.663167181621 23.192580660342355
751.4964957269282 61.16681161298198
638.6815793330226 87.28924291882343
555.8154759076509 106.35216322704915
492.8914731476888 120.8272607342686
442.7900781028948 132.18966576814606
402.62915445118404 141.3457343889527
369.5574171039709 148.89874363981698
340.77301290530943 155.14970942700933
317.57413196394515 160.61542192723738
295.8662844854312 165.1221736738838
276.9677584527811 169.03388554446335
260.8297644039789 172.57654030038992
246.1056217125369 175.65722794372283
232.77418789676213 178.38970585449923
220.80883934514475 180.88594256632464
210.17754048500683 183.25587022563013
199.62725916671621 185.15480067551078
190.37091214150428 187.0742694899604
182.3632427266947 189.11829051048687
173.2470044170943 190.28891947336217
165.36322121870253 191.6582661427242
158.65650865974192 193.32466168025297
151.982526805837 194.74172535155003
145.35030765078002 195.9128761554708
138.76875677099878 196.84181280144568
132.2466444556665 197.53250934102934
126.77404215359529 198.74349938310837
121.32317566663728 199.7778804464012
115.90040719434221 200.63814642519569
110.51200467472803 201.3269789084132
105.16413583946961 201.84724412619772
100.70090838444241 203.0806822256122
95.42170994338596 203.29560257233385
90.97686960371092 204.27356906370014
85.78750235497454 204.19335148940183
81.37968268813945 204.92325851987906
76.98088693280829 205.54175028266624
72.59507305808737 206.0501756258369
68.22614556971968 206.44999070743705
63.87795224971325 206.7427574320462
59.55428096289953 206.9301417789008
55.769807635247446 208.07772439167564
51.471275100814694 208.0732135956896
47.207911849106495 207.96796561396985
43.388202500625425 208.8653358768938
39.16980979785793 208.57543633608293
35.32957323270153 209.31168742944269
31.1687439229525 208.8421621608062
27.319440894129468 209.41870100562687
23.45145498957413 209.9193824560764
19.381331792182202 209.19403641932809
15.520994775464834 209.53720481893785
11.650043251822774 209.80442380519128
7.771124530808164 209.99546083917247
3.8868913355026034 210.11014962977347
