0 218.03739032550877
-3.9338925790301977 217.99900961605218
-7.865094805558758 217.88390115316727
-11.790918155264007 217.69216589412795
-15.708677758974746 217.42397197016655
-19.615694227218945 217.07955449038965
-23.73233625583135 217.803380598787
-27.646648489617515 217.30091238248392
-31.542053595929865 216.7223246520283
-35.748729135365586 217.1895443289593
-39.634524661690286 216.45073703480784
-43.89815783327158 216.73783653162275
-47.762758152654136 215.8374298002688
-52.070632111322666 215.93941294314786
-56.413264583359094 215.9404391999293
-60.241396855364094 214.78916161284468
-64.60825617162027 214.59788169469448
-68.99913700724088 214.3010291889068
-73.41022224150288 213.89694902697323
-77.83763519958535 213.38409071186018
-82.27744286581185 212.7610099616759
-86.72565916356027 212.02637024352887
-91.95478007739561 212.1017241532124
-96.43870387117879 211.11877611961233
-101.7562887695048 210.89876979501355
-106.25717937680334 209.66015503222323
-111.64196224689131 209.13463648832254
-117.06650438485802 208.44048827506882
-122.52461329073861 207.57485861973208
-128.009996805948 206.53508055109546
-133.5162690746891 205.31867491381075
-140.0711812193965 204.6225590096323
-146.68463931189342 203.6882140914164
-153.34785119539757 202.51168096990938
-160.05189005261153 201.0892757574907
-166.78770329017624 199.41759419533642
-174.69961089831452 198.04303163470723
-183.84297807373827 196.86727136623236
-191.87676221767845 194.81821787228378
-201.1581919375985 192.8938294163179
-211.73250672574704 190.99010586919323
-222.38677335955478 188.615525041864
-234.3740082476871 186.11478810938627
-247.72623196302183 183.37797553809625
-262.470053868709 180.29313096414137
-278.62660295929186 176.74650869765958
-297.5425471445583 172.83102991184924
-319.2666639489941 168.32072247164132
-342.4806542394 162.8516755444434
-371.2789974550334 156.5976060294715
-404.3634939340392 149.0417325411235
-444.5359880878942 139.88304729542554
-494.64775707533835 128.51828067738978
-557.5809301086734 114.04108333744739
-640.4549938532979 94.97633092009386
-753.2766551567277 68.85234044348549
-917.4488514885916 30.876827699309167
NaN NaN
NaN NaN
NaN NaN
-1028.0213235855263 -127.05923226684621
-1023.6328826222496 -147.6553088848975
-1020.1183257913449 -172.3894578104956
-1017.0927453033073 -197.09843475566484
-1014.1175830391236 -221.90363779426582
-1011.8552352474605 -247.1473335733588
-1010.2038034834679 -272.7912401425952
-1008.0632508222081 -298.7335520166601
-1006.5975966590921 -324.5447020873336
-1004.5814048679682 -350.5363929997123
-1003.1917036882453 -376.5341299420673
-1002.4037206012255 -402.6782511940207
-1000.9548139600355 -429.13100348596544
-991.4449367681486 -455.722970575684
-981.2526439345141 -481.95895642317606
-970.389365658028 -507.8335751823087
-958.8663390584755 -533.3395139905152
-946.6948020208595 -558.4679999691191
-933.8860750931979 -583.209214040865
-920.4516480207134 -607.5525771858029
-906.403213317544 -631.4869944810881
-891.7526947286411 -655.0010368877139
-876.5122619273146 -678.0830854650229
-860.6943290434031 -700.7214483820086
-844.3115774041445 -722.9044418588961
-827.3769090812469 -744.6204783003726
-809.9034730366511 -765.8581091358602
-791.9046750694488 -786.6060697948229
-773.3941066913054 -806.8533298908131
-754.385585336568 -826.5891102973645
-734.8931416538303 -845.802910732733
-714.9309667317648 -864.4845299427893
-694.5134617374337 -882.6240794569081
-673.655171573689 -900.2119953103173
-652.370803656881 -917.2390474090396
-630.6752151944785 -933.6963478497242
-608.5834010544243 -949.5753569498662
-586.1104460308281 -964.8678735717776
-563.2716095904339 -979.5660690240087
-540.0821991050703 -993.6624473439058
-516.5590395494162 -1007.1507400566763
-492.725091313105 -1020.029625313903
-468.59438917697344 -1032.2935584389675
-444.1798032431047 -1043.9361066222675
-419.49473361293457 -1054.950986500112
-394.55296082972745 -1065.3320235037438
-369.3687358168348 -1075.0733112225855
-343.9566148127697 -1084.1691181368749
-318.33155510380993 -1092.6140582686508
-292.5087986258015 -1100.4030274313086
-266.5038653667284 -1107.5312471036368
-240.33253904612658 -1113.9943072053459
-214.0108270073468 -1119.788164572216
-187.55493460975518 -1124.909151552414
-160.98125450724203 -1129.354021397169
-134.30633076075173 -1133.1199358143965
-107.54683336105234 -1136.2044547807093
-80.71955088152185 -1138.605602977958
-53.841353730928255 -1140.32182548349
-26.92917733901525 -1141.3520098361457
0 -1141.6954785911214
26.9291773390148 -1141.3520098361457
53.84135373092788 -1140.32182548349
80.71955088152185 -1138.605602977958
107.5468333610518 -1136.2044547807093
134.30633076075128 -1133.1199358143965
160.98125450724203 -1129.354021397169
187.55493460975487 -1124.909151552414
214.01082700734622 -1119.788164572216
240.33253904612658 -1113.9943072053459
266.50386536672806 -1107.5312471036368
292.50879862580126 -1100.4030274313086
318.33155510380993 -1092.6140582686508
343.95661481276943 -1084.169118136875
369.3687358168344 -1075.0733112225855
394.55296082972745 -1065.3320235037438
419.4947336129342 -1054.9509865001123
444.1798032431044 -1043.936106622268
468.59438917697344 -1032.2935584389675
492.7250913131048 -1020.029625313903
516.5590395494162 -1007.1507400566763
540.0821991050703 -993.6624473439058
563.2716095904339 -979.5660690240087
586.1104460308281 -964.8678735717776
608.5834010544243 -949.5753569498662
630.6752151944783 -933.6963478497242
652.370803656881 -917.2390474090395
673.655171573689 -900.2119953103173
694.5134617374329 -882.6240794569085
714.9309667317643 -864.48452994279
734.8931416538303 -845.802910732733
754.3855853365674 -826.5891102973651
773.3941066913054 -806.8533298908133
791.9046750694486 -786.606069794823
809.9034730366509 -765.8581091358604
827.376909081247 -744.6204783003726
844.3115774041445 -722.9044418588961
860.6943290434031 -700.7214483820086
876.5122619273145 -678.0830854650234
891.7526947286411 -655.0010368877139
906.4032133175436 -631.4869944810885
920.4516480207134 -607.5525771858029
933.8860750931979 -583.209214040865
946.6948020208595 -558.4679999691191
958.8663390584755 -533.3395139905153
970.3893656580283 -507.8335751823083
981.2526439345141 -481.9589564231761
991.4449367681482 -455.72297057568517
1000.9548139600355 -429.13100348596544
1002.4037206012255 -402.6782511940207
1003.191703688245 -376.5341299420688
1004.581404867968 -350.5363929997142
1006.5975966590921 -324.5447020873332
1008.0632508222074 -298.7335520166627
1010.2038034834679 -272.7912401425952
1011.8552352474605 -247.1473335733588
1014.1175830391236 -221.90363779426582
1017.0927453033073 -197.09843475566484
1020.1183257913449 -172.3894578104956
1023.6328826222496 -147.6553088848975
1028.0213235855263 -127.05923226684621
NaN NaN
NaN NaN
NaN NaN
917.4488514885918 30.87682769930737
753.2766551567277 68.85234044348549
640.4549938532979 94.97633092009386
557.5809301086734 114.04108333744739
494.6477570753384 128.5182806773893
444.53598808789434 139.8830472954254
404.3634939340392 149.0417325411233
371.2789974550334 156.5976060294715
342.4806542394 162.8516755444434
319.2666639489941 168.32072247164132
297.5425471445583 172.83102991184919
278.62660295929186 176.7465086976596
262.47005386870904 180.29313096414126
247.72623196302183 183.37797553809625
234.3740082476871 186.11478810938627
222.38677335955478 188.615525041864
211.73250672574716 190.99010586919303
201.15819193759853 192.89382941631783
191.87676221767845 194.8182178722837
183.84297807373827 196.86727136623236
174.69961089831452 198.04303163470723
166.78770329017624 199.41759419533642
160.0518900526116 201.08927575749058
153.3478511953976 202.51168096990938
146.68463931189342 203.68821409141637
140.0711812193965 204.6225590096323
133.5162690746891 205.31867491381075
128.009996805948 206.53508055109546
122.52461329073873 207.57485861973203
117.06650438485806 208.44048827506808
111.64196224689134 209.1346364883225
106.25717937680334 209.66015503222323
101.7562887695048 210.89876979501355
96.43870387117879 211.11877611961233
91.95478007739568 212.10172415321227
86.7256591635603 212.02637024352887
82.27744286581186 212.7610099616759
77.83763519958535 213.38409071186018
73.41022224150288 213.89694902697323
68.99913700724088 214.3010291889068
64.60825617162034 214.59788169469445
60.241396855364144 214.78916161284468
56.41326458335912 215.94043919992924
52.070632111322666 215.93941294314786
47.762758152654136 215.8374298002688
43.89815783327158 216.73783653162275
39.634524661690335 216.45073703480782
35.74872913536563 217.1895443289593
31.542053595929918 216.72232465202828
27.646648489617515 217.30091238248392
23.73233625583135 217.803380598787
19.615694227218945 217.07955449038965
15.70867775897479 217.42397197016652
11.79091815526405 217.69216589412795
7.865094805558803 217.88390115316727
3.9338925790301977 217.99900961605218
