0 314.0773903255106
-4.506081630670477 314.0373051011842
-9.009080759044796 313.9170875844084
-13.505916979766495 313.7168521942218
-17.99351407996596 313.43678946338986
-22.468802132014083 313.07716579027436
-27.151760366788785 313.7824884230899
-31.63004530425462 313.25826827466136
-36.08669309304535 312.6547375886402
-40.851496646059 313.09388919264455
-45.29192300399783 312.3239629323235
-50.106309708963934 312.576974937014
-54.51740880453847 311.6396025030387
-59.36715223924581 311.7018397817748
-64.24665351689255 311.66044556127747
-68.60628598102133 310.4641856782484
-73.4989126122282 310.2254814138905
-78.40946755097721 309.87888896332106
-83.33377751786566 309.4228860842849
-88.26761409948 308.8560611542212
-93.20669720269336 308.17711447050715
-98.14669857243038 307.3848594242016
-103.8597771483405 307.40100350379925
-108.81949951387405 306.35741060822
-114.60439780504697 306.0754880311996
-119.56379635304002 304.7738530186248
-125.39796747322721 304.18438093938846
-131.26247018244143 303.42551949090665
-137.15081045371022 302.49459290375546
-143.05640126937618 301.3891121613731
-148.9725687845292 300.1067775389795
-155.92678319989042 299.34468676147316
-162.9286769254478 298.34450200727554
-169.96919159004815 297.10244501950143
-177.03914179189476 295.61501234994523
-184.1292241602909 293.87897918365604
-192.38351588708235 292.4409188162993
-201.85714751600784 291.20269047965866
-210.2088501015379 289.0923720918719
-219.79563436573105 287.10809234788195
-230.66253052606407 285.14601805169804
-241.5964048393291 282.7147899614736
-253.8500820850346 280.15926773409603
-267.45540022979026 277.36968538264404
-282.4387951784671 274.2342346967663
-298.82123173420564 270.639312301788
-317.94922299480095 266.67797541751486
-339.8714011582858 262.1243812730806
-363.2693313500678 256.61474132190165
-392.2373669462287 250.3228872948309
-425.4771919861888 242.7321448284178
-465.79054442701874 233.54160501882623
-516.0286048901997 222.14808868060203
-579.073416034165 207.64532815968687
-662.0443880131712 188.5582718051277
-774.9481612586344 162.41530011917968
-939.1876169647576 124.42418295627488
NaN NaN
NaN NaN
NaN NaN
-1142.3852394870776 -311.6448279282247
-1128.0328785116303 -327.65397473692053
-1114.7200340458687 -347.04126715779597
-1103.5778577232932 -366.6886535443875
-1093.691635634826 -386.7237694041048
-1085.3749119905226 -407.4286703485906
-1078.370589937741 -428.77035884949987
-1071.4718724819875 -450.65380096795934
-1065.8031580057698 -472.6969010112191
-1060.0014423678444 -495.14122074485755
-1055.1997409461706 -517.8171494302863
-1051.3025125966585 -540.8276944083684
-1046.991354821981 -564.3011275763422
-1043.426363526517 -588.2187606705351
-1039.3126993420901 -612.611810220061
-1035.8098732581818 -637.5521127340927
-1032.845242299677 -663.1335499455831
-1029.153705910029 -689.242201841143
-1027.0512180860758 -716.3283972206208
-1024.0908747564201 -744.0226949227568
-1021.3834455518029 -772.6088160516074
-1018.8455403724582 -802.16154632808
-1016.3901350265849 -832.7506096956565
-1013.9265804624273 -864.4403004235387
-1012.4420239805218 -897.7911785790631
-1010.7167938611692 -932.4329289552257
-1008.6467123035695 -968.408589857286
-1006.1248727199039 -1005.7541385670482
-1005.0573301626082 -1045.8088058399353
-1003.4668140002153 -1087.4311328604526
-1001.2706107020775 -1130.667012060553
-990.8556471404763 -1169.461347021947
-962.6151809902442 -1194.382385250296
-933.7987900810507 -1218.568062364836
-904.4176215484721 -1242.0077299876557
-874.4841103807113 -1264.6900466994864
-844.0119143745135 -1286.6032205412744
-813.015709721633 -1307.7351655712175
-781.5112084350619 -1328.0736874124755
-749.5149681380235 -1347.6065717909512
-717.0444567791125 -1366.3217536898685
-684.1178222975656 -1384.2073221533426
-650.7539620385201 -1401.2516645262933
-616.972400715024 -1417.443488974325
-582.7933087326255 -1432.7719334138028
-548.2373470459023 -1447.2265195434964
-513.3257520876123 -1460.7973085562737
-478.08016460364246 -1473.4748041741434
-442.5227200294816 -1485.2501212453972
-406.67592579375 -1496.1149196571187
-370.56264865298465 -1506.0614467331236
-334.20609414101676 -1515.0825789304008
-297.6297599948151 -1523.1718193679965
-260.85740401186837 -1530.323305763067
-223.91302675472198 -1536.5318555227025
-186.82082888593644 -1541.7929529018397
-149.6051788694055 -1546.1027385372647
-112.29059881594853 -1549.458076040232
-74.90172073614205 -1551.8565074015364
-37.46326276744966 -1553.296275110482
0 -1553.7763146523707
37.463262767449024 -1553.296275110482
74.90172073614147 -1551.8565074015364
112.29059881594853 -1549.458076040232
149.60517886940488 -1546.1027385372647
186.82082888593587 -1541.7929529018397
223.91302675472198 -1536.5318555227025
260.8574040118679 -1530.323305763067
297.6297599948144 -1523.1718193679965
334.20609414101676 -1515.0825789304008
370.5626486529841 -1506.0614467331236
406.6759257937496 -1496.1149196571187
442.5227200294816 -1485.2501212453972
478.0801646036421 -1473.4748041741439
513.3257520876117 -1460.797308556274
548.2373470459023 -1447.2265195434964
582.7933087326251 -1432.771933413803
616.9724007150236 -1417.4434889743254
650.7539620385201 -1401.2516645262933
684.1178222975653 -1384.2073221533426
717.0444567791125 -1366.3217536898685
749.5149681380235 -1347.6065717909512
781.5112084350619 -1328.0736874124755
813.015709721633 -1307.7351655712175
844.0119143745135 -1286.6032205412744
874.4841103807111 -1264.6900466994864
904.417621548472 -1242.0077299876555
933.7987900810507 -1218.568062364836
962.6151809902431 -1194.3823852502965
990.8556471404753 -1169.4613470219483
1001.2706107020775 -1130.667012060553
1003.4668140002145 -1087.4311328604542
1005.0573301626076 -1045.8088058399358
1006.1248727199037 -1005.7541385670484
1008.6467123035693 -968.4085898572862
1010.7167938611695 -932.4329289552256
1012.4420239805218 -897.7911785790631
1013.9265804624273 -864.4403004235387
1016.3901350265847 -832.750609695657
1018.8455403724582 -802.16154632808
1021.3834455518022 -772.6088160516078
1024.0908747564201 -744.0226949227568
1027.0512180860758 -716.3283972206208
1029.153705910029 -689.242201841143
1032.845242299677 -663.1335499455832
1035.809873258182 -637.5521127340924
1039.31269934209 -612.611810220061
1043.4263635265165 -588.2187606705362
1046.991354821981 -564.3011275763422
1051.3025125966585 -540.8276944083684
1055.1997409461699 -517.8171494302875
1060.001442367844 -495.14122074485925
1065.8031580057698 -472.69690101121876
1071.471872481986 -450.65380096796173
1078.370589937741 -428.77035884949987
1085.3749119905226 -407.4286703485906
1093.691635634826 -386.7237694041048
1103.5778577232932 -366.6886535443875
1114.7200340458687 -347.04126715779597
1128.0328785116303 -327.65397473692053
1142.3852394870776 -311.6448279282247
NaN NaN
NaN NaN
NaN NaN
939.1876169647578 124.42418295627307
774.9481612586344 162.41530011917968
662.0443880131712 188.5582718051277
579.073416034165 207.64532815968687
516.0286048901999 222.14808868060155
465.79054442701886 233.5416050188261
425.4771919861888 242.7321448284176
392.2373669462287 250.3228872948309
363.2693313500678 256.61474132190165
339.8714011582858 262.1243812730806
317.94922299480095 266.6779754175148
298.82123173420564 270.63931230178804
282.43879517846716 274.2342346967662
267.45540022979026 277.36968538264404
253.8500820850346 280.15926773409603
241.5964048393291 282.7147899614736
230.6625305260642 285.14601805169787
219.79563436573108 287.10809234788184
210.2088501015379 289.0923720918718
201.85714751600784 291.20269047965866
192.38351588708235 292.4409188162993
184.1292241602909 293.87897918365604
177.03914179189485 295.6150123499451
169.96919159004818 297.10244501950143
162.9286769254478 298.3445020072755
155.92678319989042 299.34468676147316
148.9725687845292 300.1067775389795
143.05640126937618 301.3891121613731
137.15081045371033 302.4945929037554
131.2624701824415 303.4255194909059
125.39796747322724 304.18438093938846
119.56379635304002 304.7738530186248
114.60439780504697 306.0754880311996
108.81949951387405 306.35741060822
103.85977714834057 307.40100350379913
98.14669857243041 307.3848594242016
93.20669720269338 308.17711447050715
88.26761409948 308.8560611542212
83.33377751786566 309.4228860842849
78.40946755097721 309.87888896332106
73.49891261222827 310.2254814138905
68.60628598102137 310.4641856782484
64.24665351689258 311.6604455612774
59.36715223924581 311.7018397817748
54.51740880453847 311.6396025030387
50.106309708963934 312.576974937014
45.29192300399788 312.32396293232347
40.85149664605904 313.09388919264455
36.086693093045405 312.6547375886402
31.63004530425462 313.25826827466136
27.151760366788785 313.7824884230899
22.468802132014083 313.07716579027436
17.993514079966 313.43678946338986
13.505916979766537 313.7168521942218
9.00908075904484 313.9170875844084
4.506081630670477 314.0373051011842
