-500 341.5822016569742 0.9976161608488872
-504.7614879413244 341.54015562291744 0.9976161792306947
-509.5197180515055 341.414057823296 0.9976162343575575
-514.2714347172652 341.2040291128298 0.9976163261738238
-519.0133867596171 340.91027073966586 0.9976164545868328
-523.7423296472476 340.53306408096705 0.9976166194670536
-528.4550277055833 340.0727702730568 0.997616820648278
-533.1482563198304 339.5298297364313 0.9976170579278694
-537.8188041307108 338.90476159610085 0.9976173310670651
-542.4634752213242 338.19816299773385 0.9976176397913328
-547.0790912936963 337.4107083202789 0.9976179837907807
-551.6624938335747 336.54314828578185 0.9976183627206205
-556.2105462620385 335.5963089672706 0.9976187762016815
-565.4795095412901 345.34385740877394 0.9976145156825853
-570.2978486829245 344.10676933654094 0.9976150568636398
-575.0681021667044 342.78380433873 0.9976156354624526
-579.7870059832936 341.376172224081 0.997616250919936
-584.4513310478325 339.88515791329644 0.9976169026428715
-589.0578853992689 338.31211980349235 0.9976175900047686
-593.6035163750547 336.65848803706774 0.997618312346771
-598.0851127596511 334.9257626771123 0.9976190689786094
-602.4996069054638 333.11551179160693 0.9976198591795961
-606.8439768248685 331.22936944894894 0.9976206821996626
-619.1910047082517 338.28064512686115 0.9976176037558483
-623.691415073016 336.0233387166311 0.9976185897292777
-628.1072235226654 333.68711769811955 0.9976196096966076
-632.4354063660287 331.27401145519127 0.9976206627237179
-636.6729994947686 328.7861095962529 0.9976217478504107
-640.8171004086519 326.22555939083867 0.9976228640917337
-654.6795628119047 331.1374644326621 0.997620722294461
-658.8961608842882 328.16646953224387 0.9976220180282908
-663.0040830585191 325.1222858795542 0.9976233448719446
-667.0005137117835 322.0074485585237 0.997624701662921
-681.7248474261238 325.237517968586 0.9976232946615886
-685.7295917514352 321.6894055917156 0.9976248401509188
-689.6073137958638 318.07198781297126 0.9976264146834904
-704.8907065733886 319.8831899811388 0.9976256264764077
-708.7228577583238 315.81729972862297 0.9976273954841742
-724.3701462291255 316.5378225153715 0.997627082101904
-728.1145512147001 312.01229829046116 0.9976290496619263
-744.051012793625 311.6096232011366 0.997629224645283
-747.664609957103 306.61617743361023 0.9976313933709624
-763.8136976787839 305.06240942667466 0.99763206774683
-780.1222353241658 302.749602750778 0.997633071171671
-796.5619083129568 299.6681526804981 0.9976344073456951
-813.1041080014743 295.80940015090283 0.9976360793950377
-829.719960599384 291.165641908922 0.9976380898632751
-846.3803562898194 285.7301399824253 0.9976404407043182
-876.6163788498866 280.8464578129357 0.9976425506750051
-907.0603815843751 274.41869598576375 0.9976453245733042
-937.6557414311355 266.4342022897449 0.9976487652453734
-982.2094199498842 257.11559403501684 0.9976527737718605
NaN NaN NaN
NaN NaN NaN
NaN NaN NaN
NaN NaN NaN
NaN NaN NaN
NaN NaN NaN
NaN NaN NaN
NaN NaN NaN
-1239.4121797849846 -517.2206646215677 0.9974305304420132
-1228.396008824349 -524.8255726947356 0.997420088929881
-1217.3356581316484 -533.2307939278279 0.997408521855602
-1207.09539075684 -541.6637962193831 0.9973968890655587
-1197.3927934203798 -550.1704233017834 0.9973851276115289
-1188.0452048425175 -558.7700597806001 0.9973732107267475
-1178.9264803070441 -567.4684330202045 0.9973611304615883
-1169.9453263302103 -576.2636159070369 0.9973488895396498
-1161.028873454599 -585.1526655752319 0.9973364922086122
-1164.066004504128 -592.0368701910837 0.9973268738517088
-1154.9095623225542 -601.4857143450656 0.9973136489273948
-1145.6728317791249 -611.0027783032041 0.9973003024485292
-1136.3400031287729 -620.5635541696792 0.9972868697404074
-1138.4447015188819 -629.357807198249 0.9972744931832251
-1128.7465847547087 -639.2844484434065 0.9972605005377412
-1118.902200814184 -649.2033040947633 0.9972464967901622
-1120.1034472074202 -659.3398875561655 0.9972321647162613
-1109.7945997010547 -669.532131724099 0.9972177345905302
-1110.265804312531 -680.6162836302387 0.997202022091197
-1099.434945772871 -691.020589747223 0.9971872570991185
-1099.0992545866484 -702.9911898440569 0.9971702530173656
-1087.6950171090664 -713.5446777444336 0.9971552502319048
-1086.481186396386 -726.3319988924352 0.9971370610431851
-1084.731805291615 -739.6867944769795 0.9971180569072994
-1082.422745982235 -753.5868396357642 0.9970982744379709
-1069.5656400493597 -764.5483722429867 0.9970826765354072
-1066.2302735871372 -779.099408380942 0.9970619804431909
-1062.2738895056623 -794.1225870297011 0.9970406321027511
-1057.67323939997 -809.5898306295392 0.9970186827819525
-1061.6472921008735 -830.3654461306592 0.9969892665098532
-1055.489735739976 -846.9741964828181 0.9969658206081565
-1048.617503019961 -863.9268012132209 0.9969419695724154
-1049.631558187095 -887.1517887653652 0.9969094534488064
-1041.0419674424122 -905.0094914189533 0.996884600754458
-1039.8382519472739 -929.7474776160824 0.9968504264602552
-1037.356568296623 -955.335233816866 0.9968154409637834
-1033.556069766399 -981.7020498919657 0.9967798418864754
-1028.3993051740538 -1008.7751605725682 0.9967608311850791
-1021.8516903395322 -1036.4799463529494 0.9967777773096509
-1020.7482407929729 -1073.0709485097373 0.9968000135893827
-1017.6221328737021 -1110.7471447941534 0.9968227377715192
-1018.7562966291808 -1158.403282805178 0.996851234007713
-1011.3332381678133 -1198.293074995781 0.9968748757556914
-1013.4402800765452 -1258.3496496429682 0.9969101115784336
-1006.8313776708503 -1310.3343716995826 0.9969402674493815
-1007.9238358865629 -1384.1412215403427 0.9969825405004198
-1005.0180700845201 -1460.1298240708343 0.9970254081285636
-1002.6187734242807 -1549.0358741000716 0.9970747328466992
-973.8286234025492 -1583.7736869222113 0.9970937653327298
-935.4552481156123 -1595.4177254776678 0.9971001150897518
-896.7948061875157 -1606.0795366593009 0.9971059161046656
-857.870468979643 -1615.7479647411621 0.997111165813803
-818.7099974301765 -1624.4204873520289 0.9971158660386916
-779.3371636019349 -1632.0868350445285 0.9971200140845103
-739.7782216166377 -1638.7416418483429 0.9971236095987637
-700.0600876288852 -1644.382319644708 0.9971266534009626
-660.2085966077249 -1649.003390421916 0.9971291444181144
-620.2501285876281 -1652.6008591069494 0.997131082043838
-580.2113769747233 -1655.1722485084197 0.9971324661505707
-540.1190787655611 -1656.715789629855 0.997133296649495
-500 -1657.2304212420431 0.997133573488238
-459.88092123443914 -1656.715789629855 0.997133296649495
-419.7886230252771 -1655.1722485084197 0.9971324661505707
-379.74987141237233 -1652.6008591069494 0.997131082043838
-339.79140339227604 -1649.003390421916 0.9971291444181144
-299.93991237111504 -1644.3823196447083 0.9971266534009626
-260.221778383363 -1638.7416418483429 0.9971236095987637
-220.66283639806642 -1632.0868350445285 0.9971200140845103
-181.2900025698244 -1624.420487352029 0.9971158660386916
-142.12953102035678 -1615.7479647411621 0.997111165813803
-103.20519381248509 -1606.0795366593009 0.9971059161046656
-64.54475188438808 -1595.4177254776678 0.9971001150897518
-26.17137659745067 -1583.7736869222113 0.9970937653327298
11.888184355689773 -1571.152953495023 0.9970868660384976
49.611919138961326 -1557.5678632270508 0.9970794198411225
86.97359308902851 -1543.0253715661477 0.9970714261515352
123.95092116101527 -1527.5373685842912 0.9970628868176384
160.52182544457455 -1511.1155752805394 0.9970538033450421
196.6625066393304 -1493.770224745664 0.9970441761704323
232.35138720626594 -1475.5136532875465 0.9970340066581992
267.5674446983135 -1456.3585174156365 0.997023296130359
302.29020673859105 -1436.3177514647093 0.9970120458544879
336.4997435252936 -1415.4045251742134 0.9970002570313569
370.1762935416057 -1393.632061992538 0.9969879307031886
403.30275904732565 -1371.0146140057325 0.9969750683185692
435.8621450112936 -1347.5659624164432 0.9969616708960329
467.8366683104262 -1323.2993680462257 0.9969477389983374
499.2137983934027 -1298.2290956662441 0.9969332736153845
529.9786597044318 -1272.3679585323418 0.996918274759736
560.1171519033594 -1245.7283996633332 0.9969027420850604
589.619319458443 -1218.322386677342 0.9968866748257535
618.4761958298765 -1190.1604675719175 0.9968700712376771
646.6800481965003 -1161.251562029089 0.9968529284558397
674.2263869033775 -1131.6025114141132 0.9968352422008432
701.1106508670513 -1101.217387173226 0.9968170063271681
727.3341448958142 -1070.0963381558347 0.9967982120727915
752.8974326968456 -1038.2356772749536 0.9967788480325265
777.8100239885438 -1005.6242864500182 0.9967588978666799
801.9971160659164 -972.2739212228704 0.9967925142199774
825.3516901516389 -938.2206436043447 0.9968387975109877
847.853381458136 -903.4792205169064 0.9968867248108252
869.4818236155971 -868.064360785627 0.9969361623722001
890.2152413621523 -831.9916251156613 0.9969869678607289
910.0352152698082 -795.2739724720548 0.9970389970172282
928.9217355055451 -757.9245683483615 0.997092101511369
946.8553182956874 -719.9549508703396 0.997146133225318
963.8170825458024 -681.3740901421564 0.9972009471711611
979.7888384717254 -642.1869860325504 0.9972564048502369
994.7502959594826 -602.3965368783248 0.9973123727244059
1008.6842623168726 -561.9946837692047 0.997368735448799
1008.8459116534085 -521.419021878739 0.9974247689883134
1007.9777042029765 -481.35226407331356 0.9974794518174661
1006.1727988740057 -441.83231287780467 0.9975326861820968
1016.0939238105966 -400.5760913670353 0.9975874505393963
1012.6731407174734 -361.55646713468565 0.9976384350209266
1020.9308641177622 -319.4104028953752 0.9976925723381453
1016.5598141010098 -281.0349104743673 0.9977409910499186
1023.5627562066027 -239.50959953483402 0.9977924158857391
1029.7696708036026 -201.8756930542712 0.997838134289585
1037.2397312809014 -164.27848475176302 0.9978263474675768
1044.551894101845 -137.51291420724186 0.9978157583007481
NaN NaN NaN
NaN NaN NaN
705.901754718141 87.6130635928468 0.9977243806137651
447.47327741734733 147.41898531387332 0.9976993960318296
288.862269814444 184.996871502521 0.9976835417014593
173.0892358882577 211.5539823845835 0.9976722639945318
85.86287928080459 230.95779546489987 0.9976639855010955
26.966665701491575 245.46720795352905 0.9976577738396681
-17.79058005011982 257.11559403501667 0.9976527737718605
-62.3442585688655 266.4342022897447 0.9976487652453734
-92.93961841562337 274.41869598576375 0.9976453245733042
-123.38362115011363 280.8464578129357 0.9976425506750051
-153.61964371018095 285.7301399824253 0.9976404407043182
-170.28003940061598 291.1656419089218 0.9976380898632751
-186.89589199852287 295.8094001509027 0.9976360793950377
-203.4380916870411 299.66815268049805 0.9976344073456951
-219.87776467583768 302.749602750778 0.997633071171671
-236.1863023212111 305.06240942667466 0.99763206774683
-252.33539004289173 306.61617743361023 0.9976313933709624
-255.9489872063804 311.60962320113646 0.997629224645283
-271.88544878529484 312.01229829046105 0.9976290496619263
-275.6298537708745 316.53782251537143 0.997627082101904
-291.27714224167084 315.81729972862297 0.9976273954841742
-295.10929342661666 319.8831899811388 0.9976256264764077
-310.3926862041362 318.07198781297126 0.9976264146834904
-314.2704082485701 321.6894055917155 0.9976248401509188
-318.2751525738816 325.237517968586 0.9976232946615886
-332.99948628822193 322.00744855852366 0.997624701662921
-336.995916941481 325.1222858795542 0.9976233448719446
-341.1038391157062 328.16646953224387 0.9976220180282908
-345.3204371880953 331.1374644326621 0.997620722294461
-359.1828995913481 326.2255593908386 0.9976228640917337
-363.32700050523664 328.7861095962529 0.9976217478504107
-367.56459363397147 331.2740114551912 0.9976206627237179
-371.89277647733445 333.68711769811955 0.9976196096966076
-376.3085849269787 336.0233387166311 0.9976185897292777
-380.8089952917483 338.28064512686115 0.9976176037558483
-393.1560231751369 331.22936944894894 0.9976206821996626
-397.5003930945362 333.11551179160693 0.9976198591795961
-401.9148872403542 334.9257626771123 0.9976190689786094
-406.39648362493966 336.65848803706774 0.997618312346771
-410.9421146007313 338.31211980349235 0.9976175900047686
-415.54866895216753 339.88515791329644 0.9976169026428715
-420.21299401670075 341.376172224081 0.997616250919936
-424.93189783329 342.78380433872996 0.9976156354624526
-429.70215131707005 344.10676933654094 0.9976150568636398
-434.5204904587044 345.34385740877394 0.9976145156825853
-443.7894537379614 335.5963089672706 0.9976187762016815
-448.33750616643084 336.54314828578185 0.9976183627206205
-452.9209087063092 337.4107083202789 0.9976179837907807
-457.53652477867564 338.19816299773385 0.9976176397913328
-462.18119586928356 338.90476159610085 0.9976173310670651
-466.85174368016413 339.5298297364313 0.9976170579278694
-471.5449722944166 340.0727702730568 0.997616820648278
-476.2576703527523 340.53306408096705 0.9976166194670536
-480.9866132403877 340.91027073966586 0.9976164545868328
-485.72856528273473 341.2040291128298 0.9976163261738238
-490.4802819484945 341.414057823296 0.9976162343575575
-495.2385120586756 341.54015562291744 0.9976161792306947
500 341.5822016569742 0.9976161608488872
495.2385120586756 341.54015562291744 0.9976161792306947
490.4802819484945 341.414057823296 0.9976162343575575
485.7285652827349 341.2040291128298 0.9976163261738238
480.9866132403878 340.91027073966586 0.9976164545868328
476.2576703527523 340.53306408096705 0.9976166194670536
471.5449722944166 340.0727702730568 0.997616820648278
466.85174368016413 339.5298297364313 0.9976170579278694
462.18119586928356 338.90476159610085 0.9976173310670651
457.53652477867564 338.19816299773385 0.9976176397913328
452.92090870630926 337.4107083202789 0.9976179837907807
448.33750616643084 336.54314828578185 0.9976183627206205
443.7894537379614 335.5963089672706 0.9976187762016815
434.5204904587044 345.34385740877394 0.9976145156825853
429.7021513170701 344.10676933654094 0.9976150568636398
424.93189783329 342.78380433873 0.9976156354624526
420.2129940167008 341.376172224081 0.997616250919936
415.54866895216753 339.88515791329644 0.9976169026428715
410.9421146007313 338.31211980349235 0.9976175900047686
406.39648362493966 336.65848803706774 0.997618312346771
401.9148872403542 334.9257626771123 0.9976190689786094
397.50039309453626 333.11551179160693 0.9976198591795961
393.15602317513697 331.22936944894894 0.9976206821996626
380.8089952917483 338.28064512686115 0.9976176037558483
376.3085849269787 336.0233387166311 0.9976185897292777
371.89277647733445 333.68711769811955 0.9976196096966076
367.5645936339715 331.27401145519127 0.9976206627237179
363.3270005052367 328.7861095962529 0.9976217478504107
359.1828995913482 326.22555939083867 0.9976228640917337
345.3204371880953 331.1374644326621 0.997620722294461
341.1038391157062 328.16646953224387 0.9976220180282908
336.995916941481 325.1222858795542 0.9976233448719446
332.9994862882221 322.0074485585237 0.997624701662921
318.2751525738816 325.237517968586 0.9976232946615886
314.2704082485702 321.6894055917156 0.9976248401509188
310.3926862041362 318.07198781297126 0.9976264146834904
295.10929342661666 319.8831899811388 0.9976256264764077
291.27714224167084 315.81729972862297 0.9976273954841742
275.6298537708746 316.5378225153715 0.997627082101904
271.88544878529484 312.01229829046116 0.9976290496619263
255.9489872063805 311.6096232011366 0.997629224645283
252.33539004289173 306.61617743361023 0.9976313933709624
236.1863023212111 305.06240942667466 0.99763206774683
219.87776467583768 302.749602750778 0.997633071171671
203.43809168704115 299.6681526804981 0.9976344073456951
186.89589199852298 295.80940015090283 0.9976360793950377
170.28003940061603 291.165641908922 0.9976380898632751
153.61964371018095 285.7301399824253 0.9976404407043182
123.38362115011363 280.8464578129357 0.9976425506750051
92.93961841562337 274.41869598576375 0.9976453245733042
62.34425856886553 266.4342022897449 0.9976487652453734
17.790580050119836 257.11559403501684 0.9976527737718605
-26.96666570149154 245.4672079535296 0.9976577738396681
-85.86287928080459 230.95779546489987 0.9976639855010955
-173.0892358882577 211.5539823845835 0.9976722639945318
-288.862269814444 184.996871502521 0.9976835417014593
-447.47327741734716 147.4189853138743 0.9976993960318296
-705.901754718141 87.61306359284681 0.9977243806137651
NaN NaN NaN
NaN NaN NaN
-1044.551894101845 -137.51291420724186 0.9978157583007481
-1037.2397312809014 -164.27848475176302 0.9978263474675768
-1029.7696708036026 -201.8756930542712 0.997838134289585
-1023.5627562066027 -239.50959953483402 0.9977924158857391
-1016.5598141010098 -281.0349104743673 0.9977409910499186
-1020.9308641177622 -319.4104028953752 0.9976925723381453
-1012.6731407174734 -361.55646713468565 0.9976384350209266
-1016.0939238105972 -400.5760913670331 0.9975874505393963
-1006.1727988740059 -441.8323128778033 0.9975326861820968
-1007.9777042029765 -481.3522640733125 0.9974794518174661
-1008.8459116534087 -521.4190218787385 0.9974247689883134
-1008.6842623168726 -561.9946837692047 0.997368735448799
-994.7502959594826 -602.3965368783248 0.9973123727244059
-979.7888384717257 -642.1869860325498 0.9972564048502369
-963.8170825458025 -681.3740901421561 0.9972009471711611
-946.8553182956882 -719.9549508703384 0.997146133225318
-928.9217355055455 -757.9245683483612 0.997092101511369
-910.0352152698082 -795.2739724720548 0.9970389970172282
-890.2152413621523 -831.9916251156613 0.9969869678607289
-869.481823615597 -868.0643607856274 0.9969361623722001
-847.8533814581358 -903.4792205169066 0.9968867248108252
-825.3516901516396 -938.2206436043432 0.9968387975109877
-801.9971160659175 -972.2739212228689 0.9967925142199774
-777.8100239885438 -1005.6242864500182 0.9967588978666799
-752.8974326968456 -1038.2356772749536 0.9967788480325265
-727.3341448958148 -1070.0963381558342 0.9967982120727915
-701.1106508670515 -1101.2173871732255 0.9968170063271681
-674.2263869033776 -1131.6025114141132 0.9968352422008432
-646.6800481965003 -1161.251562029089 0.9968529284558397
-618.4761958298769 -1190.1604675719173 0.9968700712376771
-589.619319458443 -1218.322386677342 0.9968866748257535
-560.1171519033607 -1245.7283996633323 0.9969027420850604
-529.9786597044322 -1272.367958532341 0.996918274759736
-499.2137983934027 -1298.2290956662441 0.9969332736153845
-467.83666831042655 -1323.2993680462255 0.9969477389983374
-435.8621450112941 -1347.5659624164432 0.9969616708960329
-403.30275904732565 -1371.0146140057325 0.9969750683185692
-370.1762935416066 -1393.6320619925375 0.9969879307031886
-336.49974352529404 -1415.4045251742132 0.9970002570313569
-302.29020673859105 -1436.3177514647093 0.9970120458544879
-267.5674446983137 -1456.3585174156362 0.997023296130359
-232.35138720626693 -1475.5136532875463 0.9970340066581992
-196.6625066393304 -1493.770224745664 0.9970441761704323
-160.5218254445753 -1511.1155752805387 0.9970538033450421
-123.95092116101594 -1527.537368584291 0.9970628868176384
-86.97359308902851 -1543.0253715661477 0.9970714261515352
-49.611919138961746 -1557.5678632270506 0.9970794198411225
-11.888184355690257 -1571.152953495023 0.9970868660384976
26.17137659745067 -1583.7736869222113 0.9970937653327298
64.54475188438734 -1595.4177254776678 0.9971001150897518
103.20519381248448 -1606.0795366593009 0.9971059161046656
142.12953102035678 -1615.7479647411621 0.997111165813803
181.29000256982394 -1624.4204873520289 0.9971158660386916
220.66283639806542 -1632.0868350445285 0.9971200140845103
260.221778383363 -1638.7416418483429 0.9971236095987637
299.9399123711144 -1644.382319644708 0.9971266534009626
339.79140339227524 -1649.003390421916 0.9971291444181144
379.74987141237233 -1652.6008591069494 0.997131082043838
419.7886230252764 -1655.1722485084197 0.9971324661505707
459.8809212344384 -1656.715789629855 0.997133296649495
500 -1657.2304212420431 0.997133573488238
540.119078765561 -1656.715789629855 0.997133296649495
580.2113769747226 -1655.1722485084197 0.9971324661505707
620.2501285876281 -1652.6008591069494 0.997131082043838
660.2085966077237 -1649.003390421916 0.9971291444181144
700.0600876288844 -1644.3823196447083 0.9971266534009626
739.7782216166377 -1638.7416418483429 0.9971236095987637
779.337163601934 -1632.0868350445285 0.9971200140845103
818.709997430176 -1624.420487352029 0.9971158660386916
857.870468979643 -1615.7479647411621 0.997111165813803
896.7948061875153 -1606.0795366593009 0.9971059161046656
935.4552481156114 -1595.4177254776678 0.9971001150897518
973.8286234025492 -1583.7736869222113 0.9970937653327298
1002.6187734242802 -1549.0358741000716 0.9970747328466992
1005.0180700845199 -1460.1298240708345 0.9970254081285636
1007.9238358865629 -1384.1412215403427 0.9969825405004198
1006.83137767085 -1310.3343716995828 0.9969402674493815
1013.4402800765442 -1258.3496496429689 0.9969101115784336
1011.3332381678133 -1198.293074995781 0.9968748757556914
1018.7562966291803 -1158.403282805178 0.996851234007713
1017.6221328737018 -1110.7471447941537 0.9968227377715192
1020.7482407929729 -1073.0709485097373 0.9968000135893827
1021.8516903395321 -1036.4799463529498 0.9967777773096509
1028.3993051740533 -1008.7751605725684 0.9967608311850791
1033.556069766399 -981.7020498919657 0.9967798418864754
1037.3565682966228 -955.335233816866 0.9968154409637834
1039.8382519472736 -929.7474776160825 0.9968504264602552
1041.0419674424122 -905.0094914189533 0.996884600754458
1049.6315581870942 -887.1517887653653 0.9969094534488064
1048.6175030199606 -863.9268012132212 0.9969419695724154
1055.489735739976 -846.9741964828181 0.9969658206081565
1061.6472921008735 -830.3654461306594 0.9969892665098532
1057.6732393999698 -809.5898306295392 0.9970186827819525
1062.273889505662 -794.1225870297012 0.9970406321027511
1066.230273587137 -779.0994083809421 0.9970619804431909
1069.5656400493588 -764.548372242987 0.9970826765354072
1082.422745982235 -753.5868396357642 0.9970982744379709
1084.731805291615 -739.6867944769795 0.9971180569072994
1086.4811863963855 -726.3319988924356 0.9971370610431851
1087.695017109066 -713.5446777444339 0.9971552502319048
1099.0992545866484 -702.9911898440569 0.9971702530173656
1099.434945772871 -691.0205897472231 0.9971872570991185
1110.265804312531 -680.6162836302387 0.997202022091197
1109.7945997010547 -669.532131724099 0.9972177345905302
1120.1034472074202 -659.3398875561658 0.9972321647162613
1118.9022008141837 -649.2033040947637 0.9972464967901622
1128.7465847547087 -639.2844484434065 0.9972605005377412
1138.4447015188819 -629.3578071982492 0.9972744931832251
1136.3400031287729 -620.5635541696792 0.9972868697404074
1145.6728317791249 -611.0027783032041 0.9973003024485292
1154.909562322554 -601.4857143450657 0.9973136489273948
1164.066004504128 -592.036870191084 0.9973268738517088
1161.028873454599 -585.1526655752322 0.9973364922086122
1169.94532633021 -576.2636159070372 0.9973488895396498
1178.9264803070441 -567.4684330202045 0.9973611304615883
1188.0452048425175 -558.7700597806001 0.9973732107267475
1197.3927934203798 -550.1704233017834 0.9973851276115289
1207.09539075684 -541.6637962193831 0.9973968890655587
1217.3356581316484 -533.2307939278279 0.997408521855602
1228.396008824349 -524.8255726947356 0.997420088929881
1239.4121797849846 -517.2206646215677 0.9974305304420132
NaN NaN NaN
NaN NaN NaN
NaN NaN NaN
NaN NaN NaN
NaN NaN NaN
NaN NaN NaN
NaN NaN NaN
NaN NaN NaN
982.2094199498844 257.11559403501667 0.9976527737718605
937.6557414311355 266.4342022897447 0.9976487652453734
907.0603815843751 274.41869598576375 0.9976453245733042
876.6163788498866 280.8464578129357 0.9976425506750051
846.3803562898194 285.7301399824253 0.9976404407043182
829.719960599384 291.1656419089218 0.9976380898632751
813.1041080014743 295.8094001509027 0.9976360793950377
796.5619083129569 299.66815268049805 0.9976344073456951
780.1222353241658 302.749602750778 0.997633071171671
763.8136976787839 305.06240942667466 0.99763206774683
747.664609957103 306.61617743361023 0.9976313933709624
744.051012793625 311.60962320113646 0.997629224645283
728.1145512147001 312.01229829046105 0.9976290496619263
724.3701462291255 316.53782251537143 0.997627082101904
708.7228577583238 315.81729972862297 0.9976273954841742
704.8907065733886 319.8831899811388 0.9976256264764077
689.6073137958638 318.07198781297126 0.9976264146834904
685.7295917514352 321.6894055917155 0.9976248401509188
681.724847426124 325.237517968586 0.9976232946615886
667.0005137117835 322.00744855852366 0.997624701662921
663.0040830585191 325.1222858795542 0.9976233448719446
658.8961608842882 328.16646953224387 0.9976220180282908
654.6795628119047 331.1374644326621 0.997620722294461
640.8171004086519 326.2255593908386 0.9976228640917337
636.6729994947686 328.7861095962529 0.9976217478504107
632.4354063660287 331.2740114551912 0.9976206627237179
628.1072235226654 333.68711769811955 0.9976196096966076
623.691415073016 336.0233387166311 0.9976185897292777
619.1910047082517 338.28064512686115 0.9976176037558483
606.8439768248687 331.22936944894894 0.9976206821996626
602.4996069054638 333.11551179160693 0.9976198591795961
598.0851127596513 334.9257626771123 0.9976190689786094
593.6035163750547 336.65848803706774 0.997618312346771
589.0578853992689 338.31211980349235 0.9976175900047686
584.4513310478325 339.88515791329644 0.9976169026428715
579.7870059832936 341.376172224081 0.997616250919936
575.0681021667044 342.78380433872996 0.9976156354624526
570.2978486829245 344.10676933654094 0.9976150568636398
565.4795095412901 345.34385740877394 0.9976145156825853
556.2105462620385 335.5963089672706 0.9976187762016815
551.6624938335747 336.54314828578185 0.9976183627206205
547.0790912936964 337.4107083202789 0.9976179837907807
542.4634752213243 338.19816299773385 0.9976176397913328
537.8188041307108 338.90476159610085 0.9976173310670651
533.1482563198304 339.5298297364313 0.9976170579278694
528.4550277055833 340.0727702730568 0.997616820648278
523.7423296472476 340.53306408096705 0.9976166194670536
519.0133867596171 340.91027073966586 0.9976164545868328
514.2714347172653 341.2040291128298 0.9976163261738238
509.5197180515055 341.414057823296 0.9976162343575575
504.7614879413244 341.54015562291744 0.9976161792306947
