0 244.44839032550794
-4.091244568231274 244.4095408744635
-8.179690942767419 244.29302742175858
-12.262542832002191 244.0989546266551
-16.337007747247284 243.82749678080165
-20.40029890103761 243.47889759785664
-24.672677886344644 244.19763525047028
-28.74208261364272 243.6891852528314
-32.791829457636695 243.10373820959788
-37.151990200806274 243.56323916647145
-41.19030920582486 242.81587415662594
-45.60539959908698 243.09359959310663
-49.62028708192233 242.18302729353053
-54.07717514650153 242.274080323769
-58.567446540080795 242.26344094930005
-62.54174136491953 241.0997932308307
-67.05318669278745 240.8954716174734
-71.58697790676837 240.58494062687072
-76.13919994250264 240.16658171773395
-80.70587939705638 239.63888258350946
-85.28298780845427 239.0004387016045
-89.86644500099955 238.24995476821505
-95.22865427190546 238.30902597462259
-99.84342267291998 237.30940060397944
-105.2895187542789 237.07236730996587
-109.91649904526842 235.81642197848254
-115.42486368413368 235.27331621236678
-120.97039497919371 234.5613718594242
-126.5468175105565 233.6777855478396
-132.14775803339074 232.6199392439218
-137.76675149489512 231.38540313573114
-144.43147176403232 230.67114414138754
-151.15174965562088 229.71869326827766
-157.91871980392648 228.5241410835472
-164.72338428091442 227.0838533204166
-171.55662152945777 225.3944750671252
-179.56268477022567 224.00245060964505
-188.7968746703624 222.80951162242377
-196.9180863857398 220.74361028267052
-206.28348860533495 218.80275172249802
-216.93826327083423 216.88298171938206
-227.66942201649272 214.49282289475664
-239.72992855295766 211.97702000618202
-253.15175323638442 209.2256957453464
-267.96145772889247 206.12693449061322
-284.18012587239315 202.5670296887949
-303.154383003375 198.6389399259073
-324.9329666815493 194.11672864203712
-348.19754044483363 188.6365186332444
-377.0425490651121 182.37205837744534
-410.16976089838033 174.80659592012944
-450.38099108115347 165.63915066936073
-500.52749022442606 154.26647787827315
-563.4913637381836 139.78225066356325
-646.392077247263 120.71136466347745
-759.236319334752 94.58215435430179
-923.4270119945372 56.602350394974394
NaN NaN
NaN NaN
NaN NaN
-1070.9939756319773 -182.89762034521232
-1061.5989051633276 -201.99028257587864
-1053.4249907994779 -224.85795693611146
-1046.7408548869466 -247.76400963590748
-1040.7929662609276 -270.8689147851265
-1036.0315456217297 -294.5066147487636
-1032.2501207893501 -318.6448025273737
-1028.2769706316956 -343.18401818674255
-1025.2388064612387 -367.7088974755808
-1021.842024080766 -392.5043061343945
-1019.2360637837947 -417.3947355737711
-1017.3620613820381 -442.50558308116206
-1014.9314691067977 -467.9858720813039
-1013.1186591215231 -493.8219928938809
-1010.6438818686313 -520.0538368477787
-1008.681112840879 -546.7637311329936
-1007.170336998665 -574.0559280750211
-1004.8484302522803 -601.811744564148
-1004.0542909904595 -630.5126923105681
-1002.3309757240295 -659.7669425565232
-1000.8027588138082 -689.8764169159856
-987.9414439292929 -716.9588289346692
-970.9475523169419 -742.4916074859741
-953.3180477076847 -767.5259957186801
-935.067322811211 -792.0494523450311
-916.2100039109879 -816.0495433957232
-896.7609734138725 -839.5139950306851
-876.7353763106282 -862.4307458183646
-856.1485456725782 -884.7880021678357
-835.0160398820484 -906.5742590312151
-813.3536270379028 -927.7783298997879
-791.1772295296898 -948.3893684168999
-768.502971258001 -968.3968827913658
-745.3471090821479 -987.790747562699
-721.727679417943 -1006.5616343640002
-697.6815546564508 -1024.7068139602952
-673.2260503283896 -1042.221269646769
-648.3715852878087 -1059.0978200466425
-623.1295102618764 -1075.3289254002405
-597.5119202988469 -1090.9067879586364
-571.5317220587756 -1105.8235307793598
-545.2024068194221 -1120.0712107233553
-518.5381229296343 -1133.6419691766355
-491.5535573869453 -1146.5280600618617
-464.26395767344485 -1158.7219630467187
-436.6849807146667 -1170.2163413605613
-408.83278149474387 -1181.004200085156
-380.7238463730981 -1191.0787918057126
-352.3750874047564 -1200.4337866341748
-323.8037242752177 -1209.0632077573348
-295.0272761017273 -1216.9614748491567
-266.06354546961575 -1224.1234464973375
-236.93057661932943 -1230.544418370078
-207.64662811696522 -1236.2201315866394
-178.23016040249362 -1241.1468179855683
-148.69979811827767 -1245.3211875339368
-119.07430283752407 -1248.740418031795
-89.37256392809806 -1251.40222156461
-59.61355996492509 -1253.3048000934982
-29.81634008752086 -1254.4468675185176
0 -1254.827642205547
29.816340087520384 -1254.4468675185176
59.613559964924676 -1253.3048000934982
89.37256392809806 -1251.40222156461
119.07430283752352 -1248.740418031795
148.6997981182772 -1245.3211875339368
178.23016040249362 -1241.1468179855683
207.64662811696488 -1236.2201315866394
236.93057661932883 -1230.544418370078
266.06354546961575 -1224.1234464973375
295.02727610172684 -1216.9614748491567
323.80372427521735 -1209.0632077573348
352.3750874047564 -1200.4337866341748
380.7238463730978 -1191.0787918057129
408.8327814947434 -1181.0042000851563
436.6849807146667 -1170.2163413605613
464.26395767344445 -1158.7219630467189
491.5535573869449 -1146.528060061862
518.5381229296343 -1133.6419691766355
545.202406819422 -1120.0712107233553
571.5317220587756 -1105.8235307793598
597.5119202988469 -1090.9067879586364
623.1295102618764 -1075.3289254002405
648.3715852878087 -1059.0978200466425
673.2260503283896 -1042.221269646769
697.6815546564505 -1024.7068139602952
721.727679417943 -1006.561634364
745.3471090821479 -987.790747562699
768.5029712580002 -968.3968827913661
791.1772295296892 -948.3893684169009
813.3536270379028 -927.7783298997879
835.0160398820477 -906.5742590312158
856.1485456725778 -884.7880021678359
876.735376310628 -862.4307458183647
896.7609734138723 -839.5139950306854
916.2100039109882 -816.0495433957232
935.067322811211 -792.0494523450311
953.3180477076847 -767.5259957186801
970.9475523169418 -742.4916074859746
987.9414439292929 -716.9588289346692
1000.8027588138076 -689.876416915986
1002.3309757240295 -659.7669425565232
1004.0542909904595 -630.5126923105681
1004.8484302522803 -601.811744564148
1007.170336998665 -574.0559280750213
1008.6811128408793 -546.7637311329931
1010.6438818686313 -520.0538368477787
1013.1186591215227 -493.82199289388205
1014.9314691067977 -467.9858720813039
1017.3620613820381 -442.50558308116206
1019.2360637837943 -417.3947355737725
1021.8420240807657 -392.5043061343963
1025.2388064612387 -367.7088974755804
1028.2769706316947 -343.1840181867451
1032.2501207893501 -318.6448025273737
1036.0315456217297 -294.5066147487636
1040.7929662609276 -270.8689147851265
1046.7408548869466 -247.76400963590748
1053.4249907994779 -224.85795693611146
1061.5989051633276 -201.99028257587864
1070.9939756319773 -182.89762034521232
NaN NaN
NaN NaN
NaN NaN
923.4270119945375 56.602350394972596
759.236319334752 94.58215435430179
646.392077247263 120.71136466347745
563.4913637381836 139.78225066356325
500.5274902244261 154.26647787827267
450.3809910811536 165.6391506693606
410.16976089838033 174.80659592012924
377.0425490651121 182.37205837744534
348.19754044483363 188.6365186332444
324.9329666815493 194.11672864203712
303.154383003375 198.63893992590724
284.18012587239315 202.56702968879492
267.9614577288925 206.1269344906131
253.15175323638442 209.2256957453464
239.72992855295766 211.97702000618202
227.66942201649272 214.49282289475664
216.93826327083434 216.88298171938186
206.28348860533498 218.80275172249793
196.9180863857398 220.74361028267043
188.7968746703624 222.80951162242377
179.56268477022567 224.00245060964505
171.55662152945777 225.3944750671252
164.7233842809145 227.0838533204165
157.9187198039265 228.5241410835472
151.15174965562088 229.71869326827763
144.43147176403232 230.67114414138754
137.76675149489512 231.38540313573114
132.14775803339074 232.6199392439218
126.54681751055661 233.67778554783953
120.97039497919376 234.56137185942347
115.42486368413371 235.27331621236675
109.91649904526842 235.81642197848254
105.2895187542789 237.07236730996587
99.84342267291998 237.30940060397944
95.22865427190553 238.30902597462247
89.86644500099958 238.24995476821505
85.28298780845428 239.0004387016045
80.70587939705638 239.63888258350946
76.13919994250264 240.16658171773395
71.58697790676837 240.58494062687072
67.05318669278752 240.89547161747336
62.54174136491958 241.0997932308307
58.56744654008082 242.2634409493
54.07717514650153 242.274080323769
49.62028708192233 242.18302729353053
45.60539959908698 243.09359959310663
41.19030920582491 242.8158741566259
37.15199020080632 243.56323916647145
32.79182945763675 243.10373820959785
28.74208261364272 243.6891852528314
24.672677886344644 244.19763525047028
20.40029890103761 243.47889759785664
16.337007747247327 243.82749678080162
12.262542832002234 244.0989546266551
8.179690942767463 244.29302742175858
4.091244568231274 244.4095408744635
