0 136.06039032551132
-3.4454883528086735 136.02346454124304
-6.8886210809760335 135.91271702078646
-10.327044158635099 135.72823723082945
-13.758406756414761 135.47017418131213
-17.180362837054524 135.1387362737064
-20.813613532549823 135.87835642018558
-24.246534779980845 135.39445503166507
-27.6628791680341 134.83715789541625
-31.393152581595135 135.32833567746056
-34.8055310766492 134.61609064371012
-38.59905676794847 134.93228624987407
-41.997181346224295 134.0634323861188
-45.842531002131125 134.19934146303808
-49.72690760080732 134.2365766272071
-53.10136649453618 133.12369464273223
-57.01944585267279 132.97289479152357
-60.96674772169514 132.71849888146033
-64.93975898775037 132.35873846733932
-68.93490321003242 131.8919445128449
-72.94854362825942 131.31654932735208
-76.97698623956042 130.6310884071653
-81.79301472041051 130.756982136108
-85.87081044759248 129.82579882397937
-90.7895099855956 129.6586424434083
-94.89903131494417 128.47381996526252
-99.90022921441174 128.00289033187354
-104.94923357906282 127.36397948726439
-110.04010928377143 126.55408542729457
-115.16681585323947 125.57038928375147
-120.32321325093272 124.4102587444733
-126.5372923860463 123.7704571071711
-132.8191929203238 122.89231119180829
-139.16034992996367 121.77170737043616
-145.55205731800905 120.4048077375002
-151.98547654747122 118.78805486601838
-159.60513485433054 117.46769221899115
-168.46659772837245 116.34525290870317
-176.22901577395555 114.34849337770677
-185.24980357929965 112.47522641401862
-195.5743792676193 110.62130939912662
-205.98998077503313 108.29508105691069
-217.74978807937978 105.84110728686532
-230.88597762102626 103.1493374922159
-245.42530682216548 100.10768884950795
-261.389044826419 96.60229419270712
-280.1239916866726 92.72595856951322
-301.67904897392015 88.25259942327163
-324.73603341993714 82.81820154154155
-353.389532067906 76.59638380653972
-386.34144452524004 69.07027348161411
-426.3937060698558 59.93877838152291
-476.3976762619362 48.59855170322237
-539.2355581937003 34.14317436417805
-622.0269038382631 15.097459950369885
-688.1269848934157 -6.8416454228242545
-690.39506815422 -24.87090201262233
-692.1911849620675 -42.956808507922695
-693.5138347003585 -61.087063106523146
-694.3618390307802 -79.24944911914172
-694.7469814457035 -100
-694.6307970747482 -115.61794986527029
-694.051025130062 -133.80156351906115
-692.9951322977435 -151.96696153388658
-691.463567538377 -170.1019118776115
-689.4571065425077 -188.19398797890764
-686.968145865198 -206.2588219806498
-683.9091509355608 -224.50922293941113
-680.2962964476096 -242.78858458295304
-676.1619040631407 -260.9769736660903
-671.5267963118206 -279.0222229335361
-666.4057380226071 -296.8982384945243
-660.8101307325406 -314.5895813372435
-654.7494663243203 -332.0852361783364
-648.2321128591991 -349.37601401926446
-641.2657961374546 -366.4533961954333
-633.8578905100233 -383.3090403001952
-626.0156217513486 -399.93456443882286
-617.7461597919954 -416.3215091801192
-609.0567153914559 -432.46131745937663
-599.9545842432782 -448.345365115514
-590.4471855246971 -463.9649911933476
-580.5420864421818 -479.31153267053065
-570.2470103679696 -494.37636117937717
-559.5698686080954 -509.1509044923414
-548.5187231703947 -523.6266899994124
-537.1018211478097 -537.7953541453402
-525.3276128309589 -551.6486621024395
-513.2046886709467 -565.1785388719121
-500.7418266754612 -578.3770721716852
-487.9479868340188 -591.2365294941811
-474.83226502578526 -603.749370716504
-461.4039488849853 -615.9082566128561
-447.6724572966577 -627.7060571927066
-433.6473645994039 -639.1358591820881
-419.33839288446154 -650.1909736795552
-404.7554044485327 -660.8649425091987
-389.90835797674515 -671.1515295693351
-374.807397541036 -681.0447566815103
-359.46272843375556 -690.5388658712502
-343.8847013125871 -699.6283558651523
-328.08376737984713 -708.3079703811057
-312.07047387853225 -716.5726993523244
-295.85546458828725 -724.4177840980674
-279.44947358892904 -731.8387190644723
-262.8633191708814 -738.8312532401131
-246.10789557502852 -745.3913887253574
-229.1941609622978 -751.5153725141915
-212.13316363052803 -757.1997345580093
-194.9359941680001 -762.4412397875949
-177.6138024100436 -767.2369116056087
-160.17779829245805 -771.5840452545336
-142.63922883035983 -775.4801782645769
-125.0093862432521 -778.9231112403987
-107.29960411660966 -781.9109160556661
-89.52123949396722 -784.4419007842101
-71.68568111132716 -786.5146406276516
-53.804342701404366 -788.1279807511992
-35.88865303648842 -789.281014329147
-17.950054814526514 -789.9730935928839
0 -790.2038298676157
17.950054814526208 -789.9730935928839
35.88865303648818 -789.281014329147
53.804342701404366 -788.1279807511992
71.68568111132682 -786.5146406276516
89.52123949396693 -784.4419007842102
107.29960411660966 -781.9109160556661
125.00938624325184 -778.9231112403988
142.63922883035949 -775.4801782645769
160.17779829245805 -771.5840452545336
177.61380241004326 -767.2369116056087
194.9359941679999 -762.4412397875949
212.13316363052803 -757.1997345580093
229.1941609622976 -751.5153725141917
246.10789557502824 -745.3913887253574
262.8633191708814 -738.8312532401131
279.4494735889288 -731.8387190644725
295.855464588287 -724.4177840980675
312.07047387853225 -716.5726993523244
328.083767379847 -708.3079703811057
343.884701312587 -699.6283558651523
359.46272843375556 -690.5388658712502
374.807397541036 -681.0447566815103
389.90835797674515 -671.1515295693351
404.7554044485327 -660.8649425091987
419.3383928844613 -650.1909736795552
433.64736459940383 -639.1358591820881
447.6724572966577 -627.7060571927066
461.40394888498525 -615.9082566128563
474.832265025785 -603.7493707165044
487.9479868340188 -591.2365294941811
500.74182667546097 -578.3770721716855
513.2046886709467 -565.1785388719122
525.3276128309587 -551.6486621024396
537.1018211478095 -537.7953541453403
548.5187231703948 -523.6266899994124
559.5698686080954 -509.1509044923414
570.2470103679696 -494.37636117937717
580.5420864421818 -479.3115326705309
590.4471855246971 -463.9649911933476
599.9545842432778 -448.34536511551437
609.0567153914559 -432.46131745937663
617.7461597919954 -416.3215091801192
626.0156217513486 -399.93456443882286
633.8578905100233 -383.3090403001953
641.2657961374546 -366.45339619543347
648.2321128591991 -349.3760140192645
654.7494663243201 -332.08523617833714
660.8101307325406 -314.5895813372435
666.4057380226071 -296.8982384945243
671.5267963118204 -279.0222229335372
676.1619040631406 -260.97697366609134
680.2962964476096 -242.78858458295304
683.9091509355608 -224.50922293941218
686.968145865198 -206.2588219806498
689.4571065425077 -188.19398797890764
691.463567538377 -170.1019118776115
692.9951322977435 -151.96696153388658
694.051025130062 -133.80156351906115
694.6307970747482 -115.61794986527029
694.7469814457035 -100
694.3618390307802 -79.24944911914172
693.5138347003586 -61.08706310652275
692.1911849620675 -42.956808507922695
690.3950681542202 -24.870902012624036
688.1269848934157 -6.8416454228242545
622.0269038382631 15.097459950369885
539.2355581937003 34.14317436417805
476.3976762619363 48.598551703221894
426.3937060698559 59.93877838152277
386.34144452524004 69.0702734816139
353.389532067906 76.59638380653972
324.73603341993714 82.81820154154155
301.67904897392015 88.25259942327163
280.1239916866726 92.72595856951315
261.389044826419 96.60229419270713
245.42530682216554 100.10768884950782
230.88597762102626 103.1493374922159
217.74978807937978 105.84110728686532
205.98998077503313 108.29508105691069
195.5743792676194 110.62130939912642
185.24980357929968 112.47522641401854
176.22901577395555 114.3484933777067
168.46659772837245 116.34525290870317
159.60513485433054 117.46769221899115
151.98547654747122 118.78805486601838
145.55205731800913 120.40480773750008
139.1603499299637 121.77170737043616
132.8191929203238 122.89231119180826
126.5372923860463 123.7704571071711
120.32321325093272 124.4102587444733
115.16681585323947 125.57038928375147
110.04010928377154 126.55408542729451
104.94923357906286 127.36397948726365
99.90022921441177 128.00289033187352
94.89903131494417 128.47381996526252
90.7895099855956 129.6586424434083
85.87081044759248 129.82579882397937
81.79301472041058 130.7569821361079
76.97698623956045 130.6310884071653
72.94854362825943 131.31654932735208
68.93490321003242 131.8919445128449
64.93975898775037 132.35873846733932
60.96674772169514 132.71849888146033
57.01944585267285 132.97289479152354
53.10136649453623 133.12369464273223
49.72690760080735 134.23657662720706
45.842531002131125 134.19934146303808
41.997181346224295 134.0634323861188
38.59905676794847 134.93228624987407
34.80553107664925 134.6160906437101
31.39315258159518 135.32833567746056
27.662879168034152 134.83715789541623
24.246534779980845 135.39445503166507
20.813613532549823 135.87835642018558
17.180362837054524 135.1387362737064
13.758406756414805 135.4701741813121
10.327044158635141 135.72823723082945
6.888621080976078 135.91271702078646
3.4454883528086735 136.02346454124304
