0 205.00339032550917
-3.8562383505933027 204.96524094306997
-7.709839569014225 204.85082585178455
-11.558168314795813 204.6602441819717
-15.398592829697426 204.39366102465831
-19.22848672585389 204.0513072425488
-23.268271555058554 204.7776445369173
-27.10604463620248 204.2781283685462
-30.925281092749785 203.70292575348748
-35.056210687485766 204.17395466888837
-38.86673488666283 203.4393706630015
-43.05562293585619 203.73109631946187
-46.84605556418412 202.83570636203575
-51.08039009396167 202.94308358647768
-55.35016179952241 202.94986690803205
-59.106161902596476 201.80469406111132
-63.40166708325205 201.61985030423216
-67.72202071916237 201.329748219522
-72.06345402542507 200.93271471205236
-76.42213806317108 200.42718043753976
-80.79418692009222 199.81168149262024
-85.17566095807075 199.08486099757985
-90.33910190348166 199.1682505270619
-94.75845303395586 198.193532867587
-100.01261682896694 197.98192946295916
-104.45128135859979 196.751867448355
-109.77507582331715 196.2350283128202
-115.13990902661443 195.54966261006226
-120.53962939004927 194.69289468118552
-125.96798477162613 193.66203340398636
-131.41862839978222 192.45457527182407
-137.91934952204375 191.7674131004544
-144.4800913500539 190.8420035885498
-151.09209785612356 189.67436299175046
-157.74647731656594 188.26078293422856
-164.43421117208925 186.59783480406404
-172.2996523641246 185.23188980291974
-181.39819793514454 184.06460734369634
-189.38883600486895 182.02386837105396
-198.62882475092337 180.1076080184628
-209.1634320671326 178.21180350156757
-219.77975194444255 175.84491051705984
-231.7308267983328 173.3516087317468
-245.04870198395977 170.6219577734793
-259.7600104052418 167.54398117185656
-275.8859033398393 164.00391392281358
-294.77306970773964 160.09465873608033
-316.4703067563045 155.59022592001742
-339.6593337743808 150.12668804607407
-368.43464730979974 143.87774642917273
-401.4980634841046 136.32660515927643
-441.6514411561559 127.17224303296403
-491.7460705861782 115.81137816266863
-554.664092733071 101.33765011157203
-637.5250046458865 82.27592465712533
-750.3355221857546 56.154510201784106
-914.4985904596833 18.181115200149577
-993.7217997015861 -16.499178684799965
-995.7043803836723 -42.5214755553428
-997.0059974351711 -68.59439515696151
-997.662693529413 -100
-997.5609275820208 -120.81482924537083
-996.8127540053864 -146.93166789378049
-995.3805689724512 -173.02650243762986
-993.2647869334439 -199.08196581374824
-990.2830453582434 -225.80718622057907
-986.358144482959 -253.00901633053826
-981.6112631468834 -280.0736000879528
-976.1035422255067 -306.8515929013695
-969.8705725685135 -333.30779879866463
-962.935886881574 -359.43685751978023
-955.3168620241046 -385.2397908668614
-947.0275719010193 -410.7172019004752
-938.0802972152175 -435.86750648243407
-928.4863279755721 -460.6868173382617
-918.2564472296682 -485.16924625904596
-907.4012176082384 -509.30730787306373
-895.9311776350377 -533.0922780580137
-883.856926156704 -556.5145359080055
-871.1892111425774 -579.5638013167115
-857.9389654901674 -602.2293451396791
-844.1173375768233 -624.5001469985491
-829.7357079556532 -646.3650222206898
-814.8056898016407 -667.8127262458327
-799.3391534388435 -688.8320263014903
-783.348181677913 -709.4117826450548
-766.8450975593092 -729.5409863241184
-749.8424758610407 -749.2088003771495
-732.3530734985047 -768.4046072479924
-714.389871083404 -787.1180238846076
-695.9660615334341 -805.3389279402192
-677.0949985181735 -823.0574770521214
-657.7902472192369 -840.2641220714065
-638.0655190230416 -856.9496185604737
-617.9346912436741 -873.1050361755487
-597.4117952576539 -888.7217672001908
-576.5110051371062 -903.7915329464269
-555.2465905476229 -918.3063745585405
-533.6330021666354 -932.2586875425214
-511.68474528951145 -945.6411826733981
-489.4164610488096 -958.4469203654317
-466.84287965449926 -970.6692968282478
-443.97881408332205 -982.3020428878322
-420.83915903452623 -993.3392265688617
-397.4391232978633 -1003.7754788311481
-373.79696401847417 -1013.6089816989926
-349.9274398420541 -1022.8355916134911
-325.84415949912005 -1031.4500730772638
-301.56112090489165 -1039.4475008996899
-277.09259556587364 -1046.8231968084394
-252.45312275422322 -1053.5727735663966
-227.6574959788309 -1059.6921779334448
-202.72072369917177 -1065.1776893067668
-177.65800454657517 -1070.025928440446
-152.48471743549564 -1074.2339029074074
-127.21638653471545 -1077.7989947338503
-101.86865665340954 -1080.7189502726912
-76.45728675421655 -1082.9919466395336
-50.99811409124444 -1084.616547458082
-25.50703827456382 -1085.5917249321103
0 -1085.9168524174183
25.5070382745634 -1085.5917249321103
50.99811409124407 -1084.616547458082
76.45728675421655 -1082.9919466395336
101.86865665340903 -1080.7189502726912
127.21638653471504 -1077.7989947338503
152.48471743549564 -1074.2339029074074
177.65800454657486 -1070.025928440446
202.72072369917123 -1065.1776893067668
227.6574959788309 -1059.6921779334448
252.45312275422285 -1053.5727735663966
277.0925955658734 -1046.8231968084394
301.56112090489165 -1039.4475008996899
325.8441594991198 -1031.450073077264
349.9274398420538 -1022.8355916134911
373.79696401847417 -1013.6089816989926
397.43912329786303 -1003.7754788311483
420.83915903452595 -993.3392265688622
443.97881408332205 -982.3020428878322
466.8428796544991 -970.6692968282478
489.4164610488096 -958.4469203654317
511.68474528951145 -945.6411826733981
533.6330021666354 -932.2586875425214
555.2465905476229 -918.3063745585405
576.5110051371062 -903.7915329464269
597.4117952576537 -888.7217672001908
617.9346912436741 -873.1050361755485
638.0655190230416 -856.9496185604737
657.7902472192361 -840.2641220714069
677.094998518173 -823.0574770521221
695.9660615334341 -805.3389279402192
714.3898710834034 -787.1180238846082
732.3530734985047 -768.4046072479925
749.8424758610406 -749.2088003771496
766.845097559309 -729.5409863241186
783.3481816779131 -709.4117826450548
799.3391534388435 -688.8320263014903
814.8056898016407 -667.8127262458327
829.7357079556531 -646.3650222206902
844.1173375768233 -624.5001469985491
857.9389654901671 -602.2293451396795
871.1892111425774 -579.5638013167115
883.856926156704 -556.5145359080055
895.9311776350377 -533.0922780580137
907.4012176082384 -509.30730787306385
918.2564472296683 -485.1692462590456
928.4863279755721 -460.68681733826173
938.080297215217 -435.86750648243526
947.0275719010193 -410.7172019004752
955.3168620241046 -385.2397908668614
962.9358868815737 -359.4368575197818
969.8705725685132 -333.3077987986666
976.1035422255067 -306.85159290136903
981.6112631468831 -280.07360008795536
986.358144482959 -253.00901633053826
990.2830453582434 -225.80718622057907
993.2647869334439 -199.08196581374824
995.3805689724512 -173.02650243762986
996.8127540053864 -146.93166789378049
997.5609275820208 -120.81482924537083
997.662693529413 -100
997.0059974351711 -68.59439515696151
995.7043803836724 -42.52147555534228
993.7217997015861 -16.499178684799965
914.4985904596836 18.18111520014778
750.3355221857546 56.154510201784106
637.5250046458865 82.27592465712533
554.664092733071 101.33765011157203
491.74607058617823 115.81137816266816
441.651441156156 127.17224303296389
401.4980634841046 136.32660515927623
368.43464730979974 143.87774642917273
339.6593337743808 150.12668804607407
316.4703067563045 155.59022592001742
294.77306970773964 160.09465873608028
275.8859033398393 164.0039139228136
259.76001040524187 167.54398117185644
245.04870198395977 170.6219577734793
231.7308267983328 173.3516087317468
219.77975194444255 175.84491051705984
209.1634320671327 178.21180350156737
198.6288247509234 180.1076080184627
189.38883600486895 182.02386837105388
181.39819793514454 184.06460734369634
172.2996523641246 185.23188980291974
164.43421117208925 186.59783480406404
157.74647731656603 188.26078293422844
151.0920978561236 189.67436299175046
144.4800913500539 190.84200358854977
137.91934952204375 191.7674131004544
131.41862839978222 192.45457527182407
125.96798477162613 193.66203340398636
120.53962939004938 194.69289468118546
115.13990902661448 195.54966261006152
109.77507582331718 196.23502831282016
104.45128135859979 196.751867448355
100.01261682896694 197.98192946295916
94.75845303395586 198.193532867587
90.33910190348173 199.1682505270618
85.17566095807078 199.08486099757985
80.79418692009223 199.81168149262024
76.42213806317108 200.42718043753976
72.06345402542507 200.93271471205236
67.72202071916237 201.329748219522
63.401667083252114 201.61985030423213
59.106161902596526 201.80469406111132
55.35016179952244 202.949866908032
51.08039009396167 202.94308358647768
46.84605556418412 202.83570636203575
43.05562293585619 203.73109631946187
38.86673488666288 203.43937066300148
35.05621068748581 204.17395466888837
30.925281092749838 203.70292575348745
27.10604463620248 204.2781283685462
23.268271555058554 204.7776445369173
19.22848672585389 204.0513072425488
15.39859282969747 204.3936610246583
11.558168314795855 204.6602441819717
7.709839569014269 204.85082585178455
3.8562383505933027 204.96524094306997
