160.0150000000001 -929.2750000000001 0.000014853973489984931
-557.7049999999999 190.27499999999986 0.000015144037740327501
-587.715 178.06500000000005 0.000015148236887296345
61.61500000000001 -801.065 0.00001493416935489613
-394.08500000000004 -238.35500000000002 0.000015230147088254543
-1053.055 -820.4050000000002 0.00001491704225062733
430.67499999999995 186.27499999999986 0.000015145411422525312
729.6350000000002 -965.7249999999999 0.00001483106972003916
640.895 169.885 0.000015151337292668504
138.39499999999998 61.15499999999997 0.00001518481522137604
945.0149999999999 -878.9050000000002 0.000014885577981023679
-14.845000000000027 -855.0149999999999 0.000014900563457755717
426.895 184.78499999999985 0.000015145924000973604
430.4549999999999 -992.5050000000001 0.000014814224913179487
-707.0749999999999 -971.2950000000001 0.000014827561031291774
-713.625 160.28499999999985 0.000015155238496177263
-426.895 184.78499999999985 0.000015145924000973604
344.9850000000001 173.21499999999992 0.000015150367770083898
156.79500000000007 130.15499999999997 0.000015165949939354438
96.24500000000012 -900.685 0.000014871913791530628
-576.845 183.2249999999999 0.000015146463268890882
415.855 179.865 0.000015147620163957193
-903.755 -900.685 0.000014871913791530628
-603.045 183.06500000000005 0.00001514666114057612
97.74500000000012 -771.125 0.000014952733445201935
361.30500000000006 -984.5349999999999 0.000014819233140775736
382.68499999999995 173.67499999999995 0.00001514988376626154
254.03500000000008 34.625 0.000015189741402775723
716.7950000000001 155.385 0.000015156868659898337
655.0149999999999 173.21499999999992 0.000015150367770083898
515.345 186.60500000000002 0.000015145198089932378
-75.4849999999999 -890.065 0.000014878578282406936
-358.9649999999999 -380.7750000000001 0.000015175980728916036
453.615 -993.9850000000001 0.0000148132965567315
-412.2850000000001 178.06500000000005 0.000015148236887296345
211.385 -651.9949999999999 0.000015025274290827262
992.605 94.99499999999989 0.000015176630534852722
-476.80499999999995 -994.8650000000002 0.000014812739409544816
-545.355 181.625 0.000015146910692460759
315.605 -976.2950000000001 0.000014824417835279128
-569.545 -992.5050000000001 0.000014814224913179487
-442.2950000000001 190.27499999999986 0.000015144037740327501
396.9549999999999 183.06500000000005 0.00001514666114057612
610.3249999999998 178.51499999999987 0.00001514822172033165
587.7150000000001 178.06500000000005 0.000015148236887296345
-698.165 160.59500000000003 0.000015154971385033451
-655.015 173.21499999999992 0.000015150367770083898
251.58500000000004 151.69499999999994 0.000015158386822369229
-1100.945 -790.875 0.000014926599172163901
-553.755 191.43499999999995 0.0000151436357309981
-480.845 186.25499999999988 0.000015145319468124223
526.7450000000001 185.31500000000005 0.000015145642430407035
389.885 -262.68499999999995 0.00001522438300122022
181.08500000000004 -688.2049999999999 0.000015003463333661741
903.7249999999999 115.86500000000001 0.000015170548783697529
638.6950000000002 -984.5349999999999 0.000014819233140775736
-384.9849999999999 -286.8250000000003 0.00001521659776736625
-985.155 -855.0149999999999 0.000014900563457755717
-617.3149999999999 173.67499999999995 0.00001514988376626154
-384.2850000000001 -987.7750000000001 0.000014817193761217663
-338.405 -980.7049999999999 0.000014821641487444606
186.73500000000013 134.9749999999999 0.000015164254709747603
442.2950000000001 190.27499999999986 0.000015144037740327501
637.5250000000001 172.89499999999998 0.000015150308460988804
569.3249999999998 186.27499999999986 0.000015145411422525312
534.2650000000001 184.06500000000005 0.000015146071437439762
-389.67499999999995 178.51499999999987 0.00001514822172033165
219.35500000000002 144.91499999999996 0.000015160861979584307
-313.0049999999999 -491.7649999999999 0.000015117858084268428
14.845000000000027 -855.0149999999999 0.000014900563457755717
253.30500000000006 -594.6550000000002 0.000015059217037633304
-292.92499999999995 -971.2950000000001 0.000014827561031291774
-676.475 168.17499999999995 0.000015152253509581993
492.31500000000005 187.07500000000005 0.000015145036025154788
-160.01499999999987 -929.2750000000001 0.000014853973489984931
-235.53500000000008 148.69499999999994 0.00001515950704610137
-458.31500000000005 182.51499999999987 0.00001514660511847836
-61.61500000000001 -801.065 0.00001493416935489613
397.5250000000001 -214.05499999999984 0.000015232600093990659
-7.394999999999982 94.99499999999989 0.000015176630534852722
-462.0149999999999 183.32500000000005 0.000015146325292420403
-342.30500000000006 -426.06500000000005 0.000015153131580247209
-945.015 -878.9050000000002 0.000014885577981023679
404.22500000000014 -100.00500000000011 0.000015212791427963125
473.2550000000001 185.31500000000005 0.000015145642430407035
393.2750000000001 180.82500000000005 0.00001514742843984869
-253.30500000000006 -594.6550000000002 0.000015059217037633304
496.155 187.19499999999994 0.000015144995468356883
333.105 -448.2750000000001 0.000015141451453861077
592.6550000000002 -990.435 0.000014815524141499847
-573.105 184.78499999999985 0.000015145924000973604
-402.08500000000004 -166.69500000000016 0.000015225399379747209
557.7049999999999 190.27499999999986 0.000015144037740327501
384.2850000000001 -987.7750000000001 0.000014817193761217663
-305.095 165.02499999999986 0.000015153486663956198
-430.4549999999999 -992.5050000000001 0.000014814224913179487
764.4650000000001 148.69499999999994 0.00001515950704610137
-181.71499999999992 -937.6950000000002 0.000014848689895033056
402.08500000000004 -166.69500000000016 0.000015225399379747209
-1004.765 -842.2849999999999 0.000014908523897870803
434.5050000000001 187.68499999999995 0.000015144925935573353
-584.145 179.865 0.000015147620163957193
-1499.995 1999.995 NaN
400.7049999999999 185.21499999999992 0.00001514592041387921
476.80500000000006 -994.8650000000002 0.000014812739409544816
-34.76499999999987 -867.2249999999999 0.000014892908104448356
165.2650000000001 -705.6750000000002 0.000014992869986870642
-537.985 183.32500000000005 0.000015146325292420403
-320.2249999999999 164.20499999999993 0.000015153592613596811
403.66499999999996 -72.06500000000005 0.000015207854183138906
903.7550000000001 -900.685 0.000014871913791530628
115.23500000000013 -755.4549999999999 0.000014962393914259677
-149.00499999999988 -722.7150000000001 0.000014982461760455774
503.845 187.19499999999994 0.000015144995468356883
302.125 -513.0250000000001 0.000015106030199826735
-638.6949999999999 -984.5349999999999 0.000014819233140775736
-615.715 -987.7750000000001 0.000014817193761217663
-132.32500000000005 -739.315 0.000014972299955278904
1365.9650000000001 102.78499999999985 0.000015179850010000728
-515.345 186.60500000000002 0.000015145198089932378
-430.67499999999995 186.27499999999986 0.000015145411422525312
-290.7049999999999 -533.9549999999999 0.000015094238162726838
454.645 181.625 0.000015146910692460759
-694.905 165.02499999999986 0.000015153486663956198
398.355 -1.3050000000000637 0.000015194593214449057
-51.944999999999936 106.59500000000003 0.000015173351707201411
465.7350000000001 184.06500000000005 0.000015146071437439762
523.1949999999999 -994.8650000000002 0.000014812739409544816
839.9850000000001 -929.2750000000001 0.000014853973489984931
-469.4849999999999 184.7249999999999 0.000015145843756148764
305.095 165.02499999999986 0.000015153486663956198
-397.52499999999986 -214.05499999999984 0.000015232600093990659
270.365 -965.7249999999999 0.00001483106972003916
403.405 -143.04500000000007 0.00001522103543871911
796.9250000000002 140.34500000000003 0.000015162446431853985
323.5250000000001 168.17499999999995 0.000015152253509581993
-580.525 181.57500000000005 0.000015147028803950531
366.395 -357.69500000000016 0.00001518698675534508
-496.155 187.19499999999994 0.000015144995468356883
-301.83500000000004 160.59500000000003 0.000015154971385033451
-278.7549999999999 -554.5450000000001 0.000015082471420426876
313.0050000000001 -491.7649999999999 0.000015117858084268428
-813.265 134.9749999999999 0.000015164254709747603
-640.895 169.885 0.000015151337292668504
553.7550000000001 191.43499999999995 0.0000151436357309981
565.4949999999999 187.68499999999995 0.000015144925935573353
51.325000000000045 80.52499999999986 0.00001518040195289611
-400.7049999999999 185.21499999999992 0.00001514592041387921
-764.465 148.69499999999994 0.00001515950704610137
-138.52499999999986 -920.2950000000001 0.000014859607581504673
-434.5049999999999 187.68499999999995 0.000015144925935573353
-484.655 186.60500000000002 0.000015145198089932378
-924.515 -890.065 0.000014878578282406936
-254.03500000000008 34.625 0.000015189741402775723
-126.625 123.78499999999985 0.0000151680567498503
-613.855 176.135 0.000015149040371898092
774.3049999999998 -952.8450000000003 0.000014839177039901939
-658.425 169.77499999999986 0.000015151538455169356
446.2450000000001 191.43499999999995 0.0000151436357309981
-661.595 -980.7049999999999 0.000014821641487444606
-503.845 187.19499999999994 0.000015144995468356883
247.95499999999993 -959.565 0.000014834942326844555
-729.635 -965.7249999999999 0.00001483106972003916
-379.42499999999995 -310.71500000000015 0.000015207517726473899
-492.31499999999994 187.07500000000005 0.000015145036025154788
615.7150000000001 -987.7750000000001 0.000014817193761217663
-843.205 130.15499999999997 0.000015165949939354438
-438.375 189.02499999999986 0.000015144467921435042
613.855 176.135 0.000015149040371898092
-780.645 144.91499999999996 0.000015160861979584307
404.115 -119.36500000000024 0.000015216653422623534
-716.795 155.385 0.000015156868659898337
948.0549999999998 106.59500000000003 0.000015173351707201411
-423.155 183.2249999999999 0.000015146463268890882
530.5150000000001 184.7249999999999 0.000015145843756148764
-181.08500000000004 -688.2049999999999 0.000015003463333661741
-948.055 106.59500000000003 0.00001517335170720141
34.7650000000001 -867.2249999999999 0.000014892908104448356
-359.105 169.885 0.000015151337292668504
-211.385 -651.9949999999999 0.000015025274290827262
-561.625 189.02499999999986 0.000015144467921435042
126.625 123.78499999999985 0.0000151680567498503
196.46500000000015 -670.3049999999998 0.000015014261544282187
-247.95499999999993 -959.565 0.000014834942326844555
-369.5049999999999 178.69499999999994 0.000015148324411986328
-530.515 184.7249999999999 0.000015145843756148764
480.845 186.25499999999988 0.000015145319468124223
278.7550000000001 -554.5450000000001 0.000015082471420426876
-511.515 186.875 0.000015145103583717106
-373.2249999999999 -334.34500000000025 0.00001519756286883911
545.355 181.625 0.000015146910692460759
-796.925 140.34500000000003 0.000015162446431853985
-323.33500000000004 -470.1750000000002 0.000015129679392219442
-882.735 -910.7649999999999 0.000014865588891794304
-196.46499999999992 -670.3049999999998 0.000015014261544282187
51.944999999999936 106.59500000000003 0.00001517335170720141
698.165 160.59500000000003 0.000015154971385033451
286.375 160.28499999999985 0.000015155238496177263
684.395 -976.2950000000001 0.000014824417835279128
79.86500000000001 -786.335 0.000014943309723772295
-903.725 115.86500000000001 0.000015170548783697529
-454.645 181.625 0.000015146910692460759
-97.74499999999989 -771.125 0.000014952733445201935
-541.685 182.51499999999987 0.00001514660511847836
488.4850000000001 186.875 0.000015145103583717106
-732.515 153.91499999999996 0.000015157505980734972
7.394999999999982 94.99499999999989 0.000015176630534852722
-661.735 166.25499999999988 0.000015152733015116055
752.0450000000001 -959.565 0.000014834942326844555
358.96500000000015 -380.7750000000001 0.000015175980728916036
203.07500000000005 140.34500000000003 0.000015162446431853985
924.5149999999999 -890.065 0.000014878578282406936
394.08500000000004 -238.35500000000002 0.000015230147088254543
359.105 169.885 0.000015151337292668504
-386.145 176.135 0.000015149040371898092
-453.615 -993.9850000000001 0.0000148132965567315
-341.57500000000005 169.77499999999986 0.000015151538455169356
-446.2449999999999 191.43499999999995 0.0000151436357309981
873.375 123.78499999999985 0.0000151680567498503
-382.68499999999995 173.67499999999995 0.00001514988376626154
-96.24499999999989 -900.685 0.000014871913791530628
-362.4749999999999 172.89499999999998 0.000015150308460988804
438.375 189.02499999999986 0.000015144467921435042
965.2350000000001 -867.2249999999999 0.000014892908104448356
-361.30500000000006 -984.5349999999999 0.000014819233140775736
-992.605 94.99499999999989 0.000015176630534852722
423.155 183.2249999999999 0.000015146463268890882
661.7350000000001 166.25499999999988 0.000015152733015116055
500.0050000000001 -995.165 0.0000148125536717137
748.415 151.69499999999994 0.000015158386822369229
267.4850000000001 153.91499999999996 0.000015157505980734972
-344.9849999999999 173.21499999999992 0.000015150367770083898
-522.9549999999999 185.82500000000005 0.00001514546762113082
-499.995 187.2349999999999 0.00001514498194581303
-203.615 -945.5549999999998 0.000014843759741403048
323.33500000000004 -470.1750000000002 0.000015129679392219442
1147.565 -750.7449999999999 0.000014937844907718995
573.105 184.78499999999985 0.000015145924000973604
658.4250000000002 169.77499999999986 0.000015151538455169356
630.4949999999999 178.69499999999994 0.000015148324411986328
-569.3249999999999 186.27499999999986 0.000015145411422525312
507.68499999999995 187.07500000000005 0.000015145036025154788
54.98500000000013 -878.9050000000002 0.000014885577981023679
-203.07500000000005 140.34500000000003 0.000015162446431853985
412.2850000000001 178.06500000000005 0.000015148236887296345
-1147.565 -750.7449999999999 0.000014937844907718995
-323.52499999999986 168.17499999999995 0.000015152253509581993
713.625 160.28499999999985 0.000015155238496177263
-117.26499999999987 -910.7649999999999 0.000014865588891794304
584.145 179.865 0.000015147620163957193
75.48500000000013 -890.065 0.000014878578282406936
-350.92499999999995 -403.56500000000005 0.000015164677338298931
-333.105 -448.2750000000001 0.000015141451453861077
149.0050000000001 -722.7150000000001 0.000014982461760455774
-302.125 -513.0250000000001 0.000015106030199826735
266.2850000000001 -574.7849999999999 0.000015070792233610919
477.0450000000001 185.82500000000005 0.00001514546762113082
96.27500000000009 115.86500000000001 0.000015170548783697529
-965.235 -867.2249999999999 0.000014892908104448356
-637.525 172.89499999999998 0.000015150308460988804
-774.305 -952.8450000000003 0.000014839177039901939
522.9550000000002 185.82500000000005 0.00001514546762113082
796.3850000000002 -945.5549999999998 0.000014843759741403048
1004.7649999999999 -842.2849999999999 0.000014908523897870803
-519.155 186.25499999999988 0.000015145319468124223
-402.5149999999999 -48.42500000000018 0.000015203437946737282
225.69499999999994 -952.8450000000003 0.000014839177039901939
676.4749999999999 168.17499999999995 0.000015152253509581993
-156.79500000000007 130.15499999999997 0.000015165949939354438
661.5950000000003 -980.7049999999999 0.000014821641487444606
-51.325000000000045 80.52499999999986 0.00001518040195289611
606.7249999999999 180.82500000000005 0.00001514742843984869
-1365.965 102.78499999999985 0.000015179850010000728
-606.725 180.82500000000005 0.00001514742843984869
576.8450000000003 183.2249999999999 0.000015146463268890882
500.0050000000001 187.2349999999999 0.00001514498194581303
603.0450000000001 183.06500000000005 0.00001514666114057612
203.615 -945.5549999999998 0.000014843759741403048
386.145 176.135 0.000015149040371898092
-752.045 -959.565 0.000014834942326844555
-488.485 186.875 0.000015145103583717106
-748.415 151.69499999999994 0.000015158386822369229
458.31500000000005 182.51499999999987 0.00001514660511847836
-366.395 -357.69500000000016 0.00001518698675534508
-839.985 -929.2750000000001 0.000014853973489984931
-818.285 -937.6950000000002 0.000014848689895033056
379.42499999999995 -310.71500000000015 0.000015207517726473899
-389.885 -262.68499999999995 0.00001522438300122022
-592.655 -990.435 0.000014815524141499847
-400.7449999999999 -24.835000000000036 0.000015199016716844525
-393.27499999999986 180.82500000000005 0.00001514742843984869
561.625 189.02499999999986 0.000015144467921435042
-523.1949999999999 -994.8650000000002 0.000014812739409544816
-630.495 178.69499999999994 0.000015148324411986328
1053.0549999999998 -820.4050000000002 0.00001491704225062733
-534.265 184.06500000000005 0.000015146071437439762
341.57500000000005 169.77499999999986 0.000015151538455169356
-796.385 -945.5549999999998 0.000014843759741403048
301.83500000000004 160.59500000000003 0.000015154971385033451
732.5149999999999 153.91499999999996 0.000015157505980734972
-526.745 185.31500000000005 0.000015145642430407035
-396.9549999999999 183.06500000000005 0.00001514666114057612
384.9850000000001 -286.8250000000003 0.000015216597767366247
-165.26499999999987 -705.6750000000002 0.000014992869986870642
-43.01499999999987 -815.2950000000001 0.00001492532010723266
-477.04499999999996 185.82500000000005 0.00001514546762113082
617.315 173.67499999999995 0.00001514988376626154
-403.405 -143.04500000000007 0.00001522103543871911
-465.7349999999999 184.06500000000005 0.000015146071437439762
-499.995 -995.165 0.0000148125536717137
362.47500000000014 172.89499999999998 0.000015150308460988804
537.9850000000001 183.32500000000005 0.000015146325292420403
882.7350000000001 -910.7649999999999 0.000014865588891794304
519.155 186.25499999999988 0.000015145319468124223
407.345 -990.435 0.000014815524141499847
-239.81500000000005 -614.1550000000002 0.000015047751405009228
-79.86500000000001 -786.335 0.000014943309723772295
861.4749999999999 -920.2950000000001 0.000014859607581504673
462.0150000000001 183.32500000000005 0.000015146325292420403
24.055000000000064 -829.0450000000001 0.000014916769319989192
-225.84500000000003 -633.2750000000001 0.000015036427890437778
320.22500000000014 164.20499999999993 0.000015153592613596811
292.92499999999995 -971.2950000000001 0.000014827561031291774
780.645 144.91499999999996 0.000015160861979584307
-96.27499999999986 115.86500000000001 0.000015170548783697529
-186.7349999999999 134.9749999999999 0.000015164254709747603
400.135 -190.30499999999984 0.000015229742851639159
843.2049999999999 130.15499999999997 0.000015165949939354438
365.94499999999994 175.82500000000005 0.000015149303913643426
342.30500000000006 -426.06500000000005 0.000015153131580247212
-219.35500000000002 144.91499999999996 0.000015160861979584307
484.655 186.60500000000002 0.000015145198089932378
117.2650000000001 -910.7649999999999 0.000014865588891794304
43.0150000000001 -815.2950000000001 0.00001492532010723266
-861.475 -920.2950000000001 0.000014859607581504673
-251.58500000000004 151.69499999999994 0.000015158386822369229
-546.385 -993.9850000000001 0.0000148132965567315
707.0750000000003 -971.2950000000001 0.000014827561031291774
-225.69499999999994 -952.8450000000003 0.000014839177039901939
-24.055000000000064 -829.0450000000001 0.000014916769319989192
373.22500000000014 -334.34500000000025 0.00001519756286883911
-679.775 164.20499999999993 0.000015153592613596811
634.0549999999998 175.82500000000005 0.000015149303913643426
569.5450000000001 -992.5050000000001 0.000014814224913179487
-54.9849999999999 -878.9050000000002 0.000014885577981023679
-404.2249999999999 -100.00500000000011 0.000015212791427963125
-610.3249999999999 178.51499999999987 0.00001514822172033165
419.47500000000014 181.57500000000005 0.000015147028803950531
599.2950000000001 185.21499999999992 0.00001514592041387921
132.32500000000005 -739.315 0.000014972299955278904
-286.375 160.28499999999985 0.000015155238496177263
-315.605 -976.2950000000001 0.000014824417835279128
-684.395 -976.2950000000001 0.000014824417835279128
-415.855 179.865 0.000015147620163957193
181.71500000000015 -937.6950000000002 0.000014848689895033056
-407.345 -990.435 0.000014815524141499847
-138.39499999999998 61.15499999999997 0.00001518481522137604
235.53500000000008 148.69499999999994 0.00001515950704610137
-338.2649999999999 166.25499999999988 0.000015152733015116055
-634.055 175.82500000000005 0.000015149303913643426
-398.355 -1.3050000000000637 0.000015194593214449057
-873.375 123.78499999999985 0.0000151680567498503
-400.135 -190.30499999999984 0.000015229742851639159
350.92499999999995 -403.56500000000005 0.000015164677338298931
813.2649999999999 134.9749999999999 0.000015164254709747603
-270.365 -965.7249999999999 0.00001483106972003916
-283.2049999999999 155.385 0.000015156868659898337
-115.2349999999999 -755.4549999999999 0.000014962393914259677
-365.94499999999994 175.82500000000005 0.000015149303913643426
389.67499999999995 178.51499999999987 0.00001514822172033165
400.7450000000001 -24.835000000000036 0.000015199016716844525
1100.9450000000002 -790.875 0.000014926599172163901
290.7049999999999 -533.9549999999999 0.000015094238162726838
-599.295 185.21499999999992 0.00001514592041387921
-266.2850000000001 -574.7849999999999 0.000015070792233610919
402.5150000000001 -48.42500000000018 0.000015203437946737282
-267.4849999999999 153.91499999999996 0.000015157505980734972
338.2650000000001 166.25499999999988 0.000015152733015116055
511.5150000000001 186.875 0.000015145103583717106
541.685 182.51499999999987 0.00001514660511847836
818.2849999999999 -937.6950000000002 0.000014848689895033056
283.2049999999999 155.385 0.000015156868659898337
580.5250000000001 181.57500000000005 0.000015147028803950531
338.405 -980.7049999999999 0.000014821641487444606
679.7750000000001 164.20499999999993 0.000015153592613596811
-419.4749999999999 181.57500000000005 0.000015147028803950531
-473.2549999999999 185.31500000000005 0.000015145642430407035
369.5050000000001 178.69499999999994 0.000015148324411986328
-565.495 187.68499999999995 0.000015144925935573353
-403.66499999999996 -72.06500000000005 0.000015207854183138906
138.5250000000001 -920.2950000000001 0.000014859607581504673
985.1550000000002 -855.0149999999999 0.000014900563457755717
-4.764999999999873 -842.2849999999999 0.000014908523897870803
-507.68499999999995 187.07500000000005 0.000015145036025154788
4.7650000000001 -842.2849999999999 0.000014908523897870803
239.81500000000005 -614.1550000000002 0.000015047751405009228
469.4850000000001 184.7249999999999 0.000015145843756148764
-404.115 -119.36500000000024 0.000015216653422623534
225.84500000000003 -633.2750000000001 0.000015036427890437778
546.385 -993.9850000000001 0.0000148132965567315
694.9050000000002 165.02499999999986 0.000015153486663956198
