0 1353.4322016569731
-10.789908306819811 1353.372197341253
-21.572427204302087 1353.1922720096309
-32.34017233256158 1352.8926883459844
-43.085769427196794 1352.473883614653
-53.80185935848212 1351.9364688476069
-64.48110316031212 1351.2812277076903
-75.11618704547956 1350.5091150289682
-85.69982740390356 1349.621255035438
-96.2247757804171 1348.618939240096
-106.68382382872088 1347.503624026277
-117.06980823818212 1346.2769279140546
-127.3756156301042 1344.9406285142907
-142.353560889049 1354.269425887144
-152.82819637551611 1352.5854077864367
-163.19818402630668 1350.7885221706617
-173.4564220539955 1348.881240694185
-183.5958849907489 1346.8661805366003
-193.6096284895138 1344.7460995144213
-203.4907940703847 1342.5238909119762
-213.2326138089251 1340.2025780379931
-222.8284149632131 1337.7853085165905
-232.2716245366066 1335.275348321185
-249.6315302294859 1341.6876870603726
-259.05542098321445 1338.7780487050368
-268.3019380937473 1335.777864340525
-277.36474714351283 1332.6909619217843
-286.23763914786707 1329.5212599059757
-294.9145348042725 1326.2727598832391
-313.2041812658467 1330.492440326625
-321.73931854154733 1326.826836475994
-330.05417535302587 1323.0875604078863
-338.1430528546233 1319.279053386282
-356.8425408697251 1321.8187820624719
-364.70242257604383 1317.5855589765195
-372.31262296312644 1313.2901510827542
-391.20327699072516 1314.4323585014708
-398.51500009650965 1309.708322530775
-417.5117864341068 1309.7833759002972
-424.47331965394204 1304.6268541765853
-443.49233497555105 1303.6094122668092
-450.0517987618398 1298.0191471223784
-469.00804703657377 1295.8881769012794
-487.9831152776307 1293.0194028986864
-506.94686139787564 1289.4047812920949
-525.8689468799636 1285.0371524086968
-544.7188668787262 1279.9102463436097
-563.4659804590749 1274.0186880689926
-595.6399412659175 1268.7073293968872
-627.8717744379728 1261.881480745805
-660.1036316234263 1253.5296174594191
-706.1413528084436 1243.875398620829
-752.229169465174 1231.9241137016304
-812.3015702816525 1217.145374842076
-900.5489243583164 1197.506573851886
NaN NaN
NaN NaN
NaN NaN
NaN NaN
NaN NaN
-1475.5307285125984 -1447.152774144661
-1454.369034945523 -1455.38722674386
-1431.9386846991974 -1465.8052979755237
-1411.9833795977238 -1476.547694338298
-1393.424804290297 -1487.6929174188874
-1375.115550601999 -1499.589857111886
-1370.1113362524559 -1510.373646999237
-1351.887522416796 -1523.590281049653
-1333.8013319144861 -1537.1126306473511
-1328.5415431691292 -1549.8936284391325
-1310.2644541070867 -1564.1647647858545
-1304.3483324034783 -1578.1866582524467
-1285.566620036255 -1593.0993079548036
-1278.7381011337818 -1608.2764172452257
-1271.3060965130624 -1624.147587649406
-1263.231044516828 -1640.6905848764557
-1254.475173125435 -1657.8822783574587
-1233.4190617338525 -1674.3561833384538
-1234.7908023572443 -1694.1068342573346
-1223.8053836071422 -1713.0819763855425
-1212.0221030154491 -1732.5916213651756
-1199.4196923249815 -1752.6021661740062
-1196.6657524355733 -1776.0023739303874
-1182.1628839271875 -1797.2184215231907
-1177.0638264008262 -1822.3914050920855
-1160.5654754708485 -1844.6531364593332
-1153.0033946893084 -1871.4200298308112
-1144.0592149782015 -1899.0720330161842
-1143.1393461510852 -1932.4182251139719
-1131.3555012434915 -1961.9800842031282
-1127.379633945125 -1997.7881053049107
-1112.8311019903936 -2029.0709074635806
-1105.5817268419307 -2067.1502717754925
-1104.9601415276281 -2112.959857352671
-1093.7506728324458 -2153.724906438928
-1088.5923283845755 -2202.739882335658
-1080.927325549644 -2253.3907636407334
-1070.6718440622674 -2305.572502347462
-1065.0624128224006 -2367.363054532743
-1063.2652594502085 -2439.6475327168027
-1057.588727414057 -2514.3931327224527
-1047.9079967291746 -2591.404365453677
-996.5731730576052 -2613.537163399051
-932.8036661486963 -2615.458945788239
-869.7678030736436 -2615.724215937775
-812.7683413302626 -2624.1691266061557
-751.0245696201822 -2621.337167128382
-694.7399486040711 -2626.966263274719
-638.7103861276782 -2631.2739187437596
-582.9736070060851 -2634.27146473428
-527.5710314916635 -2635.9772900624175
-472.5395435904405 -2636.4058793325466
-417.91951072251396 -2635.580245085101
-366.23708744811677 -2644.015839143001
-312.1932873738585 -2640.7784519141965
-260.45151809401995 -2646.936880685035
-207.12316599780686 -2641.342045773049
-155.45247136486958 -2645.2371636371568
-103.68743656083849 -2648.0222924151785
-51.859460687168955 -2649.694529996174
0 -2650.2521358711188
51.85946068716812 -2649.694529996174
103.68743656083767 -2648.0222924151785
155.45247136486958 -2645.2371636371568
207.12316599780618 -2641.342045773049
260.45151809401904 -2646.936880685035
312.1932873738585 -2640.7784519141965
366.2370874481159 -2644.015839143001
417.91951072251294 -2635.580245085101
472.5395435904405 -2636.4058793325466
527.5710314916626 -2635.9772900624175
582.9736070060841 -2634.2714647342805
638.7103861276782 -2631.2739187437596
694.7399486040702 -2626.966263274719
751.0245696201812 -2621.337167128382
812.7683413302626 -2624.1691266061557
869.7678030736431 -2615.7242159377756
932.8036661486954 -2615.45894578824
996.5731730576052 -2613.537163399051
1047.9079967291736 -2591.4043654536777
1057.5887274140568 -2514.3931327224527
1063.2652594502085 -2439.6475327168027
1065.0624128224006 -2367.363054532743
1070.671844062266 -2305.5725023474624
1080.927325549644 -2253.3907636407334
1088.592328384575 -2202.739882335658
1093.7506728324456 -2153.7249064389284
1104.9601415276281 -2112.959857352671
1105.5817268419298 -2067.1502717754934
1112.8311019903924 -2029.070907463581
1127.379633945125 -1997.7881053049107
1131.3555012434913 -1961.9800842031282
1143.1393461510852 -1932.4182251139719
1144.059214978201 -1899.0720330161842
1153.0033946893075 -1871.4200298308115
1160.5654754708482 -1844.6531364593334
1177.0638264008262 -1822.3914050920855
1182.1628839271875 -1797.2184215231907
1196.665752435571 -1776.002373930388
1199.4196923249806 -1752.602166174007
1212.0221030154494 -1732.5916213651756
1223.8053836071424 -1713.0819763855427
1234.7908023572443 -1694.1068342573346
1233.4190617338525 -1674.3561833384538
1254.4751731254348 -1657.8822783574587
1263.2310445168275 -1640.6905848764561
1271.306096513062 -1624.1475876494062
1278.7381011337816 -1608.2764172452262
1285.566620036255 -1593.0993079548036
1304.3483324034783 -1578.1866582524467
1310.2644541070867 -1564.1647647858547
1328.541543169129 -1549.8936284391327
1333.8013319144848 -1537.1126306473514
1351.8875224167953 -1523.590281049653
1370.1113362524559 -1510.373646999237
1375.115550601999 -1499.589857111886
1393.424804290297 -1487.6929174188874
1411.9833795977238 -1476.547694338298
1431.9386846991974 -1465.8052979755237
1454.369034945523 -1455.38722674386
1475.5307285125984 -1447.152774144661
NaN NaN
NaN NaN
NaN NaN
NaN NaN
NaN NaN
900.5489243583164 1197.506573851886
812.3015702816525 1217.145374842076
752.2291694651741 1231.9241137016297
706.1413528084436 1243.8753986208287
660.1036316234264 1253.529617459419
627.8717744379728 1261.881480745805
595.6399412659175 1268.7073293968872
563.4659804590749 1274.0186880689926
544.7188668787263 1279.9102463436097
525.8689468799637 1285.0371524086966
506.9468613978757 1289.4047812920946
487.9831152776307 1293.0194028986864
469.00804703657377 1295.8881769012794
450.0517987618398 1298.0191471223784
443.4923349755511 1303.609412266809
424.4733196539421 1304.6268541765853
417.51178643410685 1309.7833759002972
398.51500009650965 1309.708322530775
391.20327699072516 1314.4323585014708
372.31262296312644 1313.2901510827542
364.7024225760439 1317.5855589765195
356.8425408697251 1321.8187820624719
338.14305285462336 1319.2790533862817
330.05417535302587 1323.0875604078863
321.73931854154733 1326.826836475994
313.2041812658467 1330.492440326625
294.9145348042726 1326.2727598832391
286.2376391478671 1329.5212599059757
277.3647471435129 1332.690961921784
268.3019380937473 1335.777864340525
259.05542098321445 1338.7780487050368
249.6315302294859 1341.6876870603726
232.27162453660668 1335.275348321185
222.82841496321316 1337.7853085165905
213.23261380892515 1340.2025780379931
203.4907940703847 1342.5238909119762
193.6096284895138 1344.7460995144213
183.5958849907489 1346.8661805366003
173.45642205399554 1348.881240694185
163.19818402630673 1350.7885221706617
152.82819637551614 1352.5854077864367
142.353560889049 1354.269425887144
127.3756156301042 1344.9406285142907
117.06980823818212 1346.2769279140546
106.68382382872092 1347.503624026277
96.22477578041716 1348.618939240096
85.699827403905 1349.621255035438
75.11618704547956 1350.5091150289682
64.48110316031212 1351.2812277076903
53.80185935848212 1351.9364688476069
43.08576942719695 1352.473883614653
32.34017233256255 1352.8926883459844
21.572427204302134 1353.1922720096309
10.789908306819811 1353.372197341253
