-500 365.5922016569742 0.9976056384353426
-504.90453520423443 365.54972949420005 0.9976056570941136
-509.8057145398771 365.42235443110707 0.9976057130512642
-514.7001844233906 365.21020068785407 0.9976058062493343
-519.5845958398651 364.9134751129709 0.9976059365926552
-524.4556066234462 364.53246690593784 0.9976061039474944
-529.3098837333224 364.0675472291329 0.9976063081422596
-534.1441055234894 363.51916870947446 0.9976065489677597
-538.9549640049895 362.8878648302546 0.9976068261775237
-543.7391670989975 362.174249213654 0.9976071394881756
-548.4934408792736 361.3790147946582 0.997607488579866
-553.214531802498 360.50293288713044 0.9976078730967589
-557.8992089250097 359.5468521429627 0.9976082926475734
-567.3036395732703 369.2844641184299 0.9976040157445543
-572.2561959163077 368.0367709268772 0.997604564221905
-577.1593244481184 366.70256035508095 0.9976051505781084
-582.0096700934456 365.2830721538804 0.9976057742377189
-586.8039136837662 363.7796228569 0.9976064345902521
-591.5387742183592 362.1936040678195 0.9976071309910873
-596.2110111000284 360.5264806476588 0.9976078627624184
-600.8174263438715 358.7797888043197 0.9976086291942532
-605.3548667576815 356.9551340867758 0.9976094295454572
-609.8202260926049 355.054189286595 0.9976102630448428
-622.2862036189254 362.09030374901226 0.9976071763411813
-626.9034423319015 359.81751827567825 0.997608173881139
-631.433877766725 357.4655421947189 0.9976092056941824
-635.8744076726131 355.03644756795796 0.9976102708224667
-640.2219909441645 352.53236740021276 0.9976113682816667
-644.4736496993952 349.9554929618447 0.9976124970623621
-658.441163927761 354.8509723352307 0.9976103521295197
-662.7602358117482 351.8634951885359 0.9976116613328782
-666.967983553643 348.8028178175143 0.9976130017921506
-671.0615231151733 345.6715205374877 0.997614372319126
-685.880182524786 348.88520898098363 0.9976129657188822
-689.9764046862568 345.3208397398293 0.9976145257532187
-693.942694013392 341.68733406005117 0.9976161148861109
-709.3116828205801 343.4826617765364 0.9976153298364646
-713.2264001188904 339.4011545069788 0.9976171141585684
-728.9531682000911 340.1063610702681 0.9976168059673393
-732.7739118217324 335.56586402335256 0.9976187894955525
-748.783518743705 335.14860124676244 0.9976189716862526
-752.4670178270454 330.1409936635134 0.9976211569702327
-768.6827161381208 328.5735293328518 0.9976218405443145
-785.0545273908587 326.2475302119145 0.9976228545162824
-801.5540936403955 323.15342861365474 0.997624202585531
-818.1527651952011 319.28260105193533 0.997625887875488
-834.8216295619446 314.627378285338 0.997627912925169
-851.5315405921407 309.18105468278435 0.9976302796821135
-881.8135481275551 304.28722425730064 0.997632404117952
-912.2999739571724 297.8500163021036 0.997635195331699
-942.934165944173 289.8568053615677 0.9976386561687888
-987.5230590346638 280.5302334658666 0.9976426872261208
NaN NaN NaN
NaN NaN NaN
NaN NaN NaN
NaN NaN NaN
NaN NaN NaN
NaN NaN NaN
NaN NaN NaN
NaN NaN NaN
-1250.6855162058166 -549.8100436452193 0.9973856264219936
-1239.5081044408812 -557.2149961565507 0.9973753676046212
-1228.2675461227386 -565.4056782184158 0.9973639975740807
-1217.844505430166 -573.629930289238 0.9973525577453893
-1207.9558766249024 -581.9321943712071 0.9973409866446816
-1198.418886603603 -590.3311877722178 0.9973292583302376
-1189.1075548907006 -598.8323349007549 0.9973173653508636
-1179.9308862397315 -607.4335980142756 0.9973053107508775
-1170.8163135580528 -616.1319467267799 0.9972930990786996
-1173.6858921765258 -622.8762059296986 0.9972836169197706
-1164.3200281839372 -632.1311788117512 0.9972705861507463
-1154.8727842513895 -641.4580101869834 0.9972574336624349
-1145.328860609983 -650.8325356280596 0.9972441946035908
-1147.2329788647469 -659.4615140149556 0.9972319926285398
-1137.3189134100696 -669.2031528807848 0.9972182006391732
-1127.2592941386636 -678.9416596060352 0.9972043971864657
-1128.2433324236722 -688.8977577676529 0.9971902708177441
-1117.7175277959677 -698.9125906659782 0.9971760483682013
-1117.9629122473111 -709.8059779214151 0.9971605662277064
-1106.915245284397 -720.0368861898122 0.9971460166757413
-1106.3481723672123 -731.8084318507349 0.9971292686234061
-1094.7288141051388 -742.1934802215472 0.9971144894072179
-1093.2807503131405 -754.7754265555197 0.9970965829387503
-1091.2955371483745 -767.9195489603484 0.9970778804733974
-1088.7499111724626 -781.6044020229971 0.9970584191817327
-1075.683247606885 -792.4054571583553 0.9970430709146791
-1072.113346078726 -806.7392600147813 0.9970227252305127
-1067.9235849593988 -821.5426173664641 0.9970017481422941
-1063.0913211084362 -836.788168518707 0.996980191496068
-1066.8060927866775 -857.2657806240132 0.9969513304940415
-1060.421875247539 -873.6478404649308 0.9969283352807096
-1053.326369670164 -890.3742003993589 0.996904958517626
-1054.091243156581 -913.2898574910885 0.9968731269336284
-1045.2865441328925 -930.9216393556326 0.9968488125298194
-1043.8436949921322 -955.3478445854099 0.9968154238223828
-1041.1290735036107 -980.6235911743382 0.9967812880758068
-1037.102289979958 -1006.6795487752255 0.9967595454936723
-1031.7262188591453 -1033.4441900560041 0.9967759250716168
-1024.9664860367054 -1060.8439956891855 0.9967926016221164
-1023.6359429129349 -1097.043547151501 0.996814492585144
-1020.2930063125057 -1134.3348185687914 0.9968368765235099
-1021.2016183057314 -1181.525608918106 0.9968649613344963
-1013.5833038431311 -1221.0477992952742 0.9968882766432247
-1015.4732852039776 -1280.5765279928744 0.9969230440503435
-1008.6767150468323 -1332.133614663434 0.9969528188280812
-1009.5683719072917 -1405.3694330314102 0.9969945824843693
-1006.4786918585057 -1480.8138548258735 0.9970369629183335
-1003.9018542213668 -1569.131757878222 0.9970857594862764
-1000.7982901435595 -1670.9674399976157 0.9971409524738036
-964.2166015301336 -1694.6937843162887 0.9971536491118967
-923.0110981745936 -1706.0710488503748 0.9971597158138434
-881.5219209233327 -1716.3889353359402 0.997165205557421
-839.7787561178786 -1725.6442828627362 0.9971701202213386
-797.8073138082391 -1733.8262420650005 0.9971744572477306
-755.6358038634147 -1740.9289391393338 0.9971782163688774
-713.293112222089 -1746.9493481514194 0.9971813984577264
-670.8070538229053 -1751.8816168863502 0.9971840025219989
-628.2059988167736 -1755.7214445642207 0.9971860280171073
-585.518638739384 -1758.4661169028127 0.997187474857432
-542.7737145190143 -1760.1136955384288 0.9971883429843605
-500 -1760.6630176143678 0.9971886323637417
-457.22628548098595 -1760.1136955384288 0.9971883429843605
-414.48136126061644 -1758.4661169028127 0.997187474857432
-371.79400118322695 -1755.7214445642207 0.9971860280171073
-329.1929461770955 -1751.8816168863502 0.9971840025219989
-286.7068877779111 -1746.9493481514196 0.9971813984577264
-244.36419613658597 -1740.9289391393338 0.9971782163688774
-202.19268619176228 -1733.8262420650005 0.9971744572477306
-160.22124388212222 -1725.6442828627362 0.9971701202213386
-118.47807907666706 -1716.3889353359402 0.997165205557421
-76.98890182540718 -1706.0710488503748 0.9971597158138434
-35.78339846986671 -1694.6937843162887 0.9971536491118967
5.113357763701402 -1682.269012120574 0.9971470078693819
45.672734020345075 -1668.8030407818135 0.9971397912049658
85.87086014218552 -1654.3090584837264 0.9971320015999318
125.67966275437661 -1638.7949332439932 0.9971236383719385
165.07504728772315 -1622.2735404878886 0.9971147032317467
204.03315328493522 -1604.757654871843 0.9971051975579721
242.52842587561642 -1586.2586312198823 0.997095121685407
280.5375638162224 -1566.7899996331619 0.997084476868049
318.03785268329364 -1546.3656820225597 0.9970732643295487
355.0071611802959 -1524.9999511491706 0.9970614852543942
391.42393491627786 -1502.7073899708148 0.9970491407791078
427.26682315533435 -1479.5027120538118 0.997036231905737
462.5171767941464 -1455.4017397067846 0.9970227600614756
497.1564865974993 -1430.41990684246 0.997008726280994
531.1654933005599 -1404.5722135870824 0.9969941311858611
564.5302314388267 -1377.874756025576 0.9969789758589148
597.234429282769 -1350.3422756096113 0.9969632604686989
629.262631385381 -1321.989248000712 0.9969469848848082
660.6035688575141 -1292.8297863178248 0.9969301486265565
691.2470028027565 -1262.8767070198155 0.996912750321225
721.1839692749409 -1232.141333681975 0.9968947875738499
750.4087884831087 -1200.6330620191602 0.996876256689467
778.9157494274481 -1168.3586865037544 0.9968571522410596
806.7050454899444 -1135.3212699533524 0.9968374663447501
833.7761677460691 -1101.5202568158563 0.9968171886511241
860.1375856609887 -1066.9479118801046 0.9967963041050163
885.7976769332322 -1031.5900163056006 0.9967747932045761
910.7656739390494 -995.4245751839771 0.9967615193388184
934.8934634332659 -958.4938257044464 0.9968111508835796
958.0966184829009 -920.8346420448399 0.996862702332336
980.35136022453 -882.4630313224321 0.9969160013896989
1001.6372917110612 -843.3923536429542 0.9969708708628499
1009.6468922859962 -800.9894346964707 0.9970308831092611
1003.9817545816826 -756.6743322693943 0.9970938806431354
1009.3767843493401 -715.2904160333203 0.9971527676335429
1013.589146630057 -674.275000954988 0.9972110136204675
1016.6638455559113 -633.6881871067817 0.9972683918879773
1018.6601253447639 -593.5856708182356 0.9973247079216997
1019.6495482316864 -554.0241574117246 0.9973797906120176
1019.7224745991143 -515.0586817523485 0.9974334945634008
1018.9969714854087 -476.73843151332375 0.997485703971005
1030.245827763291 -436.8776414187062 0.9975393079430863
1028.335382009936 -399.3340290626163 0.997589085856842
1038.5900271984856 -358.98951097685904 0.997641760428876
1036.507539746759 -322.47151961453903 0.997688673776839
1046.710373499813 -283.2336655229067 0.9977382398572348
1056.8136981617595 -247.94143826311654 0.9977820564625992
1069.7055930707334 -212.9092140898922 0.9978248187862665
1082.421001323282 -187.98782817065322 0.9978356796291368
NaN NaN NaN
NaN NaN NaN
711.3495362647483 110.99685661751343 0.9977146478444461
452.90796878638525 170.80582412811452 0.9976895431931393
294.2801463399179 208.38761142144452 0.997673611813503
178.48658442822543 234.9494676058417 0.9976622784388143
91.23600076218077 254.35885667046014 0.9976539581683529
32.31187765520614 268.87465995433143 0.9976477141964902
-12.476940965340631 280.53023346586644 0.9976426872261208
-57.06583405582819 289.85680536156747 0.9976386561687888
-87.70002604282604 297.8500163021036 0.997635195331699
-118.18645187244499 304.28722425730064 0.997632404117952
-148.46845940785963 309.18105468278435 0.9976302796821135
-165.1783704380553 314.62737828533784 0.997627912925169
-181.84723480479582 319.2826010519352 0.997625887875488
-198.44590635960216 323.1534286136547 0.997624202585531
-214.945472609145 326.2475302119145 0.9976228545162824
-231.31728386187382 328.5735293328518 0.9976218405443145
-247.53298217294895 330.1409936635134 0.9976211569702327
-251.21648125630054 335.14860124676227 0.9976189716862526
-267.2260881782621 335.56586402335245 0.9976187894955525
-271.04683179990883 340.10636107026806 0.9976168059673393
-286.77359988110385 339.4011545069788 0.9976171141585684
-290.6883171794255 343.4826617765364 0.9976153298364646
-306.05730598660796 341.68733406005117 0.9976161148861109
-310.0235953137489 345.3208397398292 0.9976145257532187
-314.11981747521975 348.88520898098363 0.9976129657188822
-328.93847688483254 345.67152053748765 0.997614372319126
-333.03201644635715 348.8028178175143 0.9976130017921506
-337.2397641882458 351.8634951885359 0.9976116613328782
-341.55883607223905 354.8509723352307 0.9976103521295197
-355.52635030060475 349.95549296184464 0.9976124970623621
-359.77800905584115 352.53236740021276 0.9976113682816667
-364.1255923273871 355.0364475679579 0.9976102708224667
-368.5661222332749 357.4655421947189 0.9976092056941824
-373.09655766809277 359.81751827567825 0.997608173881139
-377.7137963810747 362.09030374901226 0.9976071763411813
-390.1797739074009 355.054189286595 0.9976102630448428
-394.6451332423185 356.9551340867758 0.9976094295454572
-399.1825736561342 358.7797888043197 0.9976086291942532
-403.7889888999656 360.5264806476588 0.9976078627624184
-408.461225781641 362.1936040678195 0.9976071309910873
-413.19608631623385 363.7796228569 0.9976064345902521
-417.99032990654837 365.2830721538804 0.9976057742377189
-422.8406755518757 366.7025603550809 0.9976051505781084
-427.7438040836865 368.0367709268772 0.997604564221905
-432.6963604267238 369.2844641184299 0.9976040157445543
-442.10079107499024 359.5468521429627 0.9976082926475734
-446.78546819750795 360.50293288713044 0.9976078730967589
-451.5065591207322 361.3790147946582 0.997607488579866
-456.2608329010023 362.174249213654 0.9976071394881756
-461.0450359950044 362.8878648302546 0.9976068261775237
-465.85589447650466 363.51916870947446 0.9976065489677597
-470.69011626667753 364.0675472291329 0.9976063081422596
-475.5443933765537 364.53246690593784 0.9976061039474944
-480.41540416014016 364.9134751129709 0.9976059365926552
-485.29981557660926 365.21020068785407 0.9976058062493343
-490.1942854601229 365.42235443110707 0.9976057130512642
-495.09546479576557 365.54972949420005 0.9976056570941136
500 365.5922016569742 0.9976056384353426
495.09546479576557 365.54972949420005 0.9976056570941136
490.1942854601229 365.42235443110707 0.9976057130512642
485.29981557660943 365.21020068785407 0.9976058062493343
480.4154041601402 364.9134751129709 0.9976059365926552
475.5443933765537 364.53246690593784 0.9976061039474944
470.69011626667753 364.0675472291329 0.9976063081422596
465.85589447650466 363.51916870947446 0.9976065489677597
461.0450359950044 362.8878648302546 0.9976068261775237
456.2608329010023 362.174249213654 0.9976071394881756
451.5065591207323 361.3790147946582 0.997607488579866
446.78546819750795 360.50293288713044 0.9976078730967589
442.10079107499024 359.5468521429627 0.9976082926475734
432.6963604267238 369.2844641184299 0.9976040157445543
427.74380408368654 368.0367709268772 0.997604564221905
422.8406755518757 366.70256035508095 0.9976051505781084
417.9903299065484 365.2830721538804 0.9976057742377189
413.19608631623385 363.7796228569 0.9976064345902521
408.461225781641 362.1936040678195 0.9976071309910873
403.7889888999656 360.5264806476588 0.9976078627624184
399.1825736561342 358.7797888043197 0.9976086291942532
394.64513324231854 356.9551340867758 0.9976094295454572
390.17977390740094 355.054189286595 0.9976102630448428
377.7137963810747 362.09030374901226 0.9976071763411813
373.09655766809277 359.81751827567825 0.997608173881139
368.5661222332749 357.4655421947189 0.9976092056941824
364.12559232738715 355.03644756795796 0.9976102708224667
359.7780090558412 352.53236740021276 0.9976113682816667
355.52635030060486 349.9554929618447 0.9976124970623621
341.55883607223905 354.8509723352307 0.9976103521295197
337.2397641882458 351.8634951885359 0.9976116613328782
333.03201644635715 348.8028178175143 0.9976130017921506
328.9384768848327 345.6715205374877 0.997614372319126
314.11981747521975 348.88520898098363 0.9976129657188822
310.023595313749 345.3208397398293 0.9976145257532187
306.05730598660796 341.68733406005117 0.9976161148861109
290.6883171794255 343.4826617765364 0.9976153298364646
286.77359988110385 339.4011545069788 0.9976171141585684
271.04683179990894 340.1063610702681 0.9976168059673393
267.2260881782621 335.56586402335256 0.9976187894955525
251.21648125630065 335.14860124676244 0.9976189716862526
247.53298217294895 330.1409936635134 0.9976211569702327
231.31728386187382 328.5735293328518 0.9976218405443145
214.945472609145 326.2475302119145 0.9976228545162824
198.44590635960222 323.15342861365474 0.997624202585531
181.84723480479593 319.28260105193533 0.997625887875488
165.17837043805537 314.627378285338 0.997627912925169
148.46845940785963 309.18105468278435 0.9976302796821135
118.18645187244499 304.28722425730064 0.997632404117952
87.70002604282604 297.8500163021036 0.997635195331699
57.06583405582822 289.8568053615677 0.9976386561687888
12.476940965340646 280.5302334658666 0.9976426872261208
-32.311877655206104 268.87465995433195 0.9976477141964902
-91.23600076218077 254.35885667046014 0.9976539581683529
-178.48658442822543 234.9494676058417 0.9976622784388143
-294.2801463399179 208.38761142144452 0.997673611813503
-452.9079687863851 170.8058241281155 0.9976895431931393
-711.3495362647483 110.99685661751344 0.9977146478444461
NaN NaN NaN
NaN NaN NaN
-1082.421001323282 -187.98782817065322 0.9978356796291368
-1069.7055930707334 -212.9092140898922 0.9978248187862665
-1056.8136981617595 -247.94143826311654 0.9977820564625992
-1046.710373499813 -283.2336655229067 0.9977382398572348
-1036.507539746759 -322.47151961453903 0.997688673776839
-1038.5900271984856 -358.98951097685904 0.997641760428876
-1028.335382009936 -399.3340290626163 0.997589085856842
-1030.2458277632918 -436.87764141870406 0.9975393079430864
-1018.996971485409 -476.73843151332244 0.997485703971005
-1019.7224745991143 -515.0586817523475 0.9974334945634008
-1019.6495482316866 -554.0241574117241 0.9973797906120176
-1018.6601253447639 -593.5856708182356 0.9973247079216997
-1016.6638455559113 -633.6881871067817 0.9972683918879773
-1013.5891466300574 -674.2750009549874 0.9972110136204675
-1009.3767843493403 -715.2904160333198 0.9971527676335429
-1003.9817545816835 -756.6743322693931 0.9970938806431354
-1009.6468922859964 -800.9894346964703 0.9970308831092611
-1001.6372917110612 -843.3923536429542 0.9969708708628499
-980.35136022453 -882.4630313224321 0.9969160013896989
-958.0966184829008 -920.8346420448407 0.996862702332336
-934.8934634332655 -958.4938257044467 0.9968111508835796
-910.7656739390502 -995.4245751839757 0.9967615193388184
-885.7976769332333 -1031.590016305599 0.9967747932045761
-860.1375856609887 -1066.9479118801046 0.9967963041050163
-833.7761677460691 -1101.5202568158563 0.9968171886511241
-806.705045489945 -1135.321269953352 0.9968374663447501
-778.9157494274483 -1168.358686503754 0.9968571522410596
-750.4087884831088 -1200.6330620191602 0.996876256689467
-721.1839692749409 -1232.141333681975 0.9968947875738499
-691.2470028027569 -1262.8767070198153 0.996912750321225
-660.6035688575141 -1292.8297863178248 0.9969301486265565
-629.2626313853825 -1321.989248000711 0.9969469848848082
-597.2344292827695 -1350.3422756096104 0.9969632604686989
-564.5302314388267 -1377.874756025576 0.9969789758589148
-531.1654933005602 -1404.5722135870822 0.9969941311858611
-497.1564865974998 -1430.41990684246 0.997008726280994
-462.5171767941464 -1455.4017397067846 0.9970227600614756
-427.2668231553354 -1479.5027120538114 0.997036231905737
-391.4239349162783 -1502.7073899708146 0.9970491407791078
-355.0071611802959 -1524.9999511491706 0.9970614852543942
-318.0378526832938 -1546.3656820225594 0.9970732643295487
-280.5375638162235 -1566.7899996331616 0.997084476868049
-242.52842587561642 -1586.2586312198823 0.997095121685407
-204.03315328493605 -1604.7576548718423 0.9971051975579721
-165.07504728772383 -1622.2735404878883 0.9971147032317467
-125.67966275437661 -1638.7949332439932 0.9971236383719385
-85.87086014218598 -1654.3090584837262 0.9971320015999318
-45.672734020345594 -1668.8030407818135 0.9971397912049658
-5.113357763701402 -1682.269012120574 0.9971470078693819
35.78339846986593 -1694.6937843162887 0.9971536491118967
76.98890182540656 -1706.0710488503748 0.9971597158138434
118.47807907666706 -1716.3889353359402 0.997165205557421
160.22124388212168 -1725.6442828627362 0.9971701202213386
202.1926861917612 -1733.8262420650005 0.9971744572477306
244.36419613658597 -1740.9289391393338 0.9971782163688774
286.7068877779105 -1746.9493481514194 0.9971813984577264
329.1929461770947 -1751.8816168863502 0.9971840025219989
371.79400118322695 -1755.7214445642207 0.9971860280171073
414.48136126061576 -1758.4661169028127 0.997187474857432
457.2262854809852 -1760.1136955384288 0.9971883429843605
500 -1760.6630176143678 0.9971886323637417
542.7737145190142 -1760.1136955384288 0.9971883429843605
585.5186387393833 -1758.4661169028127 0.997187474857432
628.2059988167736 -1755.7214445642207 0.9971860280171073
670.8070538229042 -1751.8816168863502 0.9971840025219989
713.2931122220882 -1746.9493481514196 0.9971813984577264
755.6358038634147 -1740.9289391393338 0.9971782163688774
797.8073138082382 -1733.8262420650005 0.9971744572477306
839.7787561178782 -1725.6442828627362 0.9971701202213386
881.5219209233327 -1716.3889353359402 0.997165205557421
923.0110981745931 -1706.0710488503748 0.9971597158138434
964.2166015301327 -1694.6937843162887 0.9971536491118967
1000.7982901435595 -1670.9674399976157 0.9971409524738036
1003.9018542213663 -1569.131757878222 0.9970857594862764
1006.4786918585055 -1480.8138548258737 0.9970369629183335
1009.5683719072917 -1405.3694330314102 0.9969945824843693
1008.676715046832 -1332.1336146634342 0.9969528188280812
1015.4732852039767 -1280.576527992875 0.9969230440503435
1013.5833038431311 -1221.0477992952742 0.9968882766432247
1021.2016183057308 -1181.525608918106 0.9968649613344963
1020.2930063125054 -1134.3348185687917 0.9968368765235099
1023.6359429129349 -1097.043547151501 0.996814492585144
1024.9664860367054 -1060.843995689186 0.9967926016221164
1031.7262188591449 -1033.4441900560043 0.9967759250716168
1037.102289979958 -1006.6795487752255 0.9967595454936723
1041.1290735036105 -980.6235911743382 0.9967812880758068
1043.843694992132 -955.34784458541 0.9968154238223828
1045.2865441328925 -930.9216393556326 0.9968488125298194
1054.0912431565803 -913.2898574910886 0.9968731269336284
1053.3263696701636 -890.3742003993591 0.996904958517626
1060.421875247539 -873.6478404649308 0.9969283352807096
1066.8060927866775 -857.2657806240134 0.9969513304940415
1063.091321108436 -836.788168518707 0.996980191496068
1067.9235849593986 -821.5426173664642 0.9970017481422941
1072.1133460787257 -806.7392600147814 0.9970227252305127
1075.6832476068842 -792.4054571583556 0.9970430709146791
1088.7499111724626 -781.6044020229971 0.9970584191817327
1091.2955371483745 -767.9195489603484 0.9970778804733974
1093.28075031314 -754.7754265555202 0.9970965829387503
1094.7288141051383 -742.1934802215476 0.9971144894072179
1106.3481723672123 -731.8084318507349 0.9971292686234061
1106.915245284397 -720.0368861898123 0.9971460166757413
1117.9629122473111 -709.8059779214151 0.9971605662277064
1117.7175277959677 -698.9125906659782 0.9971760483682013
1128.2433324236722 -688.8977577676532 0.9971902708177441
1127.2592941386633 -678.9416596060355 0.9972043971864657
1137.3189134100696 -669.2031528807848 0.9972182006391732
1147.2329788647469 -659.4615140149558 0.9972319926285398
1145.328860609983 -650.8325356280596 0.9972441946035908
1154.8727842513895 -641.4580101869834 0.9972574336624349
1164.320028183937 -632.1311788117513 0.9972705861507463
1173.6858921765258 -622.8762059296988 0.9972836169197706
1170.8163135580528 -616.1319467267801 0.9972930990786996
1179.9308862397313 -607.433598014276 0.9973053107508775
1189.1075548907006 -598.8323349007549 0.9973173653508636
1198.418886603603 -590.3311877722178 0.9973292583302376
1207.9558766249024 -581.9321943712071 0.9973409866446816
1217.844505430166 -573.629930289238 0.9973525577453893
1228.2675461227386 -565.4056782184158 0.9973639975740807
1239.5081044408812 -557.2149961565507 0.9973753676046212
1250.6855162058166 -549.8100436452193 0.9973856264219936
NaN NaN NaN
NaN NaN NaN
NaN NaN NaN
NaN NaN NaN
NaN NaN NaN
NaN NaN NaN
NaN NaN NaN
NaN NaN NaN
987.5230590346639 280.53023346586644 0.9976426872261208
942.934165944173 289.85680536156747 0.9976386561687888
912.2999739571724 297.8500163021036 0.997635195331699
881.8135481275551 304.28722425730064 0.997632404117952
851.5315405921407 309.18105468278435 0.9976302796821135
834.8216295619446 314.62737828533784 0.997627912925169
818.1527651952011 319.2826010519352 0.997625887875488
801.5540936403956 323.1534286136547 0.997624202585531
785.0545273908587 326.2475302119145 0.9976228545162824
768.6827161381208 328.5735293328518 0.9976218405443145
752.4670178270454 330.1409936635134 0.9976211569702327
748.783518743705 335.14860124676227 0.9976189716862526
732.7739118217324 335.56586402335245 0.9976187894955525
728.9531682000911 340.10636107026806 0.9976168059673393
713.2264001188904 339.4011545069788 0.9976171141585684
709.3116828205801 343.4826617765364 0.9976153298364646
693.942694013392 341.68733406005117 0.9976161148861109
689.9764046862568 345.3208397398292 0.9976145257532187
685.8801825247863 348.88520898098363 0.9976129657188822
671.0615231151733 345.67152053748765 0.997614372319126
666.967983553643 348.8028178175143 0.9976130017921506
662.7602358117482 351.8634951885359 0.9976116613328782
658.441163927761 354.8509723352307 0.9976103521295197
644.4736496993952 349.95549296184464 0.9976124970623621
640.2219909441645 352.53236740021276 0.9976113682816667
635.8744076726131 355.0364475679579 0.9976102708224667
631.433877766725 357.4655421947189 0.9976092056941824
626.9034423319015 359.81751827567825 0.997608173881139
622.2862036189254 362.09030374901226 0.9976071763411813
609.8202260926051 355.054189286595 0.9976102630448428
605.3548667576815 356.9551340867758 0.9976094295454572
600.8174263438717 358.7797888043197 0.9976086291942532
596.2110111000284 360.5264806476588 0.9976078627624184
591.5387742183592 362.1936040678195 0.9976071309910873
586.8039136837662 363.7796228569 0.9976064345902521
582.0096700934456 365.2830721538804 0.9976057742377189
577.1593244481184 366.7025603550809 0.9976051505781084
572.2561959163077 368.0367709268772 0.997604564221905
567.3036395732703 369.2844641184299 0.9976040157445543
557.8992089250097 359.5468521429627 0.9976082926475734
553.214531802498 360.50293288713044 0.9976078730967589
548.4934408792737 361.3790147946582 0.997607488579866
543.7391670989977 362.174249213654 0.9976071394881756
538.9549640049895 362.8878648302546 0.9976068261775237
534.1441055234894 363.51916870947446 0.9976065489677597
529.3098837333224 364.0675472291329 0.9976063081422596
524.4556066234462 364.53246690593784 0.9976061039474944
519.5845958398651 364.9134751129709 0.9976059365926552
514.7001844233907 365.21020068785407 0.9976058062493343
509.8057145398771 365.42235443110707 0.9976057130512642
504.90453520423443 365.54972949420005 0.9976056570941136
