0 300.01439032550985
-4.4222968052517215 299.9745546908613
-8.841568530141483 299.8550852855481
-13.254792151892916 299.6560945574228
-17.658948761535093 299.37776975902455
-22.051025617383367 299.0203727070765
-26.651058979112875 299.7284047773884
-31.046762199254186 299.20736973330634
-35.42122802382488 298.6074914086368
-40.104305689136034 299.0507529804616
-44.46351824673137 298.28538342590207
-49.1972588985947 298.5433868133679
-53.52833495908398 297.6114272144188
-58.29873322051421 297.6794844232611
-63.099621565910866 297.6443017726515
-67.38142721619282 296.4546285829571
-72.19706649056775 296.2228685978654
-77.03152629278725 295.88355949635326
-81.88068549525539 295.43515958660714
-86.74036718913828 294.8762369108755
-91.60634210336428 294.2054705959997
-96.47433208756011 293.4216520798893
-102.11654543438071 293.4464661703199
-107.0065972947651 292.4117534152453
-112.72306755341401 292.13889714661576
-117.6153274386625 290.84649009918684
-123.38369527937088 290.26638264476867
-129.18377519065288 289.51699706287326
-135.00911729770388 288.5956318121669
-140.8531777586599 287.49977181843957
-146.70932489844546 286.2270910831506
-153.60507005274667 285.4746609120958
-160.55008570346305 284.48411699102473
-167.53535246083146 283.2516545693826
-174.551722787214 281.77374377747935
-181.58993003288126 280.0471335246528
-189.7940869422985 278.6183710504233
-199.21935841910408 277.38928982376336
-207.52450866140134 275.28794236686076
-217.06658029589735 273.3124324186172
-227.8906341838748 271.3589023392598
-238.78356594407643 268.9359690268165
-250.99822841599442 266.38846893190725
-264.56648630501394 263.6066135839772
-279.5148009152525 260.4785730787748
-295.8641610921647 256.89072320261204
-314.961102602444 252.93610125418527
-336.85427892406807 248.3888455200127
-360.22527505886285 242.88514954734524
-389.1684628421608 236.59882825240328
-422.38554334283833 229.01319160063542
-462.67827010593265 219.82731620932827
-512.8978378887398 208.43800965156024
-575.9263020236466 193.9389923107161
-658.8830838683326 174.85520188981897
-771.7748335794266 148.7150095952391
-936.0044405914618 110.72617736507623
NaN NaN
NaN NaN
NaN NaN
-1130.6621615964489 -287.42083334160105
-1116.918325004109 -303.91881231896895
-1104.269060742617 -323.8607014928546
-1093.730345585063 -344.03226032353456
-1084.3991009063816 -364.56668093111256
-1076.6010898980155 -385.75421345610187
-1070.0815402785984 -407.5615380024604
-1063.634852870638 -429.89225925454315
-1058.382359635881 -452.3578734982016
-1052.9691452843522 -475.2065015472451
-1048.5287706389058 -498.2668279898785
-1044.969976933909 -521.6451148660067
-1040.9780173272752 -545.4727621300748
-1037.7143789293705 -569.7315546415822
-1033.8859584248955 -594.4538771530363
-1030.6540789344026 -619.713126168176
-1027.947744309815 -645.6047876546045
-1024.5017457873732 -672.013838704076
-1022.6357074833561 -699.396105229649
-1019.9006404749226 -727.3778790659421
-1017.4094483421038 -756.2460723593432
-1015.0793136408975 -786.0760731857425
-1012.8236617680406 -816.938054763712
-1010.5521979392589 -848.8966293134076
-1009.2541583469604 -882.5167030667288
-1007.7082218085635 -917.4241341407339
-1005.8103611115594 -953.6619092172878
-1003.4538049110744 -991.2659013118543
-1002.5479184924791 -1031.5839315773544
-1001.1120858080116 -1073.465647156863
-977.0539438874744 -1100.1805573837132
-950.4757709677704 -1124.80617263613
-923.3415230140332 -1148.7295320978665
-895.6601151634742 -1171.9421909400014
-867.441900367759 -1194.4346739522184
-838.6984966305586 -1216.196751842223
-809.4427222493549 -1237.2176878827327
-779.688391809397 -1257.4863979115269
-749.4503340422341 -1276.991638713364
-718.7442021665225 -1295.7220989181137
-687.5865391388234 -1313.6665700685787
-655.9945480106672 -1330.8139530453445
-623.9861619752843 -1347.15340358272
-591.579923079396 -1362.6743558654007
-558.7950012776228 -1377.3666322909728
-525.6510401400434 -1391.2203982354388
-492.16824254913365 -1404.2263182560052
-458.36720046528905 -1416.3754596262004
-424.2689861259351 -1427.659461193621
-389.8950303124826 -1438.0704675971137
-355.26711061625923 -1447.6011718452326
-320.4073318446224 -1456.2448571373263
-285.3380804399819 -1463.995394500209
-250.08199334191275 -1470.8472507926544
-214.66194170354157 -1476.795533815249
-179.1009892696222 -1481.8359795035105
-143.42236112853433 -1485.9649414827109
-107.64943060738898 -1489.1794576203658
-71.80567660362593 -1491.4772054592547
-35.914660885425256 -1492.8565243175874
0 -1493.316407787087
35.914660885424674 -1492.8565243175874
71.80567660362539 -1491.4772054592547
107.64943060738898 -1489.1794576203658
143.4223611285337 -1485.9649414827109
179.1009892696217 -1481.8359795035105
214.66194170354157 -1476.795533815249
250.08199334191235 -1470.8472507926544
285.3380804399812 -1463.995394500209
320.4073318446224 -1456.2448571373263
355.2671106162587 -1447.6011718452326
389.8950303124822 -1438.0704675971137
424.2689861259351 -1427.659461193621
458.3672004652887 -1416.3754596262008
492.16824254913314 -1404.2263182560055
525.6510401400434 -1391.2203982354388
558.7950012776223 -1377.366632290973
591.5799230793956 -1362.6743558654011
623.9861619752843 -1347.15340358272
655.994548010667 -1330.8139530453445
687.5865391388234 -1313.6665700685787
718.7442021665225 -1295.7220989181137
749.4503340422341 -1276.991638713364
779.688391809397 -1257.4863979115269
809.4427222493549 -1237.2176878827327
838.6984966305583 -1216.196751842223
867.4419003677589 -1194.4346739522182
895.6601151634742 -1171.9421909400014
923.3415230140321 -1148.729532097867
950.4757709677694 -1124.8061726361314
977.0539438874744 -1100.1805573837132
1001.1120858080108 -1073.4656471568646
1002.5479184924785 -1031.5839315773549
1003.4538049110741 -991.2659013118545
1005.8103611115591 -953.661909217288
1007.7082218085638 -917.4241341407338
1009.2541583469604 -882.5167030667288
1010.5521979392589 -848.8966293134076
1012.8236617680404 -816.9380547637124
1015.0793136408975 -786.0760731857425
1017.4094483421031 -756.2460723593437
1019.9006404749226 -727.3778790659421
1022.6357074833561 -699.396105229649
1024.5017457873732 -672.013838704076
1027.947744309815 -645.6047876546046
1030.6540789344028 -619.7131261681757
1033.8859584248953 -594.4538771530363
1037.71437892937 -569.7315546415833
1040.9780173272752 -545.4727621300748
1044.969976933909 -521.6451148660067
1048.5287706389051 -498.2668279898797
1052.9691452843517 -475.2065015472469
1058.382359635881 -452.3578734982013
1063.634852870637 -429.89225925454565
1070.0815402785984 -407.5615380024604
1076.6010898980155 -385.75421345610187
1084.3991009063816 -364.56668093111256
1093.730345585063 -344.03226032353456
1104.269060742617 -323.8607014928546
1116.918325004109 -303.91881231896895
1130.6621615964489 -287.42083334160105
NaN NaN
NaN NaN
NaN NaN
936.0044405914621 110.72617736507442
771.7748335794266 148.7150095952391
658.8830838683326 174.85520188981897
575.9263020236466 193.9389923107161
512.8978378887399 208.43800965155975
462.67827010593277 219.82731620932813
422.38554334283833 229.01319160063522
389.1684628421608 236.59882825240328
360.22527505886285 242.88514954734524
336.85427892406807 248.3888455200127
314.961102602444 252.93610125418522
295.8641610921647 256.8907232026121
279.5148009152526 260.4785730787747
264.56648630501394 263.6066135839772
250.99822841599442 266.38846893190725
238.78356594407643 268.9359690268165
227.8906341838749 271.35890233925966
217.06658029589738 273.3124324186171
207.52450866140134 275.2879423668607
199.21935841910408 277.38928982376336
189.7940869422985 278.6183710504233
181.58993003288126 280.0471335246528
174.5517227872141 281.77374377747924
167.5353524608315 283.2516545693826
160.55008570346305 284.4841169910247
153.60507005274667 285.4746609120958
146.70932489844546 286.2270910831506
140.8531777586599 287.49977181843957
135.009117297704 288.59563181216686
129.18377519065294 289.5169970628725
123.38369527937091 290.26638264476867
117.6153274386625 290.84649009918684
112.72306755341401 292.13889714661576
107.0065972947651 292.4117534152453
102.11654543438078 293.4464661703198
96.47433208756014 293.4216520798893
91.6063421033643 294.2054705959997
86.74036718913828 294.8762369108755
81.88068549525539 295.43515958660714
77.03152629278725 295.88355949635326
72.19706649056782 296.2228685978654
67.38142721619286 296.4546285829571
63.099621565910894 297.64430177265143
58.29873322051421 297.6794844232611
53.52833495908398 297.6114272144188
49.1972588985947 298.5433868133679
44.46351824673142 298.285383425902
40.104305689136076 299.0507529804616
35.42122802382494 298.6074914086368
31.046762199254186 299.20736973330634
26.651058979112875 299.7284047773884
22.051025617383367 299.0203727070765
17.658948761535136 299.37776975902455
13.254792151892959 299.6560945574228
8.841568530141528 299.8550852855481
4.4222968052517215 299.9745546908613
