0 178.24939032551
-3.696842829064939 178.21171577221176
-7.391157767685971 178.09872391736738
-11.080418642255834 177.91051014122993
-14.762102711707138 177.64723329440457
-18.433692380946674 177.30911552329653
-22.315717695577554 178.04060735729007
-25.996384094982144 177.54715065572665
-29.659274375695936 176.97889643543
-33.63472545236403 177.45774431400594
-37.29074534844859 176.731829162978
-41.32620919905618 177.03305062081586
-44.96440288258777 176.14795825197842
-49.047788058325935 176.26640753857575
-53.16800345375238 176.28500799308506
-56.77594278902084 175.152365928606
-60.92498421765413 174.98073323959898
-65.1005714962644 174.70448728236374
-69.29903505558116 174.32191796037267
-73.51664394105757 173.83141724288205
-77.74960892624665 173.23148095087438
-81.99408569417122 172.52071044010555
-87.02270986228987 172.62059413654248
-91.30951710491932 171.66277040290345
-96.43350074049448 171.4684150971633
-100.74443805807671 170.25590872357284
-105.94304579598072 169.75688521573642
-111.18531855443022 169.08954677136458
-116.4651887517922 168.25096870206363
-121.77648638538653 167.23841031255188
-127.11294490918391 166.04931811195667
-133.50243182747758 165.38053465529975
-139.95496658627803 164.47346624056047
-146.46186731761375 163.32407872079267
-153.01431433205133 161.928613454901
-159.60335892970016 160.28359184303125
-167.37342168868213 158.9353355166191
-176.37996501908373 157.78545487638556
-184.28204009436524 155.76178255274013
-193.43696578880073 153.86220620181282
-203.89006829418713 151.98265653644123
-214.42849746079114 149.63154386088289
-226.30534908650029 147.15350369343423
-239.5527193953587 144.4385528882129
-254.19728961180923 141.37467370348247
-270.26025675254186 137.84806149023495
-289.08835286374347 133.95158105950205
-310.7304156765733 129.45920668247362
-333.8682022935519 124.0069768652107
-362.5962443801096 117.7685609338226
-395.6163904552915 110.2271331649595
-435.73052903311407 101.0816448100167
-485.7899772663231 89.72878879034633
-548.6769002252555 75.26218191109103
-631.5108162727789 56.20666969629502
-744.298459771652 30.090542863555154
-874.4102906233992 -3.978268628917426
-876.7301320436035 -26.88045159941721
-878.450636461954 -49.841169380808175
-879.5701891520115 -72.84501346902108
-880.1133127208093 -100
-880.0019867801916 -118.91447041538072
-879.3130717155425 -141.9524506326714
-878.0208344855512 -164.9696021636199
-876.125719546569 -187.95053065130693
-873.595050846762 -211.0131461611999
-870.2608247630982 -234.6056556728343
-866.1867288752594 -258.24892307513977
-861.4320274799062 -281.7291078697096
-856.0311033208454 -304.9781757550781
-850.0064397029352 -327.9726296595969
-843.3743711949329 -350.70298668102475
-836.1478880319272 -373.1636358162075
-828.3381310081272 -395.34933858192653
-819.9551915560812 -417.2541503307022
-811.0085971859844 -438.8711566294187
-801.5076014250039 -460.1925285845152
-791.461383938043 -481.20965842769147
-780.8791391676446 -501.9133540178408
-769.7701689831529 -522.2939764761122
-758.1439223840013 -542.3415807243954
-746.0100297423168 -562.046023931037
-733.3783230674028 -581.3970568208048
-720.2588399077218 -600.3844020023637
-706.6618511125346 -618.9978063843158
-692.597819446266 -637.2271080054834
-678.0774302581708 -655.0622630739869
-663.1116058734733 -672.4933791046798
-647.7114388325816 -689.5107563138821
-631.888235969316 -706.1048983080522
-615.6535095055586 -722.2665350797313
-599.0189278138776 -737.9866400542058
-581.9963683253759 -753.2564418544199
-564.5978542235664 -768.0674349461591
-546.8355760137904 -782.4113886622038
-528.7218813535334 -796.280355778433
-510.2692652189005 -809.666679281003
-491.49032409705956 -822.5629837641302
-472.39784279778087 -834.9622108571863
-453.00466888341003 -846.8575810377396
-433.3237949757546 -858.2426292033556
-413.36831266472745 -869.1111920188256
-393.15140679445693 -879.4574080253432
-372.68635489059955 -889.2757215735572
-351.98652004715126 -898.5608832662444
-331.0653441231514 -907.3079500296552
-309.9363389400826 -915.5122823313575
-288.6130738879363 -923.1695346534126
-267.1092016843307 -930.2756919644866
-245.43841066073014 -936.8270207219921
-223.61444159129888 -942.820090946496
-201.65108862572023 -948.2517882729675
-179.56217662734488 -953.1192834559671
-157.36156955061375 -957.4200519430194
-135.06316702696742 -961.1518810219469
-112.68088707273006 -964.3128341324692
-90.22867482275015 -966.9012807835086
-67.72049650610417 -968.9158986920031
-45.170330241669916 -970.3556514442716
-22.592165653440833 -971.2197990234779
0 -971.5078975321843
22.592165653440443 -971.2197990234779
45.170330241669596 -970.3556514442716
67.72049650610417 -968.9158986920031
90.22867482274974 -966.9012807835086
112.68088707272969 -964.3128341324693
135.06316702696742 -961.1518810219469
157.36156955061347 -957.4200519430195
179.5621766273444 -953.1192834559671
201.65108862572023 -948.2517882729675
223.61444159129852 -942.820090946496
245.4384106607299 -936.8270207219921
267.1092016843307 -930.2756919644866
288.6130738879361 -923.1695346534127
309.9363389400823 -915.5122823313575
331.0653441231514 -907.3079500296552
351.98652004715103 -898.5608832662447
372.68635489059926 -889.2757215735575
393.15140679445693 -879.4574080253432
413.36831266472734 -869.1111920188256
433.32379497575454 -858.2426292033556
453.00466888341003 -846.8575810377396
472.39784279778087 -834.9622108571863
491.49032409705956 -822.5629837641302
510.2692652189005 -809.666679281003
528.7218813535331 -796.280355778433
546.8355760137904 -782.4113886622036
564.5978542235664 -768.0674349461591
581.9963683253754 -753.2564418544201
599.0189278138771 -737.9866400542065
615.6535095055586 -722.2665350797313
631.8882359693156 -706.1048983080525
647.7114388325816 -689.5107563138822
663.1116058734732 -672.4933791046799
678.0774302581706 -655.0622630739871
692.5978194462662 -637.2271080054834
706.6618511125346 -618.9978063843158
720.2588399077218 -600.3844020023637
733.3783230674028 -581.3970568208052
746.0100297423168 -562.046023931037
758.1439223840009 -542.3415807243957
769.7701689831529 -522.2939764761122
780.8791391676446 -501.9133540178408
791.461383938043 -481.20965842769147
801.5076014250039 -460.1925285845153
811.0085971859844 -438.8711566294185
819.9551915560812 -417.25415033070226
828.3381310081268 -395.34933858192755
836.1478880319272 -373.1636358162075
843.3743711949329 -350.70298668102475
850.0064397029348 -327.9726296595982
856.0311033208453 -304.97817575507986
861.4320274799062 -281.7291078697093
866.1867288752592 -258.2489230751415
870.2608247630982 -234.6056556728343
873.595050846762 -211.0131461611999
876.125719546569 -187.95053065130693
878.0208344855512 -164.9696021636199
879.3130717155425 -141.9524506326714
880.0019867801916 -118.91447041538072
880.1133127208093 -100
879.5701891520115 -72.84501346902108
878.4506364619541 -49.841169380807756
876.7301320436035 -26.88045159941721
874.4102906233994 -3.9782686289191553
744.298459771652 30.090542863555154
631.5108162727789 56.20666969629502
548.6769002252555 75.26218191109103
485.78997726632315 89.72878879034586
435.7305290331142 101.08164481001656
395.6163904552915 110.22713316495928
362.5962443801096 117.7685609338226
333.8682022935519 124.0069768652107
310.7304156765733 129.45920668247362
289.08835286374347 133.951581059502
270.26025675254186 137.84806149023498
254.19728961180928 141.37467370348236
239.5527193953587 144.4385528882129
226.30534908650029 147.15350369343423
214.42849746079114 149.63154386088289
203.89006829418724 151.98265653644103
193.43696578880076 153.86220620181274
184.28204009436524 155.76178255274004
176.37996501908373 157.78545487638556
167.37342168868213 158.9353355166191
159.60335892970016 160.28359184303125
153.0143143320514 161.9286134549009
146.46186731761378 163.32407872079267
139.95496658627803 164.47346624056044
133.50243182747758 165.38053465529975
127.11294490918391 166.04931811195667
121.77648638538653 167.23841031255188
116.46518875179231 168.25096870206357
111.18531855443027 169.08954677136384
105.94304579598075 169.7568852157364
100.74443805807671 170.25590872357284
96.43350074049448 171.4684150971633
91.30951710491932 171.66277040290345
87.02270986228994 172.62059413654237
81.99408569417125 172.52071044010555
77.74960892624667 173.23148095087438
73.51664394105757 173.83141724288205
69.29903505558116 174.32191796037267
65.1005714962644 174.70448728236374
60.92498421765419 174.98073323959895
56.77594278902089 175.152365928606
53.168003453752405 176.285007993085
49.047788058325935 176.26640753857575
44.96440288258777 176.14795825197842
41.32620919905618 177.03305062081586
37.29074534844864 176.73182916297796
33.63472545236407 177.45774431400594
29.65927437569599 176.97889643542996
25.996384094982144 177.54715065572665
22.315717695577554 178.04060735729007
18.433692380946674 177.30911552329653
14.762102711707183 177.64723329440454
11.080418642255877 177.91051014122993
7.391157767686016 178.09872391736738
3.696842829064939 178.21171577221176
