0 252.3373903255077
-4.1382458117588685 252.2984008607422
-8.273661217518057 252.1814677357534
-12.403417735443467 251.98669671559176
-16.524690730757282 251.71426393203032
-20.634661336074352 251.3644156689182
-24.953559152601862 252.08163339318088
-29.069290209130767 251.57139662968845
-33.16513913061403 250.98390070081996
-37.571146103470376 251.44109606598806
-41.655024069657266 250.69117485535082
-46.11535493173314 250.96610024783558
-50.17513338546997 250.05249147982948
-54.676532157009504 250.14027967122726
-59.21090348819247 250.12615575755365
-63.22885725738414 248.95881306477457
-67.78349061469453 248.75059588012164
-72.35996934428957 248.43597910834046
-76.95434912591816 248.01335511887027
-81.56262766383344 247.4812230127034
-86.18074798612668 246.83819014340136
-90.80460180958531 246.0829735223421
-96.20656474559021 246.13718106413472
-100.86041660071281 245.13257415125793
-106.3448991393413 244.8904548793672
-111.00954258260215 243.62933288450805
-116.55482125629699 243.0809737922761
-122.13649216970957 242.3637137092966
-127.74825513465794 241.4747637211704
-133.38371268574377 240.4115204119089
-139.0363761139177 239.17156870851255
-145.73389621243004 238.45189034957417
-152.48608131673427 237.49403120422323
-159.28404419348706 236.29409670190654
-166.1187656737841 234.84846739765422
-172.98110360093148 233.15380311973743
-181.0152912514459 231.75656277099012
-190.27661001740597 230.55849247816926
-198.42393646191397 228.48755866499383
-207.81442137621727 226.54178046330506
-218.49322951157455 224.61721736294496
-229.24735603090275 222.222405370296
-241.32974890388263 219.70210226106906
-254.77236348686935 216.94644333971982
-269.6017471936226 213.84352515436456
-285.8389703789039 210.27965284199115
-304.8306456625021 206.3477961638727
-326.6254986665983 201.82202918644106
-349.9051817789242 196.33848475067848
-378.76412941617457 190.07092076709986
-411.9041003812355 182.50259407230004
-452.126901066153 173.33253219664007
-502.28377415207564 161.95749782139416
-565.2568179392061 147.4711707739615
-648.1654917675384 128.3984526647479
-761.0164787645515 102.26768318480536
-925.212696301508 64.28659743393933
NaN NaN
NaN NaN
NaN NaN
-1081.3260103165742 -198.7502028291953
-1070.99498177895 -217.40007584864762
-1061.8951940472812 -239.7649782952485
-1054.4430166959296 -262.20185997201776
-1047.8425486651774 -284.86840201501076
-1042.5118710250263 -308.0916379723247
-1038.2299323370864 -331.8390837735252
-1033.8146523040552 -356.01147302607086
-1030.3884985167795 -380.1973755424779
-1026.6445350404965 -404.6750410932937
-1023.7276416014226 -429.26915387481165
-1021.5720192999444 -454.1015628048133
-1018.8836747236679 -479.3180988078354
-1016.8340510984419 -504.90411729807334
-1014.1405731594401 -530.8980573736741
-1011.9746565513171 -557.3806180762582
-1010.2741181227997 -584.4544958880247
-1007.7751792101534 -612.001416441056
-1006.8134047421572 -640.4987791267553
-1004.9329070536859 -669.5574441673608
-1003.2559822540153 -699.4769194835807
-1001.702916654093 -730.3353265657772
-999.062352504422 -761.7668216901942
-980.8884058500739 -787.5124740817726
-962.076645061133 -812.7303494436562
-942.6422287759669 -837.4077776207589
-922.6005733333899 -861.5322560765377
-901.9673581064133 -885.0915042573146
-880.7584499138632 -908.0735204903687
-858.9899392969448 -930.4666036640333
-836.6781240077173 -952.2593838355482
-813.8394527460424 -973.4408441603209
-790.4905716221368 -994.0003353895996
-766.6568276382912 -1013.9293558053432
-742.3781858179142 -1033.2253667965606
-717.6656610272393 -1051.882200709719
-692.5292294148793 -1069.8926556891377
-666.9797910866289 -1087.2490016096417
-641.0291893780199 -1103.9431781964006
-614.6900230103172 -1119.9668940542742
-587.9757130991189 -1135.311804350289
-560.9002757924505 -1149.969522861658
-533.4783943910747 -1163.931771942722
-505.7253005286098 -1177.1904098944246
-477.6567956224095 -1189.7375436685036
-449.28909938160587 -1201.5654862365277
-420.63893801910257 -1212.6669145701303
-391.72337707621364 -1223.034774978297
-362.5599153122903 -1232.6624529522335
-333.16636613219123 -1241.5437085124195
-303.5608488994507 -1249.6727194910538
-273.76177247162786 -1257.0441238619
-243.78779286737216 -1263.6530178218786
-213.65778541174853 -1269.4949641005476
-183.390831756369 -1274.566037197551
-153.00618166344927 -1278.862810753846
-122.52322518646865 -1282.382347228508
-91.96148298758696 -1285.1222643598048
-61.340567188065535 -1287.080690728657
-30.680162167366923 -1288.2562878236095
0 -1288.6482425611075
30.68016216736643 -1288.2562878236095
61.34056718806511 -1287.080690728657
91.96148298758696 -1285.1222643598048
122.52322518646807 -1282.382347228508
153.00618166344879 -1278.862810753846
183.390831756369 -1274.566037197551
213.6577854117482 -1269.4949641005476
243.78779286737154 -1263.6530178218786
273.76177247162786 -1257.0441238619
303.56084889945026 -1249.6727194910538
333.1663661321909 -1241.5437085124195
362.5599153122903 -1232.6624529522335
391.7233770762133 -1223.0347749782973
420.6389380191021 -1212.6669145701305
449.28909938160587 -1201.5654862365277
477.65679562240905 -1189.7375436685038
505.7253005286094 -1177.190409894425
533.4783943910747 -1163.931771942722
560.9002757924504 -1149.969522861658
587.9757130991189 -1135.311804350289
614.6900230103172 -1119.9668940542742
641.0291893780199 -1103.9431781964006
666.9797910866289 -1087.2490016096417
692.5292294148793 -1069.8926556891377
717.665661027239 -1051.882200709719
742.3781858179142 -1033.2253667965604
766.6568276382912 -1013.9293558053432
790.490571622136 -994.0003353896
813.8394527460416 -973.440844160322
836.6781240077173 -952.2593838355482
858.9899392969442 -930.466603664034
880.7584499138628 -908.073520490369
901.967358106413 -885.0915042573147
922.6005733333897 -861.5322560765379
942.6422287759673 -837.4077776207589
962.076645061133 -812.7303494436562
980.8884058500739 -787.5124740817726
999.0623525044219 -761.7668216901947
1001.702916654093 -730.3353265657772
1003.2559822540147 -699.4769194835811
1004.9329070536859 -669.5574441673608
1006.8134047421572 -640.4987791267553
1007.7751792101534 -612.001416441056
1010.2741181227997 -584.4544958880248
1011.9746565513175 -557.3806180762577
1014.1405731594401 -530.8980573736741
1016.8340510984415 -504.9041172980745
1018.8836747236679 -479.3180988078354
1021.5720192999444 -454.1015628048133
1023.7276416014221 -429.269153874813
1026.644535040496 -404.67504109329553
1030.3884985167795 -380.1973755424775
1033.8146523040543 -356.0114730260734
1038.2299323370864 -331.8390837735252
1042.5118710250263 -308.0916379723247
1047.8425486651774 -284.86840201501076
1054.4430166959296 -262.20185997201776
1061.8951940472812 -239.7649782952485
1070.99498177895 -217.40007584864762
1081.3260103165742 -198.7502028291953
NaN NaN
NaN NaN
NaN NaN
925.2126963015082 64.28659743393753
761.0164787645515 102.26768318480536
648.1654917675384 128.3984526647479
565.2568179392061 147.4711707739615
502.2837741520757 161.95749782139367
452.1269010661531 173.33253219663993
411.9041003812355 182.50259407229984
378.76412941617457 190.07092076709986
349.9051817789242 196.33848475067848
326.6254986665983 201.82202918644106
304.8306456625021 206.34779616387263
285.8389703789039 210.27965284199118
269.60174719362266 213.84352515436444
254.77236348686935 216.94644333971982
241.32974890388263 219.70210226106906
229.24735603090275 222.222405370296
218.49322951157467 224.61721736294476
207.8144213762173 226.54178046330497
198.42393646191397 228.48755866499374
190.27661001740597 230.55849247816926
181.0152912514459 231.75656277099012
172.98110360093148 233.15380311973743
166.1187656737842 234.8484673976541
159.2840441934871 236.29409670190654
152.48608131673427 237.4940312042232
145.73389621243004 238.45189034957417
139.0363761139177 239.17156870851255
133.38371268574377 240.4115204119089
127.74825513465805 241.47476372117035
122.13649216970961 242.36371370929587
116.55482125629702 243.08097379227607
111.00954258260215 243.62933288450805
106.3448991393413 244.8904548793672
100.86041660071281 245.13257415125793
96.20656474559028 246.1371810641346
90.80460180958534 246.0829735223421
86.18074798612669 246.83819014340136
81.56262766383344 247.4812230127034
76.95434912591816 248.01335511887027
72.35996934428957 248.43597910834046
67.7834906146946 248.7505958801216
63.22885725738419 248.95881306477457
59.2109034881925 250.1261557575536
54.676532157009504 250.14027967122726
50.17513338546997 250.05249147982948
46.11535493173314 250.96610024783558
41.655024069657316 250.6911748553508
37.57114610347042 251.44109606598806
33.16513913061409 250.98390070081993
29.069290209130767 251.57139662968845
24.953559152601862 252.08163339318088
20.634661336074352 251.3644156689182
16.524690730757325 251.7142639320303
12.40341773544351 251.98669671559176
8.273661217518102 252.1814677357534
4.1382458117588685 252.2984008607422
