1372.5 -607.5 0.0000035846025083279438
-1432.5 -507.5 0.000005634818031371991
642.5 207.5 0.00003238312705717601
612.5 -452.5 0.0000014062164839311856
-862.5 172.5 0.000005680328136134959
-352.5 212.5 0.0000014164192442963944
577.5 -567.5 0.0000013896553320575603
107.5 -1567.5 0.000003529040167922158
482.5 -1512.5 0.0000013052271911093256
632.5 -27.5 0.0000014324409256391272
467.5 -1327.5 0.0000035220386422293046
-457.5 212.5 0.000012743167487700571
1407.5 -552.5 0.0000035908468340755425
-617.5 -437.5 0.0000035955367708187195
1462.5 -452.5 0.0000036012312675338158
-647.5 -177.5 0.000003612445492989304
1027.5 -1082.5 0.000003529127607390495
-37.5 -1567.5 0.000001311369327733346
-1207.5 -832.5 0.000005376562864104188
507.5 -1487.5 0.0000013020354104831003
632.5 -22.5 0.000001432127878219306
1452.5 -477.5 0.0000035986888675680282
627.5 -382.5 0.000001416031025341313
637.5 -62.5 0.0000014340071542662393
1372.5 62.5 0.000003605684102990617
-452.5 -1327.5 0.0000013001934273420775
817.5 177.5 0.0000035998541205158507
-582.5 -562.5 0.0000035851754457991707
632.5 -367.5 0.0000014179932941281265
-957.5 -1172.5 0.0000013055168061555324
552.5 217.5 0.000057559330702749726
-1157.5 -897.5 0.0000013320105760236002
777.5 187.5 0.00003239414903666235
-587.5 -542.5 0.000003586925906805353
1267.5 -752.5 0.000003565840936234708
302.5 202.5 0.00003238638518282593
-1342.5 -642.5 0.0000013821031095556547
-497.5 32.5 0.000003606650258594201
-1112.5 -962.5 0.0000013215561578764598
1007.5 -1102.5 0.0000035281596555644723
342.5 207.5 0.00003238378947047651
1317.5 -682.5 0.0000035752344577649026
632.5 212.5 0.00001439151106356667
-532.5 -1327.5 0.0000013001726628618857
547.5 -1262.5 0.000001303153699240873
687.5 202.5 0.000032386157979681296
-152.5 -1607.5 0.000003531084588329031
1142.5 112.5 0.000003603491342051042
-1177.5 102.5 0.0000014256269379494565
-842.5 -1272.5 0.000001302549616864641
1412.5 -542.5 0.0000035918822043985143
-567.5 217.5 0.000012742575085218378
-1332.5 -657.5 0.0000013795737541799786
-1137.5 -932.5 0.000001326279142258469
562.5 217.5 0.00003237804968110775
-1072.5 -1022.5 0.0000013134434756444627
622.5 -422.5 0.00000141014102820151
547.5 217.5 0.0000035974231718439975
257.5 192.5 0.0000035989791196321974
-627.5 -402.5 0.0000035983419118687212
922.5 157.5 0.000003601031593649551
-1282.5 -727.5 0.0000013648368558973645
592.5 -1322.5 0.0000035221359564447818
862.5 172.5 0.000014401368026504633
-1152.5 -907.5 0.0000013305211209820027
-592.5 -532.5 0.000003587507625254354
1287.5 -722.5 0.000014279032421003758
-1042.5 -1062.5 0.0000013104344657530728
637.5 -47.5 0.0000014333805155819744
1387.5 -582.5 0.000003587209770553849
517.5 217.5 0.00003237773249927874
-942.5 152.5 0.0000014215968523106363
-1332.5 -662.5 0.0000013779624799189547
-1242.5 -782.5 0.0000013537694341753737
-1097.5 -987.5 0.0000013182188683599706
-1032.5 -1072.5 0.000001309563838332777
597.5 -522.5 0.0000013964411926588076
-327.5 67.5 0.0000036053232869390004
752.5 192.5 0.0000035990381208068717
592.5 217.5 0.000014390601790211484
-382.5 212.5 0.00001274588047338465
-747.5 192.5 0.000005672483362139771
382.5 212.5 0.000032380661248436566
-1302.5 -702.5 0.000001370501106750213
-937.5 -1192.5 0.000001304869300050553
-167.5 177.5 0.000005677936905933816
-1187.5 -862.5 0.0000013385072755497284
-377.5 212.5 0.000005665348587259922
-1277.5 -732.5 0.0000013640353653449354
-1357.5 -622.5 0.0000013863596905817726
-1267.5 -752.5 0.000001360041954052592
-927.5 -1202.5 0.0000013045649792886702
-32.5 147.5 0.0000014221095878923308
-847.5 -1272.5 0.000001302655898667618
622.5 -407.5 0.0000014121044185782753
377.5 212.5 0.000014391735112331685
617.5 -1322.5 0.0000035222169937771765
682.5 -1312.5 0.000003522489579839703
-162.5 107.5 0.0000036037636030905905
937.5 -1192.5 0.0000035256869660134563
1002.5 -1112.5 0.000003527813218090326
-992.5 142.5 0.0000014224885768089472
-787.5 -1292.5 0.0000013017907586173548
1312.5 -682.5 0.0000035747109310209943
-577.5 -567.5 0.0000035845903124101227
-522.5 -1472.5 0.0000035216304827024357
-1197.5 -847.5 0.0000013414866878749222
-1002.5 -1112.5 0.0000013076208860846725
-642.5 -92.5 0.000003610054817337091
-582.5 212.5 0.0000056644418907390765
-812.5 182.5 0.000005676478859232067
742.5 -1302.5 0.000003522888560644307
1067.5 -1027.5 0.0000035319042910439335
-487.5 217.5 0.000012741158992330873
1392.5 -572.5 0.000014354043044101368
942.5 152.5 0.0000036013148013594324
842.5 177.5 0.0000036000914792532677
392.5 52.5 0.0000014287073075261795
547.5 -1327.5 0.000001359719459781696
427.5 212.5 0.000014390729113845677
297.5 197.5 0.0000035986527734029086
1237.5 -787.5 0.0000035611537343772773
647.5 -202.5 0.0000014398394069589243
-917.5 -1217.5 0.000001304145713024718
1482.5 -422.5 0.000003603897292590527
-147.5 172.5 0.000005679668612222766
992.5 142.5 0.0000036018870931397078
637.5 -1317.5 0.000003522295378015655
-1387.5 -582.5 0.0000013941373618103844
917.5 -1217.5 0.0000035251258677494842
637.5 212.5 0.000014391808007859792
1057.5 -1047.5 0.000003530689005956748
-1147.5 -912.5 0.0000013298553710686588
-1437.5 -502.5 0.0000014100440719504147
872.5 167.5 0.0000036005069436773574
-42.5 132.5 0.0000036024693803865356
1072.5 -1022.5 0.0000035323119455038072
572.5 217.5 0.000003597652625601659
-267.5 197.5 0.000012759209141884408
-522.5 -1327.5 0.0000013001588184613756
547.5 -1172.5 0.0000013104276454587215
1252.5 -772.5 0.0000035632179700074634
1422.5 -527.5 0.0000035934314238796475
562.5 -1327.5 0.000003522076518208674
797.5 -1287.5 0.000003523366788068723
417.5 212.5 0.000014391151430393456
147.5 -1557.5 0.000003527979927342036
1112.5 -962.5 0.0000035386431552007856
622.5 -417.5 0.0000014111226807581464
607.5 212.5 0.000014391688640787714
-1382.5 -587.5 0.0000013932664653688914
437.5 -1327.5 0.000003522076518208674
-1062.5 127.5 0.000001423695638182681
-1082.5 -1007.5 0.0000013150484960041236
-667.5 -1317.5 0.0000013006600169414065
107.5 167.5 0.000003600688233654489
632.5 -37.5 0.0000014327540562035726
-282.5 197.5 0.0000014174576302645587
1022.5 -1082.5 0.0000035289053206789698
-1482.5 -422.5 0.0000014231514135244286
-787.5 182.5 0.0000014188259400772947
-1337.5 -652.5 0.0000013804147362297668
1412.5 -537.5 0.0000035923991444328143
-232.5 192.5 0.0000014182807097847236
-1032.5 137.5 0.0000014232316160296454
-767.5 -1297.5 0.0000013015509973147394
-547.5 -1327.5 0.0000013597033777519456
-102.5 -1602.5 0.0000035310923926816962
-492.5 217.5 0.000012741040888184993
-1007.5 -1102.5 0.0000013080708886536065
312.5 202.5 0.000032386157979681296
-647.5 212.5 0.0000014164192442963947
257.5 197.5 0.0000035989114406450367
547.5 212.5 0.0000035976811667516896
-817.5 177.5 0.0000014193227582223329
-692.5 202.5 0.0000014170284149593107
-1287.5 -722.5 0.000005464179082238628
-997.5 -1122.5 0.0000013074290015523509
1487.5 -407.5 0.0000036054017974422527
-672.5 207.5 0.000001416849237637676
642.5 -267.5 0.0000014316676993850136
787.5 182.5 0.000003599534775921272
787.5 187.5 0.00001439766288899212
332.5 207.5 0.000032383530583973606
-1112.5 117.5 0.0000014246241348388792
-697.5 197.5 0.0000014173679884553493
-597.5 -1322.5 0.0000013003205539521855
-722.5 197.5 0.000012758838987636411
-962.5 147.5 0.0000014219948028399576
7.5 142.5 0.0000013617996372853515
-652.5 207.5 0.000012748943859090968
-1007.5 142.5 0.0000014227694288992161
-1422.5 -522.5 0.0000014055871902892449
452.5 -1542.5 0.0000013080816606458186
-1347.5 67.5 0.0000014281299653557169
47.5 132.5 0.0000014235661814015447
-467.5 -1527.5 0.0000035259049845548966
1192.5 102.5 0.000003604039833515436
627.5 -1322.5 0.0000035222417269620463
-777.5 -1292.5 0.000001301628037374887
1042.5 -1062.5 0.0000035299732082659924
887.5 -1242.5 0.0000035246071335570796
-882.5 -1247.5 0.0000013033578917330392
-22.5 137.5 0.000003602261502579178
-422.5 -1572.5 0.000003528811233228557
407.5 -1322.5 0.0000035221359564447818
1217.5 -817.5 0.000003556940109197523
1187.5 -857.5 0.0000035517219940586894
-442.5 -1327.5 0.000001300206403847879
-747.5 -1297.5 0.0000013013314206824585
-642.5 -122.5 0.0000036108531565493707
1302.5 -697.5 0.0000035731423496013823
627.5 2.5 0.0000014311893632250283
112.5 117.5 0.0000014246241348388792
-532.5 217.5 0.000022652867509129313
-642.5 -87.5 0.0000036098550830265043
-1172.5 -872.5 0.0000013364018165964224
647.5 -177.5 0.0000014390149201213042
597.5 -507.5 0.00000139839012921713
-132.5 172.5 0.0000014201813736968136
-142.5 112.5 0.000003603491342051042
-292.5 77.5 0.0000036049776118215555
-307.5 72.5 0.0000036051500435602216
737.5 -1302.5 0.000003522838278477256
-1122.5 -952.5 0.0000013235783549127584
1212.5 -822.5 0.0000035564308633165872
1162.5 107.5 0.0000036037636030905905
897.5 162.5 0.0000036007956923755777
567.5 217.5 0.00003237853321101714
1127.5 -942.5 0.0000035412615225062426
-407.5 217.5 0.000005663588152547714
-647.5 -237.5 0.00000361069475013959
637.5 -77.5 0.0000014346338706725103
292.5 77.5 0.0000014273113026424002
1377.5 -597.5 0.0000035856461094433873
-592.5 212.5 0.000005663904653477996
617.5 -437.5 0.0000014081782209427668
-182.5 177.5 0.0000014193227582223329
417.5 -1322.5 0.0000035221190806669117
827.5 177.5 0.0000035999246098400803
472.5 217.5 0.000032378059692471974
542.5 -1327.5 0.00000352204608532508
-1177.5 -877.5 0.0000013355727888512661
-547.5 212.5 0.000001415944754459667
87.5 162.5 0.000014403716349029299
-32.5 137.5 0.0000036023637576639893
-1372.5 -602.5 0.0000013906634721268577
-522.5 -1427.5 0.0000035208953300321235
1237.5 -797.5 0.000003560075216353634
962.5 152.5 0.000003601447216432706
-667.5 207.5 0.00001275033829329886
347.5 207.5 0.00003238263311738284
1327.5 -662.5 0.0000035778111766316737
1457.5 37.5 0.000003606432283144796
192.5 -1597.5 0.000001312813045960106
742.5 197.5 0.0000035989114406450367
507.5 -1327.5 0.000003522022397365112
-557.5 217.5 0.000012741127554133235
-192.5 102.5 0.000003604039833515436
-637.5 -332.5 0.000003603831916879886
-107.5 167.5 0.0000014206210336846578
132.5 172.5 0.000003600405825523456
-632.5 -352.5 0.0000036022028985941573
257.5 -1517.5 0.000003524307471511078
-602.5 -492.5 0.0000035909768651879586
-1292.5 -707.5 0.000001368870624293078
927.5 157.5 0.000014404560378473113
532.5 -1327.5 0.0000035220386422293046
-517.5 217.5 0.000012741331543689401
-647.5 -242.5 0.00000361017852332318
1102.5 -982.5 0.000003536519407802231
-257.5 -1517.5 0.0000013032484765171866
-497.5 -1502.5 0.0000035236868194148123
422.5 -1572.5 0.0000013104683335886517
-647.5 -222.5 0.0000036117229492948105
902.5 162.5 0.0000036008324713645643
-767.5 192.5 0.0000014182807097847236
-72.5 157.5 0.000005685298858667732
327.5 202.5 0.00003238522720573688
1467.5 -447.5 0.0000036017371335103777
-1447.5 -482.5 0.00000141295454737149
-752.5 192.5 0.0000014180535270871045
452.5 217.5 0.0000035974231718439975
-512.5 -1327.5 0.000001300154491854586
72.5 127.5 0.000001423878222373573
647.5 -187.5 0.0000014393272508239302
-962.5 152.5 0.0000014218031391900773
637.5 -57.5 0.0000014336938188727664
-1077.5 122.5 0.0000014240657262845097
-172.5 177.5 0.0000014194324385183243
-242.5 192.5 0.000005672875170008124
212.5 182.5 0.000003599534775921272
192.5 182.5 0.000003599707487358282
872.5 -1257.5 0.000003524325770233757
647.5 -232.5 0.000001436510517106006
952.5 152.5 0.000003601379095979837
937.5 157.5 0.0000036012543729901313
637.5 207.5 0.00001439211165941387
1017.5 137.5 0.00000360216266230278
-1022.5 137.5 0.0000014230721933083704
-622.5 -417.5 0.0000035972243276838346
1347.5 67.5 0.0000036055014596966714
-372.5 62.5 0.000003605684102990617
592.5 -532.5 0.0000013944963284822527
587.5 217.5 0.00003237830348799595
617.5 -432.5 0.0000014091595213472636
-1372.5 -607.5 0.0000013897991629148129
-137.5 172.5 0.0000056803281361349595
-842.5 177.5 0.0000014196921103956376
47.5 152.5 0.000003601379095979837
-767.5 187.5 0.000005673812420967466
-642.5 -112.5 0.0000036106536770766095
-612.5 -467.5 0.0000035932670940820333
-652.5 -1317.5 0.0000013005770587164415
1022.5 -1092.5 0.0000035287349558225766
212.5 187.5 0.00001439766288899212
-602.5 212.5 0.000012745868015260745
-347.5 -1432.5 0.000001300627284189964
222.5 187.5 0.00003239414903666235
867.5 172.5 0.000003600405825523456
672.5 207.5 0.0000035982633686743365
-692.5 -1312.5 0.0000013008483509658507
1307.5 -692.5 0.0000035736648483332314
42.5 132.5 0.0000014233963030959661
37.5 147.5 0.000003601570231065147
582.5 -562.5 0.0000013906208569099738
-637.5 -322.5 0.000003604371311542851
792.5 187.5 0.000003599492736382926
-237.5 192.5 0.0000014181665754624944
202.5 182.5 0.000014398462441764417
-637.5 -347.5 0.000003602747686056543
877.5 -1252.5 0.0000035244167770531105
-467.5 -1327.5 0.0000013001726628618857
-637.5 -307.5 0.000003605444542135317
267.5 82.5 0.0000014270564340628236
-302.5 -1602.5 0.000003530394995560682
762.5 -1297.5 0.000003523055020267493
1207.5 -832.5 0.00001422034204857497
157.5 172.5 0.000003600185815872543
72.5 157.5 0.000014404560378473111
1277.5 -737.5 0.0000035679350638202087
647.5 212.5 0.00000359798662523664
-632.5 -42.5 0.0000036086560336265722
512.5 217.5 0.00003237762139098977
1152.5 -907.5 0.0000035453599163640656
647.5 -157.5 0.0000014380777597493924
-302.5 197.5 0.0000014173679884553493
612.5 -457.5 0.0000014052361702366498
232.5 187.5 0.000014397180282167238
-712.5 197.5 0.00001275783245002695
102.5 -1602.5 0.000001313012606726369
-1122.5 -957.5 0.0000013227943156582957
-87.5 162.5 0.000005683984328655465
-212.5 182.5 0.0000014188259400772947
-7.5 142.5 0.00000136196890394293
487.5 -1327.5 0.000003522024428376848
1347.5 -637.5 0.000003580945726735959
-842.5 172.5 0.000001419838928243495
1157.5 -897.5 0.0000035464540517158497
-642.5 -252.5 0.000003609660401886232
-1042.5 132.5 0.0000014233963030959661
-407.5 -1322.5 0.0000013002972113931484
-127.5 167.5 0.0000014203387864963806
412.5 217.5 0.00003237830348799595
-707.5 -1307.5 0.0000013009573072988342
-1482.5 32.5 0.000001429864448718223
492.5 -1327.5 0.000003522022397365112
672.5 -1312.5 0.000003522453769816196
-1317.5 -682.5 0.0000013746220993577248
522.5 -1427.5 0.0000012994529576436855
892.5 167.5 0.000003600688233654489
-627.5 207.5 0.000005665986110958902
-1147.5 -922.5 0.0000013283842784319038
-897.5 -1232.5 0.0000013037317522582429
-642.5 -137.5 0.0000036112518591053218
627.5 -7.5 0.0000014315020841492198
592.5 212.5 0.000014390805563721109
-637.5 -72.5 0.0000036094554903572243
-37.5 147.5 0.0000014219948028399576
-467.5 217.5 0.000022652867509129313
302.5 -1602.5 0.0000013124697384843157
667.5 -1317.5 0.0000035224193320525188
-497.5 -1327.5 0.0000013001510304897977
-802.5 182.5 0.0000014189632201056043
-822.5 -1282.5 0.000001302243890990189
1367.5 -612.5 0.000003584080433418282
1177.5 102.5 0.000003603899113924551
567.5 -1327.5 0.0000035220893598593113
-827.5 -1277.5 0.000001302343742657229
-687.5 -1312.5 0.0000013007978952435112
647.5 -1317.5 0.0000035223242899173456
-647.5 -162.5 0.0000036120480481610346
497.5 32.5 0.000001429926513780939
-1297.5 -707.5 0.0000013696845485266314
647.5 -162.5 0.0000014383902628448039
577.5 212.5 0.00003237960447576636
317.5 202.5 0.000014393336029218076
62.5 157.5 0.0000036012543729901313
957.5 -1172.5 0.0000035261879779457963
-1347.5 -637.5 0.0000013837997800292777
747.5 -1297.5 0.000003522942503724195
-1312.5 -687.5 0.00000137296621195792
-1362.5 -612.5 0.0000013880757995736794
602.5 -492.5 0.0000014003426305038997
-1137.5 -927.5 0.0000013270806924604855
-1372.5 62.5 0.0000014284154799053654
-337.5 202.5 0.0000014168850327752203
-457.5 -1327.5 0.0000013001821802314363
22.5 137.5 0.0000014230721933083704
1402.5 -562.5 0.0000035898096262347902
1437.5 -502.5 0.0000035965139083248776
-1327.5 67.5 0.0000014278514801549637
477.5 217.5 0.000032377878620034745
907.5 -1227.5 0.0000035249144724602005
-247.5 -1602.5 0.000003530660185981187
-642.5 -127.5 0.0000036110525530306132
-147.5 -1557.5 0.000001308255153304595
-317.5 207.5 0.0000014168415623174818
1157.5 -902.5 0.0000035458484065147466
1267.5 82.5 0.0000036048144802889164
-1467.5 -447.5 0.0000014192715843716875
917.5 -1212.5 0.0000035252276795680418
-507.5 -1327.5 0.0000013001518958376073
-672.5 -1312.5 0.0000013007041856256066
587.5 -547.5 0.0000013925560462358947
-57.5 152.5 0.0000014215968523106363
-217.5 92.5 0.0000036043452728370907
-952.5 -1172.5 0.0000013053316877452068
1382.5 -587.5 0.000003586688814730316
-837.5 177.5 0.0000014196988369384718
247.5 -1602.5 0.000001312731779901938
1112.5 117.5 0.0000036032565694515683
-612.5 -452.5 0.000003594404629484211
1337.5 -647.5 0.0000035793780777899908
562.5 17.5 0.000001430558465686286
-742.5 -1302.5 0.0000013012622463357285
-642.5 -302.5 0.0000036059783332703347
967.5 -1162.5 0.000003526457206185053
-887.5 -1242.5 0.0000013034760116920575
642.5 -257.5 0.000001432638150079448
-887.5 167.5 0.0000056819647009675575
847.5 -1272.5 0.0000035239711272924792
-1212.5 -822.5 0.000001346079214194186
632.5 -372.5 0.0000014170122947461482
602.5 212.5 0.000032380653218358376
-1127.5 -942.5 0.0000013249997963854806
237.5 92.5 0.0000014265514991152991
392.5 212.5 0.000014391688640787714
-1057.5 -1047.5 0.0000013113712829691339
1007.5 142.5 0.0000036020672834170636
-1262.5 -757.5 0.0000013592544028890827
-62.5 127.5 0.000003602661337321939
67.5 -1577.5 0.000003529874339566306
-387.5 212.5 0.000012744543207976576
397.5 212.5 0.000032380653218358376
707.5 -1307.5 0.0000035226511683460304
-1257.5 -762.5 0.000005432317328725484
612.5 -1322.5 0.0000035221946217859053
757.5 192.5 0.000014396577604517088
662.5 202.5 0.000003598286402386477
-547.5 -1382.5 0.000003520966237543224
407.5 -1582.5 0.0000013113309969550545
952.5 -1172.5 0.0000035260456292643243
-1417.5 47.5 0.0000014290049459111007
-112.5 117.5 0.0000036032565694515683
942.5 -1187.5 0.0000035258188155144886
767.5 187.5 0.00001439718028216724
127.5 167.5 0.0000036005069436773574
-687.5 202.5 0.000012754421277468068
-1407.5 -552.5 0.0000014002751125248744
-897.5 162.5 0.0000014207883558879533
-872.5 -1257.5 0.0000013031135203932045
447.5 217.5 0.00005755933070274972
-867.5 -1262.5 0.0000013029949645434593
457.5 212.5 0.000032378914620800124
282.5 -1517.5 0.0000035232838188023974
457.5 -1327.5 0.00000352204608532508
292.5 202.5 0.000014394239984188464
-407.5 -1582.5 0.00000352947767717812
817.5 -1282.5 0.000003523576639814886
-547.5 -1172.5 0.0000035302704545169638
1237.5 92.5 0.0000036044912271549405
-157.5 177.5 0.0000014196921103956373
277.5 197.5 0.000032389000084669194
1147.5 -922.5 0.0000035437825078071293
52.5 -1587.5 0.00000131259775099447
452.5 -1327.5 0.000003522054879712006
982.5 -1142.5 0.0000035270331569527895
-872.5 167.5 0.0000014203387864963806
-737.5 -1302.5 0.0000013011975461339366
1462.5 -457.5 0.0000036007245058777383
-467.5 37.5 0.000003606450975265276
-597.5 -512.5 0.000003589246971149629
-702.5 -1307.5 0.000001300901897425869
-267.5 82.5 0.0000036048144802889164
-472.5 -1327.5 0.0000013001648755256272
-1497.5 1997.5 NaN
612.5 212.5 0.00003237980036335109
-637.5 -57.5 0.0000036090557857056364
-307.5 202.5 0.0000014170284149593107
-442.5 217.5 0.000012741127554133235
642.5 -87.5 0.0000014349472264417694
-47.5 132.5 0.000003602578322998892
422.5 -1322.5 0.000003522103547883046
892.5 -1237.5 0.0000035247091559347273
-577.5 -1322.5 0.0000013002557054642135
1177.5 -877.5 0.0000035490294283804756
1187.5 -862.5 0.0000035511257659569824
-1457.5 37.5 0.0000014295855037449804
1417.5 -532.5 0.0000035929155582171973
-612.5 212.5 0.000012744543207976576
1457.5 -467.5 0.0000035997083678311362
1437.5 42.5 0.0000036062474826105566
327.5 67.5 0.0000014278514801549637
1097.5 -992.5 0.0000035354679820632636
-1472.5 -442.5 0.0000014201764623318753
-207.5 187.5 0.0000014187605450511913
1052.5 -1052.5 0.0000035304284062710756
-1447.5 -487.5 0.0000014120549559552102
-1277.5 -737.5 0.0000013632367755787505
242.5 192.5 0.000014396577604517088
92.5 122.5 0.0000014242205133635468
-1127.5 117.5 0.000001424802665736744
-632.5 -12.5 0.0000036078566475387144
-732.5 197.5 0.000012759209141884408
1117.5 -957.5 0.0000035391097588607512
-907.5 -1227.5 0.0000013038728083382325
542.5 212.5 0.000032378914620800124
402.5 212.5 0.000032379908051019186
-627.5 -387.5 0.000003599453261470237
-1107.5 -972.5 0.0000013201757145744953
747.5 192.5 0.000014396325637308875
507.5 217.5 0.00003237754534139681
-472.5 217.5 0.00001274183968533198
1437.5 -497.5 0.0000035970253420552815
912.5 162.5 0.0000144037163490293
-1452.5 -472.5 0.000001414756030976997
1137.5 -932.5 0.0000035422138082338076
-1412.5 -542.5 0.0000014020409926510877
-392.5 52.5 0.0000036058707567406967
-742.5 192.5 0.0000014179617884594649
-262.5 192.5 0.000005671768610540959
217.5 -1542.5 0.0000035256546176829034
642.5 -297.5 0.0000014277759845791374
-1497.5 -382.5 0.0000014298013134993323
-1022.5 -1082.5 0.000001309040868524413
597.5 -512.5 0.000001397415183668254
-437.5 217.5 0.000012741824120605631
842.5 -1272.5 0.000003523888855893789
1082.5 -1012.5 0.000003533069076709877
1162.5 -897.5 0.000003546944270266478
1167.5 -887.5 0.0000035480401751949483
-797.5 182.5 0.000005675806743129197
-622.5 212.5 0.000005665348587259922
1472.5 -442.5 0.000003602242086271896
1357.5 -622.5 0.0000035825134113068475
1147.5 -917.5 0.000003544389386407065
637.5 -337.5 0.0000014219134422350533
-927.5 -1207.5 0.0000013044318298530519
-647.5 -147.5 0.0000036116501720919473
-507.5 217.5 0.000012741040888184994
632.5 -1317.5 0.0000035222678560100827
797.5 182.5 0.000014398462441764417
-1252.5 -772.5 0.000001356085613985047
-252.5 87.5 0.0000036046507581217524
-682.5 -1312.5 0.0000013007501455412759
-1147.5 107.5 0.0000014252123386797749
522.5 -1472.5 0.0000013005950471380905
-782.5 -1292.5 0.0000013017069973827221
927.5 -1202.5 0.000003525451159539994
-637.5 -1317.5 0.0000013005012811187464
737.5 192.5 0.000014395865958383122
-397.5 212.5 0.000012745868015260747
727.5 -1302.5 0.000003522789392896006
1302.5 -702.5 0.000003572620251000249
-967.5 147.5 0.0000014221095878923308
-1492.5 -402.5 0.0000014267934032013676
-1347.5 -642.5 0.0000013829504262882289
-197.5 182.5 0.0000014189632201056043
-422.5 -1322.5 0.0000013002557054642135
-632.5 -357.5 0.000003601656363129175
-367.5 212.5 0.000005665000522432887
1332.5 -657.5 0.0000035783333494026573
-942.5 -1187.5 0.00000130504060749549
-642.5 -282.5 0.0000036075681612993974
-1472.5 -437.5 0.0000014210818555836887
-112.5 167.5 0.0000056819647009675575
1022.5 137.5 0.000003602261502579178
867.5 -1262.5 0.0000035242341188604694
-642.5 207.5 0.000012749711325361143
512.5 -1327.5 0.000003522024428376848
932.5 -1197.5 0.0000035255789969541473
-622.5 207.5 0.0000014164160275900759
1222.5 -807.5 0.0000035585367538544637
1492.5 -397.5 0.0000036063996635577657
-1197.5 -842.5 0.000001342322199833109
632.5 -357.5 0.00000141897396566973
-277.5 197.5 0.000012758838987636411
-627.5 -1322.5 0.0000013004326933910416
647.5 -222.5 0.0000014374785417892212
-102.5 162.5 0.0000014207883558879533
782.5 -1292.5 0.0000035232345757227844
532.5 217.5 0.00005756145092309662
-412.5 217.5 0.000012742218284436509
-992.5 -1122.5 0.0000013071922445790482
1112.5 -967.5 0.0000035380413793463765
-452.5 212.5 0.000001415944754459667
-672.5 202.5 0.000012752974749293592
1477.5 -427.5 0.0000036033937662972685
1147.5 -912.5 0.0000035448735645077505
-607.5 -472.5 0.0000035926963828941108
1127.5 -947.5 0.0000035406556160295523
252.5 87.5 0.0000014268006765785501
-607.5 -487.5 0.000003591551235490286
642.5 -252.5 0.000001433607568697358
347.5 67.5 0.0000014281299653557169
897.5 -1232.5 0.0000035248054562773592
1482.5 -417.5 0.0000036043998143593378
-1422.5 -527.5 0.0000014046989256714
-317.5 202.5 0.000005667836030750173
1197.5 -847.5 0.0000035532301102945615
-707.5 202.5 0.000005669240922403139
-1192.5 -852.5 0.000005361637901063721
602.5 -502.5 0.0000013993659659115324
-1202.5 -837.5 0.0000013430464663303332
-1037.5 -1072.5 0.0000013098692002224573
-192.5 -1597.5 0.0000035307959590308163
442.5 217.5 0.00003237760115809261
-432.5 -1327.5 0.000001300237543390698
12.5 147.5 0.000003601802371873416
-647.5 -187.5 0.000003612644168810672
1127.5 117.5 0.000003603370987558765
-1457.5 -462.5 0.0000014165603552924692
-1227.5 -802.5 0.0000013498972928424832
-527.5 217.5 0.000012741839685331983
-507.5 -1487.5 0.000003522625633799551
-1192.5 102.5 0.0000014258466255733856
-347.5 67.5 0.0000036055014596966714
-592.5 7.5 0.0000036072559696505116
1247.5 -777.5 0.000014249768408382798
1407.5 -547.5 0.000003591364760188047
-417.5 47.5 0.000003606060959841286
887.5 167.5 0.000014402419309696286
657.5 207.5 0.00003238378947047651
1402.5 -557.5 0.0000035903284485341377
-187.5 182.5 0.000005676478859232067
-552.5 217.5 0.00002264957476113206
-1147.5 -917.5 0.0000013291942409858995
422.5 212.5 0.00003237960447576636
-1312.5 -682.5 0.000001373792932317854
442.5 -1327.5 0.0000035220650243908044
-907.5 -1222.5 0.0000013039973370620146
607.5 -487.5 0.000001401320059906751
32.5 137.5 0.0000014232316160296454
-627.5 -397.5 0.0000035988983802282174
-1352.5 -632.5 0.0000013846511335020586
852.5 172.5 0.000014400944303729769
927.5 -1207.5 0.0000035253475629644464
967.5 -1152.5 0.000003526580072405058
587.5 -542.5 0.0000013935255827093375
252.5 192.5 0.000014396325637308877
467.5 37.5 0.0000014296147445476948
-237.5 92.5 0.0000036044912271549405
1122.5 -957.5 0.0000035395789639585148
-2.5 142.5 0.000003601975411905049
842.5 172.5 0.000003600185815872543
-1257.5 -767.5 0.000001356864308411887
667.5 207.5 0.00003238353058397361
-647.5 -172.5 0.0000036122468177510694
-562.5 -1327.5 0.0000013002211093488741
-642.5 -267.5 0.00000360861824952182
-417.5 -1322.5 0.000001300275595005054
-1082.5 -1012.5 0.0000013144203524218374
-1187.5 -857.5 0.000001339340477855666
-777.5 187.5 0.0000127668453214699
-127.5 117.5 0.000003603370987558765
-437.5 -1557.5 0.0000035279828505311474
77.5 122.5 0.0000014240657262845097
832.5 177.5 0.000014399831566074303
-497.5 217.5 0.00002265061999128823
1362.5 -612.5 0.0000035835582088216443
-1232.5 -797.5 0.0000013506523259835022
577.5 -1322.5 0.000003522103547883046
877.5 167.5 0.000003600527472418501
682.5 207.5 0.0000035982584305285398
-1417.5 -532.5 0.0000014038117807530544
-182.5 -1552.5 0.000001306600126202671
362.5 207.5 0.000014392111659413871
77.5 157.5 0.000003601031593649551
-642.5 -257.5 0.000003609140317858701
-452.5 -1542.5 0.0000035270102357345735
-527.5 -1327.5 0.0000013001648755256272
-617.5 -442.5 0.000003594971390072695
-757.5 -1297.5 0.0000013014026866679777
657.5 -1317.5 0.0000035223862703857124
187.5 182.5 0.000014398894476279942
137.5 172.5 0.000014401368026504635
837.5 -1277.5 0.0000035238082982723315
987.5 147.5 0.000003601802371873416
407.5 217.5 0.000014390601790211484
162.5 177.5 0.000003600095800707564
527.5 -1327.5 0.000003522032551270315
-1207.5 -827.5 0.0000013453427835998803
627.5 -402.5 0.000001413086181545942
-482.5 -1512.5 0.0000035249185353675555
-1457.5 -467.5 0.0000014156578549157109
1272.5 -742.5 0.000014268594743636118
642.5 -142.5 0.000001437452376068743
-257.5 192.5 0.0000014179617884594649
1452.5 -472.5 0.0000035991990285084235
-427.5 212.5 0.000005663785917412003
-662.5 202.5 0.0000014168850327752203
-1007.5 -1112.5 0.0000013078705593478686
-1397.5 -567.5 0.0000013976361262281326
642.5 -97.5 0.0000014355738703763343
102.5 122.5 0.0000014244200047024235
602.5 -1322.5 0.000003522173729152789
522.5 -1327.5 0.0000035220278131400826
-1247.5 -777.5 0.000005419696596527694
-612.5 -1322.5 0.0000013003724145931551
1107.5 -972.5 0.0000035375780879127907
687.5 -1312.5 0.000003522526758131665
-487.5 -1327.5 0.000001300154491854586
282.5 197.5 0.0000035986548259272494
1172.5 -872.5 0.0000035496302470323723
-372.5 207.5 0.000005665986110958902
672.5 202.5 0.00003238522720573687
147.5 107.5 0.0000014252123386797749
367.5 212.5 0.000014391511063566668
-547.5 -1262.5 0.0000035244378593358036
1102.5 122.5 0.000003603125732406931
717.5 197.5 0.0000035986548259272494
-1182.5 -867.5 0.0000013378012260595927
462.5 217.5 0.00003237861766789536
-932.5 -1197.5 0.0000013047306113990742
-722.5 -1307.5 0.0000013010737104723279
1322.5 -672.5 0.000003576282340165599
1137.5 -927.5 0.00000354282067082201
-817.5 -1282.5 0.0000013021472886748362
302.5 197.5 0.000003598597154185805
1047.5 -1057.5 0.0000035302212493249684
237.5 192.5 0.000003599110823076792
-567.5 -1327.5 0.000001300237543390698
-1352.5 -627.5 0.0000013855044494379218
-1217.5 92.5 0.0000014263235561085417
-1487.5 -407.5 0.0000014258823742307964
-1462.5 -457.5 0.0000014174634988165956
-1057.5 -1042.5 0.0000013116931049850716
-432.5 217.5 0.000012742575085218378
-1177.5 -872.5 0.000001337099396159181
-557.5 -1327.5 0.000001300206403847879
-217.5 -1542.5 0.0000013050837284676266
-632.5 -1317.5 0.0000013004660879820326
427.5 217.5 0.000003597652625601659
827.5 -1277.5 0.000003523729232795013
1032.5 -1072.5 0.000003529306778397887
-852.5 172.5 0.000005679668612222766
-1052.5 -1052.5 0.0000013110290390573552
1207.5 -827.5 0.0000035559229971359255
-682.5 202.5 0.000005667836030750174
-1077.5 -1017.5 0.0000013139228095399298
822.5 -1282.5 0.000003523651667668871
1012.5 -1102.5 0.0000035283609124419573
1337.5 -652.5 0.000003578855658750148
1447.5 -482.5 0.0000035981779043108573
1422.5 -522.5 0.0000035939467197514887
-1237.5 -792.5 0.0000013521730405304904
-837.5 -1277.5 0.0000013024456523452365
627.5 -387.5 0.000001415049544165947
-1102.5 -982.5 0.00000131881339868148
-377.5 207.5 0.0000014164160275900759
112.5 167.5 0.000014402419309696287
707.5 202.5 0.000014394239984188464
632.5 -12.5 0.000001431814926772085
-657.5 207.5 0.000012750740577634616
592.5 -527.5 0.000001395468219715175
-492.5 -1327.5 0.0000013001518958376073
1362.5 -617.5 0.000003583035859677529
762.5 192.5 0.000003599110823076792
-972.5 -1152.5 0.0000013062294272750015
-892.5 -1237.5 0.0000013036081323538537
1102.5 -977.5 0.000003537117514096038
-1487.5 -412.5 0.0000014249716916637785
1122.5 -952.5 0.000003540183422799398
807.5 -1282.5 0.0000035235052289255022
1077.5 122.5 0.0000036028986244706995
712.5 -1307.5 0.0000035226958327183905
407.5 212.5 0.000014390805563721107
37.5 152.5 0.000003601447216432706
-737.5 192.5 0.000005671768610540959
702.5 -1307.5 0.0000035226079210067875
-47.5 152.5 0.0000014216970128416611
1017.5 -1092.5 0.0000035285233191024806
1347.5 -642.5 0.0000035804231382462667
597.5 212.5 0.000032379908051019186
-22.5 147.5 0.0000014222301891662989
-607.5 212.5 0.0000056652764000108096
-922.5 157.5 0.0000014211557221995406
987.5 -1132.5 0.000003527167608410133
502.5 -1327.5 0.0000035220217203355635
637.5 -332.5 0.000001422892234064212
1177.5 -872.5 0.0000035501269637204686
-717.5 197.5 0.0000014174576302645587
-302.5 202.5 0.00001275477438447058
-437.5 42.5 0.000003606254250374624
-1092.5 122.5 0.0000014242205133635468
-1427.5 -517.5 0.0000014064765391172689
-1022.5 -1092.5 0.0000013088204245429344
-402.5 212.5 0.000012744710496304833
22.5 147.5 0.0000036017212922274664
857.5 -1272.5 0.0000035240582025122246
1432.5 -507.5 0.00001438298149012965
-1162.5 107.5 0.0000014254154059191858
-1237.5 -797.5 0.0000013514109203368609
-1142.5 -922.5 0.0000013277301223211555
-592.5 217.5 0.000005663588152547714
722.5 197.5 0.000032389000084669194
-1367.5 -612.5 0.0000013889365930283242
1392.5 52.5 0.0000036058720583774274
802.5 182.5 0.0000035996230260789406
-177.5 102.5 0.000003603899113924551
-642.5 -272.5 0.0000036080941947957914
-342.5 207.5 0.000012750740577634619
-1012.5 -1102.5 0.0000013083338761341627
992.5 -1122.5 0.0000035274829015602973
997.5 -1122.5 0.000003527664212520542
1132.5 -937.5 0.0000035417364632309416
-622.5 -422.5 0.000003596663269854688
692.5 202.5 0.000003598378670406724
182.5 -1552.5 0.000003526767001669388
-1222.5 -817.5 0.0000013475634089059816
467.5 -1527.5 0.0000013065941018691534
1457.5 -462.5 0.0000036002168665222973
-1402.5 -562.5 0.0000013985144288146476
642.5 -282.5 0.000001429723756439531
477.5 -1327.5 0.0000035220278131400826
-1322.5 -672.5 0.0000013762876227051315
1497.5 -392.5 0.0000036068970770230224
-877.5 167.5 0.0000014203707444998093
-637.5 207.5 0.000005665933578176382
967.5 147.5 0.0000036016438976818525
-1002.5 142.5 0.0000014226262289536945
642.5 -112.5 0.0000014362003413186809
-1222.5 -807.5 0.0000013491458560036834
1267.5 -747.5 0.0000035663609238610273
1172.5 -882.5 0.0000035485338457562906
1092.5 -997.5 0.000003535014929311488
1292.5 -717.5 0.0000035705415612702576
-542.5 212.5 0.00001274316748770057
-1157.5 -902.5 0.000001331191463819612
1332.5 -662.5 0.000003577331140424275
-1452.5 -477.5 0.0000014138549171351231
-947.5 -1182.5 0.0000013051865575273537
-192.5 182.5 0.0000014190946181154435
-1142.5 112.5 0.0000014249904774297085
-362.5 212.5 0.00000566546182602814
-1377.5 -592.5 0.0000013923971603357627
-1297.5 -712.5 0.0000013680710810424843
-427.5 217.5 0.000001415900422839961
637.5 -322.5 0.0000014238704167382473
-1237.5 -787.5 0.000001353004129080333
-147.5 107.5 0.000003603633500841928
-627.5 2.5 0.0000036074571446204188
-1102.5 -977.5 0.000001319572540177769
627.5 207.5 0.000014392145467363694
-222.5 187.5 0.0000127668453214699
197.5 182.5 0.0000035996230260789406
-17.5 137.5 0.00000360216266230278
-77.5 122.5 0.0000036028986244706995
1277.5 -732.5 0.000003568455113159304
-742.5 197.5 0.000001417856560707514
-1097.5 -992.5 0.00000131747019018633
-587.5 217.5 0.000012742218284436509
-967.5 -1152.5 0.0000013060227838424162
152.5 -1607.5 0.0000013131411402756761
-1427.5 -512.5 0.0000014073669368101783
527.5 22.5 0.0000014302410704129633
-762.5 -1297.5 0.000001301475879631487
-1307.5 72.5 0.0000014275807383013615
607.5 -472.5 0.0000014032769616760544
452.5 212.5 0.0000035976811667516896
352.5 212.5 0.00000359798662523664
2.5 142.5 0.0000014226262289536945
-582.5 -557.5 0.0000035857597805910882
472.5 -1327.5 0.000003522032551270315
-1387.5 -577.5 0.0000013950098128336634
-762.5 192.5 0.0000014181665754624944
-632.5 -22.5 0.0000036080564588588724
-617.5 -432.5 0.000003596100740890183
1227.5 -802.5 0.0000035590483729991095
807.5 182.5 0.000003599707487358282
1062.5 -1037.5 0.000003531237547811162
162.5 107.5 0.0000014254154059191858
-562.5 17.5 0.000003607054104360557
-52.5 -1587.5 0.0000035308610763404426
637.5 -317.5 0.0000014248479359578082
-1302.5 -697.5 0.0000013713202616674757
582.5 -557.5 0.0000013915877829772214
1297.5 -707.5 0.000003572098581503921
572.5 212.5 0.000014390729113845677
522.5 217.5 0.000032377878620034745
-857.5 -1272.5 0.00000130276807749469
1312.5 -687.5 0.0000035741877183668327
-1162.5 -897.5 0.0000013326874334193036
347.5 -1432.5 0.000003522380673486916
362.5 -1602.5 0.0000013122539893092716
-637.5 -317.5 0.0000036049088608895938
722.5 -1307.5 0.000003522741909246359
1222.5 -817.5 0.000003557450700841471
-1017.5 -1092.5 0.0000013085437204844468
1377.5 -592.5 0.0000035861675862891343
-7.5 -1577.5 0.0000035305756401923754
1097.5 -987.5 0.000003536062471874592
-637.5 212.5 0.00000566546182602814
1222.5 -812.5 0.0000035579626043412136
637.5 -307.5 0.000001425824738318735
1492.5 -402.5 0.0000036059012442830385
527.5 217.5 0.000032378059692471974
372.5 207.5 0.000014392145467363694
1257.5 -767.5 0.000003563736494852941
-637.5 -47.5 0.000003608855911541938
-332.5 207.5 0.00001275033829329886
-362.5 207.5 0.000005665933578176382
-417.5 212.5 0.000005664441890739076
317.5 207.5 0.0000035982584305285398
642.5 -127.5 0.000001436826541381731
-1167.5 -887.5 0.0000013341934825175934
-1087.5 -1002.5 0.0000013155908857036635
1092.5 122.5 0.0000036029978551313896
-597.5 -507.5 0.0000035898246989545404
-232.5 187.5 0.000005673812420967466
-347.5 207.5 0.000012748943859090968
432.5 -1327.5 0.0000035220893598593113
-697.5 202.5 0.00001275477438447058
-1437.5 42.5 0.0000014292964418756986
157.5 177.5 0.0000036000914792532677
597.5 -1322.5 0.0000035221541732974365
647.5 -147.5 0.0000014377651289305167
362.5 212.5 0.00001439180800785979
-927.5 157.5 0.0000056852988586677325
777.5 -1292.5 0.0000035231732948978175
802.5 -1287.5 0.000003523435275882479
1062.5 -1032.5 0.0000035315687609456
612.5 -467.5 0.0000014042563087901097
-1047.5 132.5 0.0000014235661814015447
-1402.5 -557.5 0.0000013993941030210342
-292.5 202.5 0.000005669240922403138
-452.5 217.5 0.0000014155440754574977
1472.5 -437.5 0.0000036027461088167848
-1267.5 82.5 0.0000014270564340628236
-1252.5 87.5 0.0000014268006765785504
697.5 197.5 0.000003598597154185805
-1272.5 -742.5 0.0000054481347409085045
622.5 207.5 0.0000035979845524194177
497.5 -1502.5 0.0000013035380517388994
-327.5 207.5 0.000001416849237637676
502.5 217.5 0.00005756000374471839
-992.5 -1132.5 0.0000013070096021118052
1307.5 72.5 0.0000036051500435602216
-37.5 152.5 0.0000014218031391900773
-202.5 182.5 0.000005675806743129196
207.5 187.5 0.000003599492736382926
-867.5 172.5 0.0000014201813736968136
882.5 -1247.5 0.000003524515366804141
-202.5 97.5 0.000003604196033791955
-957.5 -1162.5 0.0000013056698282207364
-1477.5 -427.5 0.0000014222418598083716
557.5 217.5 0.00003237760115809261
262.5 192.5 0.000014395865958383122
122.5 167.5 0.000003600527472418501
127.5 117.5 0.000001424802665736744
-482.5 217.5 0.000012741331543689403
1297.5 -712.5 0.0000035710645846990273
-582.5 -1322.5 0.000001300275595005054
697.5 202.5 0.00003238638518282593
372.5 62.5 0.0000014284154799053654
-1307.5 -692.5 0.0000013721419758928465
632.5 -352.5 0.0000014199542520164649
-477.5 217.5 0.00001274155847210608
437.5 217.5 0.00003237804968110775
-912.5 162.5 0.000005683984328655465
1047.5 132.5 0.000003602578322998892
1482.5 32.5 0.000003606610589696858
-627.5 -382.5 0.0000036000065276583575
957.5 -1162.5 0.000003526307272154473
-612.5 -457.5 0.0000035938365202809343
1327.5 -667.5 0.0000035768066395350456
1327.5 67.5 0.0000036053232869390004
-647.5 -1317.5 0.0000013005382717382334
-1172.5 -882.5 0.0000013348809520598753
-437.5 -1327.5 0.0000013002211093488741
337.5 202.5 0.000003598286402386477
-512.5 217.5 0.000012741158992330871
-827.5 177.5 0.0000014194324385183243
1417.5 47.5 0.0000036060610979245766
-577.5 212.5 0.00001274423897081655
-602.5 -1322.5 0.0000013003456219490393
-647.5 -157.5 0.0000036118491667812347
-572.5 212.5 0.000005663785917412002
1502.5 -382.5 0.000003607544901990741
-422.5 212.5 0.00001274423897081655
652.5 -1317.5 0.000003522354588498152
1087.5 -1002.5 0.0000035339932847620456
-787.5 187.5 0.000005674563020761068
642.5 -287.5 0.0000014287503284201144
-1067.5 -1027.5 0.000001312933048719547
862.5 -1267.5 0.0000035241468097893366
-67.5 -1577.5 0.0000013109338998892536
1242.5 -782.5 0.000003561668248720428
-1112.5 -967.5 0.0000013207839761495278
357.5 207.5 0.00003238312705717601
1182.5 -867.5 0.0000035506254817224064
537.5 217.5 0.00003237861766789536
-1127.5 -947.5 0.0000013242079115351812
607.5 -477.5 0.0000014022981912063116
432.5 217.5 0.00003237853321101714
-647.5 -232.5 0.000003611209286831614
1057.5 -1042.5 0.0000035309399128218687
1077.5 -1017.5 0.000003532683331827772
1397.5 -567.5 0.000003589290390045082
1487.5 -412.5 0.000003604901319179253
142.5 112.5 0.0000014249904774297085
-212.5 187.5 0.0000056745630207610675
-627.5 -7.5 0.000003607656873377633
-987.5 147.5 0.000001422356541014574
-862.5 -1267.5 0.000001302882382373502
-1497.5 -392.5 0.0000014286165581134299
-402.5 -1322.5 0.0000013003205539521855
617.5 -442.5 0.0000014071971880298656
-632.5 -37.5 0.0000036084561600966817
1007.5 -1112.5 0.000003528004366156497
642.5 -92.5 0.000001435260563839149
-597.5 212.5 0.000012744710496304831
-802.5 -1287.5 0.0000013019650451112895
962.5 147.5 0.000003601570231065147
-632.5 212.5 0.000005665000522432888
-92.5 122.5 0.0000036029978551313896
-637.5 -62.5 0.0000036092556480056933
1042.5 132.5 0.0000036024693803865356
-1407.5 -547.5 0.0000014011574211058512
822.5 182.5 0.0000035998351949741025
-1202.5 97.5 0.0000014260905110012203
-97.5 162.5 0.000001420845626177509
37.5 -1567.5 0.00000353013103481521
-1072.5 127.5 0.000001423878222373573
-447.5 217.5 0.000022649574761132063
-682.5 207.5 0.0000014168415623174818
-1322.5 -677.5 0.0000013754536753988587
1447.5 -487.5 0.0000035976661583079593
-987.5 -1132.5 0.0000013067835148021618
-1167.5 -892.5 0.0000013333687724269972
-617.5 212.5 0.00001274588047338465
377.5 207.5 0.0000035979845524194177
-602.5 -502.5 0.0000035904013417153977
992.5 -1132.5 0.0000035273409545585587
1037.5 -1062.5 0.0000035297288157425653
1147.5 107.5 0.000003603633500841928
837.5 177.5 0.000003600095800707564
-727.5 -1302.5 0.0000013011347001854801
192.5 102.5 0.0000014258466255733856
97.5 162.5 0.0000036008324713645643
-107.5 -1567.5 0.0000013097226220094447
1202.5 97.5 0.000003604196033791955
1037.5 -1072.5 0.0000035295399841511975
-1292.5 -717.5 0.0000013672583601437112
-157.5 172.5 0.000001419838928243495
1262.5 -757.5 0.0000035653217498592556
-1362.5 -617.5 0.0000013872168196975617
1002.5 142.5 0.000003601975411905049
-1267.5 -747.5 0.0000013608326013436006
-1017.5 137.5 0.0000014229181071559207
-657.5 -1317.5 0.000001300617640867239
-1237.5 92.5 0.0000014265514991152991
-247.5 192.5 0.0000014180535270871045
-792.5 187.5 0.0000014187605450511913
-102.5 122.5 0.000003603125732406931
217.5 92.5 0.0000014263235561085417
582.5 212.5 0.000014391151430393456
177.5 182.5 0.0000035998351949741025
-122.5 167.5 0.0000014203707444998093
757.5 -1297.5 0.000003522998039159183
1372.5 -602.5 0.0000035851244085938686
742.5 192.5 0.0000035989791196321974
712.5 197.5 0.00003238835259689866
-592.5 -527.5 0.000003588088399169628
-937.5 157.5 0.0000014215027196219652
-1437.5 -497.5 0.0000014109383148130699
-617.5 -1322.5 0.0000013004010983485393
1142.5 -922.5 0.0000035433004449854444
467.5 217.5 0.00005756145092309662
627.5 -397.5 0.000001414067909883172
732.5 197.5 0.00003238923819432565
-162.5 177.5 0.0000014196988369384718
267.5 197.5 0.00003238923819432565
-527.5 22.5 0.000003606851290998273
-637.5 -337.5 0.0000036032907003614895
-547.5 217.5 0.0000014155440754574977
-642.5 -287.5 0.0000036070401620199783
1237.5 -792.5 0.000003560590373981018
1387.5 -577.5 0.0000035877304297355754
767.5 192.5 0.000003599184218376092
167.5 177.5 0.000014399831566074303
-642.5 -297.5 0.000003606510213208883
1082.5 -1007.5 0.0000035335722313275727
-632.5 -372.5 0.0000036005581512924223
147.5 172.5 0.000014400944303729769
-62.5 157.5 0.0000014215027196219652
947.5 -1182.5 0.0000035259325928152303
907.5 -1222.5 0.0000035250112895089206
812.5 182.5 0.000014398894476279942
702.5 197.5 0.0000035986527734029086
492.5 217.5 0.00003237754534139681
-392.5 212.5 0.0000056652764000108096
-522.5 217.5 0.00001274155847210608
-282.5 -1517.5 0.0000013018553827985686
-177.5 182.5 0.000001419293309798137
-1132.5 -937.5 0.000001325637055044146
32.5 147.5 0.0000036016438976818525
642.5 -122.5 0.000001436513481229039
1292.5 77.5 0.0000036049776118215555
642.5 -272.5 0.000001430696225771459
1032.5 137.5 0.0000036023637576639893
1217.5 92.5 0.0000036043452728370907
-1047.5 -1057.5 0.0000013107600036894002
1282.5 -727.5 0.0000035689758179573644
1427.5 -517.5 0.0000035944614243691305
-572.5 217.5 0.000001415900422839961
-1337.5 -647.5 0.0000013812578671107864
637.5 -72.5 0.0000014343205090806595
482.5 217.5 0.00003237773249927875
-642.5 -107.5 0.0000036104541222155972
1427.5 -512.5 0.00000359497551647606
-1062.5 -1037.5 0.0000013120807219322762
182.5 177.5 0.0000035998541205158507
637.5 -347.5 0.0000014209340963109242
-1327.5 -667.5 0.000001377123903489247
-902.5 162.5 0.000001420845626177509
-1062.5 -1032.5 0.0000013124986101990425
-252.5 192.5 0.000005672483362139771
-952.5 152.5 0.0000014216970128416611
-597.5 -522.5 0.000003588668192902819
1252.5 87.5 0.0000036046507581217524
1292.5 -707.5 0.0000035715773702288565
-712.5 -1307.5 0.0000013010145788999586
-982.5 -1142.5 0.0000013066105267538354
-327.5 202.5 0.00001275297474929359
-807.5 -1282.5 0.0000013020551736666256
247.5 192.5 0.0000035990381208068717
-1392.5 -572.5 0.000005585285889508388
-877.5 -1252.5 0.0000013032305455625074
642.5 -302.5 0.0000014268007715055476
1197.5 -842.5 0.0000035538205772257937
-502.5 217.5 0.000012740977279274775
232.5 192.5 0.000003599184218376092
-977.5 -1142.5 0.000001306393266378561
-287.5 197.5 0.000012757832450026949
-1462.5 -452.5 0.0000014183672526262706
632.5 -42.5 0.0000014330672571098473
-1117.5 -957.5 0.0000013221727377178834
487.5 217.5 0.00003237762139098977
102.5 162.5 0.0000036007956923755777
1192.5 -852.5 0.000014209897629656478
-832.5 177.5 0.000005677936905933817
647.5 -237.5 0.0000014355435079592365
-622.5 -407.5 0.0000035977838847575393
-542.5 -1327.5 0.0000013001821802314363
1342.5 -642.5 0.0000035799005798049074
1087.5 -997.5 0.0000035345647907152558
-917.5 -1212.5 0.0000013042763802829459
-1222.5 -812.5 0.0000013483111045835133
497.5 217.5 0.000032377504382146155
-72.5 127.5 0.000003602778409455652
-647.5 -202.5 0.00000361296988594695
-362.5 -1602.5 0.0000035301930308567806
417.5 47.5 0.0000014290047299665416
-1037.5 -1062.5 0.0000013101141539220347
-1482.5 -417.5 0.000001424061365292785
-1217.5 -817.5 0.000001346819433982337
-357.5 207.5 0.000012749711325361141
-1492.5 -397.5 0.0000014277047847687376
-757.5 192.5 0.000005672875170008123
642.5 -107.5 0.0000014358871336408792
62.5 127.5 0.000001423695638182681
-77.5 157.5 0.0000014211557221995406
-1092.5 -997.5 0.0000013168845534133398
-642.5 -142.5 0.0000036114510676585483
557.5 -1327.5 0.0000035220650243908044
682.5 202.5 0.000014393336029218075
-967.5 -1162.5 0.0000013058649025762425
1352.5 -632.5 0.0000035814683190680514
787.5 -1292.5 0.000003523299772708197
-1292.5 77.5 0.0000014273113026424002
387.5 212.5 0.00003237980036335109
-1412.5 -537.5 0.0000014029257911606235
1072.5 127.5 0.000003602778409455652
-977.5 147.5 0.0000014222301891662989
177.5 102.5 0.0000014256269379494565
-892.5 167.5 0.0000014206210336846578
1062.5 127.5 0.000003602661337321939
647.5 -172.5 0.0000014387026405247635
437.5 42.5 0.0000014293070273115093
-1327.5 -662.5 0.000001378734958214352
617.5 212.5 0.000032380661248436566
202.5 97.5 0.0000014260905110012203
652.5 207.5 0.00003238263311738285
287.5 197.5 0.00003238835259689867
-797.5 -1287.5 0.0000013018769058474272
-807.5 182.5 0.0000014190946181154435
977.5 -1142.5 0.0000035268662493061545
-1392.5 52.5 0.000001428709342787357
-642.5 -97.5 0.0000036102544996958975
1232.5 -797.5 0.0000035595612049382775
-592.5 -1322.5 0.0000013002972113931484
767.5 -1297.5 0.0000035231134409370012
402.5 -1322.5 0.0000035221541732974365
-822.5 182.5 0.0000014192933097981372
7.5 -1577.5 0.000001312083874651089
307.5 202.5 0.000003598378670406724
692.5 -1312.5 0.000003522566095421286
-537.5 217.5 0.000012742706273934227
547.5 -1382.5 0.0000012993017772865574
327.5 207.5 0.0000035982633686743365
1167.5 -892.5 0.0000035474365132999233
-562.5 217.5 0.00001274182412060563
-407.5 212.5 0.000005663904653477995
1202.5 -837.5 0.000003554325346269733
437.5 -1557.5 0.0000013093780614768692
972.5 -1152.5 0.0000035267389329023347
-1087.5 -997.5 0.0000013163041483514765
-607.5 -477.5 0.0000035921244191071218
-587.5 -547.5 0.0000035863432798102703
977.5 147.5 0.0000036017212922274664
172.5 177.5 0.0000035999246098400803
-12.5 147.5 0.000001422356541014574
-462.5 217.5 0.000012742706273934223
-702.5 197.5 0.0000014174544430073196
-257.5 197.5 0.000001417856560707514
-312.5 202.5 0.000012754421277468068
-297.5 197.5 0.0000014174544430073196
-1102.5 122.5 0.0000014244200047024235
-632.5 -367.5 0.000003601108105316629
582.5 -1322.5 0.0000035221190806669117
-1027.5 -1082.5 0.0000013093316959293233
647.5 -242.5 0.0000014345759829706956
17.5 137.5 0.0000014229181071559207
57.5 152.5 0.0000036013148013594324
-637.5 -77.5 0.0000036096553047049483
-1377.5 -597.5 0.0000013915294836037912
592.5 7.5 0.000001430874429016489
307.5 72.5 0.0000014275807383013615
-632.5 -27.5 0.000003608256299113052
1257.5 -762.5 0.000014258178587971613
1322.5 -677.5 0.0000035757582702206243
622.5 212.5 0.000014391735112331685
642.5 -137.5 0.0000014371395100744529
-477.5 -1327.5 0.0000013001588184613756
1352.5 -627.5 0.000003581990889210529
