-500 811.4922016569701 0.9974006104152652
-507.5611272297067 811.4418156751578 0.9974006346470271
-515.1170778953455 811.2907200047414 0.9974007073108776
-522.6626789657208 811.0391013668761 0.9974008283125702
-530.1927644730416 810.6872706172073 0.9974009974952248
-537.7021790385628 810.2356622268288 0.9974012146396244
-545.1857813913335 809.684833556256 0.9974014794646279
-552.638447877158 809.0354639231383 0.9974017916277009
-560.0550759558805 808.2883534645388 0.997402150725563
-567.4305876843598 807.4444217950328 0.9974025562949483
-574.7599331828536 806.5047064617071 0.9974030078134812
-582.0380940825019 805.4703611978899 0.9974035047006631
-589.2600869516174 804.3426539772393 0.997404046318969
-601.1803401671881 813.8957315834696 0.9973994542152784
-608.6255016791379 812.451086175979 0.9974001492187066
-615.9963096743771 810.9080292301695 0.9974008913418217
-623.287717853411 809.2683565644359 0.9974016796769626
-630.4947340653918 807.5339718095377 0.9974025132630712
-637.6124237157504 805.7068832624661 0.9974033910874713
-644.6359131352535 803.7892005586353 0.9974043120877422
-651.5603929079642 801.7831311667384 0.997405275153682
-658.3811211560107 799.6909767113402 0.9974062791293601
-665.0934267791384 797.5151291285928 0.9974073228152498
-679.768469102864 804.2696781603902 0.9974040813637232
-686.5553771397758 801.7094243722685 0.9974053105310834
-693.214599442117 799.0648542744264 0.997406579507904
-699.7415747948943 796.3388325193347 0.9974078868559508
-706.131832147231 793.5342980451767 0.997409231102521
-712.3809936703427 790.6542592805328 0.997410610743067
-728.2994703650913 795.2446905257906 0.9974084113821906
-734.5216273217201 791.9511145196788 0.9974099896032987
-740.5832784630865 788.5841252367779 0.9974116019125224
-746.4802691781265 785.1471430039618 0.9974132466023983
-763.0506914999421 788.0566134969347 0.9974118544158364
-768.8457877615152 784.1903310619449 0.9974137042589277
-774.4568980532027 780.258050077245 0.9974155841909812
-791.4155274112806 781.7585665482111 0.997414867005991
-796.8636153865558 777.387028962163 0.9974169558120571
-814.0664333751677 777.8077913754869 0.9974167548441523
-819.3048945237616 772.9892276341884 0.9974190552982395
-836.6729149594775 772.3010506655319 0.9974193836606099
-841.6545925545469 767.0304379331442 0.9974218970035827
-859.1073446686627 765.208613304709 0.9974227651332942
-876.654237200869 762.6376116330251 0.9974239897123042
-894.2661068642577 759.3085530865594 0.9974255744079337
-911.9135416501284 755.2134749282491 0.997427522275517
-929.5669102952141 750.3453395616394 0.997429835750785
-947.1963919209653 744.6980419751662 0.9974325166436738
-978.3324061413994 739.6157439383641 0.9974349266936346
NaN NaN NaN
NaN NaN NaN
NaN NaN NaN
NaN NaN NaN
NaN NaN NaN
NaN NaN NaN
NaN NaN NaN
NaN NaN NaN
NaN NaN NaN
NaN NaN NaN
NaN NaN NaN
-1392.2495563506402 -1054.4902786066102 0.9967887427504338
-1379.8243426309043 -1059.9979313874483 0.9967920880593313
-1367.1351755208816 -1066.1337740161364 0.9967958105338851
-1355.1881543803001 -1072.33955304314 0.9967995707341609
-1343.69601981365 -1078.6475562395706 0.9968033880329155
-1332.476210673654 -1085.0711024791628 0.996807270243621
-1321.4051246220185 -1091.6136040429026 0.9968112191585308
-1310.3952711339593 -1098.2728234706026 0.9968152331514075
-1299.3776939380518 -1105.0457123298258 0.9968193101111559
-1300.554753711816 -1110.3644504627455 0.9968225078223382
-1289.1009446612752 -1117.6349847112795 0.9968268734154133
-1277.5110470922841 -1124.999207241883 0.9968312887147477
-1265.7756345587952 -1132.4374127742196 0.9968357416909609
-1265.5384680318325 -1139.3348204218528 0.9968398649211219
-1253.3080591554353 -1147.1261720603295 0.9968445156225795
-1240.8986006177138 -1154.9495627753527 0.9968491780697096
-1239.4766798747492 -1162.9756723475002 0.9968539536583644
-1226.5100997986715 -1171.08010474567 0.9968587679789237
-1224.1969429713422 -1179.9055743337376 0.9968640016407303
-1210.6391451177994 -1188.2428097305024 0.9968689371853603
-1207.3910856305688 -1197.8265184653037 0.9968746003410025
-1193.2117824390161 -1206.345870648974 0.9968796253321829
-1188.9888914378553 -1216.6388575877252 0.9968856849167398
-1184.1802794543155 -1227.4165734176217 0.9968920163426621
-1178.7717275707425 -1238.6648301780501 0.9968986094690171
-1163.0810748323395 -1247.6341389660413 0.9969038560457335
-1156.610008151442 -1259.4731339415623 0.9969107666635403
-1149.5016914861098 -1271.7311199722828 0.9969179044163615
-1141.740897999677 -1284.3882371950085 0.9969252560112752
-1142.209456632596 -1301.353789255943 0.9969350805517407
-1132.8920615197794 -1315.036620553958 0.9969429795579821
-1122.8748793515413 -1329.0461818175338 0.9969510445388621
-1120.4115363051108 -1348.2112672573173 0.9969620404437698
-1108.724867655498 -1363.075602103854 0.9969705394728429
-1104.1095796045033 -1383.645512351002 0.996982258683919
-1098.2645847934807 -1405.0176190811817 0.9969943833347465
-1091.1574498593625 -1427.1399346933504 0.9970068784484885
-1082.7577107593825 -1449.9572740521016 0.9970197076276553
-1073.0364365611576 -1473.411401501941 0.9970328332195049
-1068.5415275202795 -1504.484124580708 0.9970501266879159
-1062.1318585447495 -1536.6652392000158 0.997067922722483
-1059.8379409855293 -1577.5874714563672 0.997090385756963
-1049.372003207106 -1612.0876268326297 0.9971091795523737
-1048.109734602645 -1664.297744943263 0.9971373723386369
-1038.5172609681674 -1709.8332297709935 0.9971617188511318
-1036.412818178625 -1774.9007255553395 0.9971961214864288
-1030.5277635629338 -1842.4267395054524 0.9972313482092896
-1025.2180191769453 -1922.041616461081 0.9972722678031841
-1019.484974540846 -2014.5327943583618 0.9973189850860699
-1016.183990760332 -2131.2779785580346 0.9973767186681277
-1013.304304797628 -2274.0515565518185 0.9974454957917888
-959.6736711694799 -2274.4585265544174 0.9974456890133739
-906.4567438973678 -2273.5205093361265 0.9974452436367979
-856.2256758274042 -2282.557560709889 0.9974495309748374
-803.5874508865121 -2279.0350536082597 0.9974478607664989
-753.2895883915446 -2285.6311905722437 0.9974509873748942
-701.3741064251802 -2279.582911826784 0.9974481206134136
-651.1443120411776 -2283.754820399916 0.9974500983886052
-600.8170591559054 -2286.737435945595 0.997451511333571
-550.4247901660038 -2288.528077285789 0.997452359199085
-500 -2289.12513636872 0.9974526418372629
-449.5752098339974 -2288.528077285789 0.997452359199085
-399.1829408440955 -2286.737435945595 0.997451511333571
-348.8556879588226 -2283.754820399916 0.9974500983886052
-298.62589357482085 -2279.582911826784 0.9974481206134136
-246.71041160845587 -2285.6311905722437 0.9974509873748942
-196.41254911348832 -2279.0350536082597 0.9974478607664989
-143.7743241725969 -2282.557560709889 0.9974495309748374
-93.54325610263281 -2273.5205093361265 0.9974452436367979
-40.32632883051907 -2274.4585265544174 0.9974456890133739
13.304304797627477 -2274.0515565518185 0.9974454957917888
67.30685044181155 -2272.274734501234 0.9974446520043135
121.64299664098395 -2269.112140560451 0.997443149383221
176.26981391482778 -2264.543402680992 0.9974409769731888
231.14805769695437 -2258.5554863540315 0.997438126710646
291.56918595376317 -2261.6849137542786 0.9974396167561422
347.1551180581484 -2252.672383065999 0.9974353229759849
408.8669491362632 -2252.4746521345123 0.9974352286845911
471.3106763765511 -2250.4962750112327 0.9974342850538331
534.4283197787227 -2246.6993000207217 0.9974324729446152
598.1604085813556 -2241.0480194897555 0.9974297732886399
662.4460368629725 -2233.5090469446372 0.9974261670622938
727.2229196273837 -2224.051398801679 0.9974216352657478
800.3543447259884 -2221.9466574107187 0.9974206255626289
874.4548510784647 -2217.4818505560715 0.9974184822469019
949.4406920938483 -2210.6042039920794 0.9974151768663683
1025.2244725393812 -2201.2642095168944 0.9974106807195655
1029.01142508862 -2121.868565835077 0.99737211581247
1029.3672263140813 -2044.486211451356 0.9973339281241035
1035.9192080306884 -1976.9516972641666 0.9973001082537907
1039.699984533949 -1911.0126105984443 0.9972666384903294
1040.8091641937779 -1846.7848973998414 0.9972336052636903
1049.474755632534 -1791.0057200389851 0.9972045668450848
1045.7440939045796 -1730.153747914031 0.9971725114501889
1050.145175942829 -1677.2133766726818 0.9971443007661231
1063.3030879548523 -1631.1792884798758 0.9971195233723327
1064.1630445191354 -1580.6477152703985 0.997092058119992
1063.3231800461222 -1531.5887771502578 0.9970651231543283
1071.9925619334826 -1488.4996783060271 0.9970412441605485
1079.4570490422045 -1446.225374934918 0.9970176133979924
1085.821801205883 -1404.7800883889524 0.9969942488688729
1090.9316803628221 -1364.2809386857423 0.996971227531459
1094.55133346335 -1324.9198980735441 0.9969486715091144
1096.7455235803718 -1286.7863644814004 0.9969266467861838
1109.6265922935984 -1252.0853725759082 0.9969064562485007
1109.32982896244 -1216.2448108059525 0.9968854531699093
1120.1540990872422 -1183.1734936784642 0.9968659372034557
1130.117739400757 -1150.8220899789392 0.9968467191715827
1139.2906386638101 -1119.2600517643768 0.9968278483083405
1147.7597289217276 -1088.5525172653536 0.9968093722030441
1155.626819220308 -1058.7642593567068 0.9967913390600979
1163.0159183382543 -1029.9572880564954 0.9967737961652867
1170.0836911505887 -1002.187535701384 0.9967567877321122
1190.1155477342563 -973.9552685944831 0.9967902495132398
1197.2966125975656 -948.008608208111 0.996825417242999
1218.2600435641311 -920.9135730229052 0.9968625934303222
1226.9948885203382 -897.1262416453349 0.9968955544911275
1250.16452737649 -872.4471916093053 0.9969300174409039
1273.509859770161 -851.0700828609339 0.9969600500098585
1301.4026168197045 -830.6851815802413 0.9969888145062675
1326.2694382393609 -816.7069648232471 0.9970085960222719
NaN NaN NaN
NaN NaN NaN
812.5226221303125 545.2672985041819 0.9975252472274113
553.8379513542354 605.1328306783112 0.9974978042901488
394.89785324157606 642.7870670585945 0.9974803716484055
278.72305731334137 669.4370502863479 0.997467952853207
191.0225425591657 688.9499933451508 0.9974588172049218
131.58009965276284 703.5844828263768 0.9974519417903578
86.2049277519874 715.373537181648 0.997446388316869
40.962049757721815 724.8480052668476 0.99744191553602
9.60668945198221 733.003107891276 0.997438058718062
-21.66759385859927 739.6157439383641 0.9974349266936346
-52.803608079035 744.6980419751662 0.9974325166436738
-70.43308970478692 750.3453395616393 0.997429835750785
-88.08645834986484 755.213474928249 0.997427522275517
-105.73389313573628 759.3085530865593 0.9974255744079337
-123.34576279913843 762.6376116330251 0.9974239897123042
-140.89265533132453 765.208613304709 0.9974227651332942
-158.34540744544012 767.0304379331442 0.9974218970035827
-163.3270850405318 772.3010506655318 0.9974193836606099
-180.69510547622554 772.9892276341883 0.9974190552982395
-185.93356662483228 777.8077913754868 0.9974167548441523
-203.13638461343106 777.387028962163 0.9974169558120571
-208.58447258873247 781.7585665482111 0.997414867005991
-225.54310194679726 780.258050077245 0.9974155841909812
-231.15421223849674 784.1903310619448 0.9974137042589277
-236.94930850007108 788.0566134969347 0.9974118544158364
-253.51973082188655 785.1471430039617 0.9974132466023983
-259.41672153691366 788.5841252367779 0.9974116019125224
-265.4783726782665 791.9511145196788 0.9974099896032987
-271.70052963490866 795.2446905257906 0.9974084113821906
-287.6190063296572 790.6542592805328 0.997410610743067
-293.8681678527821 793.5342980451767 0.997409231102521
-300.2584252051059 796.3388325193346 0.9974078868559508
-306.7854005578829 799.0648542744264 0.997406579507904
-313.44462286021104 801.7094243722685 0.9974053105310834
-320.2315308971361 804.2696781603902 0.9974040813637232
-334.90657322087475 797.5151291285928 0.9974073228152498
-341.61887884398925 799.6909767113402 0.9974062791293601
-348.43960709204885 801.7831311667384 0.997405275153682
-355.36408686473305 803.7892005586353 0.9974043120877422
-362.3875762842498 805.7068832624661 0.9974033910874713
-369.50526593460825 807.5339718095377 0.9974025132630712
-376.7122821465756 809.2683565644359 0.9974016796769626
-384.0036903256095 810.9080292301695 0.9974008913418217
-391.3744983208489 812.451086175979 0.9974001492187066
-398.8196598327986 813.8957315834696 0.9973994542152784
-410.73991304838256 804.3426539772393 0.997404046318969
-417.96190591751144 805.4703611978899 0.9974035047006631
-425.24006681715963 806.5047064617071 0.9974030078134812
-432.56941231564 807.4444217950328 0.9974025562949483
-439.944924044106 808.2883534645388 0.997402150725563
-447.3615521228287 809.0354639231383 0.9974017916277009
-454.8142186086664 809.684833556256 0.9974014794646279
-462.29782096143714 810.2356622268288 0.9974012146396244
-469.807235526971 810.6872706172073 0.9974009974952248
-477.33732103427906 811.0391013668761 0.9974008283125702
-484.88292210465016 811.2907200047414 0.9974007073108776
-492.4388727702933 811.4418156751578 0.9974006346470271
500 811.4922016569701 0.9974006104152652
492.4388727702933 811.4418156751578 0.9974006346470271
484.88292210465016 811.2907200047414 0.9974007073108776
477.3373210342792 811.0391013668761 0.9974008283125702
469.80723552697106 810.6872706172073 0.9974009974952248
462.29782096143714 810.2356622268288 0.9974012146396244
454.8142186086664 809.684833556256 0.9974014794646279
447.3615521228287 809.0354639231383 0.9974017916277009
439.944924044106 808.2883534645388 0.997402150725563
432.56941231564 807.4444217950328 0.9974025562949483
425.2400668171597 806.5047064617071 0.9974030078134812
417.96190591751144 805.4703611978899 0.9974035047006631
410.73991304838256 804.3426539772393 0.997404046318969
398.8196598327986 813.8957315834696 0.9973994542152784
391.37449832084894 812.451086175979 0.9974001492187066
384.0036903256095 810.9080292301695 0.9974008913418217
376.71228214657566 809.2683565644359 0.9974016796769626
369.50526593460825 807.5339718095377 0.9974025132630712
362.3875762842498 805.7068832624661 0.9974033910874713
355.36408686473305 803.7892005586353 0.9974043120877422
348.43960709204885 801.7831311667384 0.997405275153682
341.6188788439893 799.6909767113402 0.9974062791293601
334.9065732208748 797.5151291285928 0.9974073228152498
320.2315308971361 804.2696781603902 0.9974040813637232
313.44462286021104 801.7094243722685 0.9974053105310834
306.7854005578829 799.0648542744264 0.997406579507904
300.25842520510594 796.3388325193347 0.9974078868559508
293.86816785278216 793.5342980451767 0.997409231102521
287.61900632965734 790.6542592805328 0.997410610743067
271.70052963490866 795.2446905257906 0.9974084113821906
265.4783726782665 791.9511145196788 0.9974099896032987
259.41672153691366 788.5841252367779 0.9974116019125224
253.51973082188672 785.1471430039618 0.9974132466023983
236.94930850007108 788.0566134969347 0.9974118544158364
231.15421223849685 784.1903310619449 0.9974137042589277
225.54310194679726 780.258050077245 0.9974155841909812
208.58447258873247 781.7585665482111 0.997414867005991
203.13638461343106 777.387028962163 0.9974169558120571
185.9335666248324 777.8077913754869 0.9974167548441523
180.69510547622554 772.9892276341884 0.9974190552982395
163.32708504053193 772.3010506655319 0.9974193836606099
158.34540744544012 767.0304379331442 0.9974218970035827
140.89265533132453 765.208613304709 0.9974227651332942
123.34576279913843 762.6376116330251 0.9974239897123042
105.73389313573634 759.3085530865594 0.9974255744079337
88.08645834986496 755.2134749282491 0.997427522275517
70.43308970478698 750.3453395616394 0.997429835750785
52.803608079035 744.6980419751662 0.9974325166436738
21.66759385859927 739.6157439383641 0.9974349266936346
-9.60668945198221 733.003107891276 0.997438058718062
-40.96204975772178 724.8480052668478 0.99744191553602
-86.20492775198738 715.3735371816482 0.997446388316869
-131.58009965276278 703.5844828263773 0.9974519417903578
-191.0225425591657 688.9499933451508 0.9974588172049218
-278.72305731334137 669.4370502863479 0.997467952853207
-394.89785324157606 642.7870670585945 0.9974803716484055
-553.8379513542352 605.1328306783122 0.9974978042901488
-812.5226221303125 545.2672985041819 0.9975252472274113
NaN NaN NaN
NaN NaN NaN
-1326.2694382393609 -816.7069648232471 0.9970085960222719
-1301.4026168197045 -830.6851815802413 0.9969888145062675
-1273.509859770161 -851.0700828609339 0.9969600500098585
-1250.16452737649 -872.4471916093053 0.9969300174409039
-1226.9948885203382 -897.1262416453349 0.9968955544911275
-1218.2600435641311 -920.9135730229052 0.9968625934303222
-1197.2966125975656 -948.008608208111 0.996825417242999
-1190.1155477342577 -973.9552685944815 0.9967902495132398
-1170.0836911505892 -1002.187535701383 0.9967567877321122
-1163.0159183382543 -1029.9572880564947 0.9967737961652867
-1155.6268192203083 -1058.7642593567066 0.9967913390600979
-1147.7597289217276 -1088.5525172653536 0.9968093722030441
-1139.2906386638101 -1119.2600517643768 0.9968278483083405
-1130.1177394007575 -1150.8220899789387 0.9968467191715827
-1120.1540990872422 -1183.173493678464 0.9968659372034557
-1109.3298289624408 -1216.2448108059514 0.9968854531699093
-1109.6265922935986 -1252.0853725759077 0.9969064562485007
-1096.7455235803718 -1286.7863644814004 0.9969266467861838
-1094.55133346335 -1324.9198980735441 0.9969486715091144
-1090.9316803628217 -1364.2809386857432 0.996971227531459
-1085.8218012058826 -1404.7800883889524 0.9969942488688729
-1079.4570490422057 -1446.2253749349163 0.9970176133979924
-1071.9925619334842 -1488.4996783060258 0.9970412441605485
-1063.3231800461222 -1531.5887771502578 0.9970651231543283
-1064.1630445191354 -1580.6477152703985 0.997092058119992
-1063.3030879548528 -1631.1792884798754 0.9971195233723327
-1050.1451759428292 -1677.2133766726813 0.9971443007661231
-1045.7440939045796 -1730.153747914031 0.9971725114501889
-1049.474755632534 -1791.0057200389851 0.9972045668450848
-1040.8091641937783 -1846.7848973998414 0.9972336052636903
-1039.699984533949 -1911.0126105984443 0.9972666384903294
-1035.9192080306905 -1976.9516972641647 0.9973001082537907
-1029.3672263140827 -2044.4862114513544 0.9973339281241035
-1029.01142508862 -2121.868565835077 0.99737211581247
-1025.2244725393816 -2201.2642095168944 0.9974106807195655
-949.4406920938487 -2210.6042039920794 0.9974151768663683
-874.4548510784647 -2217.4818505560715 0.9974184822469019
-800.3543447259904 -2221.9466574107173 0.9974206255626289
-727.2229196273842 -2224.0513988016787 0.9974216352657478
-662.4460368629725 -2233.5090469446372 0.9974261670622938
-598.1604085813558 -2241.048019489755 0.9974297732886399
-534.4283197787239 -2246.6993000207217 0.9974324729446152
-471.3106763765511 -2250.4962750112327 0.9974342850538331
-408.8669491362642 -2252.4746521345114 0.9974352286845911
-347.15511805814924 -2252.6723830659985 0.9974353229759849
-291.56918595376317 -2261.6849137542786 0.9974396167561422
-231.14805769695502 -2258.5554863540315 0.997438126710646
-176.26981391482835 -2264.543402680992 0.9974409769731888
-121.64299664098395 -2269.112140560451 0.997443149383221
-67.30685044181247 -2272.2747345012335 0.9974446520043135
-13.304304797628207 -2274.0515565518185 0.9974454957917888
40.32632883051907 -2274.4585265544174 0.9974456890133739
93.5432561026322 -2273.5205093361265 0.9974452436367979
143.7743241725957 -2282.557560709889 0.9974495309748374
196.41254911348832 -2279.0350536082597 0.9974478607664989
246.71041160845508 -2285.6311905722437 0.9974509873748942
298.62589357482 -2279.582911826784 0.9974481206134136
348.8556879588226 -2283.754820399916 0.9974500983886052
399.18294084409473 -2286.737435945595 0.997451511333571
449.5752098339964 -2288.528077285789 0.997452359199085
500 -2289.12513636872 0.9974526418372629
550.4247901660035 -2288.528077285789 0.997452359199085
600.8170591559046 -2286.737435945595 0.997451511333571
651.1443120411776 -2283.754820399916 0.9974500983886052
701.374106425179 -2279.582911826784 0.9974481206134136
753.2895883915437 -2285.6311905722437 0.9974509873748942
803.5874508865121 -2279.0350536082597 0.9974478607664989
856.2256758274033 -2282.557560709889 0.9974495309748374
906.4567438973671 -2273.5205093361265 0.9974452436367979
959.6736711694799 -2274.4585265544174 0.9974456890133739
1013.3043047976274 -2274.0515565518185 0.9974454957917888
1016.1839907603309 -2131.277978558035 0.9973767186681277
1019.484974540846 -2014.5327943583618 0.9973189850860699
1025.2180191769448 -1922.041616461081 0.9972722678031841
1030.5277635629336 -1842.4267395054524 0.9972313482092896
1036.412818178625 -1774.9007255553395 0.9971961214864288
1038.517260968167 -1709.8332297709937 0.9971617188511318
1048.109734602644 -1664.2977449432635 0.9971373723386369
1049.372003207106 -1612.0876268326297 0.9971091795523737
1059.8379409855286 -1577.5874714563672 0.997090385756963
1062.1318585447493 -1536.665239200016 0.997067922722483
1068.5415275202795 -1504.484124580708 0.9970501266879159
1073.0364365611574 -1473.4114015019413 0.9970328332195049
1082.7577107593818 -1449.9572740521019 0.9970197076276553
1091.1574498593625 -1427.1399346933504 0.9970068784484885
1098.2645847934805 -1405.0176190811817 0.9969943833347465
1104.109579604503 -1383.6455123510023 0.996982258683919
1108.724867655498 -1363.075602103854 0.9969705394728429
1120.41153630511 -1348.2112672573173 0.9969620404437698
1122.8748793515408 -1329.046181817534 0.9969510445388621
1132.8920615197794 -1315.036620553958 0.9969429795579821
1142.209456632596 -1301.353789255943 0.9969350805517407
1141.7408979996767 -1284.3882371950085 0.9969252560112752
1149.5016914861096 -1271.7311199722828 0.9969179044163615
1156.6100081514414 -1259.4731339415623 0.9969107666635403
1163.0810748323386 -1247.6341389660415 0.9969038560457335
1178.7717275707425 -1238.6648301780501 0.9968986094690171
1184.1802794543155 -1227.4165734176217 0.9968920163426621
1188.9888914378548 -1216.6388575877256 0.9968856849167398
1193.2117824390157 -1206.3458706489741 0.9968796253321829
1207.3910856305688 -1197.8265184653037 0.9968746003410025
1210.6391451177994 -1188.2428097305024 0.9968689371853603
1224.1969429713422 -1179.9055743337376 0.9968640016407303
1226.5100997986715 -1171.08010474567 0.9968587679789237
1239.4766798747492 -1162.9756723475004 0.9968539536583644
1240.8986006177138 -1154.9495627753531 0.9968491780697096
1253.3080591554353 -1147.1261720603295 0.9968445156225795
1265.538468031833 -1139.334820421853 0.9968398649211219
1265.7756345587952 -1132.4374127742196 0.9968357416909609
1277.5110470922841 -1124.999207241883 0.9968312887147477
1289.1009446612752 -1117.6349847112797 0.9968268734154133
1300.554753711816 -1110.3644504627457 0.9968225078223382
1299.3776939380518 -1105.0457123298263 0.9968193101111559
1310.3952711339589 -1098.2728234706028 0.9968152331514075
1321.4051246220185 -1091.6136040429026 0.9968112191585308
1332.476210673654 -1085.0711024791628 0.996807270243621
1343.69601981365 -1078.6475562395706 0.9968033880329155
1355.1881543803001 -1072.33955304314 0.9967995707341609
1367.1351755208816 -1066.1337740161364 0.9967958105338851
1379.8243426309043 -1059.9979313874483 0.9967920880593313
1392.2495563506402 -1054.4902786066102 0.9967887427504338
NaN NaN NaN
NaN NaN NaN
NaN NaN NaN
NaN NaN NaN
NaN NaN NaN
NaN NaN NaN
NaN NaN NaN
NaN NaN NaN
NaN NaN NaN
NaN NaN NaN
NaN NaN NaN
978.3324061413994 739.6157439383641 0.9974349266936346
947.1963919209653 744.6980419751662 0.9974325166436738
929.5669102952141 750.3453395616393 0.997429835750785
911.9135416501284 755.213474928249 0.997427522275517
894.2661068642578 759.3085530865593 0.9974255744079337
876.654237200869 762.6376116330251 0.9974239897123042
859.1073446686627 765.208613304709 0.9974227651332942
841.6545925545469 767.0304379331442 0.9974218970035827
836.6729149594775 772.3010506655318 0.9974193836606099
819.3048945237616 772.9892276341883 0.9974190552982395
814.0664333751677 777.8077913754868 0.9974167548441523
796.8636153865558 777.387028962163 0.9974169558120571
791.4155274112806 781.7585665482111 0.997414867005991
774.4568980532027 780.258050077245 0.9974155841909812
768.8457877615152 784.1903310619448 0.9974137042589277
763.0506914999423 788.0566134969347 0.9974118544158364
746.4802691781265 785.1471430039617 0.9974132466023983
740.5832784630865 788.5841252367779 0.9974116019125224
734.5216273217201 791.9511145196788 0.9974099896032987
728.2994703650913 795.2446905257906 0.9974084113821906
712.3809936703427 790.6542592805328 0.997410610743067
706.131832147231 793.5342980451767 0.997409231102521
699.7415747948943 796.3388325193346 0.9974078868559508
693.214599442117 799.0648542744264 0.997406579507904
686.5553771397758 801.7094243722685 0.9974053105310834
679.768469102864 804.2696781603902 0.9974040813637232
665.0934267791387 797.5151291285928 0.9974073228152498
658.3811211560107 799.6909767113402 0.9974062791293601
651.5603929079645 801.7831311667384 0.997405275153682
644.6359131352535 803.7892005586353 0.9974043120877422
637.6124237157504 805.7068832624661 0.9974033910874713
630.4947340653918 807.5339718095377 0.9974025132630712
623.287717853411 809.2683565644359 0.9974016796769626
615.9963096743771 810.9080292301695 0.9974008913418217
608.6255016791379 812.451086175979 0.9974001492187066
601.1803401671881 813.8957315834696 0.9973994542152784
589.2600869516174 804.3426539772393 0.997404046318969
582.0380940825019 805.4703611978899 0.9974035047006631
574.7599331828537 806.5047064617071 0.9974030078134812
567.4305876843599 807.4444217950328 0.9974025562949483
560.0550759558805 808.2883534645388 0.997402150725563
552.638447877158 809.0354639231383 0.9974017916277009
545.1857813913335 809.684833556256 0.9974014794646279
537.7021790385628 810.2356622268288 0.9974012146396244
530.1927644730416 810.6872706172073 0.9974009974952248
522.6626789657209 811.0391013668761 0.9974008283125702
515.1170778953455 811.2907200047414 0.9974007073108776
507.5611272297067 811.4418156751578 0.9974006346470271
