0 179.27839032550997
-3.7029734260467992 179.24069750955246
-7.40341476004475 179.12765091484496
-11.098793629661218 178.93934606587385
-14.78658310086061 178.67594205326048
-18.464261394212336 178.33766135865238
-22.35235438248067 179.0689549411219
-26.03906334656754 178.5752651831428
-29.70796694173647 178.00674371689374
-33.689397961407174 178.4852908661168
-37.3513603306876 177.75904229759428
-41.39272511201003 178.05989853230224
-45.036774139572245 177.17441010236524
-49.12596505969654 177.29243354041813
-53.25193262089738 177.3105794898138
-56.86556660108144 176.1774554721639
-61.020241250946356 176.0053146651618
-65.20139646637585 175.72853577994675
-69.40535886211362 175.34541014312958
-73.62839371498501 174.85433121190735
-77.8667080798561 174.25379635632615
-82.11645397355197 173.54240853846994
-87.15026340233571 173.64165784387015
-91.44216848680534 172.68318434385282
-96.57115905158958 172.4881656496939
-100.88700895425067 171.2749840591414
-106.0904315662629 170.77527533485502
-111.33741818797577 170.10724353439142
-116.62189800710978 169.26796585510678
-121.93769786178036 168.25470350837628
-127.27854812036077 167.06490492579772
-133.6723132772686 166.395414595498
-140.12900984642326 165.48764075394467
-146.63995310755644 164.33755119275258
-153.1963206006865 162.94138920410592
-159.78916093902282 161.29567811076328
-167.56289209927607 159.94674145070758
-176.57297397739376 158.79619150974366
-184.4784553216923 156.77186277652143
-193.6366526719593 154.87164473322244
-204.09288997776196 152.99146988125378
-214.63431494093157 150.63975027073585
-226.51402130618615 148.16112311798472
-239.76410334107413 145.44560692226162
-254.41124041155663 142.38118552918917
-270.4766277751302 138.8540558145649
-289.3069958192818 134.95708404706275
-310.9511807181014 130.4642458839176
-334.09093811973764 125.01158114139776
-362.82079833894386 118.77276037595145
-395.84260864870737 111.23095901089475
-435.95825642246183 102.08512935705313
-486.0190577786252 90.73196530466642
-548.9071768601715 76.26508453418646
-631.7421312102061 57.209333348634665
-744.5306544798867 31.09300314579473
-878.8974406894885 -3.4642456671643753
-881.230289083144 -26.48384727650042
-882.960733125743 -49.562342030889944
-884.087146810095 -72.68424390633866
-884.6344427519094 -100
-884.5233952040171 -118.99028987621953
-883.8320580780622 -142.14668117516104
-882.5342956813986 -165.28219170090767
-880.6305517058869 -188.38135071638308
-878.084626426722 -211.5760105568021
-874.7281133926018 -235.30728635196397
-870.6285670201723 -259.08211313677674
-865.8453280099458 -282.689132983956
-860.412826902198 -306.0615755944135
-854.3535873279884 -329.17664208610836
-847.6839831798063 -352.0252540053497
-840.4170451840176 -374.6020396256835
-832.5639565278422 -396.90190115667076
-824.1348531274572 -418.91897309017486
-815.1393090621975 -440.6463803400279
-805.5866264248451 -462.0763069671852
-795.486035326204 -483.2001403345923
-784.8467823969685 -504.0086712806287
-773.6782233081336 -524.4922355993544
-761.9898623408835 -544.6408572588304
-749.7913865015971 -564.4443587482557
-737.092685661872 -583.8924537622219
-723.9038563391322 -602.9748265359771
-710.2352293442567 -621.6811850077324
-696.0973282795129 -640.0013282094109
-681.5009001041878 -657.9251737249045
-666.4569294226037 -675.4427911449701
-650.9765716211936 -692.5444437013106
-635.0711968559484 -709.2205991331027
-618.7523810569429 -725.4619528147986
-602.031856606532 -741.2594448975094
-584.9215651685059 -756.6042721393543
-567.433594308181 -771.4878985926923
-549.5801989932518 -785.9020646514401
-531.3737913606435 -799.8387956349852
-512.8269308250624 -813.2904085507431
-493.9522782219336 -826.2495034784749
-474.76268256524423 -838.708998972281
-455.2710554446564 -850.6620938478984
-435.4904532891988 -862.1023027174303
-415.4340312479764 -873.0234432995646
-395.11503745061475 -883.4196364878051
-374.5468124132051 -893.2853102399258
-353.7427819093058 -902.6151999760051
-332.7164501556218 -911.4043486044814
-311.48139100334026 -919.6481036950597
-290.05123554325314 -927.3421079086115
-268.4396978620231 -934.48233541929
-246.66052734113646 -941.0650428819794
-224.72752549225433 -947.086791462344
-202.65454690222748 -952.5444588469298
-180.45547659096982 -957.4352087174382
-158.144238406192 -961.756510286833
-135.7347916313162 -965.506145414306
-113.24111372052627 -968.6821728961385
-90.6772090568117 -971.2829583528453
-68.05710295667596 -973.3071763465259
-45.39483249695318 -974.753788029452
-22.70444616088972 -975.6220516558872
0 -975.9115222949473
22.704446160889326 -975.6220516558872
45.39483249695286 -974.753788029452
68.05710295667596 -973.3071763465259
90.6772090568113 -971.2829583528453
113.2411137205259 -968.6821728961386
135.7347916313162 -965.506145414306
158.1442384061917 -961.7565102868331
180.45547659096934 -957.4352087174382
202.65454690222748 -952.5444588469298
224.72752549225396 -947.086791462344
246.6605273411362 -941.0650428819794
268.4396978620231 -934.48233541929
290.0512355432529 -927.3421079086116
311.4813910033399 -919.6481036950597
332.7164501556218 -911.4043486044814
353.74278190930556 -902.6151999760053
374.5468124132048 -893.285310239926
395.11503745061475 -883.4196364878051
415.43403124797624 -873.0234432995646
435.49045328919874 -862.1023027174303
455.2710554446564 -850.6620938478984
474.76268256524423 -838.708998972281
493.9522782219336 -826.2495034784749
512.8269308250624 -813.2904085507431
531.3737913606433 -799.8387956349852
549.5801989932518 -785.90206465144
567.433594308181 -771.4878985926923
584.9215651685055 -756.6042721393545
602.0318566065315 -741.2594448975101
618.7523810569429 -725.4619528147986
635.071196855948 -709.2205991331031
650.9765716211936 -692.5444437013107
666.4569294226036 -675.4427911449702
681.5009001041876 -657.9251737249048
696.097328279513 -640.0013282094109
710.2352293442567 -621.6811850077324
723.9038563391322 -602.9748265359771
737.0926856618719 -583.8924537622223
749.7913865015971 -564.4443587482557
761.9898623408832 -544.6408572588307
773.6782233081336 -524.4922355993544
784.8467823969685 -504.0086712806287
795.486035326204 -483.2001403345923
805.5866264248451 -462.0763069671853
815.1393090621975 -440.64638034002775
824.1348531274572 -418.9189730901749
832.5639565278417 -396.9019011566718
840.4170451840176 -374.6020396256835
847.6839831798063 -352.0252540053497
854.3535873279881 -329.1766420861097
860.4128269021979 -306.0615755944153
865.8453280099458 -282.6891329839557
870.6285670201721 -259.0821131367785
874.7281133926018 -235.30728635196397
878.084626426722 -211.5760105568021
880.6305517058869 -188.38135071638308
882.5342956813986 -165.28219170090767
883.8320580780622 -142.14668117516104
884.5233952040171 -118.99028987621953
884.6344427519094 -100
884.087146810095 -72.68424390633866
882.9607331257431 -49.562342030889525
881.230289083144 -26.48384727650042
878.8974406894887 -3.4642456671661095
744.5306544798867 31.09300314579473
631.7421312102061 57.209333348634665
548.9071768601715 76.26508453418646
486.01905777862527 90.73196530466595
435.95825642246194 102.08512935705299
395.84260864870737 111.23095901089454
362.82079833894386 118.77276037595145
334.09093811973764 125.01158114139776
310.9511807181014 130.4642458839176
289.3069958192818 134.9570840470627
270.4766277751302 138.85405581456493
254.4112404115567 142.38118552918905
239.76410334107413 145.44560692226162
226.51402130618615 148.16112311798472
214.63431494093157 150.63975027073585
204.09288997776207 152.99146988125358
193.63665267195933 154.87164473322235
184.4784553216923 156.77186277652135
176.57297397739376 158.79619150974366
167.56289209927607 159.94674145070758
159.78916093902282 161.29567811076328
153.1963206006866 162.9413892041058
146.63995310755647 164.33755119275258
140.12900984642326 165.48764075394465
133.6723132772686 166.395414595498
127.27854812036077 167.06490492579772
121.93769786178036 168.25470350837628
116.62189800710989 169.26796585510672
111.33741818797581 170.10724353439068
106.09043156626292 170.775275334855
100.88700895425067 171.2749840591414
96.57115905158958 172.4881656496939
91.44216848680534 172.68318434385282
87.15026340233578 173.64165784387004
82.116453973552 173.54240853846994
77.86670807985611 174.25379635632615
73.62839371498501 174.85433121190735
69.40535886211362 175.34541014312958
65.20139646637585 175.72853577994675
61.02024125094642 176.00531466516176
56.86556660108149 176.1774554721639
53.251932620897406 177.31057948981373
49.12596505969654 177.29243354041813
45.036774139572245 177.17441010236524
41.39272511201003 178.05989853230224
37.35136033068765 177.75904229759425
33.68939796140722 178.4852908661168
29.707966941736522 178.0067437168937
26.03906334656754 178.5752651831428
22.35235438248067 179.0689549411219
18.464261394212336 178.33766135865238
14.786583100860655 178.67594205326046
11.09879362966126 178.93934606587385
7.403414760044795 179.12765091484496
3.7029734260467992 179.24069750955246
