0 222.83939032550862
-3.9625020316122117 222.80092439030878
-7.92229410323306 222.68556047472933
-11.876668096489132 222.4934002091329
-15.822919575024285 222.22461284482748
-19.758349622458702 221.87943505538365
-23.90330746137922 222.60233599000213
-27.84581833034937 222.09878017709255
-31.769285570785684 221.51894529885914
-36.00386751090026 221.98476157214333
-39.91739457880566 221.24439832968386
-44.2085654270562 221.52979345189254
-48.10049068524835 220.6275384354073
-52.435458117718824 220.72753428507897
-56.80493403003577 220.7264395179967
-60.6596413116469 219.57291281611487
-65.05278899365067 219.37926168065428
-69.46965353442769 219.0799221776275
-73.90640000532102 218.67324587983882
-78.35913414458008 218.15768923397823
-82.82390558265593 217.53181518711747
-87.29671113400377 216.79429470256272
-92.55002993094286 216.86668812074151
-97.05774365331355 215.88070784404272
-102.39869422128191 215.65760570682306
-106.92251022561517 214.4158399315431
-112.3297625082081 213.88712371087604
-117.77630267473724 213.1897398358607
-123.25592314888732 212.32084533393345
-128.7623170291194 211.27778213160934
-134.2890840601811 210.058080045069
-140.8639613184212 209.35866539722417
-147.49684119257114 208.42102848720936
-154.1789182151301 207.24121917238898
-160.9012526395757 205.8155625871136
-167.65477933368197 204.14066344475256
-175.5838061477529 202.76292599378684
-184.74368654585174 201.58404232190352
-192.79336661187142 199.5319255832632
-202.09006405900513 197.6045425628961
-212.6790079157629 195.69790147831847
-223.3472549335435 193.32048828784448
-235.34781193955448 190.81701209062186
-248.71269037636048 188.07756103032355
-263.4684909341969 184.99018615077262
-279.63633439803755 181.441148877866
-298.5628809370704 177.52337718713252
-320.2969008094587 173.01090541171328
-343.5200880949334 167.5398288333163
-372.32691592959316 161.28387009273948
-405.41917883664667 153.72625315548822
-445.59871590485045 144.56597518159558
-495.71679946608157 133.1997710775504
-558.655554404948 118.72129557855936
-641.5344635612915 99.65542796434542
-754.360230461823 73.53048842727027
-918.5357897623999 35.5541954621574
NaN NaN
NaN NaN
NaN NaN
-1037.1033098006199 -137.50389479233473
-1031.4901870815838 -157.8569356300553
-1026.8769088701683 -182.24341231977075
-1023.0175449424765 -206.6000278666878
-1019.3837677197724 -231.06788437295663
-1016.5806498821693 -255.99194225969788
-1014.4774166202837 -281.3367186664269
-1011.9546766833404 -307.00138947619666
-1010.1657781173619 -332.55921892412863
-1007.8692510432801 -358.3164529227586
-1006.2351882045677 -384.0981929973824
-1005.2310031879367 -410.0416530399795
-1003.588225905276 -436.3063359213402
-1002.4925508080747 -462.8824889099081
-1000.674619362806 -489.8149752583046
-989.5765863034452 -516.2018772607211
-977.8061586240964 -542.2110437182602
-965.3748383692334 -567.8336851487433
-952.2942184943781 -593.0599113069972
-938.5760684987854 -617.8790353694153
-924.2323671167483 -642.2798304473886
-909.2753299594788 -666.2507201980941
-893.7174234317722 -689.7799293883606
-877.5713625133639 -712.8556055316153
-860.8501328056261 -735.465903222334
-843.5669433858989 -757.5990747847901
-825.7352523355236 -779.2435149593242
-807.3687760853329 -800.3878072409807
-788.4814177057291 -821.0207750549955
-769.0873065996092 -841.1314995308734
-749.2007852905341 -860.7093475655809
-728.8363561841426 -879.7439923073904
-708.008730780999 -898.2254270728856
-686.7327629430355 -916.1439771190259
-665.0234673161222 -933.4903089682971
-642.8960062874819 -950.255438616498
-620.3656775716772 -966.430737393161
-597.447866244049 -982.0079220760786
-574.158129241736 -996.9790885287603
-550.516042588036 -1011.3388666041409
-526.545045702907 -1025.0856589069551
-502.25768284854934 -1038.2129653029547
-477.666641138597 -1050.7140668239306
-452.7851202814879 -1062.5822931619282
-427.6268554541534 -1073.8111372833814
-402.2059674776934 -1084.3942144956848
-376.5370525181119 -1094.3254216116975
-350.6350167304358 -1103.5988434821766
-324.5151717379151 -1112.2089235291974
-298.1931179343627 -1120.150399864961
-271.68473759931703 -1127.4183490788312
-245.0061802826033 -1134.0082289465631
-218.1738223905982 -1139.9158768467496
-191.20424126957025 -1145.1375183136781
-164.1142041738769 -1149.6698124035422
-136.92063205853717 -1153.5098392198736
-109.64057378026448 -1156.6550897042973
-82.29119842956355 -1159.1035320744909
-54.88975825356258 -1160.853567495073
-27.45357151393933 -1161.9040521421696
0 -1162.254289752522
27.453571513938876 -1161.9040521421696
54.889758253562206 -1160.853567495073
82.29119842956355 -1159.1035320744909
109.64057378026394 -1156.6550897042973
136.9206320585367 -1153.5098392198736
164.1142041738769 -1149.6698124035422
191.20424126956993 -1145.1375183136781
218.17382239059762 -1139.9158768467496
245.0061802826033 -1134.0082289465631
271.6847375993167 -1127.4183490788312
298.1931179343625 -1120.150399864961
324.5151717379151 -1112.2089235291974
350.6350167304355 -1103.5988434821768
376.53705251811147 -1094.3254216116975
402.2059674776934 -1084.3942144956848
427.626855454153 -1073.8111372833816
452.7851202814876 -1062.5822931619286
477.666641138597 -1050.7140668239306
502.25768284854917 -1038.2129653029547
526.545045702907 -1025.0856589069551
550.516042588036 -1011.3388666041409
574.158129241736 -996.9790885287603
597.447866244049 -982.0079220760786
620.3656775716772 -966.430737393161
642.8960062874817 -950.255438616498
665.0234673161222 -933.490308968297
686.7327629430355 -916.1439771190259
708.0087307809982 -898.225427072886
728.8363561841421 -879.7439923073912
749.2007852905341 -860.7093475655809
769.0873065996085 -841.131499530874
788.481417705729 -821.0207750549956
807.3687760853327 -800.3878072409808
825.7352523355233 -779.2435149593244
843.5669433858991 -757.5990747847901
860.8501328056261 -735.465903222334
877.5713625133639 -712.8556055316153
893.7174234317721 -689.7799293883611
909.2753299594788 -666.2507201980941
924.2323671167478 -642.2798304473889
938.5760684987854 -617.8790353694153
952.2942184943781 -593.0599113069972
965.3748383692334 -567.8336851487433
977.8061586240964 -542.2110437182603
989.5765863034454 -516.2018772607206
1000.674619362806 -489.8149752583047
1002.4925508080743 -462.8824889099093
1003.588225905276 -436.3063359213402
1005.2310031879367 -410.0416530399795
1006.2351882045674 -384.0981929973838
1007.8692510432797 -358.31645292276045
1010.1657781173619 -332.55921892412823
1011.9546766833395 -307.0013894761992
1014.4774166202837 -281.3367186664269
1016.5806498821693 -255.99194225969788
1019.3837677197724 -231.06788437295663
1023.0175449424765 -206.6000278666878
1026.8769088701683 -182.24341231977075
1031.4901870815838 -157.8569356300553
1037.1033098006199 -137.50389479233473
NaN NaN
NaN NaN
NaN NaN
918.5357897624001 35.554195462155604
754.360230461823 73.53048842727027
641.5344635612915 99.65542796434542
558.655554404948 118.72129557855936
495.7167994660816 133.1997710775499
445.59871590485056 144.56597518159543
405.41917883664667 153.72625315548802
372.32691592959316 161.28387009273948
343.5200880949334 167.5398288333163
320.2969008094587 173.01090541171328
298.5628809370704 177.52337718713247
279.63633439803755 181.44114887786603
263.46849093419695 184.9901861507725
248.71269037636048 188.07756103032355
235.34781193955448 190.81701209062186
223.3472549335435 193.32048828784448
212.679007915763 195.69790147831827
202.09006405900516 197.60454256289603
192.79336661187142 199.5319255832631
184.74368654585174 201.58404232190352
175.5838061477529 202.76292599378684
167.65477933368197 204.14066344475256
160.90125263957577 205.81556258711348
154.17891821513012 207.24121917238898
147.49684119257114 208.42102848720933
140.8639613184212 209.35866539722417
134.2890840601811 210.058080045069
128.7623170291194 211.27778213160934
123.25592314888743 212.3208453339334
117.77630267473728 213.18973983585997
112.32976250820813 213.887123710876
106.92251022561517 214.4158399315431
102.39869422128191 215.65760570682306
97.05774365331355 215.88070784404272
92.55002993094293 216.8666881207414
87.2967111340038 216.79429470256272
82.82390558265594 217.53181518711747
78.35913414458008 218.15768923397823
73.90640000532102 218.67324587983882
69.46965353442769 219.0799221776275
65.05278899365074 219.37926168065425
60.65964131164695 219.57291281611487
56.804934030035795 220.72643951799665
52.435458117718824 220.72753428507897
48.10049068524835 220.6275384354073
44.2085654270562 221.52979345189254
39.91739457880571 221.24439832968383
36.0038675109003 221.98476157214333
31.769285570785737 221.5189452988591
27.84581833034937 222.09878017709255
23.90330746137922 222.60233599000213
19.758349622458702 221.87943505538365
15.82291957502433 222.22461284482745
11.876668096489174 222.4934002091329
7.922294103233105 222.68556047472933
3.9625020316122117 222.80092439030878
