0 135.78220165697377
-3.535368544952602 135.7438081547808
-7.068319579748209 135.6286583277715
-10.596437236190601 135.43684418405135
-14.1173089289196 135.16851896848084
-17.628526994117713 134.82389700978786
-21.127690324963954 134.40325350669005
-24.6124060027541 133.90692425320404
-28.08029092260905 133.33530530335432
-31.52897341269581 132.68885257556124
-34.95609484588803 131.9680813970268
-38.359311242801994 131.17356598850824
-41.73629486514213 130.30593888990995
-49.84410926717635 140.1386570402941
-53.51201525392743 138.99246999080165
-57.14333975458657 137.76589562715162
-60.73559932484919 136.4598871115147
-64.28633702554323 135.07545839669442
-67.79312409278155 133.61368325211595
-71.25356158956745 132.07569423200164
-74.66528203776079 130.46268158676403
-78.02595102931231 128.77589211873106
-81.3332688156982 127.01662798341049
-92.66072833104828 134.19785693699544
-96.15975285399898 132.07322821051255
-99.5930442878692 129.87205058441063
-102.95825230959107 127.5959876314778
-106.25307278565958 125.24675699088387
-109.4752493451386 122.82612878221552
-122.43726753313685 127.87882526778729
-125.77551864891826 125.04910676402517
-129.02779310031477 122.14629783989511
-132.19186168272665 119.17254588169064
-146.10768943758833 122.54302357660652
-149.32833802439188 119.13425575074132
-152.4469119313357 115.65473426657314
-166.99662445460189 117.60200316344485
-170.12106609632627 113.66997305700154
-185.08710076370545 114.52177775911471
-188.17717458299606 110.12459200853496
-203.48667607865204 109.84695423862854
-206.5011139290272 104.97489546301259
-222.07925374161226 103.53852451658594
-237.84544618108336 101.33879594103531
-253.77174836348266 98.36578753915562
-269.829903483816 94.61053528491013
-285.99136949172106 90.06504439678459
-302.22734798420765 84.72229969363353
-332.0692136127275 79.9256025755233
-362.14958981754165 73.57880755999338
-392.41210274795776 65.66903310269122
-436.66394208034404 56.418684627733015
-481.15056324108093 44.8319050895088
-539.8075522975802 30.377270845812273
-626.8262484028198 11.021251916656459
-671.736861718685 -9.170587200416527
-673.9453180912412 -26.77140055498561
-675.6929995589337 -44.42742753357043
-676.97845788409 -62.126950553300986
-677.8005648033942 -79.85942063579571
-678.1695046650004 -100
-678.0516315400116 -115.34697387346853
-677.4800057872219 -133.10023026097258
-676.4436303563645 -150.83274179346745
-674.9429680250902 -168.53462214299765
-672.9787932305436 -186.1941184565069
-670.5505859759571 -203.80441482359285
-667.5856396774576 -221.5502733683831
-664.0779456052007 -239.34897751371625
-660.0601520473506 -257.07247140630085
-655.5528476789852 -274.66517873751275
-650.5701055196014 -292.09974356821505
-645.1237053272956 -309.3584395757407
-639.223254604747 -326.4291655384183
-632.8754568522311 -343.30407479169673
-626.0893972985236 -359.9724225581736
-618.8717551031201 -376.42633737490706
-611.2294713518521 -392.6574395138504
-603.1697271160997 -408.6570830646954
-594.6999223845356 -424.4165171303442
-585.8256749714092 -439.9281485318935
-576.5556254277044 -455.18246179562874
-566.8968873019242 -470.1710973795097
-556.8564260308978 -484.88578828245204
-546.4424211785928 -499.3178601630488
-535.6630773579318 -513.4588912261761
-524.5248403902143 -527.301066941157
-513.0379317036982 -540.8357794026049
-501.20988414673906 -554.0553162871216
-489.04817160178624 -566.9519593295114
-476.56309725509146 -579.5179357920673
-463.7634187236465 -591.745908151986
-450.6574999860617 -603.6286532244235
-437.25398650695735 -615.1590304480645
-423.5633083388898 -626.3303371539604
-409.59487833903285 -637.1360168579603
-395.3582551894851 -647.5697261763826
-380.8631365359437 -657.6253416331143
-366.1187002773353 -667.2966763215238
-351.13530721919136 -676.578143183965
-335.92339570760004 -685.4644623975537
-320.4931499662409 -693.9504519128793
-304.85486011544737 -702.0311705537572
-289.0189159852314 -709.701920688591
-272.99580104454947 -716.9582505067626
-256.79608644600387 -723.7959559544762
-240.43042518438105 -730.211082376603
-223.90954636669824 -736.1999259045854
-207.2441301271805 -741.7588704662718
-190.445046895354 -746.8846675487492
-173.52339632415018 -751.5745997780189
-156.4901518168184 -755.8259814677053
-139.35633559219949 -759.6363814239594
-122.13301355296404 -763.0036234045776
-104.83129023065854 -765.925786490727
-87.46230380024076 -768.4012053848305
-70.0372211563649 -770.4284706462294
-52.56723304330571 -772.0064288744641
-35.06354923007469 -773.1341828483529
-17.537393722022575 -773.811091627444
0 -774.0367706209072
17.537393722022284 -773.811091627444
35.06354923007441 -773.1341828483529
52.56723304330571 -772.0064288744641
70.03722115636465 -770.4284706462294
87.4623038002404 -768.4012053848307
104.83129023065854 -765.925786490727
122.13301355296375 -763.0036234045776
139.35633559219923 -759.6363814239596
156.4901518168184 -755.8259814677053
173.52339632414993 -751.574599778019
190.4450468953538 -746.8846675487493
207.2441301271805 -741.7588704662718
223.909546366698 -736.1999259045855
240.43042518438074 -730.2110823766031
256.79608644600387 -723.7959559544762
272.9958010445491 -716.9582505067629
289.0189159852311 -709.7019206885911
304.85486011544737 -702.0311705537572
320.4931499662407 -693.9504519128793
335.9233957075999 -685.4644623975538
351.13530721919136 -676.578143183965
366.11870027733517 -667.2966763215242
380.8631365359434 -657.6253416331143
395.3582551894851 -647.5697261763826
409.59487833903273 -637.1360168579603
423.5633083388896 -626.3303371539606
437.25398650695735 -615.1590304480645
450.65749998606145 -603.6286532244237
463.76341872364617 -591.7459081519863
476.56309725509146 -579.5179357920673
489.048171601786 -566.9519593295116
501.20988414673906 -554.0553162871216
513.0379317036981 -540.835779402605
524.5248403902141 -527.3010669411573
535.6630773579315 -513.4588912261764
546.4424211785928 -499.3178601630488
556.8564260308978 -484.88578828245204
566.8968873019235 -470.17109737951034
576.5556254277042 -455.1824617956293
585.8256749714093 -439.92814853189344
594.6999223845356 -424.4165171303443
603.1697271160997 -408.6570830646954
611.2294713518521 -392.6574395138504
618.87175510312 -376.42633737490746
626.0893972985235 -359.9724225581741
632.875456852231 -343.30407479169685
639.223254604747 -326.42916553841866
645.1237053272956 -309.3584395757407
650.5701055196014 -292.09974356821505
655.5528476789852 -274.6651787375131
660.0601520473506 -257.07247140630113
664.0779456052007 -239.3489775137168
667.5856396774575 -221.55027336838359
670.5505859759571 -203.80441482359285
672.9787932305436 -186.1941184565069
674.9429680250902 -168.53462214299765
676.4436303563645 -150.83274179346745
677.4800057872219 -133.10023026097258
678.0516315400116 -115.34697387346853
678.1695046650004 -100
677.8005648033942 -79.85942063579571
676.9784578840901 -62.12695055330245
675.6929995589337 -44.427427533570444
673.9453180912413 -26.771400554986325
671.736861718685 -9.170587200416527
626.8262484028198 11.021251916656459
539.8075522975802 30.377270845812273
481.150563241081 44.83190508950828
436.66394208034404 56.41868462773283
392.4121027479579 65.66903310269096
362.14958981754165 73.57880755999338
332.0692136127275 79.9256025755233
302.22734798420765 84.72229969363353
285.9913694917212 90.0650443967844
269.82990348381605 94.61053528491004
253.77174836348271 98.36578753915552
237.84544618108336 101.33879594103531
222.07925374161226 103.53852451658594
206.5011139290272 104.97489546301259
203.4866760786521 109.84695423862837
188.1771745829961 110.12459200853488
185.08710076370548 114.52177775911467
170.12106609632627 113.66997305700154
166.99662445460189 117.60200316344485
152.4469119313357 115.65473426657314
149.32833802439194 119.1342557507412
146.10768943758836 122.54302357660647
132.1918616827267 119.17254588169058
129.02779310031477 122.14629783989511
125.77551864891826 125.04910676402517
122.43726753313685 127.87882526778729
109.4752493451387 122.82612878221546
106.25307278565965 125.24675699088384
102.9582523095911 127.59598763147775
99.5930442878692 129.87205058441063
96.15975285399898 132.07322821051255
92.66072833104828 134.19785693699544
81.33326881569829 127.01662798341044
78.02595102931237 128.77589211873104
74.66528203776085 130.462681586764
71.25356158956745 132.07569423200164
67.79312409278155 133.61368325211595
64.28633702554323 135.07545839669442
60.73559932484923 136.4598871115147
57.14333975458661 137.7658956271516
53.51201525392748 138.99246999080165
49.84410926717635 140.1386570402941
41.73629486514213 130.30593888990995
38.359311242801994 131.17356598850824
34.956094845888074 131.9680813970268
31.52897341269586 132.68885257556124
28.080290922609098 133.33530530335432
24.6124060027541 133.90692425320404
21.127690324963954 134.40325350669005
17.628526994117713 134.82389700978786
14.117308928919716 135.16851896848084
10.596437236190647 135.43684418405135
7.068319579748256 135.6286583277715
3.535368544952602 135.7438081547808
