0 259.19739032550774
-4.179116458304603 259.15827910968017
-8.355374499909917 259.04098105227064
-12.525917651479359 258.84560287988427
-16.6878933251138 258.5723223244033
-20.838454757845433 258.2213879046241
-25.197803731955965 258.93728395205966
-29.353818553033417 258.42549347912956
-33.48975623755084 257.8362159105781
-37.935629497091334 258.291406413394
-42.05912395125066 257.5392624194593
-46.55879435142545 257.811752991078
-50.657608432033136 256.8955038157416
-55.19771216614687 256.9804530168432
-59.77043126915915 256.9632990690785
-63.82634933778815 255.79274335516055
-68.41853750330938 255.58113871720707
-73.0321358116993 255.2629690922272
-77.66317450280121 254.83663633724967
-82.30762615668306 254.30064947287204
-86.96140901018964 253.65362617974645
-91.62039033879032 252.89429417810473
-97.05692167922913 252.9442724463192
-101.74475914661961 251.93533375758705
-107.26262121330859 251.68879189623794
-111.96001522376191 250.423168454965
-117.53739305817813 249.8702412530668
-123.15048972667988 249.14835879614216
-128.79298350344158 248.25474474145807
-134.45845586170293 247.18680838407158
-140.14039752176342 245.9421474674529
-146.86643921103675 245.21775661756254
-153.64636971770244 244.2551946267846
-160.47128279310496 243.05057984830597
-167.33214079801863 241.60030572568692
-174.21978366308252 239.90104490461763
-182.27842732207216 238.4992689982467
-191.5633364061395 237.29673670055664
-199.73337131076107 235.22142682353584
-209.14566726394102 233.2713706727025
-219.84537406874006 231.3426396616953
-230.61947256517234 228.9437814359824
-242.72089703512174 226.41956509140562
-256.18158979163877 223.66013690004453
-271.0280858586053 220.5536039924092
-287.28144386282634 216.98628167085747
-306.28826536609085 213.05114941427738
-328.0972656101191 208.522290529401
-351.39008728682904 203.0358465919255
-380.2611558084028 196.76558371462554
-413.41222167067474 189.19476637853535
-453.64508366180473 180.02242917688298
-503.8109775674231 168.64534125019503
-566.7919955053127 154.1571882612643
-649.7075913503865 135.082877013679
-762.5644434861163 108.95075173306934
-926.7654652640913 70.9685513808655
NaN NaN
NaN NaN
NaN NaN
-1089.6663509586124 -212.23325016775985
-1078.6431830401077 -230.51820560634155
-1068.8460963418474 -252.47180859321293
-1060.8056916789415 -274.5256257804074
-1053.6983404978039 -296.83388518055824
-1047.9201684986124 -319.7175568335479
-1043.2406784661055 -343.1439041893225
-1038.4710502875641 -367.0138702268464
-1034.731497495387 -390.9194102465706
-1030.7051977300257 -415.1334701445945
-1027.5339391555963 -439.48104468816575
-1025.146728582188 -464.0811703450023
-1022.2454443831032 -489.0771276402187
-1019.9993713757597 -514.4535007577743
-1017.1237982515961 -540.2475936816743
-1014.7881736891798 -566.5388068907267
-1012.9286331031288 -593.428584309022
-1010.2809514619744 -620.79904663808
-1009.1779848705298 -649.1241595277658
-1007.1647943536237 -678.017092107421
-1005.3620706053624 -707.7753398797673
-1003.6895124177464 -738.4765484456536
-1002.0625649519511 -770.192617593267
-1000.3925679666353 -802.9894369639243
-985.524898107897 -830.7239925215654
-965.5875825934593 -855.9885293928174
-945.0296360407742 -880.6849814082144
-923.8672082267263 -904.8008848135239
-902.1166352950305 -928.3240647110417
-879.7944751796934 -951.2426575480669
-856.9174902759394 -973.5451422138724
-833.50259043294 -995.2203622005568
-809.5793450055193 -1016.2594696958682
-785.1903541401717 -1036.6592670706007
-760.3451661910142 -1056.4138071101097
-735.0530288807976 -1075.516055751075
-709.3243269112016 -1093.9583065512227
-683.170379101483 -1111.732350780836
-656.6034574625451 -1128.8296741293534
-629.6365990970977 -1145.2415545526583
-602.2836729609118 -1160.9592389918025
-574.5591521788505 -1175.9739546000792
-546.4781858732297 -1190.2770580578342
-518.0564799957782 -1203.8600623876675
-489.3103184410819 -1216.7147492241622
-460.25641115970336 -1228.8331257975337
-430.9119820166095 -1240.207582647587
-401.2946011846979 -1250.8307986917248
-371.4222786565827 -1260.695910918102
-341.31334522728207 -1269.7964495610508
-310.98644337925543 -1278.126381273639
-280.46051037826237 -1285.6801513762687
-249.754735484285 -1292.452681866826
-218.88853163601817 -1298.4393796794711
-187.88152200754345 -1303.6361818975204
-156.7535013145703 -1308.0395430935641
-125.52440751428915 -1311.646424983925
-94.2143116431162 -1314.4543628987187
-62.843378173803934 -1316.461421323217
-31.431845324268537 -1317.66621596522
0 -1318.0679062702552
31.43184532426804 -1317.66621596522
62.84337817380349 -1316.461421323217
94.2143116431162 -1314.4543628987187
125.52440751428857 -1311.646424983925
156.7535013145698 -1308.0395430935641
187.88152200754345 -1303.6361818975204
218.8885316360178 -1298.4393796794711
249.75473548428437 -1292.452681866826
280.46051037826237 -1285.6801513762687
310.986443379255 -1278.126381273639
341.31334522728173 -1269.7964495610508
371.4222786565827 -1260.695910918102
401.29460118469757 -1250.830798691725
430.911982016609 -1240.2075826475873
460.25641115970336 -1228.8331257975337
489.31031844108145 -1216.7147492241625
518.0564799957779 -1203.860062387668
546.4781858732297 -1190.2770580578342
574.5591521788504 -1175.9739546000792
602.2836729609118 -1160.9592389918025
629.6365990970977 -1145.2415545526583
656.6034574625451 -1128.8296741293534
683.170379101483 -1111.732350780836
709.3243269112016 -1093.9583065512227
735.0530288807973 -1075.516055751075
760.3451661910141 -1056.4138071101095
785.1903541401717 -1036.6592670706007
809.5793450055185 -1016.2594696958686
833.5025904329392 -995.2203622005579
856.9174902759394 -973.5451422138724
879.7944751796928 -951.2426575480677
902.1166352950302 -928.3240647110422
923.8672082267261 -904.800884813524
945.029636040774 -880.6849814082146
965.5875825934596 -855.9885293928173
985.524898107897 -830.7239925215654
1000.3925679666353 -802.9894369639243
1002.062564951951 -770.1926175932674
1003.6895124177464 -738.4765484456536
1005.3620706053619 -707.7753398797678
1007.1647943536237 -678.017092107421
1009.1779848705298 -649.1241595277658
1010.2809514619744 -620.79904663808
1012.9286331031288 -593.4285843090221
1014.7881736891801 -566.5388068907263
1017.1237982515961 -540.2475936816743
1019.9993713757592 -514.4535007577755
1022.2454443831032 -489.0771276402187
1025.146728582188 -464.0811703450023
1027.5339391555956 -439.4810446881671
1030.7051977300252 -415.13347014459634
1034.731497495387 -390.9194102465702
1038.4710502875632 -367.01387022684895
1043.2406784661055 -343.1439041893225
1047.9201684986124 -319.7175568335479
1053.6983404978039 -296.83388518055824
1060.8056916789415 -274.5256257804074
1068.8460963418474 -252.47180859321293
1078.6431830401077 -230.51820560634155
1089.6663509586124 -212.23325016775985
NaN NaN
NaN NaN
NaN NaN
926.7654652640915 70.9685513808637
762.5644434861163 108.95075173306934
649.7075913503865 135.082877013679
566.7919955053127 154.1571882612643
503.81097756742315 168.64534125019455
453.64508366180485 180.02242917688284
413.41222167067474 189.19476637853515
380.2611558084028 196.76558371462554
351.39008728682904 203.0358465919255
328.0972656101191 208.522290529401
306.28826536609085 213.05114941427732
287.28144386282634 216.9862816708575
271.0280858586054 220.55360399240908
256.18158979163877 223.66013690004453
242.72089703512174 226.41956509140562
230.61947256517234 228.9437814359824
219.84537406874017 231.3426396616951
209.14566726394105 233.2713706727024
199.73337131076107 235.22142682353575
191.5633364061395 237.29673670055664
182.27842732207216 238.4992689982467
174.21978366308252 239.90104490461763
167.3321407980187 241.6003057256868
160.471282793105 243.05057984830597
153.64636971770244 244.25519462678457
146.86643921103675 245.21775661756254
140.14039752176342 245.9421474674529
134.45845586170293 247.18680838407158
128.7929835034417 248.254744741458
123.15048972667992 249.14835879614142
117.53739305817815 249.87024125306678
111.96001522376191 250.423168454965
107.26262121330859 251.68879189623794
101.74475914661961 251.93533375758705
97.0569216792292 252.94427244631908
91.62039033879034 252.89429417810473
86.96140901018966 253.65362617974645
82.30762615668306 254.30064947287204
77.66317450280121 254.83663633724967
73.0321358116993 255.2629690922272
68.41853750330945 255.58113871720704
63.8263493377882 255.79274335516055
59.770431269159175 256.96329906907846
55.19771216614687 256.9804530168432
50.657608432033136 256.8955038157416
46.55879435142545 257.811752991078
42.05912395125071 257.53926241945925
37.93562949709138 258.291406413394
33.4897562375509 257.8362159105781
29.353818553033417 258.42549347912956
25.197803731955965 258.93728395205966
20.838454757845433 258.2213879046241
16.687893325113844 258.5723223244033
12.525917651479402 258.84560287988427
8.355374499909962 259.04098105227064
4.179116458304603 259.15827910968017
