1764.875 -3548.375 0.0000000000000016841206153256322
-467.125 -3766.625 0.0000000000000019858302501542824
1782.875 -3525.875 0.0000000000000016762179421101063
-910.375 -2901.875 0.0000000000000020410215708054517
-1652.875 -3698.375 0.000000000000001295317645833703
-407.875 -1195.625 0.0000000000000023121967716724894
-891.625 -3006.125 0.0000000000000020553347649299962
1998.875 -3273.125 0.0000000000455865158294132
1812.125 -3495.125 0.0000000000000016509227563504369
-2010.625 -3499.625 0.000000000045111050573866985
-1841.875 -3567.125 0.000000000021966819699085005
1824.125 -3489.125 0.0000000000000016333655572591745
-428.875 -1051.625 0.000000000000002238111792656565
1962.875 -3336.125 0.00000000004527983433561724
-279.625 -3876.125 0.000000000000001957563259025019
912.125 -2887.625 0.000000000000004077079145241163
762.125 -3411.125 0.000000000000004078398562980987
-706.375 -3553.625 0.000000000000002020589881213611
163.625 -3939.125 0.000000000000003888983280643448
2196.875 933.625 0.000000000042362278793928824
126.125 -3954.125 0.000000000000003871883004542905
42.125 -3060.125 0.000000000000001645844650873622
-1816.375 -3729.125 0.00000000004371864257001261
1890.875 -3474.125 0.00000000004450239753301745
-1256.875 -1830.125 0.0000000000000017800057396400596
1355.375 -1395.875 0.0000000000000032753161420138057
-1856.875 -3574.625 0.0000000000000029385340808512926
265.625 -2088.875 0.0000000000000014692431665079717
1639.625 -3697.625 0.000000000000002608304265685775
-2081.125 -3165.125 0.000000000022935245893383443
720.875 -3913.625 0.0000000000000027934340312727424
-1466.125 -3819.125 0.0000000000000013226970594841876
1596.875 -3976.625 0.00000000004141046071865567
374.375 -3827.375 0.0000000000000039493483428007225
-1633.375 -3697.625 0.0000000000000013070170647357429
-748.375 -3462.125 0.0000000000000020354700138408063
-2486.125 -1637.375 0.000000000026058223659019534
147.875 -2598.875 0.000000000000001609318732211497
-843.625 -3154.625 0.0000000000000020546352463925425
-1115.875 -3995.375 0.00000000000000132766843055234
1322.375 -1555.625 0.000000000000003382439678936863
-204.625 -2328.875 0.0000000000000030803616291034674
202.625 -3916.625 0.0000000000000038939410974471634
-317.875 -1865.375 0.000000000000002792848874528301
-1906.375 -3443.375 0.000000000022341309610260895
-2492.875 -1602.875 0.000000000026073319386885494
269.375 -2071.625 0.0000000000000014638484900013507
-2096.125 -3153.125 0.00000000002292348109913306
-1187.875 -2088.875 0.000000000000001859809257747345
-1473.625 -3815.375 0.0000000000000013238145415189835
-851.125 -3971.375 0.0000000000000013678046797105583
-1812.625 -3495.125 0.0000000000000033018455127008702
1845.125 -3504.125 0.0000000000000015722377694289831
1266.125 -1797.875 0.0000000000000035404630173827482
1722.875 -3783.125 0.00000000004259255526581767
-556.375 -3811.625 0.0000000000000014474682290310299
404.375 -3693.875 0.000000000000003001701005192842
496.625 -3758.375 0.000000000000002943608594769477
-182.875 -3927.875 0.0000000000000019457745758768595
-544.375 -3798.875 0.0000000000000014512883660156397
1847.375 -3556.625 0.00000000004399901596495752
1791.875 -3768.875 0.000000000021711795385812144
2027.375 -3494.375 0.00000000002252753606059989
-1808.875 -3498.875 0.0000000000000033094697319776244
616.625 -3862.625 0.0000000000000028484403142726893
2061.125 -3185.375 0.00000000004586575378519992
-580.375 -3831.125 0.0000000000000014375712137937023
1864.625 -3654.875 0.00000000002213544836288268
1023.875 -2547.125 0.000000000000003949388134244974
114.125 -2825.375 0.0000000000000016448756025094569
-1193.125 -2072.375 0.0000000000000018552479448280456
-404.875 -1212.125 0.0000000000000023237830390646136
-40.375 -3221.375 0.0000000000000016299550268876427
-662.125 -3906.125 0.0000000000000014072306450767249
31.625 -3998.375 0.0000000000000038455330924700065
1818.875 -3493.625 0.0000000000000016417951233163725
1828.625 -3486.125 0.0000000000000016245940462955998
1809.125 -3498.875 0.0000000000000016547348659888122
756.875 -3428.375 0.000000000000004076229365709431
1857.125 -3570.125 0.0000000000000014746043050590105
1209.125 -2022.875 0.00000000000000368284238940534
-1300.375 -1683.125 0.0000000000000017355647538749103
-749.125 -3931.625 0.000000000000001391496792632259
-405.625 -1272.875 0.000000000000002369615590273982
408.875 -1256.375 0.0000000000000011789820297778088
-1661.875 -3880.625 0.000000000020995333086748734
177.125 -2432.375 0.000000000000001567108528455397
-2487.625 -1781.375 0.000000000025681484800794038
1275.875 -1764.875 0.0000000000000035207999487971314
1068.125 963.625 0.00000000008699507315841424
-1834.375 -3700.625 0.00000000004393276562039945
-193.375 -3483.125 0.0000000000000015761848795695811
1029.875 -2530.625 0.000000000000003942222257188129
1857.875 -3597.125 0.0000000000000014426631021268377
603.125 -3855.875 0.0000000000000028603270769882314
-1247.125 -3955.625 0.0000000000000013175011278797728
1193.375 -2072.375 0.000000000000003710495889656091
-1954.375 -3537.875 0.00000000004503185422262974
1932.125 -3393.875 0.00000000004496785789966061
-465.625 -3740.375 0.0000000000000014818428265121548
-181.375 -2415.125 0.000000000000003125564484417828
-297.625 -3871.625 0.000000000000001964554681502519
294.125 -1968.875 0.0000000000000014305816425206585
-1741.375 -3578.375 0.0000000000000033793761449961504
-1030.375 -2530.625 0.0000000000000019711111285940657
-1828.375 -3486.125 0.0000000000000032491880925911996
1784.375 -3674.375 0.00000000004326944063794018
-79.375 -2961.875 0.0000000000000032974924568013743
-1611.625 -3955.625 0.000000000020768452696660118
-1948.375 -3544.625 0.000000000044999574399738966
141.125 -3388.625 0.0000000000000031953979773123176
-1822.375 -3719.375 0.00000000004379079637403056
-717.625 -3536.375 0.00000000000000202203141483485
-1882.375 -3628.625 0.00000000004445911984319783
1137.875 -2236.625 0.000000000000003799269676911405
-155.125 -2473.625 0.0000000000000031484179782417063
1858.625 -3535.625 0.000000000044127217191280104
-1067.125 -2433.125 0.0000000000000019486811387170863
-1518.625 -3774.875 0.0000000000000013239171873062989
-1506.625 -3787.625 0.0000000000000013241921894958932
-1772.125 -3696.125 0.00000000002156684451187833
-1663.375 -3965.375 0.000000000041964205399826454
1733.375 -3591.125 0.0000000000000016908213456186506
580.625 -3831.125 0.0000000000000028751424275874046
-1627.375 -3742.625 0.00000000000000336687818602543
1858.625 -3631.625 0.000000000000001405866225801636
-1655.875 -3696.875 0.0000000000000012925494520374547
466.625 -3766.625 0.000000000000003971660500308565
-2275.375 914.875 0.00000000008185955250780193
-992.125 -2628.875 0.000000000000001991916937402971
2031.875 -3222.875 0.00000000004577911541516271
1759.625 -3819.125 0.000000000021522115390235983
-521.875 -3721.625 0.0000000000000019891158730086767
1656.125 -3975.875 0.000000000020943970388501125
-1590.625 -3719.375 0.0000000000000013194045437260522
434.375 -3714.125 0.0000000000000029802740856553433
1722.875 -3604.625 0.000000000000001691538350597949
-1324.375 -3920.375 0.0000000000000013186951165108769
1487.375 -3802.625 0.0000000000000026472020849364716
1652.375 -3698.375 0.0000000000000025906348449397022
-2004.625 -3264.125 0.000000000022811954690069778
-1676.125 -3858.875 0.000000000021061444302250587
2154.125 710.125 0.00000000006049005480948202
1937.375 -3384.125 0.000000000045022365521391946
-150.625 -2490.875 0.0000000000000031565072603334383
1647.875 -3902.375 0.00000000004185950158433926
-1286.125 -1731.875 0.000000000000001750507029308637
-669.625 -3594.125 0.0000000000000020109477008057623
-1279.375 -3942.125 0.0000000000000013171475204809657
378.875 -1470.125 0.0000000000000012551621566296347
920.375 -2830.625 0.000000000000004055462844648378
-1726.375 -3870.875 0.00000000004265854696561163
-752.875 -3444.875 0.000000000000002036854079989587
-1735.375 -3761.375 0.0000000000213636773287116
1941.875 -3551.375 0.000000000022481854513021452
-321.625 -1848.875 0.0000000000000027813289830684594
-1614.625 -3705.125 0.0000000000000013140363754104662
1821.125 -3491.375 0.0000000000000016376131751577886
-118.375 -2775.125 0.0000000000000032764640347698187
-1856.875 -3570.125 0.0000000000000029492081892538255
-728.875 -3501.875 0.000000000000002025475331134539
-32.875 -3203.375 0.000000000000001631456283633353
-1901.125 -3453.125 0.00000000002231152120087137
1855.625 -3565.625 0.0000000000000014759187358126797
847.625 -3138.875 0.000000000000004107846319712258
-695.125 -3559.625 0.0000000000000020137070246128557
909.875 1000.375 0.00000000009079271991939228
1754.375 -3728.375 0.000000000042930872791875465
1647.125 -3715.625 0.0000000000000016867910227066717
989.375 -3995.375 0.0000000000000026808937161413545
1255.625 -1875.875 0.0000000000000035975169522325204
-2497.375 -1586.375 0.00000000002606735144948673
706.625 -3909.125 0.000000000000002804200925340152
1740.125 -3849.875 0.00000000002140662092752345
960.125 989.125 0.00000000008962351367291312
1281.125 -1748.375 0.00000000000000351093171367875
-148.375 -2552.375 0.0000000000000031931118356578863
-917.125 -2858.375 0.0000000000000020333789564896744
-382.375 -1514.375 0.0000000000000025456433670119332
-342.625 -1701.875 0.0000000000000026757645294593864
1854.875 -3549.125 0.0000000000000014972992178470247
1834.625 -3488.375 0.0000000000000016094302363484222
-430.375 -3786.125 0.0000000000000019779343983051692
-1256.125 -1875.875 0.0000000000000017987584761162602
-1055.125 -2465.375 0.0000000000000019563255854458796
735.125 -3922.625 0.00000000000000278813524762695
297.875 -1951.625 0.000000000000001424944361726012
-1229.875 -3964.625 0.000000000000001319308926531611
1563.125 -3742.625 0.0000000000000026459046650791612
-1935.625 -3558.125 0.00000000004492454842353581
2020.625 -3239.375 0.000000000045724228380970597
1828.625 -3710.375 0.000000000021931095791585723
-1261.375 -1813.625 0.000000000000001775126456990042
-1802.125 -3642.125 0.000000000021735432070440252
-1699.375 -3912.875 0.00000000004234886720654188
-1836.625 -3488.375 0.0000000000000032093916985131297
2493.125 -1602.875 0.00000000005214663877377099
1605.875 -3771.875 0.0000000000000016792843661041053
-1646.875 -3715.625 0.0000000000000033735845497209166
-1176.625 -2121.875 0.0000000000000018688542756138655
-1180.375 -3981.875 0.0000000000000013228687018049187
-1746.625 -3840.125 0.000000000042890418913954595
136.625 -2637.125 0.0000000000000016156742343989473
-1327.375 -1539.125 0.0000000000000016861295449492594
-821.875 -3957.875 0.0000000000000013717616930398784
1665.125 -3702.875 0.0000000000000025648180998753466
1957.625 -3345.875 0.000000000045230784212643516
-641.125 -3628.625 0.0000000000000020082969679456296
1854.125 -3541.625 0.0000000000000015079727867203138
1488.875 -3923.375 0.0000000000000016589057246756409
2104.625 -3147.875 0.00000000004582550097979591
405.875 -1272.875 0.000000000000001184807795136991
1785.125 -3778.625 0.00000000002167424514407526
1055.375 -2465.375 0.0000000000000039126521059968904
-2067.625 963.625 0.00000000008976406079790999
2497.625 -1837.625 0.000000000050871564194983065
193.625 -3483.125 0.0000000000000031523697591391623
1426.625 -3851.375 0.0000000000000026429304838693774
-368.125 -1581.875 0.0000000000000025930514176590008
-1856.125 -3565.625 0.0000000000000029518374716253595
-1295.125 -1699.625 0.0000000000000017405562361560288
-1182.625 -2105.375 0.0000000000000018643440901849854
-1519.375 -3887.375 0.000000000000003328763267226235
2055.125 -3192.875 0.000000000045855698628005494
117.875 -2791.625 0.000000000000001640722339412479
390.125 -3679.625 0.000000000000003010658891468891
1947.875 -3364.625 0.000000000045128218111077324
-1858.375 -3611.375 0.0000000000000028536281340920875
1846.625 -3505.625 0.0000000000000015671331278795526
2074.625 -3171.875 0.00000000004587394463471481
2018.375 -3496.625 0.00000000002254421733274045
2489.375 -1619.375 0.000000000052141733083289836
-998.125 -2612.375 0.000000000000001988570203717345
-1160.125 -2170.625 0.0000000000000018822190322129093
-639.625 -3881.375 0.000000000000001414480825919307
1893.875 -3611.375 0.000000000022288461604157738
-972.625 -2677.625 0.0000000000000020016615150139912
1796.375 -3652.625 0.00000000004340361427661768
-104.125 -3327.125 0.000000000000001610645159381204
1858.625 -3616.625 0.0000000000000014215555600251619
-608.125 -3651.125 0.00000000000000200043728117935
-652.375 -3893.375 0.0000000000000014110894294208632
-1978.375 -3308.375 0.000000000022709925234826993
1973.375 -3317.375 0.000000000045374666980245357
1098.875 -2379.125 0.0000000000000038833064448575564
1230.125 -1957.625 0.00000000000000364532552583524
-356.875 -1632.875 0.0000000000000026285299906482663
1942.625 -3374.375 0.00000000004507599061223484
-897.625 -2976.125 0.0000000000000020517515529123498
881.375 -3979.625 0.000000000000002722834338772871
2043.125 -3207.125 0.000000000045823640642146724
1641.125 -3996.875 0.00000000002086817021032858
-820.375 -3251.375 0.000000000000002056680238857081
1245.875 -1908.125 0.000000000000003616750989923794
399.875 -1368.125 0.0000000000000012197043701514967
-1535.125 -3762.875 0.0000000000000013239147502703667
-398.875 -1307.375 0.0000000000000023929741727789487
807.875 -3273.125 0.000000000000004100828595804001
-195.625 -2363.375 0.000000000000003098815014682173
-1635.625 -3700.625 0.0000000000000013065505757161256
-1911.625 -3432.875 0.00000000002237061794285112
-1733.875 -3591.125 0.000000000000003381642691237273
-1648.375 -3902.375 0.00000000002092975079216963
1331.375 -1522.625 0.00000000000000336204792501758
-293.875 -1968.875 0.000000000000002861162404376912
508.625 -3771.875 0.0000000000000029354660525032307
-1796.125 -3652.625 0.00000000002170180713830884
-1331.875 -1522.625 0.00000000000000168102396250879
-1502.125 -3909.875 0.0000000000000033261507429540534
200.375 -2346.125 0.0000000000000015448230059686531
1017.875 -2563.625 0.0000000000000039564638316213495
839.375 -3171.125 0.000000000000004110486387921825
1399.625 -3870.875 0.000000000000002640178454396255
-1859.125 -3647.375 0.0000000000000027806476699118128
449.375 -3727.625 0.0000000000000029717950194652624
-147.625 -2598.875 0.000000000000003218637464422994
-1729.375 -3771.875 0.000000000021330068445314954
-375.625 -1486.625 0.0000000000000025221813322415223
-806.875 -3954.875 0.0000000000000013766930064706548
1583.375 -3726.875 0.000000000000002641449451030503
2002.625 -3502.625 0.000000000022562171080214167
-1235.125 -1941.125 0.000000000000001817919934113372
-1856.875 -3579.125 0.0000000000000029278677114255454
-1439.125 -3978.875 0.0000000000000033064946936274867
532.625 -3792.125 0.00000000000000291498313855375
257.375 -2123.375 0.0000000000000014799140418158104
-265.375 -2088.875 0.000000000000002938485721610817
1285.625 -1731.875 0.000000000000003501014058617274
321.875 -1848.875 0.0000000000000013906644915342297
-337.375 -1779.875 0.000000000000002734712353425532
-960.625 989.125 0.00000000004481175683645656
-1931.875 -3393.875 0.000000000022483928949830303
-231.625 -2226.125 0.0000000000000030219221700082113
-419.125 -3707.375 0.0000000000000014964182826858263
273.875 -2054.375 0.0000000000000014583809202484218
-706.375 -3909.125 0.000000000000001402100462670076
185.375 -3465.875 0.000000000000003159353982628149
-1739.875 -3849.875 0.00000000004281324185504689
-374.125 -3827.375 0.0000000000000019746741714003613
1857.875 -3601.625 0.0000000000000014373688139799417
-333.625 -1797.125 0.0000000000000027464365745983522
318.125 -3621.125 0.0000000000000030617333735241307
-1571.875 -3733.625 0.0000000000000013219153084482034
-1575.625 -3735.125 0.0000000000000013220033715222483
2195.375 -3105.875 0.00000000004542458639157228
-353.875 -1650.125 0.0000000000000026403505851990745
972.875 -3996.125 0.0000000000000026887692812841814
1947.875 -3544.625 0.00000000002249978719986947
1235.375 -1941.125 0.000000000000003635838232412997
-346.375 -1684.625 0.0000000000000026639749344388427
-1574.125 -3818.375 0.000000000000003350609045053787
-156.625 -3423.125 0.0000000000000015916993883384867
767.375 -3394.625 0.000000000000004080362204226686
248.375 -2157.125 0.0000000000000014904311832182382
-1890.625 -3474.125 0.000000000022251198766508705
375.125 -1548.125 0.0000000000000012846913565762444
68.375 -3984.875 0.000000000000003863427555053594
-1628.875 -3701.375 0.0000000000000013092479486512913
-1651.375 -3694.625 0.0000000000000012959231588209052
-1962.625 -3336.125 0.0000000000226399171678086
-1947.625 -3364.625 0.000000000022564109055538662
-74.875 -2997.125 0.0000000000000032995640296746197
1670.375 -3954.875 0.000000000021020368400091663
-1766.125 -3706.625 0.000000000021533230048157236
1589.375 -3987.125 0.00000000004134789758667462
-776.875 -3360.875 0.000000000000002041881953140131
2010.125 -3499.625 0.000000000022555525286933502
985.625 -2644.625 0.000000000000003990433276314146
-521.875 -3778.625 0.0000000000000014615184626099347
1858.625 -3663.875 0.00000000002210274265987326
-938.875 -2771.375 0.0000000000000020203714522899365
2481.875 -1686.125 0.000000000051960252352117304
-269.875 -2071.625 0.0000000000000029276969800027014
1766.375 -3706.625 0.00000000004306646009631447
-96.625 -2901.875 0.000000000000003297468317743885
-1589.875 841.375 0.00000000003665225607427876
49.625 -3042.125 0.0000000000000016461809753360219
29.375 -3096.125 0.000000000000001644942863466174
933.125 -2812.625 0.000000000000004059685585617012
-2054.875 -3192.875 0.000000000022927849314002747
-1858.375 -3535.625 0.000000000022063608595640052
1778.375 -3684.875 0.000000000043201543515839054
1214.375 -2007.125 0.000000000000003673530763595811
-137.125 -2637.125 0.0000000000000032313484687978953
-1844.125 -3497.375 0.000000000000003157408048950696
-1655.125 -3891.125 0.000000000020962442644025036
2484.125 -1755.875 0.000000000051555492342674474
-1691.875 -3923.375 0.00000000004227160151327567
2004.875 -3264.125 0.00000000004562390938013958
79.625 -2961.875 0.0000000000000016487462284006917
1819.625 -3609.875 0.00000000004367052909620297
481.625 -3746.375 0.00000000000000295145443882835
-839.125 -3171.125 0.0000000000000020552431930550576
-252.625 -3549.875 0.0000000000000015532435658380189
1741.625 -3750.125 0.00000000004279523702908556
-1593.625 -3720.875 0.0000000000000013192901691193709
-1754.125 -3728.375 0.000000000021465436395937732
-1836.625 -3578.375 0.000000000021934010141299206
-1815.625 -3492.125 0.0000000000000032940057168080187
1658.375 -3695.375 0.0000000000000025794513680271294
-2481.625 -1697.375 0.000000000025953940943299226
290.375 -1985.375 0.000000000000001436199413338837
-399.625 -1368.125 0.0000000000000024394087403029934
-132.625 -2718.125 0.0000000000000032644257353631
-1709.875 -3804.875 0.00000000002122873201836844
2482.625 -1676.375 0.00000000005200285342978315
240.125 -2191.625 0.0000000000000015007841612763479
1713.875 -3618.875 0.0000000000000016920295988915836
309.875 -1899.875 0.0000000000000014078924039694193
-1634.125 -3736.625 0.000000000000003371057813880321
1740.875 -3578.375 0.0000000000000016896871069282028
116.375 -2808.875 0.0000000000000016428831041693234
-989.125 -3995.375 0.0000000000000013404468875743703
-1804.375 -3748.625 0.000000000043572295917104035
1219.625 -1990.625 0.000000000000003664176543617173
408.125 -1195.625 0.0000000000000011560983858362447
429.125 -1051.625 0.0000000000000011190558963282824
-69.625 -3015.125 0.000000000000003299824554097351
-281.875 -2019.875 0.000000000000002894695177374317
-248.875 -2157.125 0.0000000000000029808623664364704
503.375 -3736.625 0.000000000000003976069235094114
1968.125 -3327.125 0.00000000004532783276000114
-1696.375 -3826.625 0.000000000021161651099037538
1978.625 -3308.375 0.00000000004541985046965401
-1137.625 -2236.625 0.0000000000000018996348384557022
748.625 -3462.125 0.0000000000000040709403562967025
1701.125 -3636.125 0.000000000000001691690617596267
-1801.375 -3504.125 0.0000000000000033258679947215567
1849.625 -3514.625 0.0000000000000015464093953264793
684.125 -3906.125 0.000000000000002806457044370897
-777.625 -3943.625 0.0000000000000013839497194650951
-761.875 -3411.125 0.0000000000000020391992814904933
-912.625 -2887.625 0.0000000000000020385395726205816
1858.625 -3636.875 0.0000000000000014006679929024012
-1741.375 -3750.125 0.00000000002139761851454278
1590.125 841.375 0.00000000007330451214855752
-2059.375 -3492.875 0.0000000000448700949906176
-911.125 -3986.375 0.000000000000001355328239356289
1818.125 -3489.125 0.0000000000000016430068076188155
1442.375 -3837.125 0.0000000000000026428185649406186
2481.875 -1708.625 0.000000000051851564640018034
-1917.625 -3579.875 0.00000000004478975047439234
1857.125 -3574.625 0.0000000000000014692668385155548
1740.125 806.875 0.00000000006959146774419289
763.625 -3935.375 0.0000000000000027726640374945147
226.625 -2243.375 0.0000000000000015159780375082191
1518.875 -3887.375 0.000000000000001664383003977304
1011.125 -2580.125 0.000000000000003963449751108094
135.875 -2669.375 0.0000000000000016227411600220045
1766.375 -3809.375 0.000000000021560390980440972
1663.625 -3965.375 0.000000000020982102699913227
-767.875 -3394.625 0.0000000000000020401809747760516
1779.125 -3789.125 0.00000000002163647858210362
568.625 -3823.625 0.000000000000002887499505792038
1067.375 -2433.125 0.000000000000003897362277434169
792.875 -3947.375 0.000000000000002757791666573606
-107.125 -3964.625 0.0000000000000019345499141679054
-798.625 -3306.125 0.0000000000000020499476601743502
866.375 -3973.625 0.000000000000002726264224184068
-1793.125 -3515.375 0.0000000000000033390578086407058
1590.125 -3795.125 0.0000000000000016771970426175606
-1782.625 -3525.875 0.0000000000000033524362782060368
-411.625 -3800.375 0.0000000000000019768941947221657
-1967.125 -3525.875 0.00000000004508430083141471
-836.875 -3964.625 0.0000000000000013697262454856373
1548.125 -3852.125 0.0000000000000016700347263206133
-1808.125 -3631.625 0.000000000021768679537366184
-2489.125 -1619.375 0.000000000026070866541644918
-2494.375 -1822.625 0.000000000025503184938828852
-1457.125 -3957.875 0.0000000000000033076682379169618
-1664.875 -3691.625 0.0000000000000033788709521608472
-12.625 -3177.125 0.0000000000000016370738159119284
-1791.625 -3768.875 0.00000000004342359077162426
314.375 -1882.625 0.0000000000000014021657254219326
2368.625 893.875 0.00000000003933450870274043
77.375 -2979.875 0.0000000000000016493449781081747
-260.875 -2106.125 0.0000000000000029491873284186165
1857.125 -3583.625 0.0000000000000014586063441640864
-404.125 -3693.875 0.000000000000001500850502596421
-344.875 -1746.125 0.00000000000000271121369704595
1917.875 -3579.875 0.00000000002239487523719618
-389.125 -1419.125 0.0000000000000024748122417482657
-2495.125 -1594.625 0.000000000026071053634808837
-908.125 -2916.125 0.0000000000000020433923747831317
1457.375 -3957.875 0.0000000000000016538338021982088
465.875 -3740.375 0.0000000000000029636856530243095
-1813.375 -3620.375 0.000000000021802203908417678
1974.125 -3520.625 0.000000000022551834100158167
-119.875 -2758.625 0.0000000000000032714952034575865
-497.125 -3758.375 0.0000000000000014718044261101264
-926.875 -3987.125 0.000000000000001350991243256083
-2107.375 -3500.375 0.000000000044483603390247525
75.875 -3283.625 0.000000000000003239819929516202
1600.625 -3714.125 0.000000000000002635541990229241
183.125 -3927.875 0.000000000000003891548595107915
-98.875 -2884.625 0.0000000000000032947892686594774
1.625 -3141.125 0.0000000000000016392791963781566
937.625 -2784.875 0.000000000000004047324531312625
393.125 -1401.875 0.000000000000001231498311867734
-20.125 -3195.125 0.0000000000000016357618838921228
1899.875 -3603.125 0.000000000022316590272995774
-144.625 -3949.625 0.000000000000001943179235718269
945.875 -2742.125 0.000000000000004027839613756116
-2002.375 -3502.625 0.00000000004512434216042833
-2036.875 -3492.875 0.00000000004500918318647667
-2483.875 -1656.125 0.000000000026035324957711477
1126.625 -2268.875 0.0000000000000038163156694470626
1371.125 -3890.375 0.000000000000002637555869336946
-1132.375 949.375 0.000000000042665610676805406
-1634.125 -3923.375 0.000000000020864666967886398
389.375 -1419.125 0.0000000000000012374061208741329
345.875 -1684.625 0.0000000000000013319874672194213
1760.375 -3717.875 0.00000000004299866592627468
1627.625 -3742.625 0.0000000000000016834403846908367
1993.625 -3281.375 0.0000000000455474173521984
-1858.375 -3663.875 0.000000000044205485319746504
-235.375 -2208.875 0.0000000000000030117958590924145
-103.375 -2850.125 0.0000000000000032885750218193728
1451.375 -3832.625 0.000000000000002645596791700965
-209.125 -2311.625 0.0000000000000030709581000012926
285.875 -2002.625 0.0000000000000014417843430670221
1677.875 -3944.375 0.000000000021058751111145602
-1994.875 -3506.375 0.000000000045129464011298645
371.375 -1565.375 0.0000000000000012906078436729863
-1770.625 -3539.375 0.0000000000000033638316926652046
2037.125 -3215.375 0.00000000004580284365974885
-95.125 -2919.125 0.000000000000003299837355128437
2106.875 -3500.375 0.00000000002224180169512372
1800.875 -3504.125 0.0000000000000016629339973607783
-1910.125 1000.375 0.00000000009658414590005853
-1126.375 -2268.875 0.0000000000000019081578347235313
2175.125 -3117.125 0.00000000004548762248101381
1876.625 -3636.875 0.000000000022198904546497634
1852.625 -3531.125 0.000000000000001523935254804239
729.125 -3501.875 0.000000000000004050950662269078
1719.875 -3881.375 0.00000000002129055349550478
-292.375 -3590.375 0.0000000000000015392520400456424
-1230.625 -1957.625 0.00000000000000182266276291762
-159.625 -2457.125 0.0000000000000031401287469275077
-1589.875 -3795.125 0.000000000000003354393410790251
-2491.375 -1611.125 0.00000000002607335114220845
1983.875 -3299.375 0.000000000045464080587060925
-863.125 -3102.875 0.0000000000000020578965880696246
-503.125 -3736.625 0.0000000000000019880345296795084
1698.875 -3912.875 0.000000000021174433603270943
-2482.375 -1731.125 0.00000000002585908825665309
-137.125 -2621.375 0.000000000000003223584827920246
2010.125 -3255.875 0.00000000004565928470960282
177.875 -3448.625 0.000000000000003166125316739473
159.875 -2457.125 0.0000000000000015700643734637539
1858.625 -3647.375 0.0000000000000013903237961269554
1824.875 -3599.375 0.0000000000437367213800185
-910.375 1000.375 0.00000000004539635995969614
-31.375 -3998.375 0.0000000000000019227661081465218
-1240.375 -1924.625 0.000000000000001813156380417566
-149.125 -3405.875 0.0000000000000015947660107751606
190.625 -2380.625 0.000000000000001553931472007729
-803.125 -3289.625 0.0000000000000020502277538257717
1857.125 -3579.125 0.0000000000000014639339524465322
831.875 -3203.375 0.000000000000004112290664075212
1855.625 -3561.125 0.0000000000000014812639207016695
-75.625 -3283.625 0.0000000000000016199095930192
1935.875 -3558.125 0.000000000022462274211767905
1686.875 -3654.875 0.0000000000000016907729689146127
-146.875 -2507.375 0.0000000000000031648880956187687
873.125 -3056.375 0.000000000000004108716834088456
276.875 -3582.125 0.000000000000003090509505200558
-185.125 -3465.875 0.0000000000000015796769913140745
-920.125 -2843.375 0.0000000000000020307071610423944
1613.375 -3764.375 0.000000000000001681728178021505
1829.375 -3490.625 0.000000000000001623282833209445
1619.375 -3945.125 0.000000000041600586786566186
-1669.375 -3870.125 0.000000000021028195600097733
2500.625 -1851.875 0.0000000000507281915423895
-1225.375 -1974.125 0.0000000000000018273859906188135
1858.625 -3626.375 0.0000000000000014110809031571545
-374.125 -3672.875 0.0000000000000015116186333234786
2490.875 -1611.125 0.00000000005214670228441689
-2168.125 -3500.375 0.000000000044090541410986686
218.375 -2277.875 0.0000000000000015258632169770739
1279.625 -3942.125 0.0000000000000026342950409619314
-1023.625 -2547.125 0.000000000000001974694067122487
-35.875 -3078.125 0.0000000000000032909156197440397
-1336.375 -1506.875 0.0000000000000016759012714978207
1858.625 -3642.125 0.0000000000000013954869624263923
-1659.625 -3699.875 0.00000000000000128904843482428
1665.125 -3691.625 0.0000000000000016894354760804242
1836.875 -3493.625 0.0000000000000016033384180421618
-147.625 -2537.375 0.000000000000003183950841000441
1196.375 933.625 0.000000000083659106003725
-218.125 -2277.875 0.0000000000000030517264339541497
-2018.875 -3496.625 0.0000000000450884346654809
240.125 -3900.125 0.000000000000003910547280121376
1132.625 949.375 0.00000000008533122135361081
859.625 -3118.625 0.000000000000004117750770179796
-1468.375 869.875 0.000000000038219283586730587
1614.875 -3705.125 0.0000000000000026280722439435777
216.125 -3508.625 0.00000000000000313358529974081
1465.625 -3819.125 0.0000000000000026453953788012
195.875 -2363.375 0.0000000000000015494075073410896
1042.625 -2498.375 0.00000000000000392760445694776
-2132.125 949.375 0.00000000008718355974462249
-1817.875 -3489.125 0.0000000000000032860147950420603
-348.625 -1728.875 0.000000000000002699430965886832
-2468.125 869.875 0.0000000000754604948484358
-290.125 -1985.375 0.000000000000002872398826677674
-808.375 -3273.125 0.0000000000000020504142979020005
1648.625 -3986.375 0.00000000002090598759557947
-2499.625 -1578.875 0.000000000026060629384857076
-50.125 -3988.625 0.000000000000001924323621347788
-68.875 -3265.625 0.000000000000001621886213063411
-1899.625 -3603.125 0.00000000004463318054599154
92.375 -2936.375 0.0000000000000016509516005715424
1641.125 -3912.875 0.000000000041793999515855854
-1308.625 -1604.375 0.0000000000000017064177923051695
1662.125 -3880.625 0.00000000004199066617349749
-1911.625 -3587.375 0.0000000000447397443121878
-1857.625 -3601.625 0.000000000000002874737627959883
-1854.625 -3545.375 0.000000000000003005277009638498
-1781.125 -3522.875 0.000000000000003353922819397328
-792.625 -3947.375 0.0000000000000013788961460842604
-1304.875 -1666.625 0.0000000000000017305536776606827
2112.875 -3141.875 0.00000000004579490095892159
-2144.875 -3127.625 0.000000000022822506481466868
201.875 -3500.375 0.0000000000000031450611199981245
1536.125 -3865.625 0.0000000000000016657882017833147
2158.625 -3122.375 0.00000000004557281586469055
-1164.625 -3984.125 0.0000000000000013223915602200517
1311.125 -3926.375 0.0000000000000026345096215518195
-1670.875 -3954.875 0.00000000004204073680018331
-1830.625 -3588.875 0.00000000002190138792608663
870.875 -3071.375 0.0000000000000041113124126255094
-1383.625 -3884.375 0.0000000000000013204978762893177
-978.625 -2661.125 0.000000000000001998468465894323
1887.875 -3619.625 0.00000000002225943113812354
-1661.875 -3699.125 0.0000000000000012861142337118232
-1067.875 -3998.375 0.0000000000000013311341152428655
-724.375 -3519.125 0.000000000000002023689369843844
99.125 -2884.625 0.000000000000001647394634329739
291.875 -3590.375 0.0000000000000030785040800912873
1746.875 -3840.125 0.000000000021445209456977304
382.625 -1514.375 0.0000000000000012728216835059666
-1659.625 -3695.375 0.000000000000003376037966324857
227.375 -3525.125 0.000000000000003126024168783471
-1960.375 989.125 0.00000000009432825931351259
-116.125 -2808.875 0.0000000000000032857662083386467
1539.875 -3762.875 0.0000000000000026486101024939804
131.375 -2734.625 0.000000000000001635040752319092
-1600.375 -3714.125 0.0000000000000013177707303832728
-1853.875 -3537.875 0.0000000000000030266006401498672
1763.375 -3546.875 0.000000000000001684573556226391
1733.375 -3860.375 0.000000000021367969043166385
-1797.625 -3758.375 0.00000000004349820939227119
364.625 -1599.125 0.0000000000000013024398457637976
1468.625 869.875 0.00000000007643856717346117
1752.875 -3829.625 0.000000000021483714490672532
-1805.875 -3503.375 0.0000000000000033168694527427636
-2483.125 -1743.125 0.000000000025820233250703163
2010.875 977.125 0.00000000004607856194264689
1326.875 -1539.125 0.0000000000000033722590898985204
382.625 -1452.875 0.0000000000000012492380618626117
-305.875 -1917.125 0.000000000000002827192478094469
-1776.625 -3531.125 0.0000000000000033589999356161895
1702.625 -3815.375 0.00000000004239001667804898
-2087.875 -3496.625 0.00000000004464340829627506
1635.125 -3700.625 0.000000000000002613102594451572
-1819.375 -3609.875 0.000000000021835264548101485
1608.875 -3710.375 0.0000000000000026317261924965414
1354.625 -3902.375 0.0000000000000026389195565284598
-1750.375 -3567.875 0.0000000000000033762991273241963
1807.625 -3631.625 0.00000000004353735907473237
-318.625 -3621.125 0.0000000000000015308664113469216
706.625 -3553.625 0.000000000000004041179762427222
-828.625 -3219.125 0.00000000000000205642520866519
-356.125 -3832.625 0.0000000000000019677853328648707
1847.375 -3507.875 0.0000000000000015619969311295728
-1667.125 -3702.875 0.0000000000000012793272855648302
1960.625 989.125 0.000000000047164129656756294
392.375 -1341.125 0.0000000000000012081918903956416
-1290.625 -1715.375 0.000000000000001745536648161708
121.625 -2742.125 0.0000000000000016331243447108468
-532.375 -3792.125 0.000000000000001457491569276875
-1664.875 -3702.875 0.000000000000001282409259778114
2132.375 949.375 0.000000000043591779872311245
1840.625 -3690.875 0.000000000022001226434447073
-1100.125 -3995.375 0.000000000000001327728346927833
1906.625 -3443.375 0.00000000004468261922052179
1627.625 -3698.375 0.0000000000000026194086321284733
2131.625 -3503.375 0.00000000002214549770577039
-1706.125 -3902.375 0.000000000042426230516095714
-1847.125 -3556.625 0.00000000002199950798247876
132.875 -2718.125 0.0000000000000016322128676815506
-386.125 -1435.625 0.000000000000002486638831401599
-240.625 -3900.125 0.000000000000001955273729601277
1980.875 -3515.375 0.00000000002255942137494323
657.125 -3611.375 0.000000000000004018906848087885
540.125 -3705.875 0.000000000000003980436534112898
991.625 -2628.875 0.000000000000003983833874805942
-2485.375 -1767.875 0.000000000025731524819994845
1197.125 -3975.125 0.000000000000002641187350087875
1852.625 -3528.125 0.0000000000000015292313144361102
-1603.375 -3716.375 0.0000000000000013176076548368757
-2067.625 -3178.625 0.00000000002293616445224388
-2015.125 -3247.625 0.000000000022846448845660647
1676.375 -3672.875 0.0000000000000016901899424935086
1305.125 -1666.625 0.0000000000000034611073553213654
-114.625 -2825.375 0.000000000000003289751514501337
136.625 -2621.375 0.0000000000000016117923745915648
1896.125 -3463.625 0.00000000004456327991644512
360.125 -3658.625 0.0000000000000030320165074409263
2468.375 869.875 0.00000000003773024742421791
-590.875 -3667.625 0.0000000000000019992939285234716
-392.125 -3813.875 0.000000000000001975863591160577
-1828.375 -3710.375 0.000000000043862191583171446
-1581.625 -3997.625 0.000000000020643089550981302
1309.625 -1650.125 0.000000000000003451069740266879
-2481.625 -1708.625 0.000000000025925782320009017
-375.625 -1548.125 0.0000000000000025693827131524888
261.125 -2106.125 0.0000000000000014745936642093108
1870.625 -3645.875 0.000000000022167517652716512
-1355.875 -1395.875 0.0000000000000016376580710069029
-1488.625 -3923.375 0.0000000000000033178121183334167
305.375 -3605.375 0.000000000000003070168942713266
-1753.375 -3829.625 0.000000000042967428981345045
-1778.875 -3684.875 0.00000000002160077175791952
-1442.125 -3837.125 0.0000000000000013214089664287514
-1370.875 -3890.375 0.000000000000001318777934668473
-1622.125 -3702.875 0.000000000000001311742092911664
-1942.375 -3374.375 0.000000000022537995306117417
-1958.125 -3345.875 0.00000000002261539210632176
794.375 -3322.625 0.000000000000004099025318622704
1850.375 -3517.625 0.000000000000001541168923422474
147.875 -2537.375 0.0000000000000015919754205002208
972.125 -2677.625 0.000000000000004003323030027989
591.125 -3667.625 0.000000000000003998587857046943
1787.375 -3518.375 0.0000000000000016733873868260109
556.625 -3811.625 0.0000000000000028949364580620598
-860.125 -3118.625 0.000000000000002058875429796617
-2491.375 -1808.375 0.00000000002556634436277237
-126.625 -3954.125 0.0000000000000019359415022714526
1816.625 -3729.125 0.000000000021859321285006306
1143.875 -2220.125 0.00000000000000379065250188878
1911.875 -3587.375 0.000000000022369872156093902
-1271.125 -1781.375 0.0000000000000017653224239110235
-1640.875 -3996.875 0.00000000004173634042065715
-1823.875 -3489.125 0.000000000000003266731114518349
-2499.625 -1851.875 0.00000000002536409577119475
-739.375 -3467.375 0.0000000000000020286621013826374
1198.625 -2055.875 0.000000000000003701325133344333
-1616.875 -3707.375 0.0000000000000013137366663483508
1590.875 -3719.375 0.0000000000000026388090874521052
-931.375 -2826.875 0.000000000000002032848796653139
2096.375 -3153.125 0.00000000004584696219826612
1851.875 -3525.125 0.0000000000000015345127347002205
-264.625 -3566.375 0.0000000000000015492800024657514
-1988.875 -3290.375 0.0000000000227534553709414
-286.375 -2002.625 0.0000000000000028835686861340442
-1927.375 -3403.625 0.00000000002245627165276566
1905.875 -3595.625 0.000000000022343751059059275
1854.125 -3537.875 0.0000000000000015133003200749338
-112.375 -2842.625 0.000000000000003293447792066126
1838.375 -3493.625 0.0000000000000015984996578261878
-1863.625 -3525.125 0.000000000022095590557956498
1813.625 -3620.375 0.000000000043604407816835357
1261.625 -3951.125 0.000000000000002637183655396067
-41.875 -3060.125 0.000000000000003291688562967083
-22.375 -3114.875 0.0000000000000032883844665473408
1114.625 -2301.875 0.000000000000003833100372898685
1559.375 -3741.875 0.000000000000002645550158253749
1438.625 -3978.875 0.0000000000000016532473468137434
374.375 -3672.875 0.0000000000000030232372666469557
-756.625 -3428.375 0.0000000000000020381146828547155
1564.625 -3828.875 0.00000000000000167193773615996
-881.125 -3979.625 0.0000000000000013614174643230812
-684.625 -3906.125 0.0000000000000014032284238218057
1696.625 -3826.625 0.000000000042323302198075075
1854.875 -3545.375 0.000000000000001502638504819249
368.375 -1581.875 0.0000000000000012965257088295004
-915.625 -2872.625 0.0000000000000020360551086451585
-2195.125 -3105.875 0.000000000022712293195786145
-1748.125 -3739.625 0.000000000021431642546553785
1079.375 -2400.125 0.0000000000000038817436235324655
-1691.125 -3652.625 0.00000000000000338326378393226
209.375 -2311.625 0.0000000000000015354790500006463
1149.125 -2203.625 0.0000000000000037819738684240976
734.375 -3484.625 0.000000000000004054158814231158
-178.375 -3448.625 0.0000000000000015830626583697358
1085.375 -2383.625 0.0000000000000038738217042632244
998.375 -2612.375 0.000000000000003977140407434687
1676.375 -3858.875 0.0000000000421228886045012
2088.125 -3496.625 0.000000000022321704148137474
2067.875 -3178.625 0.00000000004587232890448777
1841.375 -3495.125 0.0000000000000015886857143409718
-1682.875 -3848.375 0.000000000021094875794399097
1952.375 -3354.875 0.00000000004517998658790211
-2482.375 -1676.375 0.000000000026001426714891575
1848.125 -3510.125 0.0000000000000015568194857113764
-626.125 -3875.375 0.0000000000000014203937510217783
-1644.625 -3698.375 0.0000000000000013011841689681838
-227.875 -3525.125 0.0000000000000015630120843917355
-1010.875 977.125 0.00000000004421353731958298
-2042.875 -3207.125 0.00000000002291182032107337
1960.625 -3531.875 0.000000000022530110304074554
181.625 -2415.125 0.0000000000000015627822422089144
1884.875 -3483.875 0.000000000044441053755131854
186.125 -2397.875 0.0000000000000015583903930902934
120.125 -2758.625 0.0000000000000016357476017287942
-1196.875 933.625 0.0000000000418295530018625
-2074.375 -3171.875 0.000000000022936972317357407
411.125 -3800.375 0.0000000000000039537889047233876
-298.375 -1951.625 0.000000000000002849888723452016
-1563.625 -3742.625 0.0000000000000013229520443731488
-1309.375 -1650.125 0.0000000000000017255348701334395
-68.125 -3984.875 0.000000000000001931713777526797
1854.875 -3552.875 0.0000000000000014919554074094618
-1885.375 -3483.875 0.000000000022220526877565917
-2196.625 933.625 0.00000000008472455758785765
2049.125 -3199.625 0.000000000045841315054696836
1335.875 -1506.875 0.0000000000000033518025429956414
83.375 -3300.875 0.000000000000003235571520633566
147.125 -2568.125 0.0000000000000016007877119796785
1147.625 -3989.375 0.000000000000002649934839836795
-2482.375 -1686.125 0.000000000025980126176058652
1036.625 -2514.875 0.000000000000003934955851259755
2494.625 629.125 0.0000000000000032656994037523746
-325.375 -1831.625 0.0000000000000027697739183227686
-940.375 -2757.875 0.0000000000000020169862183977493
-1604.125 -3966.125 0.000000000020736633377863063
-112.375 -3345.125 0.0000000000000016082068492398043
-1197.625 -3975.125 0.0000000000000013205936750439375
-434.875 -3714.125 0.0000000000000014901363553995218
1271.375 -1781.375 0.0000000000000035306431564364135
-825.625 -3234.875 0.0000000000000020565975688105196
1470.875 -3944.375 0.0000000000000016579268407039133
1810.625 -3738.875 0.000000000021822894992522655
-216.625 -3508.625 0.000000000000001566792649870405
-101.125 -2867.375 0.000000000000003291829442151348
-2026.375 -3231.125 0.000000000022876445907950407
54.875 -3257.375 0.0000000000000032530744700361064
127.625 -3379.625 0.0000000000000032058131122286565
1341.125 -3909.125 0.0000000000000026354951892383264
936.125 -2798.375 0.00000000000000405372347923222
1989.125 -3290.375 0.0000000000455069107418828
1923.875 -3572.375 0.000000000022418674511027645
-1880.125 -3494.375 0.00000000002218991463493427
-1937.125 -3384.125 0.000000000022511182760695973
-985.375 -2644.625 0.000000000000001995216638157073
1662.125 -3699.125 0.000000000000002572229313223737
-1426.375 -3851.375 0.0000000000000013214649276689857
235.625 -2208.875 0.0000000000000015058979295462088
1668.875 -3870.125 0.000000000042056391200195466
2167.625 -3500.375 0.000000000022045270705493343
836.375 -3186.875 0.000000000000004111488804580832
-409.375 -1256.375 0.0000000000000023579640595556175
-1539.625 -3762.875 0.0000000000000013243059492128203
1643.375 -3694.625 0.000000000000002603430929076618
828.875 -3219.125 0.00000000000000411285041733038
-1703.125 -3815.375 0.00000000002119500833902449
1424.375 -3991.625 0.000000000000001649296149682619
2072.375 -3494.375 0.00000000002238504902167586
1659.125 -3699.875 0.0000000000000025780968696485593
136.625 -2606.375 0.0000000000000016077747715253052
-1020.625 -3997.625 0.000000000000001335745862141128
-402.625 -1290.125 0.0000000000000023812856025114062
-378.625 -1470.125 0.0000000000000025103243132592693
894.875 -2991.125 0.000000000000004107239031473129
-2027.875 -3494.375 0.00000000004505507212119977
1260.875 -1859.375 0.000000000000003587843708879684
2133.125 -3132.125 0.00000000004570689471513084
807.125 -3954.875 0.0000000000000027533854084796363
1655.375 -3696.875 0.0000000000000025850980305227904
-2047.375 -3492.875 0.00000000004494850249393009
1750.625 -3567.875 0.0000000000000016881495636620981
112.625 -2842.625 0.0000000000000016467239527078965
-1523.875 -3774.125 0.0000000000000013244683675687807
345.875 -3643.625 0.000000000000003040707288268746
-221.125 -3912.125 0.000000000000001954072999030099
-213.625 -2295.125 0.0000000000000030614371179067383
908.375 -2916.125 0.000000000000004086784749566266
147.125 -2522.375 0.0000000000000015872707283343915
118.625 -2775.125 0.0000000000000016382320173849094
939.875 -2757.875 0.000000000000004033971965356523
-1790.125 -3663.875 0.00000000002166817040141495
-1061.125 -2448.875 0.000000000000001952526237922784
1911.875 -3432.875 0.00000000004474123588570224
-866.875 -3087.125 0.00000000000000205682289781122
1293.875 -3936.875 0.0000000000000026368877201995902
-1772.875 -3798.875 0.0000000000431970390114418
353.375 -1650.125 0.0000000000000013201756604873891
221.375 -3912.125 0.000000000000003908145998060198
-1605.625 -3771.875 0.00000000000000335856939671462
1188.125 -2088.875 0.00000000000000371961851549469
-392.125 -1341.125 0.0000000000000024163837807912832
150.125 -2490.875 0.0000000000000015782536301667187
-1214.875 -2007.125 0.0000000000000018367653817979017
1611.875 -3955.625 0.00000000004153690539332024
399.125 -1307.375 0.0000000000000011964870863894743
-1858.375 -3636.875 0.0000000000000028013360802840887
-1115.125 -2301.875 0.0000000000000019165501864493386
-1714.375 -3618.875 0.0000000000000033840613314525203
1910.375 1000.375 0.000000000048292072950029266
900.875 -2960.375 0.0000000000000040996833788580645
2494.625 -1822.625 0.00000000005100636987765771
-1487.125 -3802.625 0.0000000000000013236013548130161
1667.375 -3702.875 0.0000000000000025586545711296605
396.125 -1384.625 0.0000000000000012255974842226502
1604.375 -3966.125 0.00000000004147326675572613
-5.875 -3159.125 0.000000000000001638215139930002
-1583.125 -3726.875 0.0000000000000013207244490171391
-2482.375 -1719.875 0.00000000002589429321149712
882.125 -3009.875 0.000000000000004099725585302772
2025.875 -3231.125 0.000000000045752891815900815
-895.375 -2991.125 0.0000000000000020536195157365662
-1778.875 -3789.125 0.000000000043272957164207227
-791.125 -3339.125 0.000000000000002048967321314092
1634.375 -3736.625 0.0000000000000016855289069401616
1230.125 -3964.625 0.0000000000000026386178530632225
-1596.625 -3976.625 0.000000000020705230359327835
1104.875 -2363.375 0.000000000000003875268656533935
911.375 -3986.375 0.000000000000002710656478712578
1368.125 893.875 0.00000000007907517529926808
-336.625 -3846.125 0.0000000000000019667326079389997
279.125 -3876.125 0.000000000000003915126518050038
-831.625 -3203.375 0.0000000000000020561453570811134
-1852.375 -3672.875 0.00000000004413888743190157
624.125 -3634.625 0.000000000000004003384440321221
252.875 -3549.875 0.0000000000000031064871316760413
1857.875 -3588.125 0.0000000000000014532852834531491
-1918.375 764.875 0.00000000003272884431035624
777.875 -3943.625 0.0000000000000027678994389301902
2489.375 -1794.125 0.00000000005125510346275
47.375 -3239.375 0.0000000000000032566890453910674
-2113.375 -3141.875 0.000000000022897450479460793
-2158.375 -3122.375 0.000000000022786407932345276
260.375 -3888.125 0.000000000000003912788087358296
1843.625 -3497.375 0.0000000000000015787038252771453
1629.125 -3701.375 0.0000000000000026184949192236567
1842.875 -3495.875 0.000000000000001583716270657684
669.125 -3594.125 0.000000000000004021895401611525
-1658.125 -3695.375 0.0000000000000012897258975434038
592.625 -3843.125 0.0000000000000028679758150380015
-1105.375 -2363.375 0.0000000000000019376350132631746
1593.875 -3720.875 0.0000000000000026385803382387433
2145.125 -3127.625 0.000000000045645012962933735
776.375 -3360.875 0.00000000000000408376390628026
-346.375 -3643.625 0.000000000000001520353644134373
771.875 -3377.375 0.0000000000000040822221751345054
2122.625 -3137.375 0.000000000045754934459290544
803.375 -3289.625 0.000000000000004100455507651543
1954.625 -3537.875 0.00000000002251592711131488
-2061.625 -3185.375 0.000000000022932876892599957
-1855.375 -3556.625 0.0000000000000029732201214654695
857.375 -3134.375 0.000000000000004119501331268008
-92.875 -2936.375 0.0000000000000033019032011430848
1857.875 -3611.375 0.0000000000000014268140670460441
1683.125 -3848.375 0.00000000004218975158879821
-857.125 -3134.375 0.0000000000000020597506846998608
-449.125 -3771.875 0.000000000000001979048517283892
20.375 -3195.125 0.000000000000003271523767784247
147.125 -2507.375 0.0000000000000015824441430500033
2058.875 -3492.875 0.0000000000224350474953088
1602.875 -3716.375 0.000000000000002635215309673752
-593.125 -3843.125 0.0000000000000014339879075189994
-1739.875 806.875 0.0000000000347957338720965
2484.125 -1656.125 0.00000000005207064991542294
-1857.625 -3583.625 0.0000000000000029172125032341608
1275.125 914.875 0.0000000000815640116510182
1987.625 -3510.875 0.000000000022563683344906215
147.125 -2583.125 0.0000000000000016051185461926037
277.625 -2037.125 0.0000000000000014528772237294312
6.125 -3159.125 0.000000000000003276430279860004
-1559.125 -3741.875 0.0000000000000013227750791268736
1575.875 -3735.125 0.000000000000002644006743044496
-2487.625 -1628.375 0.00000000002606579314990961
-603.625 -3855.875 0.0000000000000014301635384941157
-273.625 -2054.375 0.0000000000000029167620496459408
1710.875 -3619.625 0.0000000000000016916218865723287
448.625 -3771.875 0.00000000000000395809651625117
-573.625 -3684.125 0.000000000000001998170634275992
-1067.875 963.625 0.00000000004349753657920711
724.625 -3519.125 0.000000000000004047378739687688
-1858.375 -3616.625 0.0000000000000028431113750680305
-763.375 -3935.375 0.0000000000000013863320187472573
-239.875 -2191.625 0.0000000000000030015683225526765
-1876.375 -3636.875 0.00000000004439780909299526
-317.125 -3858.875 0.0000000000000019656144180193036
1826.375 -3487.625 0.000000000000001629009377075054
662.375 -3906.125 0.0000000000000028144612901534486
8.375 -3123.125 0.0000000000000016401671474536133
939.125 -2771.375 0.000000000000004040742904579873
-1655.875 -3975.875 0.000000000041887940777002244
1100.375 -3995.375 0.0000000000000026554565838470042
40.625 -3221.375 0.0000000000000032599100537752853
1713.125 -3891.875 0.000000000021251827929455177
-873.625 -3056.375 0.0000000000000020543584170442277
1851.125 -3522.125 0.0000000000000015397771926679878
-481.375 -3746.375 0.0000000000000014757273501462965
1647.875 -3696.125 0.000000000000002597169223898055
-945.625 -2742.125 0.0000000000000020139198068780627
-2088.625 -3159.125 0.000000000022931278331944316
134.375 -2685.125 0.0000000000000016259736720576664
-1700.875 -3636.125 0.0000000000000033833834474713544
2275.625 914.875 0.000000000040929776253900964
1839.875 -3494.375 0.0000000000000015936248076593576
213.875 -2295.125 0.0000000000000015307185589533691
-252.625 -2139.875 0.0000000000000029703811131618793
341.375 -1762.625 0.0000000000000013614859369718534
1155.125 -2187.125 0.0000000000000037732365267041845
-1784.875 -3674.375 0.000000000021634720318970096
683.375 -3576.875 0.0000000000000040244298138271104
-1564.375 -3828.875 0.0000000000000033438782270702804
-2153.875 710.125 0.00000000003024502740474101
-1987.375 -3510.875 0.00000000004512736668981243
-937.375 -2784.875 0.0000000000000020236622656563104
-1952.875 -3354.875 0.000000000022589993293951053
75.125 -2997.125 0.0000000000000016497821221208117
-191.125 -2380.625 0.000000000000003107862944015458
-1664.125 -3698.375 0.0000000000000012831114593487425
1314.125 -1633.625 0.0000000000000034410142839204335
-1733.125 -3860.375 0.000000000042735938086332757
1633.625 -3923.375 0.00000000004172933393577279
222.875 -2260.625 0.0000000000000015209492948279399
1051.625 -4000.625 0.000000000000002669122727313609
965.375 -2693.375 0.000000000000004009611664719823
69.125 -3265.625 0.0000000000000032437720684754662
-222.625 -2260.625 0.000000000000003041898422835416
1846.625 -3681.875 0.000000000022035592180794037
1967.375 -3525.875 0.000000000022542150415707356
-1209.625 -2022.875 0.00000000000000184142119470267
317.375 -3858.875 0.000000000000003931228836038607
-1858.375 -3606.875 0.0000000000000028641710608097542
1083.125 -3998.375 0.0000000000000026617794348811784
2487.875 -1628.375 0.0000000000521315862998192
-341.125 -1762.625 0.0000000000000027229718739437068
-1973.875 -3520.625 0.00000000004510366820031632
-557.125 -3699.875 0.0000000000000019969124827599327
-2020.375 -3239.375 0.000000000022862114190485305
1790.375 -3663.875 0.00000000004333634080282992
430.625 -3786.125 0.0000000000000039558687966103384
-1916.875 -3423.125 0.00000000002239932358756073
-1760.125 -3717.875 0.00000000002149933296313734
-1923.625 -3572.375 0.00000000004483734902205529
1617.125 -3707.375 0.0000000000000026274733326967015
-163.375 -3939.125 0.0000000000000019444918294886543
-785.875 -3355.625 0.0000000000000020483579341034347
-1609.375 -3710.375 0.000000000000001315863096248271
958.625 -2709.875 0.000000000000004015802582090719
50.375 -3988.625 0.000000000000003848647242695576
1549.625 -3752.375 0.0000000000000026471538493951517
1803.875 -3748.625 0.000000000021786147958552018
-1111.375 -2346.875 0.0000000000000019335796632347883
-118.375 -2791.625 0.000000000000003281444678824958
-1858.375 -3626.375 0.0000000000000028221614731149414
-1627.375 -3698.375 0.0000000000000013097043160642368
2491.625 -1808.375 0.00000000005113268872554481
-1689.625 -3837.125 0.000000000021128184718716937
-485.875 -3751.625 0.000000000000001986873852252651
-277.375 -3582.125 0.000000000000001545254752600279
156.125 -3423.125 0.000000000000003183400145689002
-1810.375 -3738.875 0.00000000004364578998504529
-1451.125 -3832.625 0.000000000000001322798080713477
1879.625 -3494.375 0.00000000004437982926986854
1805.375 -3503.375 0.0000000000000016584347263713824
2499.875 -1578.875 0.000000000052121258769714126
825.125 -3234.875 0.000000000000004113195137621041
-1083.625 -3998.375 0.0000000000000013308897008027986
-359.875 -3658.625 0.000000000000001516007693131771
-1262.125 -3951.125 0.0000000000000013185918276980335
-382.375 -1452.875 0.0000000000000024984761237252235
2483.375 -1665.875 0.000000000052039579534184636
1691.375 -3652.625 0.00000000000000169163160732762
21.875 -3114.875 0.0000000000000016441922332736708
94.625 -2919.125 0.0000000000000016499186775642177
302.375 -1934.375 0.0000000000000014192806110210926
1670.375 -3707.375 0.0000000000000025509569441662688
-1017.625 -2563.625 0.0000000000000019782319158106747
-47.125 -3239.375 0.0000000000000016283445226955337
-794.875 -3322.625 0.0000000000000020495126593113528
-1826.125 -3487.625 0.000000000000003258018754150108
-1004.125 -3998.375 0.0000000000000013395209661728182
862.625 -3102.875 0.000000000000004115793176139254
1622.375 -3702.875 0.0000000000000026234851811786947
231.125 -2226.125 0.0000000000000015109610850041056
-396.625 -1384.625 0.0000000000000024511949684453005
-1589.125 -3987.125 0.00000000002067394879333731
1651.625 -3694.625 0.0000000000000025918454335386045
1709.375 -3804.875 0.0000000000424574640367369
694.625 -3559.625 0.000000000000004027414632289887
-146.875 -2568.125 0.000000000000003201575423959356
330.875 -3636.125 0.0000000000000030530994703576316
1689.875 -3837.125 0.000000000042256369437433874
915.125 -2872.625 0.000000000000004072110217290322
749.375 -3931.625 0.0000000000000027829935852645165
-260.125 -3888.125 0.0000000000000019563940436791493
2495.375 -1594.625 0.000000000052142107269617674
-2485.375 -1646.375 0.000000000026048097597200104
-83.875 -3300.875 0.000000000000001617785760316783
1115.375 -3995.375 0.00000000000000265533686110468
957.875 -3992.375 0.000000000000002690947240617732
-278.125 -2037.125 0.000000000000002905754237281836
-1710.625 -3619.625 0.0000000000000033832459171428585
1901.375 -3453.125 0.00000000004462304240174274
-449.875 -3727.625 0.0000000000000014858975097326324
-1079.125 -2400.125 0.0000000000000019408718117662327
1410.875 -3864.875 0.00000000000000264336990885236
-395.875 -1323.875 0.0000000000000024046720448948552
325.625 -1831.625 0.0000000000000013848869591613843
1073.375 -2416.625 0.0000000000000038895918584410135
-952.375 -2726.375 0.0000000000000020109371176929574
-350.125 -1667.375 0.00000000000000265216608746065
2481.875 -1697.375 0.00000000005190788188659847
264.875 -3566.375 0.000000000000003098560004931503
1299.875 -1683.125 0.0000000000000034711295077498206
1668.875 -3702.875 0.000000000000002552433322674255
1776.125 -3531.125 0.0000000000000016794999678080947
-1424.125 -3991.625 0.000000000000003298592299365238
-392.875 -1401.875 0.0000000000000024629963734756973
1881.875 -3628.625 0.000000000022229559921598915
-1855.375 -3552.875 0.0000000000000029839110524535955
-1171.375 -2137.625 0.0000000000000018733370385522418
1853.375 -3534.875 0.0000000000000015186187193222614
-371.875 -1565.375 0.0000000000000025812156873459727
1261.625 -1813.625 0.000000000000003550252913980084
521.375 -3778.625 0.0000000000000029230369252198694
2486.375 -1637.375 0.00000000005211644731803907
-1322.875 -1555.625 0.0000000000000016912198394684315
-1999.375 -3273.125 0.0000000000227932579147066
1574.375 -3818.375 0.0000000000000016753045225268935
1212.875 -3972.125 0.0000000000000026425701092865753
-63.625 -3033.125 0.000000000000003299676430410356
-2123.125 -3137.375 0.00000000002287746722964528
-29.875 -3096.125 0.0000000000000032898857269323395
1165.625 -2154.125 0.000000000000003755584597734554
-1648.375 -3696.125 0.0000000000000012985846119490274
-1719.625 -3881.375 0.00000000004258110699100954
978.875 -2661.125 0.000000000000003996936931788644
-1120.375 -2285.375 0.000000000000001912370629567609
1290.875 -1715.375 0.000000000000003491073296323416
-1313.875 -1633.625 0.0000000000000017205080259824085
-90.625 -3318.875 0.0000000000000016155477711657674
-1085.125 -2383.625 0.0000000000000019369108521316154
811.625 -3256.625 0.0000000000000041010250252734086
-1715.875 -3793.625 0.000000000021262589046762738
-1099.375 -2379.125 0.000000000000001941653901253969
-1868.875 -3515.375 0.000000000022127090307604093
-879.625 -3025.625 0.0000000000000020514799910216316
2015.375 -3247.625 0.00000000004569289769132129
-2031.625 -3222.875 0.000000000022889557707581354
-2483.125 -1665.875 0.000000000026019789767092325
-959.125 -2709.875 0.0000000000000020079012910453593
237.875 -3542.375 0.0000000000000031182427639953875
1844.375 -3502.625 0.0000000000000015773062755802962
-1759.375 -3819.125 0.00000000004304423078047196
-2489.125 -1794.125 0.000000000025627551731375004
395.375 -1323.875 0.0000000000000012023360224474497
1518.875 -3774.875 0.0000000000000026478343746125978
-135.625 -2653.625 0.00000000000000323837164531805
573.125 -3684.125 0.000000000000003996341268551984
-1973.125 -3317.375 0.000000000022687333490122662
1659.875 -3695.375 0.0000000000000016880189831624285
-202.375 -3500.375 0.0000000000000015725305599990623
-310.375 -1899.875 0.000000000000002815785725840295
1506.875 -3787.625 0.0000000000000026483843789917863
-1154.875 -2187.125 0.0000000000000018866177087859935
-1929.625 -3564.875 0.00000000004488235120361076
-2368.375 893.875 0.00000000007866901740548087
1182.125 -2105.375 0.000000000000003728688180369971
1918.625 764.875 0.00000000006545768862071248
-2048.875 -3199.625 0.000000000022920657527348418
391.625 -3813.875 0.000000000000003951727182321154
345.125 -1746.125 0.000000000000001355606848522975
-848.125 -3138.875 0.000000000000002053923159856129
1793.375 -3515.375 0.0000000000000016695289043203527
1929.875 -3564.875 0.000000000022441175601805385
876.125 -3040.625 0.000000000000004105903351161382
1791.875 -3512.375 0.0000000000000016704069430310845
-2494.375 629.125 0.0000000000000016328497018761873
-1787.125 -3518.375 0.0000000000000033467751548839503
1772.375 -3696.125 0.00000000004313368902375666
-2497.375 -1837.625 0.00000000002543578209749153
-2484.625 -1755.875 0.00000000002577774617133723
1830.875 -3588.875 0.000000000043802775852173254
-1143.625 -2220.125 0.000000000000001895326796863585
-127.375 -3379.625 0.000000000000001602906126108068
917.375 -2858.375 0.000000000000004066757390569012
1633.625 -3697.625 0.000000000000002614034606740478
1572.125 -3733.625 0.0000000000000026438306168964067
1324.625 -3920.375 0.0000000000000026373902330217538
149.375 -3405.875 0.000000000000003189532021550321
-932.875 -2812.625 0.000000000000002029842792808503
790.625 -3339.125 0.000000000000004097934642628179
-389.875 -3679.625 0.0000000000000015053294457344455
-1.375 -3141.125 0.0000000000000032785592660181093
-721.375 -3913.625 0.0000000000000013967170156363712
-1042.375 -2498.375 0.00000000000000196380222847388
329.375 -1814.375 0.0000000000000013790653620564042
2483.375 -1743.125 0.000000000051640466501406424
897.125 -2976.125 0.000000000000004103503105824699
402.125 -1290.125 0.0000000000000011906428012557031
-360.625 -1616.375 0.000000000000002616706588862374
851.375 -3971.375 0.0000000000000027356093594211165
-49.375 -3042.125 0.00000000000000329236099770308
1035.875 -3999.125 0.000000000000002670212863011191
1874.375 -3504.875 0.00000000004431739876774757
903.125 -2946.125 0.000000000000004095537925080796
-2132.875 -3132.125 0.000000000022853447357565402
-935.875 -2798.375 0.00000000000000202686173961611
-2104.375 -3147.875 0.000000000022912750489897963
-81.625 -2944.625 0.000000000000003295990660354922
626.375 -3875.375 0.0000000000000028407875020435566
2067.875 963.625 0.00000000004488203039895499
-866.125 -3973.625 0.0000000000000013631319246462034
891.125 -3006.125 0.000000000000004110669905863501
-1148.875 -2203.625 0.0000000000000018909869342120488
1834.625 -3700.625 0.000000000021966382810199727
-203.125 -3916.625 0.000000000000001946970823951391
-1470.625 -3944.375 0.0000000000000033158505068477256
1848.875 -3512.375 0.0000000000000015516267471410978
1869.125 -3515.375 0.000000000044254180615208205
2088.875 -3159.125 0.00000000004586255666388863
1995.125 -3506.375 0.000000000022564732005649326
1857.875 -3592.625 0.0000000000000014479671578250537
-1036.375 -3999.125 0.0000000000000013351064315055954
-1829.125 -3490.625 0.000000000000003246565142727214
-1368.625 893.875 0.00000000003953758764963404
-1722.625 -3783.125 0.00000000002129627763290883
-941.875 -3991.625 0.0000000000000013496359892054663
867.125 -3087.125 0.00000000000000411364579562244
1852.625 -3546.125 0.00000000004406296635107198
1644.875 -3698.375 0.0000000000000026023683379363675
-1640.875 -3912.875 0.000000000020896999757927927
836.375 -3964.625 0.0000000000000027394524909712747
69.875 -3015.125 0.0000000000000016499122770486755
1501.625 -3909.875 0.000000000000001663075371477028
-2072.125 -3494.375 0.00000000004477009804335172
-1355.125 -3902.375 0.0000000000000013194600581674473
-1313.125 -1588.625 0.0000000000000017013612082364295
12.125 -3177.125 0.0000000000000032741470051328327
-302.125 -1934.375 0.0000000000000028385612220421853
-305.125 -3605.375 0.0000000000000015350844713566334
1664.375 -3698.375 0.000000000000002566222918697485
1010.375 977.125 0.00000000008842707463916596
318.125 -1865.375 0.0000000000000013964244372641504
87.125 -3974.375 0.0000000000000038663617948672036
-1712.875 -3891.875 0.00000000004250365585891034
2485.625 -1767.875 0.00000000005146304963998973
-364.375 -1599.125 0.0000000000000026048796915275864
1692.125 -3923.375 0.000000000021135800756637845
-1961.125 -3531.875 0.000000000045060220608149095
1842.125 -3567.125 0.000000000043933639398170016
906.125 -2930.375 0.000000000000004091335486585535
879.875 -3025.625 0.000000000000004102959982043263
-1967.875 -3327.125 0.00000000002266391638000057
-314.125 -1882.625 0.0000000000000028043305297993783
1822.625 -3719.375 0.00000000002189539818701529
-1858.375 -3621.875 0.000000000000002832621895673729
-1132.375 -2253.125 0.0000000000000019039126020612176
1061.375 -2448.875 0.000000000000003905053420217354
-1677.625 -3944.375 0.00000000004211750222229118
-131.125 -2734.625 0.0000000000000032700815046381824
557.375 -3699.875 0.0000000000000039938249655198654
-200.125 -2346.125 0.0000000000000030896464545081143
-1051.375 -4000.625 0.0000000000000013345613636568045
-1763.125 -3546.875 0.0000000000000033691471124527792
348.875 -1728.875 0.0000000000000013497151156611079
-896.125 -3981.125 0.0000000000000013568715833662371
-1853.125 -3546.125 0.00000000002203148317553599
-957.625 -3992.375 0.0000000000000013454734274717926
1224.875 -1974.125 0.000000000000003654771981237627
752.375 -3444.875 0.000000000000004073708159979193
1716.125 -3793.625 0.00000000004252517809352548
-1613.125 -3764.375 0.0000000000000033634589863731203
-508.375 -3771.875 0.0000000000000014677331532892205
1247.375 -3955.625 0.0000000000000026350022557595464
2481.875 -1719.875 0.000000000051788586422994246
404.375 -1212.125 0.0000000000000011618915195323068
-1411.375 -3864.875 0.00000000000000132168495442618
337.625 -1779.875 0.000000000000001367356176712767
-657.625 -3611.375 0.0000000000000020094531385542548
1921.625 -3413.375 0.000000000044855934634776295
1473.875 -3815.375 0.0000000000000026476290830379678
1131.875 -2253.125 0.000000000000003807825204122435
910.625 -2901.875 0.000000000000004082043585499372
-1870.375 -3645.875 0.000000000044335035305433005
-1857.625 -3592.625 0.0000000000000028959344841767007
360.875 -1616.375 0.000000000000001308353294431187
164.375 -2439.875 0.000000000000001565848727636592
1020.125 -3997.625 0.0000000000000026714915351999566
-1825.375 -3599.375 0.000000000021868360690009253
-1980.625 -3515.375 0.00000000004511884274988646
90.125 -3318.875 0.000000000000003231095542331535
-1212.625 -3972.125 0.0000000000000013212852491122298
1004.375 -3998.375 0.0000000000000026790417863598277
112.625 -3345.125 0.000000000000003216413698479608
-1676.125 -3672.875 0.0000000000000033803769360698686
927.125 -3987.125 0.000000000000002701982581372498
639.875 -3881.375 0.000000000000002828961651838614
-1266.625 -1797.875 0.0000000000000017702315086913741
342.125 -1701.875 0.0000000000000013378817826809355
1313.375 -1588.625 0.000000000000003402722416472859
-164.875 -3440.375 0.0000000000000015885212529410436
-1318.375 -1572.125 0.0000000000000016962932762985205
1110.875 -2346.875 0.0000000000000038671593264695765
-616.375 -3862.625 0.0000000000000014242205977981164
297.125 -3871.625 0.000000000000003929109363005038
1067.375 -3998.375 0.000000000000002662268242815125
-1983.625 -3299.375 0.000000000022732040293530462
-1073.125 -2416.625 0.0000000000000019447959292205087
1802.375 -3642.125 0.000000000043470864140880504
-1109.125 -2318.375 0.0000000000000019206951949193046
1797.875 -3758.375 0.000000000021749104696135605
132.875 -2701.625 0.0000000000000016290749799935064
333.125 -1797.125 0.0000000000000013732182872991761
738.875 -3467.375 0.000000000000004057324202765274
1203.875 -2039.375 0.000000000000003692107235838082
-1785.625 -3778.625 0.00000000004334849028815052
786.125 -3355.625 0.0000000000000040967158682068695
104.375 -3327.125 0.000000000000003221290318762408
-683.125 -3576.875 0.0000000000000020122147161237863
1748.375 -3566.375 0.0000000000000016883585068106247
-1547.875 -3852.125 0.0000000000000033400694526412266
1863.875 -3525.125 0.000000000044191181115912995
-1148.125 -3989.375 0.0000000000000013249674199183975
1855.625 -3556.625 0.0000000000000014866102897539088
-1049.125 -2481.875 0.0000000000000019600842860623548
349.625 -1667.375 0.000000000000001326083043730325
822.125 -3957.875 0.000000000000002743523386079755
1171.625 -2137.625 0.0000000000000037466740771044835
-870.625 -3071.375 0.0000000000000020556561222676933
-329.875 -1814.375 0.0000000000000027581307241128084
-1010.875 -2580.125 0.0000000000000019817248755540463
-965.875 -2693.375 0.0000000000000020048058323599116
843.875 -3154.625 0.000000000000004109270492785085
-1888.375 -3619.625 0.000000000044518862276247073
-1639.375 -3697.625 0.0000000000000013041521328428876
144.125 -3949.625 0.000000000000003886358471436538
1535.375 -3762.875 0.0000000000000026478295005407326
282.125 -2019.875 0.0000000000000014473475886871617
-1818.625 -3493.625 0.000000000000003283589063099005
-1859.125 -3642.125 0.0000000000000027909739248527845
-1280.875 -1748.375 0.000000000000001755465856839375
-1245.625 -1908.125 0.000000000000001808375494961897
-1203.625 -2039.375 0.000000000000001846053617919041
-1166.125 -2154.125 0.0000000000000018777922988672755
147.875 -2552.375 0.0000000000000015965558512014014
1108.625 -2318.375 0.000000000000003841390389838601
931.625 -2826.875 0.000000000000004065697593306278
107.375 -3964.625 0.000000000000003869099828335811
-1535.875 -3865.625 0.0000000000000033315764035666293
378.875 -1530.875 0.0000000000000012787733163679642
1916.375 -3423.125 0.000000000044798647175121494
1240.625 -1924.625 0.000000000000003626312760835132
-875.875 -3040.625 0.000000000000002052951784426964
-378.625 -1530.875 0.0000000000000025575466327359283
-771.625 -3377.375 0.000000000000002041111087567253
-1796.875 -3509.375 0.0000000000000033325961378901825
-1757.125 -3556.625 0.000000000000003372859418096526
-1905.625 -3595.625 0.000000000044687502118118544
-1722.625 -3604.625 0.0000000000000033830746340370382
1131.875 -3990.875 0.0000000000000026495153637401045
63.875 -3033.125 0.0000000000000016498382152051783
154.625 -2473.625 0.0000000000000015742089891208545
2037.125 -3492.875 0.000000000022504591593238342
-1036.375 -2514.875 0.0000000000000019674773209273153
1728.875 -3771.875 0.00000000004266013689062991
-1276.375 -1764.875 0.0000000000000017603999743985657
385.625 -1435.625 0.0000000000000012433194157007995
204.875 -2328.875 0.0000000000000015401808145517335
-1805.125 -3499.625 0.0000000000000033188825343298023
252.875 -2139.875 0.0000000000000014851905565809397
1833.125 -3489.125 0.00000000000000161412004892684
-1840.375 -3690.875 0.00000000004400245286889411
1857.875 -3606.875 0.0000000000000014320855304048771
-1310.875 -3926.375 0.0000000000000013172541927467363
-330.625 -3636.125 0.0000000000000015265497351788158
521.375 -3721.625 0.000000000000003978231746017352
2482.625 -1731.125 0.00000000005171817651330618
-836.125 -3186.875 0.0000000000000020557443797630563
-147.625 -2583.125 0.0000000000000032102370923852073
640.625 -3628.625 0.000000000000004016593935891259
1772.375 -3798.875 0.0000000000215985195057209
1176.875 -2121.875 0.000000000000003737708551227731
-1250.875 -1892.375 0.000000000000001803575325302594
1706.375 -3902.375 0.00000000002121311525804786
2497.625 -1586.375 0.00000000005213470289897347
101.375 -2867.375 0.000000000000001645914721075674
-902.875 -2946.125 0.0000000000000020477689625403975
336.125 -3846.125 0.0000000000000039334652158779995
-1765.375 -3548.375 0.0000000000000033682412306512645
-1400.125 -3870.875 0.0000000000000013200892271981274
-244.375 -2174.375 0.0000000000000029912594947685743
-1198.375 -2055.875 0.0000000000000018506625666721665
-147.625 -2522.375 0.000000000000003174541456668783
356.375 -3832.625 0.0000000000000039355706657297406
-1846.375 -3681.875 0.00000000004407118436158807
412.625 -1239.125 0.0000000000000011731639464411055
-2009.875 -3255.875 0.00000000002282964235480141
36.125 -3078.125 0.0000000000000016454578098720199
1836.125 -3488.375 0.0000000000000016046958492565668
-1851.625 -3525.125 0.0000000000000030690254694004418
1852.625 -3672.875 0.00000000002206944371595079
-1643.125 -3694.625 0.0000000000000013017150056384343
-1894.375 -3611.375 0.00000000004457692320831548
244.625 -2174.375 0.0000000000000014956297473842886
-1858.375 -3631.625 0.000000000000002811732554399456
-1626.625 -3933.875 0.000000000020832355189481995
-1341.625 -3909.125 0.0000000000000013177475946191632
-1791.625 -3512.375 0.0000000000000033408135172240226
96.875 -2901.875 0.0000000000000016487341588719424
-1895.875 -3463.625 0.000000000022281639958222577
-1550.125 -3752.375 0.0000000000000013235769246975758
1048.625 -2481.875 0.0000000000000039201685721247095
1317.875 -1572.125 0.000000000000003392586552597041
2484.875 -1646.375 0.00000000005209619519440018
1735.625 -3761.375 0.00000000004272735465742321
1926.875 -3403.625 0.000000000044912543305531326
-1220.125 -1990.625 0.00000000000000183208827180858
608.375 -3651.125 0.0000000000000040008745623587
135.875 -2653.625 0.000000000000001619185822659025
942.125 -3991.625 0.0000000000000026992716345069567
-1687.375 -3654.875 0.0000000000000033815436457934216
-1857.625 -3597.125 0.0000000000000028853262042536754
-77.125 -2979.875 0.0000000000000032986897522195623
-1821.625 -3491.375 0.0000000000000032752252033178652
1581.125 -3997.625 0.000000000041286179101962604
-973.375 -3996.125 0.0000000000000013443846406420907
798.125 -3306.125 0.0000000000000040998953203487005
1160.375 -2170.625 0.000000000000003764438064425818
164.375 -3440.375 0.0000000000000031770425058820873
1179.875 -3981.875 0.0000000000000026457370190878212
2047.625 -3492.875 0.00000000002247425124696505
-87.625 -3974.375 0.0000000000000019331808974336018
-1275.625 914.875 0.0000000000407820058255091
1726.625 -3870.875 0.000000000021329273482805816
-1730.875 -3590.375 0.000000000000003381565899525655
1494.125 -3800.375 0.0000000000000026489915320177506
1251.125 -1892.375 0.000000000000003607151902845216
-1685.125 -3933.875 0.000000000042194468395641145
-2131.375 -3503.375 0.00000000004429099541154078
1524.125 -3774.125 0.0000000000000026489361269653427
1781.375 -3522.875 0.000000000000001676961409698664
952.625 -2726.375 0.000000000000004021874235385916
1655.375 -3891.125 0.00000000004192488528805009
1383.875 -3884.375 0.0000000000000026409963484427345
1295.375 -1699.625 0.000000000000003481111171146021
119.375 -3362.375 0.0000000000000032112872304005783
-900.625 -2960.375 0.000000000000002049841689429032
-734.125 -3484.625 0.000000000000002027079407115579
-132.625 -2701.625 0.0000000000000032581499155369724
1005.125 -2595.875 0.00000000000000397034653754034
-1748.125 -3566.375 0.0000000000000033767151454463886
-1293.625 -3936.875 0.0000000000000013184438600997943
-734.875 -3922.625 0.000000000000001394067623813475
-906.625 -2930.375 0.0000000000000020456676752931466
-1864.375 -3654.875 0.00000000004427089672576536
-1648.375 -3986.375 0.00000000004181197519115893
-1850.125 -3517.625 0.000000000000003082337846844948
-2010.625 977.125 0.00000000009215712388529378
2081.375 -3165.125 0.000000000045870491786766886
-1260.625 -1859.375 0.000000000000001793921854439842
-1941.625 -3551.375 0.000000000044963709026042904
357.125 -1632.875 0.0000000000000013142649953241332
1120.625 -2285.375 0.000000000000003824741259135218
-1132.375 -3990.875 0.0000000000000013247576818700524
1164.875 -3984.125 0.0000000000000026447831204401037
-164.125 -2439.875 0.000000000000003131697455273184
-186.625 -2397.875 0.0000000000000031167807861805867
1858.625 -3621.875 0.0000000000000014163108285360804
-119.125 -3362.375 0.0000000000000016056436152002892
2487.125 -1781.375 0.00000000005136296960158809
-257.125 -2123.375 0.000000000000002959827303796003
820.625 -3251.375 0.0000000000000041133603468509235
-1874.875 -3504.875 0.00000000002215869938387378
-135.625 -2669.375 0.000000000000003245482329540066
-412.375 -1239.125 0.000000000000002346327892882212
102.875 -2850.125 0.0000000000000016442876293352967
-1994.125 -3281.375 0.0000000000227737086760992
-1857.625 -3588.125 0.000000000000002906570566906298
-1766.125 -3809.375 0.000000000043120781960881945
651.875 -3893.375 0.000000000000002822178025780823
-2037.625 -3215.375 0.00000000002290142182987443
-1922.125 -3413.375 0.000000000022427967317388144
81.875 -2944.625 0.000000000000001647995330177461
-227.125 -2243.375 0.000000000000003031956075016438
920.375 -2843.375 0.000000000000004061414322084789
-140.875 -3388.625 0.0000000000000015976989886561598
1830.875 -3489.875 0.000000000000001618726335831381
896.375 -3981.125 0.0000000000000027137431667324742
1626.125 -3933.875 0.000000000041664710378964
-121.375 -2742.125 0.0000000000000032662486894216955
418.625 -3707.375 0.0000000000000029928365653716526
-1619.125 -3945.125 0.000000000020800293393283083
-1004.875 -2595.875 0.0000000000000019851732687701683
1685.375 -3933.875 0.000000000021097234197820576
1747.625 -3739.625 0.00000000004286328509310758
-2174.875 -3117.125 0.000000000022743811240506905
-238.375 -3542.375 0.000000000000001559121381997678
717.125 -3536.375 0.000000000000004044062269859691
485.375 -3751.625 0.000000000000003973747704505302
-176.875 -2432.375 0.000000000000003134217056910793
-134.125 -2685.125 0.000000000000003251947344115332
1836.125 -3578.375 0.00000000004386802028259842
306.125 -1917.125 0.0000000000000014135962390472353
