0 629.7022016569728
-6.478055096245222 629.6550420783068
-12.951675911961624 629.513617117029
-19.41643119077498 629.278088013121
-25.86789572258697 628.9487232193263
-32.30165336163454 628.5258979806184
-38.71330003845729 628.0100937459683
-45.09844676374696 627.4018974129513
-51.452722622063774 626.702000405946
-57.7717777534058 625.9111975887773
-64.0512863206146 625.0303860128323
-70.28694946064633 624.0605635019649
-76.47449821769013 623.0028270755737
-87.36906992506272 632.6311379246457
-93.79801548353011 631.266788420576
-100.16276954367935 629.8088765349411
-106.45897530512262 628.2589713816719
-112.68232267903416 626.6187372365392
-118.82855122835745 624.8899309754179
-124.89345307474403 623.0743993641603
-130.87287577028826 621.1740762035995
-136.76272513207874 619.1909793336332
-142.55896803770048 617.1272075007014
-156.33339163633002 623.9965485926746
-162.2357421796526 621.5534934251971
-168.02707445138032 619.0282116573138
-173.70342204504104 616.4232448083899
-179.2608968875131 613.7412032437694
-184.69569189757686 610.9847622429127
-199.81877620217972 615.6995592634854
-205.26506001381435 612.5307774077502
-210.57088900000602 609.288669135077
-215.73262655245537 605.9763123060916
-231.5888686100607 609.0098101173558
-236.69134696928938 605.2666153690813
-241.63187640620293 601.4561427779287
-257.94242153967724 603.0768515259118
-262.76536608513305 598.8235570688944
-279.3664098807133 599.3602851741297
-284.0268784990981 594.6550870851565
-300.84108419457857 594.0773597486477
-305.2935043964216 588.9139721924486
-322.2419191908361 587.1958483007993
-339.309740124472 584.7247322844172
-356.4681322422224 581.4914638783765
-373.687994326197 577.4878109632917
-390.9399881501119 572.7064784259152
-408.19456791767493 567.1411163867336
-438.9824101819088 562.1356551453151
-469.9354900579419 555.5945397818427
-500.9968355875844 547.5054391516182
-545.9730889672318 538.0912672052142
-591.1092091460652 526.3566319631572
-650.3403370573166 511.77052993162306
-737.8574183678663 492.29980503968005
-853.8767881201233 465.6857505296014
NaN NaN
NaN NaN
NaN NaN
NaN NaN
-1306.876235407404 -738.200994603985
-1287.3567088063837 -749.4705252832395
-1267.0485544430067 -763.6343867310981
-1249.3260446741858 -778.1356260579165
-1233.1183019038076 -793.0781105111382
-1217.3292617148509 -808.9260062323624
-1214.6973342674962 -823.1827802198865
-1199.2747646649411 -840.5803065450742
-1184.0541982637692 -858.266947486116
-1181.5658962583516 -874.8676346312719
-1166.2928688879313 -893.3179764336087
-1163.3530950657255 -911.3332019836798
-1147.67270735222 -930.398520232773
-1143.9781725244598 -949.6963986487422
-1139.760533896506 -969.7779191444589
-1134.9674416235234 -990.6075483308769
-1129.5490468723583 -1012.1493767872502
-1111.733832528143 -1032.6725559649383
-1116.660822134381 -1057.214350897345
-1109.11311416208 -1080.655408570761
-1100.7813098137133 -1104.6461274774867
-1091.6355074039257 -1129.1418127363597
-1092.5733913678023 -1157.698376426314
-1081.5262279335288 -1183.4304455871334
-1080.123771845094 -1213.8740612500728
-1067.0459568398808 -1240.6313474932651
-1063.1449903374385 -1272.718464951027
-1057.8330435690868 -1305.713049465609
-1060.7817004046412 -1345.3551610285726
-1052.5453535307342 -1380.283289231514
-1052.334003916473 -1422.4383144571082
-1041.2194444434213 -1459.0494795373909
-1037.6012997849682 -1503.459194991827
-1040.7829494406524 -1556.6399496705183
-1033.0337374926853 -1603.6828870945938
-1031.4788392124829 -1659.9981603382375
-1027.3048739782973 -1717.8829191327313
-1020.4247946986426 -1777.2105075078607
-1018.2696754119346 -1847.1168864900408
-1019.9661047006517 -1928.4398622904187
-1017.6140222660982 -2012.0330161914712
-1011.0914665306187 -2097.677333244566
-961.8908497915551 -2122.1103759934367
-899.9424279019361 -2124.112113274987
-838.7241503418513 -2124.2818927632543
-783.6697957030913 -2133.528945474143
-723.7398190485411 -2130.276609166268
-669.3883389223479 -2136.4127325758227
-615.2859386410763 -2141.0892459743736
-561.4725907803212 -2144.3199436796626
-507.9919434339282 -2146.1260511089213
-454.8829876142661 -2146.524094809726
-402.18819461909754 -2145.5396991128564
-352.49974055989395 -2154.824823527864
-300.3838590657797 -2151.184747842556
-250.62462124621828 -2157.961343506929
-199.23401441213537 -2151.7261138545728
-149.54102222778636 -2156.0121582561196
-99.74904475581079 -2159.076173532997
-49.8910362571925 -2160.9156044503734
0 -2161.5289183570335
49.89103625719167 -2160.9156044503734
99.74904475580999 -2159.076173532997
149.54102222778636 -2156.0121582561196
199.23401441213468 -2151.7261138545728
250.62462124621737 -2157.961343506929
300.3838590657797 -2151.184747842556
352.4997405598931 -2154.824823527864
402.1881946190966 -2145.5396991128564
454.8829876142661 -2146.524094809726
507.99194343392725 -2146.1260511089213
561.4725907803203 -2144.319943679663
615.2859386410763 -2141.0892459743736
669.3883389223471 -2136.4127325758227
723.7398190485401 -2130.276609166268
783.6697957030913 -2133.528945474143
838.7241503418509 -2124.2818927632547
899.9424279019355 -2124.112113274988
961.8908497915551 -2122.1103759934367
1011.0914665306177 -2097.6773332445664
1017.6140222660981 -2012.0330161914715
1019.9661047006517 -1928.4398622904187
1018.2696754119345 -1847.116886490041
1020.4247946986413 -1777.2105075078612
1027.3048739782973 -1717.8829191327313
1031.4788392124824 -1659.9981603382375
1033.033737492685 -1603.682887094594
1040.7829494406524 -1556.6399496705183
1037.6012997849678 -1503.4591949918279
1041.2194444434203 -1459.0494795373913
1052.334003916473 -1422.4383144571082
1052.545353530734 -1380.283289231514
1060.7817004046412 -1345.3551610285726
1057.8330435690866 -1305.713049465609
1063.1449903374378 -1272.7184649510273
1067.0459568398803 -1240.6313474932654
1080.123771845094 -1213.8740612500728
1081.5262279335288 -1183.4304455871334
1092.5733913678002 -1157.6983764263148
1091.6355074039247 -1129.1418127363604
1100.7813098137135 -1104.6461274774867
1109.11311416208 -1080.6554085707612
1116.660822134381 -1057.214350897345
1111.733832528143 -1032.6725559649383
1129.549046872358 -1012.1493767872504
1134.9674416235232 -990.6075483308773
1139.7605338965056 -969.7779191444591
1143.9781725244595 -949.6963986487425
1147.67270735222 -930.398520232773
1163.3530950657255 -911.3332019836798
1166.2928688879313 -893.3179764336088
1181.5658962583516 -874.8676346312723
1184.054198263768 -858.2669474861166
1199.2747646649404 -840.5803065450747
1214.6973342674962 -823.1827802198865
1217.3292617148509 -808.9260062323624
1233.1183019038076 -793.0781105111382
1249.3260446741858 -778.1356260579165
1267.0485544430067 -763.6343867310981
1287.3567088063837 -749.4705252832395
1306.876235407404 -738.200994603985
NaN NaN
NaN NaN
NaN NaN
NaN NaN
853.8767881201233 465.6857505296014
737.8574183678663 492.29980503968005
650.3403370573166 511.77052993162306
591.1092091460653 526.3566319631566
545.9730889672318 538.091267205214
500.99683558758454 547.505439151618
469.9354900579419 555.5945397818427
438.9824101819088 562.1356551453151
408.19456791767493 567.1411163867336
390.939988150112 572.7064784259151
373.68799432619704 577.4878109632916
356.46813224222245 581.4914638783764
339.309740124472 584.7247322844172
322.2419191908361 587.1958483007993
305.2935043964216 588.9139721924486
300.8410841945786 594.0773597486476
284.02687849909813 594.6550870851564
279.3664098807134 599.3602851741296
262.76536608513305 598.8235570688944
257.94242153967724 603.0768515259118
241.63187640620293 601.4561427779287
236.69134696928944 605.2666153690811
231.58886861006073 609.0098101173558
215.73262655245543 605.9763123060915
210.57088900000602 609.288669135077
205.26506001381435 612.5307774077502
199.81877620217972 615.6995592634854
184.69569189757698 610.9847622429127
179.26089688751316 613.7412032437694
173.70342204504107 616.4232448083898
168.02707445138032 619.0282116573138
162.2357421796526 621.5534934251971
156.33339163633002 623.9965485926746
142.55896803770057 617.1272075007014
136.7627251320788 619.1909793336332
130.87287577028832 621.1740762035995
124.89345307474403 623.0743993641603
118.82855122835745 624.8899309754179
112.68232267903416 626.6187372365392
106.45897530512266 628.2589713816719
100.16276954367939 629.8088765349411
93.79801548353015 631.266788420576
87.36906992506272 632.6311379246457
76.47449821769013 623.0028270755737
70.28694946064633 624.0605635019649
64.05128632061464 625.0303860128323
57.77177775340585 625.9111975887773
51.45272262206467 626.702000405946
45.09844676374696 627.4018974129513
38.71330003845729 628.0100937459683
32.30165336163454 628.5258979806184
25.867895722587125 628.9487232193263
19.41643119077522 629.278088013121
12.951675911961672 629.513617117029
6.478055096245222 629.6550420783068
