-500 1253.9622016569713 0.9971779661876984
-510.1972839319061 1253.903962731652 0.9971779968284282
-520.3875846096149 1253.7293289201245 0.9971780887047964
-530.5639235500331 1253.4385489637443 0.9971782416794338
-540.7193318090399 1253.0320369252497 0.997178455523711
-550.8468547427939 1252.510371429869 0.9971787299182148
-560.9395567596677 1251.8742946039447 0.9971790644534159
-570.9905260588753 1251.1247107120766 0.9971794586305237
-580.9928793533031 1250.2626844939439 0.9971799118625287
-590.9397665729116 1249.289439202711 0.9971804234754289
-600.8243755456368 1248.206354346704 0.9971809927096386
-610.6399366526596 1247.0149631370357 0.9971816187215768
-620.3797274549435 1245.7169496435647 0.9971823005854327
-634.7964507565373 1255.0869123757088 0.9971773743825385
-644.7150435514848 1253.446829769326 0.9971782373231608
-654.5345488604339 1251.696532960065 0.9971791579367996
-664.2482421690689 1249.8383695564462 0.9971801349276654
-673.8494712133125 1247.8748257702393 0.997181166925264
-683.3316605247002 1245.8085218479232 0.9971822524872201
-692.6883159240539 1243.6422072395276 0.9971833901022509
-701.9130289600255 1241.3787555109893 0.997184578193279
-710.9994812897374 1239.0211590080305 0.997185815120681
-719.9414489988525 1236.5725232795053 0.9971870991856628
-736.8085633138492 1243.0476727686037 0.9971837022276426
-745.7484509106665 1240.202161960416 0.9971851955742852
-754.520084796929 1237.2672485689006 0.9971867349364745
-763.1174560162349 1234.2465837403206 0.9971883183176472
-771.5346745718123 1231.1439061467152 0.997189943677782
-779.7659734568983 1227.963035089073 0.9971916089374832
-797.6204052144423 1232.2507647302693 0.9971893639593781
-805.7310081277691 1228.6534444713539 0.997191247583556
-813.6323018732265 1224.98249952205 0.9971931683411634
-821.3188710405955 1221.2421837591487 0.9971951239238845
-839.6275811752893 1223.8497764396834 0.9971937607296852
-847.1084832746562 1219.683903220047 0.9971959382154653
-854.351762061938 1215.4551452019962 0.9971981466879403
-872.8878039666679 1216.6631182062538 0.997197516016469
-879.8574674598545 1212.0037813061563 0.997199947760815
-898.5249811258205 1212.142287601438 0.9971998755064692
-905.170254281929 1207.0477961403226 0.997202531804554
-923.886238896667 1206.0907889349292 0.997203030487308
-930.1561090149137 1200.5591941699256 0.9972059110241852
-948.836399133585 1198.484965861401 0.9972069903294156
-967.5493338584947 1195.6708462739764 0.9972084539036364
-986.2649507556287 1192.1086381404443 0.9972103053467299
NaN NaN NaN
NaN NaN NaN
NaN NaN NaN
NaN NaN NaN
NaN NaN NaN
NaN NaN NaN
NaN NaN NaN
NaN NaN NaN
NaN NaN NaN
NaN NaN NaN
NaN NaN NaN
NaN NaN NaN
NaN NaN NaN
NaN NaN NaN
NaN NaN NaN
-1480.5634325344895 -1458.837329065851 0.9970246844901979
-1467.744330198547 -1463.5635940077264 0.9970273296982104
-1454.5630724623593 -1468.845295422796 0.9970302827810824
-1442.0637575167916 -1474.2040798176424 0.9970332757367726
-1429.958104463041 -1479.6675175689618 0.9970363238018223
-1418.0638660057064 -1485.2469254366504 0.9970394330892843
-1406.2584605777333 -1490.945096757402 0.997042604938147
-1394.4558252601762 -1496.7599334333067 0.997045837958027
-1382.588519751948 -1502.6886015643506 0.997049130351539
-1382.9534400055875 -1507.3764694785 0.9970517308897606
-1370.5228152577486 -1513.7645084810758 0.9970552706067888
-1357.9050257793463 -1520.2487548395586 0.9970588589553767
-1345.0932043339365 -1526.8117832681096 0.9970624861081615
-1343.766555013801 -1532.920122359599 0.9970658576431567
-1330.3551464319255 -1539.8170036654617 0.9970696594110309
-1316.7231512426201 -1546.755270569781 0.9970734786398009
-1314.0296304259623 -1553.8827686006425 0.9970773964507239
-1299.7506601096197 -1561.0910824559185 0.9970813529390147
-1296.0540228537902 -1568.9396995598722 0.9970856543157681
-1281.1039836801813 -1576.3751981876262 0.9970897229869408
-1276.37281368884 -1584.9100282746024 0.997094385664548
-1260.7312374967719 -1592.5273644352455 0.9970985403068177
-1254.938040292991 -1601.7064243183454 0.9971035382399673
-1248.514958592306 -1611.3227637041844 0.9971087643178526
-1241.4516540531595 -1621.3647414770442 0.9971142108652709
-1224.1798416251797 -1629.4190200228634 0.9971185713347654
-1215.992860939134 -1640.0035657847823 0.9971242908554014
-1207.1389638465196 -1650.9700005246978 0.9971302038250404
-1197.6066328060758 -1662.3015401222406 0.9971362998828643
-1196.1456724404518 -1677.449781154532 0.9971444274136066
-1185.0115165285833 -1689.7194859100243 0.9971509922731416
-1173.163074493642 -1702.292978837295 0.9971577027815458
-1168.7112279937076 -1719.4536157200953 0.9971668339469149
-1155.172573355115 -1732.8212246610187 0.9971739249030935
-1148.5526496669172 -1751.2819971540146 0.9971836860826632
-1140.7018655789507 -1770.4900582995851 0.9971938037546362
-1131.5929219586376 -1790.4020644443087 0.9972042507881171
-1121.2000737850851 -1810.9714308478744 0.9972149985989471
-1109.4986798146433 -1832.1484172310775 0.9972260172607216
-1102.9023476191137 -1860.2175292646255 0.9972405494054214
-1094.4206803454585 -1889.3539886371182 0.9972555470930059
-1089.96112398661 -1926.4721875547145 0.9972745256757718
-1077.5003580968673 -1957.8695559273924 0.9972904682926326
-1074.053816715311 -2005.4705160353892 0.9973144462632009
-1062.456717791866 -2047.1358481762106 0.9973352456101318
-1058.2090740379763 -2106.8417998936957 0.9973647468938884
-1050.2760713355633 -2169.0482007112864 0.9973951070361011
-1042.9332828242914 -2242.6788786160623 0.9974305526781185
-1035.2085689719531 -2328.586257991437 0.9974712466422154
-1029.9192823817334 -2437.536138581174 0.9975218493542574
-1025.1043001557562 -2571.4854967525275 0.9975825549503556
-970.3150064580744 -2571.9105719406116 0.9975827449891241
-915.9376520758544 -2571.0666650852845 0.9975823676869129
-864.5056264746552 -2579.6000821677667 0.9975861799279829
-810.7051088877779 -2576.3163155352154 0.9975847137077549
-759.2127514226237 -2582.5459512159096 0.9975874944471703
-706.128989488387 -2576.877350563545 0.9975849642819798
-654.7073617609731 -2580.8174926031875 0.9975867232613433
-603.1909455588429 -2583.6347532299656 0.9975879800993204
-551.6112897646685 -2585.32625860658 0.9975887343709159
-500 -2585.890285194166 0.9975889858228312
-448.3887102353326 -2585.32625860658 0.9975887343709159
-396.8090544411584 -2583.6347532299656 0.9975879800993204
-345.29263823902716 -2580.8174926031875 0.9975867232613433
-293.8710105116143 -2576.877350563545 0.9975849642819798
-240.78724857737646 -2582.5459512159096 0.9975874944471703
-189.29489111222287 -2576.3163155352154 0.9975847137077549
-135.4943735253456 -2579.6000821677667 0.9975861799279829
-84.062347924146 -2571.0666650852845 0.9975823676869129
-29.68499354192435 -2571.9105719406116 0.9975827449891241
25.104300155755546 -2571.4854967525275 0.9975825549503556
80.26495516917332 -2569.76812473052 0.9975817869969447
135.75987730631817 -2566.743741071712 0.9975804339417804
191.54742396689758 -2562.3936421631 0.9975784863342625
247.58964731072166 -2556.7062323271834 0.9975759374071447
309.1044026342447 -2559.5865249591347 0.9975772286344483
365.8607625063525 -2551.0493833536743 0.9975733992680992
428.6678365522527 -2550.795076827653 0.9975732850965833
492.20852487980886 -2548.8640930560628 0.9975724179853576
556.4268279989145 -2545.2210953334406 0.9975707811697652
621.265336402427 -2539.833206424823 0.997568358155907
686.6652971494705 -2532.670108565622 0.9975651327150586
752.5666823029005 -2523.7041495510525 0.9975610888845156
826.734211908786 -2521.642722242398 0.9975601581020013
901.8811195707676 -2517.3632722943166 0.9975582245917081
977.9266964203388 -2510.817251618583 0.9975552637777442
1054.7867540101172 -2501.959844028449 0.9975512512637854
1060.554255844617 -2427.4675172111242 0.997517219502744
1062.975858230885 -2355.091244318125 0.9974836599106779
1071.5541574383858 -2292.1115074724794 0.9974540550252707
1077.4345945444552 -2230.8084334054656 0.9974248739004128
1080.7157482452633 -2171.2881659699697 0.9973961931531443
1091.485967525532 -2119.747821302723 0.997371077185583
1090.061868049228 -2063.7192611636524 0.997343475403868
1096.6905731196812 -2015.128855156003 0.9973192833303007
1111.9880622354967 -1972.9963416520238 0.9972981131343495
1115.1849363339952 -1926.9151318546412 0.9972747512942712
1116.7327638725944 -1882.337476406197 0.9972519434951904
1127.6936404910082 -1843.3090710254933 0.997231805322292
1137.4972165344177 -1805.152190166508 0.9972119624926623
1146.247433190323 -1767.8792826922788 0.99719243086074
1153.7836260573301 -1731.594114332666 0.9971732747718944
1159.8604610283205 -1696.4649935642055 0.9971545944926516
1164.5349157131054 -1662.5665431674433 0.997136442279996
1179.8121766207164 -1631.8327391859561 0.9971198767034755
1182.02802038239 -1600.2277710770152 0.9971027337510864
1195.2920720411394 -1571.180946744309 0.9970868813608977
1207.7146220054524 -1542.8881042516537 0.9970713505865274
1219.3583562835322 -1515.4077005608576 0.9970561803864749
1230.302118161524 -1488.7932087676147 0.9970414075340962
1240.6384783259207 -1463.096522312566 0.9970270683990277
1250.4811572958636 -1438.3658665988123 0.9970131976992785
1259.9757063098798 -1414.6430043252396 0.9969998268180572
1282.5092868241986 -1390.6552302553555 0.9969862411640665
1292.0626541708605 -1368.722723450188 0.9969737616464968
1315.522721626616 -1345.9532612759351 0.996960747136777
1326.5183470106126 -1326.0708232644736 0.9969493336067051
1352.0460046794633 -1305.5666381589435 0.9969375149333489
1377.4752880998706 -1287.9057283296318 0.9969272957212062
1407.3617320761057 -1271.1613619357943 0.9969175730421201
1433.5970758450437 -1259.7367357497565 0.996910920343807
NaN NaN NaN
NaN NaN NaN
912.9174534892185 976.1971985301849 0.9973200606848703
653.9915494407987 1036.1188602550455 0.997290081140437
494.7415777824522 1073.8449884216157 0.9972710183532377
378.1884804070362 1100.5824207923886 0.9972574194093301
290.0414955730962 1120.1981212761868 0.9972473956053052
230.08471994264454 1134.950383984022 0.9972398307187358
184.12770517148948 1146.8718924073082 0.9972337008538125
138.23587292655236 1156.4931190190102 0.9972287429297858
106.1648917506764 1164.8088680066844 0.9972244499229329
74.10881140129352 1171.5955826988038 0.9972209409046893
42.12535977802919 1176.8648985960733 0.9972182131093181
23.583381176687226 1182.7116242127418 0.9972151829855866
4.953081363104614 1187.7910343901317 0.997212547609202
-13.735049244362088 1192.108638140444 0.9972103053467299
-32.45066614151824 1195.6708462739764 0.9972084539036364
-51.163600866394994 1198.484965861401 0.9972069903294156
-69.84389098506597 1200.5591941699256 0.9972059110241852
-76.11376110334592 1206.090788934929 0.997203030487308
-94.82974571805079 1207.0477961403226 0.997202531804554
-101.47501887417882 1212.142287601438 0.9971998755064692
-120.14253254012499 1212.0037813061563 0.997199947760815
-127.11219603335246 1216.6631182062538 0.997197516016469
-145.64823793806204 1215.4551452019962 0.9971981466879403
-152.8915167253594 1219.683903220047 0.9971959382154653
-160.37241882473126 1223.8497764396834 0.9971937607296852
-178.68112895942124 1221.2421837591485 0.9971951239238845
-186.36769812677358 1224.98249952205 0.9971931683411634
-194.26899187221335 1228.6534444713539 0.997191247583556
-202.37959478555774 1232.2507647302693 0.9971893639593781
-220.23402654309965 1227.963035089073 0.9971916089374832
-228.46532542820657 1231.1439061467152 0.997189943677782
-236.8825439837653 1234.2465837403204 0.9971883183176472
-245.47991520307085 1237.2672485689006 0.9971867349364745
-254.25154908931302 1240.202161960416 0.9971851955742852
-263.1914366861509 1243.0476727686037 0.9971837022276426
-280.05855100116804 1236.5725232795053 0.9971870991856628
-289.00051871026255 1239.0211590080305 0.997185815120681
-298.0869710399949 1241.3787555109893 0.997184578193279
-307.31168407592537 1243.6422072395276 0.9971833901022509
-316.66833947530006 1245.8085218479232 0.9971822524872201
-326.15052878668746 1247.8748257702393 0.997181166925264
-335.7517578309103 1249.8383695564462 0.9971801349276654
-345.4654511395454 1251.696532960065 0.9971791579367996
-355.28495644849465 1253.446829769326 0.9971782373231608
-365.20354924344207 1255.0869123757088 0.9971773743825385
-379.6202725450565 1245.7169496435647 0.9971823005854327
-389.36006334736106 1247.0149631370357 0.9971816187215768
-399.17562445438375 1248.206354346704 0.9971809927096386
-409.06023342708824 1249.289439202711 0.9971804234754289
-419.00712064667607 1250.2626844939439 0.9971799118625287
-429.0094739411041 1251.1247107120766 0.9971794586305237
-439.0604432403323 1251.8742946039447 0.9971790644534159
-449.15314525720606 1252.510371429869 0.9971787299182148
-459.28066819098007 1253.0320369252497 0.997178455523711
-469.4360764499668 1253.4385489637443 0.9971782416794338
-479.61241539037337 1253.7293289201245 0.9971780887047964
-489.8027160680939 1253.903962731652 0.9971779968284282
500 1253.9622016569713 0.9971779661876984
489.8027160680939 1253.903962731652 0.9971779968284282
479.61241539037337 1253.7293289201245 0.9971780887047964
469.43607644996695 1253.4385489637443 0.9971782416794338
459.2806681909801 1253.0320369252497 0.997178455523711
449.15314525720606 1252.510371429869 0.9971787299182148
439.0604432403323 1251.8742946039447 0.9971790644534159
429.0094739411041 1251.1247107120766 0.9971794586305237
419.00712064667607 1250.2626844939439 0.9971799118625287
409.06023342708824 1249.289439202711 0.9971804234754289
399.1756244543838 1248.206354346704 0.9971809927096386
389.36006334736106 1247.0149631370357 0.9971816187215768
379.6202725450565 1245.7169496435647 0.9971823005854327
365.20354924344207 1255.0869123757088 0.9971773743825385
355.2849564484947 1253.446829769326 0.9971782373231608
345.4654511395454 1251.696532960065 0.9971791579367996
335.7517578309104 1249.8383695564462 0.9971801349276654
326.15052878668746 1247.8748257702393 0.997181166925264
316.66833947530006 1245.8085218479232 0.9971822524872201
307.31168407592537 1243.6422072395276 0.9971833901022509
298.0869710399949 1241.3787555109893 0.997184578193279
289.0005187102626 1239.0211590080305 0.997185815120681
280.0585510011681 1236.5725232795053 0.9971870991856628
263.1914366861509 1243.0476727686037 0.9971837022276426
254.25154908931302 1240.202161960416 0.9971851955742852
245.47991520307085 1237.2672485689006 0.9971867349364745
236.88254398376534 1234.2465837403206 0.9971883183176472
228.46532542820663 1231.1439061467152 0.997189943677782
220.23402654309976 1227.963035089073 0.9971916089374832
202.37959478555774 1232.2507647302693 0.9971893639593781
194.26899187221335 1228.6534444713539 0.997191247583556
186.36769812677358 1224.98249952205 0.9971931683411634
178.68112895942141 1221.2421837591487 0.9971951239238845
160.37241882473126 1223.8497764396834 0.9971937607296852
152.8915167253595 1219.683903220047 0.9971959382154653
145.64823793806204 1215.4551452019962 0.9971981466879403
127.11219603335246 1216.6631182062538 0.997197516016469
120.14253254012499 1212.0037813061563 0.997199947760815
101.47501887417893 1212.142287601438 0.9971998755064692
94.82974571805079 1207.0477961403226 0.997202531804554
76.11376110334604 1206.0907889349292 0.997203030487308
69.84389098506597 1200.5591941699256 0.9972059110241852
51.163600866394994 1198.484965861401 0.9972069903294156
32.45066614151824 1195.6708462739764 0.9972084539036364
13.735049244362145 1192.1086381404443 0.9972103053467299
-4.9530813631045 1187.791034390132 0.997212547609202
-23.58338117668717 1182.7116242127418 0.9972151829855866
-42.12535977802919 1176.8648985960733 0.9972182131093181
-74.10881140129352 1171.5955826988038 0.9972209409046893
-106.1648917506764 1164.8088680066844 0.9972244499229329
-138.23587292655196 1156.4931190190105 0.9972287429297858
-184.12770517148948 1146.8718924073085 0.9972337008538125
-230.08471994264448 1134.9503839840227 0.9972398307187358
-290.0414955730962 1120.1981212761868 0.9972473956053052
-378.1884804070362 1100.5824207923886 0.9972574194093301
-494.7415777824522 1073.8449884216157 0.9972710183532377
-653.9915494407985 1036.1188602550465 0.997290081140437
-912.9174534892185 976.1971985301849 0.9973200606848703
NaN NaN NaN
NaN NaN NaN
-1433.5970758450437 -1259.7367357497565 0.996910920343807
-1407.3617320761057 -1271.1613619357943 0.9969175730421201
-1377.4752880998706 -1287.9057283296318 0.9969272957212062
-1352.0460046794633 -1305.5666381589435 0.9969375149333489
-1326.5183470106126 -1326.0708232644736 0.9969493336067051
-1315.522721626616 -1345.9532612759351 0.996960747136777
-1292.0626541708605 -1368.722723450188 0.9969737616464968
-1282.5092868242004 -1390.655230255354 0.9969862411640665
-1259.9757063098803 -1414.6430043252387 0.9969998268180572
-1250.4811572958636 -1438.3658665988119 0.9970131976992785
-1240.638478325921 -1463.0965223125659 0.9970270683990277
-1230.302118161524 -1488.7932087676147 0.9970414075340962
-1219.3583562835322 -1515.4077005608576 0.9970561803864749
-1207.7146220054528 -1542.8881042516532 0.9970713505865274
-1195.2920720411394 -1571.180946744309 0.9970868813608977
-1182.028020382391 -1600.227771077014 0.9971027337510864
-1179.8121766207169 -1631.8327391859557 0.9971198767034755
-1164.5349157131054 -1662.5665431674433 0.997136442279996
-1159.8604610283205 -1696.4649935642055 0.9971545944926516
-1153.7836260573297 -1731.594114332667 0.9971732747718944
-1146.2474331903225 -1767.8792826922788 0.99719243086074
-1137.497216534419 -1805.152190166507 0.9972119624926623
-1127.6936404910098 -1843.309071025492 0.997231805322292
-1116.7327638725944 -1882.337476406197 0.9972519434951904
-1115.1849363339952 -1926.9151318546412 0.9972747512942712
-1111.9880622354972 -1972.9963416520234 0.9972981131343495
-1096.6905731196814 -2015.1288551560028 0.9973192833303007
-1090.061868049228 -2063.7192611636524 0.997343475403868
-1091.485967525532 -2119.747821302723 0.997371077185583
-1080.7157482452637 -2171.2881659699697 0.9973961931531443
-1077.4345945444552 -2230.8084334054656 0.9974248739004128
-1071.5541574383878 -2292.1115074724776 0.9974540550252707
-1062.9758582308864 -2355.0912443181232 0.9974836599106779
-1060.554255844617 -2427.4675172111242 0.997517219502744
-1054.7867540101179 -2501.959844028449 0.9975512512637854
-977.9266964203392 -2510.817251618583 0.9975552637777442
-901.8811195707676 -2517.3632722943166 0.9975582245917081
-826.734211908788 -2521.6427222423968 0.9975601581020013
-752.566682302901 -2523.704149551052 0.9975610888845156
-686.6652971494705 -2532.670108565622 0.9975651327150586
-621.2653364024272 -2539.8332064248225 0.997568358155907
-556.4268279989158 -2545.2210953334406 0.9975707811697652
-492.20852487980886 -2548.8640930560628 0.9975724179853576
-428.6678365522538 -2550.795076827652 0.9975732850965833
-365.8607625063534 -2551.049383353674 0.9975733992680992
-309.1044026342447 -2559.5865249591347 0.9975772286344483
-247.5896473107223 -2556.7062323271834 0.9975759374071447
-191.54742396689818 -2562.3936421631 0.9975784863342625
-135.75987730631817 -2566.743741071712 0.9975804339417804
-80.26495516917427 -2569.7681247305195 0.9975817869969447
-25.10430015575629 -2571.4854967525275 0.9975825549503556
29.68499354192435 -2571.9105719406116 0.9975827449891241
84.06234792414536 -2571.0666650852845 0.9975823676869129
135.4943735253444 -2579.6000821677667 0.9975861799279829
189.29489111222287 -2576.3163155352154 0.9975847137077549
240.78724857737566 -2582.5459512159096 0.9975874944471703
293.87101051161346 -2576.877350563545 0.9975849642819798
345.29263823902716 -2580.8174926031875 0.9975867232613433
396.8090544411576 -2583.6347532299656 0.9975879800993204
448.3887102353316 -2585.32625860658 0.9975887343709159
500 -2585.890285194166 0.9975889858228312
551.6112897646682 -2585.32625860658 0.9975887343709159
603.1909455588421 -2583.6347532299656 0.9975879800993204
654.7073617609731 -2580.8174926031875 0.9975867232613433
706.1289894883857 -2576.877350563545 0.9975849642819798
759.2127514226228 -2582.5459512159096 0.9975874944471703
810.7051088877779 -2576.3163155352154 0.9975847137077549
864.5056264746543 -2579.6000821677667 0.9975861799279829
915.9376520758537 -2571.0666650852845 0.9975823676869129
970.3150064580744 -2571.9105719406116 0.9975827449891241
1025.1043001557557 -2571.4854967525275 0.9975825549503556
1029.9192823817323 -2437.5361385811743 0.9975218493542574
1035.2085689719531 -2328.586257991437 0.9974712466422154
1042.9332828242905 -2242.6788786160623 0.9974305526781185
1050.276071335563 -2169.0482007112864 0.9973951070361011
1058.2090740379763 -2106.8417998936957 0.9973647468938884
1062.4567177918655 -2047.1358481762109 0.9973352456101318
1074.0538167153102 -2005.4705160353897 0.9973144462632009
1077.5003580968673 -1957.8695559273924 0.9972904682926326
1089.9611239866092 -1926.4721875547145 0.9972745256757718
1094.4206803454583 -1889.3539886371184 0.9972555470930059
1102.9023476191137 -1860.2175292646255 0.9972405494054214
1109.498679814643 -1832.1484172310777 0.9972260172607216
1121.2000737850844 -1810.9714308478747 0.9972149985989471
1131.5929219586376 -1790.4020644443087 0.9972042507881171
1140.7018655789504 -1770.4900582995851 0.9971938037546362
1148.552649666917 -1751.2819971540148 0.9971836860826632
1155.172573355115 -1732.8212246610187 0.9971739249030935
1168.7112279937069 -1719.4536157200953 0.9971668339469149
1173.163074493641 -1702.292978837295 0.9971577027815458
1185.0115165285833 -1689.7194859100243 0.9971509922731416
1196.145672440452 -1677.449781154532 0.9971444274136066
1197.6066328060756 -1662.3015401222406 0.9971362998828643
1207.1389638465193 -1650.9700005246978 0.9971302038250404
1215.9928609391336 -1640.0035657847823 0.9971242908554014
1224.1798416251788 -1629.4190200228638 0.9971185713347654
1241.4516540531595 -1621.3647414770442 0.9971142108652709
1248.514958592306 -1611.3227637041844 0.9971087643178526
1254.9380402929905 -1601.7064243183459 0.9971035382399673
1260.7312374967714 -1592.527364435246 0.9970985403068177
1276.37281368884 -1584.9100282746024 0.997094385664548
1281.103983680181 -1576.3751981876262 0.9970897229869408
1296.0540228537902 -1568.9396995598722 0.9970856543157681
1299.7506601096197 -1561.0910824559185 0.9970813529390147
1314.0296304259623 -1553.8827686006427 0.9970773964507239
1316.7231512426204 -1546.7552705697815 0.9970734786398009
1330.3551464319255 -1539.8170036654617 0.9970696594110309
1343.7665550138015 -1532.9201223595992 0.9970658576431567
1345.0932043339365 -1526.8117832681096 0.9970624861081615
1357.9050257793463 -1520.2487548395586 0.9970588589553767
1370.5228152577486 -1513.7645084810763 0.9970552706067888
1382.9534400055873 -1507.3764694785002 0.9970517308897606
1382.588519751948 -1502.688601564351 0.997049130351539
1394.4558252601757 -1496.759933433307 0.997045837958027
1406.2584605777333 -1490.945096757402 0.997042604938147
1418.0638660057064 -1485.2469254366504 0.9970394330892843
1429.958104463041 -1479.6675175689618 0.9970363238018223
1442.0637575167916 -1474.2040798176424 0.9970332757367726
1454.5630724623593 -1468.845295422796 0.9970302827810824
1467.744330198547 -1463.5635940077264 0.9970273296982104
1480.5634325344895 -1458.837329065851 0.9970246844901979
NaN NaN NaN
NaN NaN NaN
NaN NaN NaN
NaN NaN NaN
NaN NaN NaN
NaN NaN NaN
NaN NaN NaN
NaN NaN NaN
NaN NaN NaN
NaN NaN NaN
NaN NaN NaN
NaN NaN NaN
NaN NaN NaN
NaN NaN NaN
NaN NaN NaN
986.2649507556288 1192.108638140444 0.9972103053467299
967.5493338584947 1195.6708462739764 0.9972084539036364
948.836399133585 1198.484965861401 0.9972069903294156
930.1561090149137 1200.5591941699256 0.9972059110241852
923.886238896667 1206.090788934929 0.997203030487308
905.170254281929 1207.0477961403226 0.997202531804554
898.5249811258205 1212.142287601438 0.9971998755064692
879.8574674598545 1212.0037813061563 0.997199947760815
872.8878039666679 1216.6631182062538 0.997197516016469
854.351762061938 1215.4551452019962 0.9971981466879403
847.1084832746562 1219.683903220047 0.9971959382154653
839.6275811752895 1223.8497764396834 0.9971937607296852
821.3188710405955 1221.2421837591485 0.9971951239238845
813.6323018732265 1224.98249952205 0.9971931683411634
805.7310081277691 1228.6534444713539 0.997191247583556
797.6204052144423 1232.2507647302693 0.9971893639593781
779.7659734568983 1227.963035089073 0.9971916089374832
771.5346745718123 1231.1439061467152 0.997189943677782
763.1174560162349 1234.2465837403204 0.9971883183176472
754.520084796929 1237.2672485689006 0.9971867349364745
745.7484509106665 1240.202161960416 0.9971851955742852
736.8085633138492 1243.0476727686037 0.9971837022276426
719.9414489988527 1236.5725232795053 0.9971870991856628
710.9994812897374 1239.0211590080305 0.997185815120681
701.9130289600257 1241.3787555109893 0.997184578193279
692.6883159240539 1243.6422072395276 0.9971833901022509
683.3316605247002 1245.8085218479232 0.9971822524872201
673.8494712133125 1247.8748257702393 0.997181166925264
664.2482421690689 1249.8383695564462 0.9971801349276654
654.5345488604339 1251.696532960065 0.9971791579367996
644.7150435514848 1253.446829769326 0.9971782373231608
634.7964507565373 1255.0869123757088 0.9971773743825385
620.3797274549435 1245.7169496435647 0.9971823005854327
610.6399366526596 1247.0149631370357 0.9971816187215768
600.8243755456369 1248.206354346704 0.9971809927096386
590.9397665729117 1249.289439202711 0.9971804234754289
580.9928793533031 1250.2626844939439 0.9971799118625287
570.9905260588753 1251.1247107120766 0.9971794586305237
560.9395567596677 1251.8742946039447 0.9971790644534159
550.8468547427939 1252.510371429869 0.9971787299182148
540.7193318090399 1253.0320369252497 0.997178455523711
530.5639235500332 1253.4385489637443 0.9971782416794338
520.3875846096149 1253.7293289201245 0.9971780887047964
510.1972839319061 1253.903962731652 0.9971779968284282
