0 379.31220165697425
-4.986276497326052 379.26948599207583
-9.969141104659 379.14138106414197
-14.945184255464891 378.92801301643937
-19.91100102857504 378.62959189771664
-24.863193466990595 378.2464113773497
-29.798372892033587 377.7788483468907
-34.71316221129919 377.22736240835627
-39.60419821886802 376.59249524977105
-44.46813388624032 375.8748699084655
-49.3016406424546 375.0751899228749
-54.10141064187802 374.19423837361535
-58.86415901813454 373.2328768147867
-68.34599959155088 382.9648108096619
-73.37525147824542 381.71105754992647
-78.35430860893092 380.3704209358529
-83.27976387067845 378.9441578280515
-88.1482466185839 377.43360282467347
-92.956424972128 375.84016650457784
-97.7010080857309 374.1653335679965
-102.37874839199303 372.41066087700966
-106.98644381609313 370.57777539830084
-111.52093995987988 368.66837205096414
-124.0548887107358 375.69582296167005
-128.73888647984208 373.4141923094195
-133.33482304904481 371.05321333563285
-137.83955127637543 368.61498248953893
-142.24998605810094 366.1016575739041
-146.5631064369658 363.51545500241957
-160.5906502796788 368.40154827955564
-164.96827862744345 365.4046527064171
-169.23306955085698 362.3345503534915
-173.38209991710679 359.19384738261
-188.25465972401568 362.3981752737823
-192.4031549347233 358.82451639589425
-196.42005413769385 355.1818176298111
-211.83795496182654 356.96807423104934
-215.79985289636295 352.87764295175356
-231.57203789778572 353.5740973873519
-235.43640359718526 349.02504444214765
-251.48780785803342 348.5994458442629
-255.21125089558973 343.5837457948867
-271.46501240060456 342.0084549935245
-287.8729800003934 339.67491733256395
-304.4067709703613 336.57358628974424
-321.0377121630455 332.6958587096682
-337.7368689691221 328.03408478614716
-354.4750744791811 322.5815773687038
-384.7833591433655 317.6819479397949
-415.2940267416279 311.23934219715494
-445.95040852305146 303.24114997403785
-490.55942422596104 293.9100274263522
-535.3662844858995 282.25034681193324
-594.3063558943946 267.730891645066
-681.5707835939191 248.31831630370354
-797.3760757830424 221.75374851797224
-956.013506711553 184.1697320219676
NaN NaN
NaN NaN
NaN NaN
-1195.7385375812157 -408.1624271719902
-1178.8395842870696 -422.7473902796616
-1161.6961088735422 -440.89797194448175
-1147.0781457207515 -459.29014039575793
-1133.9355991957411 -478.0588305403623
-1121.2499447522803 -497.78351181135145
-1121.34083865766 -515.3638384337768
-1109.0359703612125 -536.6674151401936
-1096.842504024643 -558.1452352704214
-1097.114952854353 -578.1402564964203
-1084.7380395530442 -600.2202757012349
-1084.5306895186782 -621.6245134656815
-1071.5997000581772 -644.1371450288418
-1070.5756456411311 -666.781793552819
-1069.0061157454645 -690.2107553252538
-1066.8294493677895 -714.3772718885415
-1063.9881128125653 -739.2355334949682
-1048.574253999599 -762.7848923400217
-1056.1115532444821 -790.8370255121918
-1050.9892107874716 -817.4830516061986
-1045.0247637421026 -844.6281459012695
-1038.186076172441 -872.2222139895491
-1041.561563766689 -904.2721578049288
-1032.7019341017117 -933.005055315937
-1033.6214398335305 -966.8861544159853
-1022.6033913120925 -996.5217190471566
-1020.8960008195718 -1031.9553442207202
-1017.7095796193487 -1068.2476496844658
-1022.9041784420061 -1111.6994925930562
-1016.6476156269526 -1149.8121409500536
-1018.5234081357713 -1195.663717104761
-1009.2421716572412 -1235.3219607479862
-1007.5525542096045 -1283.2888815838282
-1012.73467319139 -1340.5299172968312
-1006.7430778808396 -1390.9649949210445
-1007.0029920096124 -1451.1530322488393
-996.4045304637214 -1503.641209049209
-959.9395878054199 -1528.5924440924866
-922.8577220669915 -1552.6180211846056
-885.178470852631 -1575.7012133239432
-846.9240954801943 -1597.8264481572307
-808.1170815699194 -1618.9783280378715
-768.7805116892679 -1639.141808433079
-728.938070833494 -1658.3022375903026
-688.6140493456968 -1676.4453967093887
-647.8350097901146 -1693.5592836915828
-606.6258360962083 -1709.6305157710185
-565.0116620696593 -1724.6456487293135
-523.0216173384014 -1738.5962876573863
-480.6806398226936 -1751.4687534637144
-438.01844577848794 -1763.2562894351352
-395.06120164064055 -1773.9466123991147
-351.8397006689326 -1783.5361925426857
-308.3807672400258 -1792.013845467967
-264.71373590699824 -1799.3734039362166
-220.86862549467034 -1805.611589001424
-176.87438980038442 -1810.7223322001876
-132.7605437630694 -1814.7011560738456
-88.55692839053127 -1817.5452093066451
-44.293437477403536 -1819.2524556404826
0 -1819.8216734764005
44.2934374774028 -1819.2524556404826
88.55692839053052 -1817.5452093066451
132.7605437630694 -1814.7011560738456
176.87438980038377 -1810.7223322001876
220.8686254946696 -1805.6115890014241
264.71373590699824 -1799.3734039362166
308.380767240025 -1792.013845467967
351.83970066893187 -1783.5361925426857
395.06120164064055 -1773.9466123991147
438.01844577848726 -1763.2562894351352
480.68063982269314 -1751.4687534637146
523.0216173384014 -1738.5962876573863
565.0116620696587 -1724.6456487293135
606.6258360962074 -1709.6305157710187
647.8350097901146 -1693.5592836915828
688.6140493456963 -1676.445396709389
728.9380708334935 -1658.3022375903033
768.7805116892679 -1639.141808433079
808.1170815699187 -1618.9783280378717
846.9240954801942 -1597.826448157231
885.178470852631 -1575.7012133239432
922.8577220669914 -1552.6180211846058
959.9395878054189 -1528.592444092487
996.4045304637214 -1503.641209049209
1007.0029920096121 -1451.1530322488393
1006.7430778808393 -1390.9649949210448
1012.73467319139 -1340.5299172968312
1007.552554209604 -1283.2888815838292
1009.2421716572404 -1235.3219607479866
1018.5234081357713 -1195.663717104761
1016.6476156269523 -1149.8121409500538
1022.9041784420061 -1111.6994925930562
1017.7095796193486 -1068.2476496844658
1020.8960008195714 -1031.9553442207205
1022.6033913120921 -996.5217190471569
1033.6214398335305 -966.8861544159853
1032.7019341017117 -933.005055315937
1041.561563766687 -904.2721578049297
1038.1860761724402 -872.22221398955
1045.0247637421028 -844.6281459012694
1050.9892107874716 -817.4830516061987
1056.1115532444821 -790.8370255121918
1048.574253999599 -762.7848923400217
1063.988112812565 -739.2355334949685
1066.8294493677893 -714.3772718885424
1069.0061157454643 -690.210755325254
1070.575645641131 -666.7817935528194
1071.5997000581772 -644.1371450288418
1084.5306895186782 -621.6245134656815
1084.7380395530442 -600.2202757012351
1097.114952854353 -578.1402564964205
1096.8425040246425 -558.1452352704221
1109.0359703612119 -536.6674151401943
1121.34083865766 -515.3638384337768
1121.2499447522803 -497.78351181135145
1133.9355991957411 -478.0588305403623
1147.0781457207515 -459.29014039575793
1161.6961088735422 -440.89797194448175
1178.8395842870696 -422.7473902796616
1195.7385375812157 -408.1624271719902
NaN NaN
NaN NaN
NaN NaN
956.0135067115531 184.16973202196664
797.3760757830424 221.75374851797224
681.5707835939191 248.31831630370354
594.3063558943946 267.730891645066
535.3662844858997 282.25034681193273
490.55942422596104 293.91002742635203
445.9504085230516 303.2411499740376
415.2940267416279 311.23934219715494
384.7833591433655 317.6819479397949
354.4750744791811 322.5815773687038
337.7368689691222 328.034084786147
321.03771216304557 332.6958587096681
304.4067709703614 336.5735862897442
287.8729800003934 339.67491733256395
271.46501240060456 342.0084549935245
255.21125089558973 343.5837457948867
251.48780785803348 348.59944584426273
235.4364035971853 349.02504444214753
231.57203789778575 353.57409738735186
215.79985289636295 352.87764295175356
211.83795496182654 356.96807423104934
196.42005413769385 355.1818176298111
192.40315493472335 358.82451639589414
188.2546597240157 362.3981752737823
173.38209991710684 359.19384738260993
169.23306955085698 362.3345503534915
164.96827862744345 365.4046527064171
160.5906502796788 368.40154827955564
146.5631064369659 363.5154550024195
142.249986058101 366.1016575739041
137.83955127637546 368.6149824895389
133.33482304904481 371.05321333563285
128.73888647984208 373.4141923094195
124.0548887107358 375.69582296167005
111.52093995987997 368.66837205096414
106.98644381609319 370.57777539830084
102.37874839199308 372.41066087700966
97.7010080857309 374.1653335679965
92.956424972128 375.84016650457784
88.1482466185839 377.43360282467347
83.2797638706785 378.9441578280515
78.35430860893096 380.37042093585285
73.37525147824546 381.71105754992647
68.34599959155088 382.9648108096619
58.86415901813454 373.2328768147867
54.10141064187802 374.19423837361535
49.30164064245464 375.0751899228749
44.468133886240366 375.8748699084655
39.6041982188684 376.59249524977105
34.71316221129919 377.22736240835627
29.798372892033587 377.7788483468907
24.863193466990595 378.2464113773497
19.911001028575196 378.62959189771664
14.945184255464937 378.92801301643937
9.969141104659048 379.14138106414197
4.986276497326052 379.26948599207583
