0 315.79239032551067
-4.51629929230691 315.7522746634187
-9.02950907964276 315.6319659135377
-13.536541958775468 315.43157873529486
-18.03431472855509 315.1513040614832
-22.519750487456854 314.79140884920093
-27.21282151162731 315.4964010628096
-31.70117739023028 314.97179248702173
-36.16784736977955 314.36781639107966
-40.94261749446424 314.80646677949613
-45.39294797439618 314.03598482335053
-50.21716956388701 314.2883881228245
-54.63802756617926 313.35035558701674
-59.49744724153015 313.41188311817893
-64.38653546213422 313.3697313891587
-68.75565900112237 312.1726682508449
-73.65767433438191 311.9331171231619
-78.57750916782965 311.58563645929274
-83.51098386208642 311.1287063888798
-88.4538637226924 310.56091776926337
-93.4018624587091 309.8809734795934
-98.35064570473163 309.0876895881421
-104.07236638175023 309.1027763493455
-109.04058515035075 308.0581005098023
-114.8338283235388 307.77507228541714
-119.80141451332996 306.47231191123916
-125.6436104236975 305.881697804586
-131.51596957168394 305.12168076261804
-137.41199254590612 304.18958815882723
-143.32508706336597 303.08293415441375
-149.24857413649062 301.7994222287147
-156.2099189495421 301.0361533284704
-163.21874902568985 300.0347928629159
-170.26600123995263 298.7915658061013
-177.3424855729534 297.30297193195327
-184.43889417582866 295.56578962987595
-192.69929990473892 294.12659537311345
-202.17882911319123 292.88725153525564
-210.53620881374968 290.7758391315074
-220.12844583766199 288.7904899002313
-231.00056666535545 286.8273736263856
-241.9394339728965 284.3951339778952
-254.19786911784436 281.83863344168003
-267.8077068059825 279.04810877272536
-282.7953798447128 275.91175440627745
-299.18185010518624 272.31596950900456
-318.31362792069814 268.35381373011603
-340.239342894166 263.7994466088206
-363.640557727044 258.28908178221354
-392.61162354428575 251.99655303171232
-425.85422230854863 244.40518790497663
-466.1700900759317 235.21407926388696
-516.4104057440363 223.82004953780225
-579.4572104256916 209.31683253151257
-662.4299129088832 190.22937789236047
-775.3351524390256 164.0860672562456
-939.5758092054034 126.09467144300642
NaN NaN
NaN NaN
NaN NaN
-1143.7524122069835 -314.54874937712157
-1129.333129470934 -330.5018442905199
-1115.9467115238476 -349.82536734263954
-1104.7370929552903 -369.41230213529514
-1094.7884060792123 -389.3896671954784
-1086.412926912127 -410.03858946782515
-1079.3533755991314 -431.32612482590196
-1072.402887850056 -453.15741478165796
-1066.6862752021357 -475.1511309071792
-1060.8396593449563 -497.54808799858876
-1055.9960347395256 -520.1788914571389
-1052.0594003796562 -543.1461816438991
-1047.7109571736266 -566.5778745495039
-1044.1106613190418 -590.4552362639308
-1039.9634896623245 -614.8093544615679
-1036.428756839379 -639.7118889637039
-1033.4336396913343 -665.2565380161267
-1029.7130614759417 -691.3295183322454
-1027.5825533867658 -718.3805106361561
-1024.5954648795337 -746.0405851469309
-1021.8623207513363 -774.593087250287
-1019.299669006636 -804.1127340237168
-1016.8204373301386 -834.6691986070028
-1014.3339392049319 -866.3267398305666
-1012.8270773540909 -899.6453997467615
-1011.0803796581338 -934.2553225909529
-1008.9896538077498 -970.1995549310508
-1006.4479802216883 -1007.5140885654953
-1005.3610207962006 -1047.5371240319787
-1003.751907051453 -1089.128271431023
-1001.5379061367171 -1132.333433859322
-995.7827884905776 -1174.9073783287474
-967.407403063827 -1199.950221565212
-938.4525780247429 -1224.2546959753483
-908.9295573456046 -1247.81000971411
-878.8508756570792 -1270.6046853400621
-848.2302931688406 -1292.6268018126082
-817.0825912058903 -1313.8641506303563
-785.4235895815988 -1334.3044210344008
-753.2699563189002 -1353.9352882594646
-720.6392722995778 -1372.7445824563547
-687.54980084458 -1390.7202932990017
-654.020557051654 -1407.8507140699294
-620.0711856652409 -1424.124464049966
-585.7219793113462 -1439.5305973479253
-550.9937232495017 -1454.0585568438332
-515.907780207471 -1467.6983298417897
-480.4859191018242 -1480.4403510450256
-444.7504053131779 -1492.2756711222387
-408.7238778712504 -1503.1958905838537
-372.42933667507384 -1513.1932021588154
-335.89012182463324 -1522.260432476635
-299.1298669244815 -1530.3910395838766
-262.17246681744655 -1537.5791208725498
-225.0420601645916 -1543.8194581703576
-187.76298665174713 -1549.1075048948685
-150.35975456145306 -1553.439375585464
-112.85702648929401 -1556.811912501266
-75.27957546388201 -1559.2226410231433
-37.652261041790936 -1560.6697917752354
0 -1561.1522931225613
37.6522610417903 -1560.6697917752354
75.27957546388141 -1559.2226410231433
112.85702648929401 -1556.811912501266
150.35975456145243 -1553.439375585464
187.76298665174656 -1549.1075048948685
225.0420601645916 -1543.8194581703576
262.1724668174461 -1537.5791208725498
299.1298669244808 -1530.3910395838766
335.89012182463324 -1522.260432476635
372.4293366750733 -1513.1932021588154
408.72387787125 -1503.1958905838537
444.7504053131779 -1492.2756711222387
480.48591910182387 -1480.440351045026
515.9077802074704 -1467.69832984179
550.9937232495017 -1454.0585568438332
585.7219793113458 -1439.5305973479255
620.0711856652405 -1424.1244640499665
654.020557051654 -1407.8507140699294
687.5498008445797 -1390.7202932990017
720.6392722995778 -1372.7445824563547
753.2699563189002 -1353.9352882594646
785.4235895815988 -1334.3044210344008
817.0825912058903 -1313.8641506303563
848.2302931688406 -1292.6268018126082
878.850875657079 -1270.6046853400621
908.9295573456045 -1247.8100097141098
938.4525780247429 -1224.2546959753483
967.4074030638259 -1199.9502215652124
995.7827884905765 -1174.9073783287488
1001.5379061367171 -1132.333433859322
1003.7519070514522 -1089.1282714310246
1005.3610207962 -1047.5371240319791
1006.4479802216881 -1007.5140885654954
1008.9896538077496 -970.199554931051
1011.0803796581341 -934.2553225909528
1012.8270773540909 -899.6453997467615
1014.3339392049319 -866.3267398305666
1016.8204373301385 -834.6691986070033
1019.299669006636 -804.1127340237168
1021.8623207513356 -774.5930872502875
1024.5954648795337 -746.0405851469309
1027.5825533867658 -718.3805106361561
1029.7130614759417 -691.3295183322454
1033.4336396913343 -665.2565380161268
1036.4287568393793 -639.7118889637036
1039.9634896623243 -614.8093544615679
1044.1106613190414 -590.455236263932
1047.7109571736266 -566.5778745495039
1052.0594003796562 -543.1461816438991
1055.996034739525 -520.17889145714
1060.8396593449559 -497.54808799859046
1066.6862752021357 -475.15113090717887
1072.4028878500544 -453.15741478166035
1079.3533755991314 -431.32612482590196
1086.412926912127 -410.03858946782515
1094.7884060792123 -389.3896671954784
1104.7370929552903 -369.41230213529514
1115.9467115238476 -349.82536734263954
1129.333129470934 -330.5018442905199
1143.7524122069835 -314.54874937712157
NaN NaN
NaN NaN
NaN NaN
939.5758092054036 126.09467144300461
775.3351524390256 164.0860672562456
662.4299129088832 190.22937789236047
579.4572104256916 209.31683253151257
516.4104057440364 223.82004953780176
466.1700900759318 235.21407926388682
425.85422230854863 244.40518790497643
392.61162354428575 251.99655303171232
363.640557727044 258.28908178221354
340.239342894166 263.7994466088206
318.31362792069814 268.353813730116
299.18185010518624 272.3159695090046
282.79537984471284 275.91175440627734
267.8077068059825 279.04810877272536
254.19786911784436 281.83863344168003
241.9394339728965 284.3951339778952
231.00056666535556 286.82737362638545
220.128445837662 288.7904899002312
210.53620881374968 290.7758391315073
202.17882911319123 292.88725153525564
192.69929990473892 294.12659537311345
184.43889417582866 295.56578962987595
177.34248557295348 297.30297193195315
170.26600123995266 298.7915658061013
163.21874902568985 300.0347928629158
156.2099189495421 301.0361533284704
149.24857413649062 301.7994222287147
143.32508706336597 303.08293415441375
137.41199254590623 304.1895881588272
131.515969571684 305.1216807626173
125.64361042369752 305.881697804586
119.80141451332996 306.47231191123916
114.8338283235388 307.77507228541714
109.04058515035075 308.0581005098023
104.0723663817503 309.1027763493454
98.35064570473166 309.0876895881421
93.40186245870912 309.8809734795934
88.4538637226924 310.56091776926337
83.51098386208642 311.1287063888798
78.57750916782965 311.58563645929274
73.65767433438198 311.9331171231619
68.75565900112241 312.1726682508449
64.38653546213425 313.36973138915863
59.49744724153015 313.41188311817893
54.63802756617926 313.35035558701674
50.21716956388701 314.2883881228245
45.39294797439623 314.0359848233505
40.94261749446428 314.80646677949613
36.16784736977961 314.36781639107966
31.70117739023028 314.97179248702173
27.21282151162731 315.4964010628096
22.519750487456854 314.79140884920093
18.03431472855513 315.1513040614832
13.53654195877551 315.43157873529486
9.029509079642805 315.6319659135377
4.51629929230691 315.7522746634187
