-500 773.7622016569707 0.9974186864204184
-507.3363386737052 773.7124853060001 0.9974187101477427
-514.6676548421907 773.5633967638954 0.9974187812994011
-521.9889294275237 773.3151174632666 0.9974188997845064
-529.2951502040805 772.9679494591566 0.9974190654517686
-536.5813152188222 772.5223149304455 0.9974192780897767
-543.8424362048864 771.9787554824227 0.997419537427393
-551.0735419856937 771.3379312512127 0.9974198431342586
-558.2696818677282 770.6006198108686 0.9974201948214098
-565.4259290194445 769.7677148843005 0.9974205920420042
-572.5373838340892 768.8402248591104 0.9974210342921542
-579.5991772741938 767.8192711100564 0.9974215210118681
-586.6064741955198 766.7060861297238 0.9974220515860956
-598.3138501169335 776.2747781825816 0.9974174869715199
-605.5480988838215 774.8467979625934 0.9974181687329716
-612.7101032321552 773.3214126330466 0.9974188967803673
-619.7949599660293 771.700370960466 0.9974196702363376
-626.7978184946388 769.9855268981606 0.9974204881717852
-633.7138841428942 768.1788365613806 0.9974213496075829
-640.5384214245806 766.2823550277066 0.9974222535163623
-647.2667572756179 764.2982329668416 0.9974231988243887
-653.8942842453829 762.2287131046463 0.9974241844135203
-660.4164636441241 760.0761265265776 0.9974252091232454
-674.9045851003768 766.8545003255813 0.9974219808547802
-681.5079057329557 764.3185707794801 0.9974231891366448
-687.9869999157377 761.6987586369124 0.9974244367327193
-694.3374298845474 758.9978614849877 0.9974257222484673
-700.5548455838946 756.2187500675261 0.9974270442555999
-706.6349876420318 753.3643636689512 0.9974284012945862
-722.3883828973172 757.9806066788971 0.9974262062371804
-728.4495095785686 754.7129313455049 0.9974277602533924
-734.3542919707489 751.37186076284 0.9974293481091091
-740.0986829727997 747.9607441798755 0.9974309681440047
-756.5208792020443 750.8959561917391 0.9974295741968602
-762.1722245782241 747.0552202577657 0.9974313980143491
-767.6441577113726 743.1482202604058 0.9974332518399882
-784.4682790228367 744.6736822982999 0.9974325282010787
-789.7866202485226 740.3266857390317 0.9974345897111749
-806.8645417065073 740.7715165035071 0.9974343788391358
-811.9830421412822 735.9764814825025 0.997436650922512
-829.2361198950659 735.311228022405 0.9974369659721357
-834.107951616066 730.0628695718677 0.9974394499899927
-851.4560299468476 728.2625677378599 0.997440301453208
-868.9034925246374 725.7122970512386 0.9974415070861757
-886.421244206854 722.4031194773139 0.9974430705602446
-903.9799374885577 718.3270163694843 0.9974449949378885
-921.550001925476 713.4768966844136 0.9974472826650126
-939.1016737316032 707.8466045888878 0.9974499355646814
-970.1654258479202 702.7802538115048 0.997452320154859
NaN NaN NaN
NaN NaN NaN
NaN NaN NaN
NaN NaN NaN
NaN NaN NaN
NaN NaN NaN
NaN NaN NaN
NaN NaN NaN
NaN NaN NaN
NaN NaN NaN
NaN NaN NaN
-1383.1489744949329 -1016.7307475218175 0.9967657070990676
-1370.7755428670093 -1022.3329213318402 0.9967691359134697
-1358.1492180635555 -1028.5718282346866 0.9967729498638769
-1346.2710091660294 -1034.8795466308798 0.996776800982835
-1334.8537992892477 -1041.288940379729 0.9967807091415846
-1323.7149923639276 -1047.8135741308984 0.9967846823601118
-1312.7308590599393 -1054.4569385385767 0.9967887224885482
-1301.8137304908807 -1061.2167834653446 0.9967928278771367
-1290.8944630192022 -1068.0900390036843 0.9967969963824812
-1292.163093712006 -1073.483574688301 0.9968002634029166
-1280.8205584670145 -1080.85859977967 0.9968047248956051
-1269.3467859780726 -1088.3267673703199 0.9968092359479
-1257.7320387419402 -1095.8681092860265 0.9968137842808829
-1257.615531843917 -1102.8582799052613 0.9968179939914139
-1245.5159212389726 -1110.7545884918748 0.99682274224403
-1233.2409665529824 -1118.681601774353 0.9968275013275619
-1231.958245213875 -1126.8126809722014 0.9968323749923373
-1219.1345261427705 -1135.0215580665867 0.9968372871528048
-1216.9717626844565 -1143.9606421535696 0.9968426269851646
-1203.5640010310822 -1152.402498248612 0.9968476609259042
-1200.4760292864046 -1162.1076516064866 0.9968534375545537
-1186.452803515285 -1170.7311695387766 0.9968585608617769
-1182.3982011796 -1181.1525384551246 0.9968647403588508
-1177.7620586532475 -1192.0637541397668 0.9968711963557769
-1172.5296880612548 -1203.4502945497434 0.9968779183996972
-1157.0048701181565 -1212.5241961002423 0.9968832640896775
-1150.7151238951053 -1224.5062894952375 0.9968903080428423
-1143.7905983784726 -1236.911178144544 0.9968975825599922
-1136.2156380597435 -1249.7186192913778 0.9969050739935935
-1136.8881373466759 -1266.8895691854634 0.9969150873268592
-1127.759857346154 -1280.7314991794829 0.9969231340144848
-1117.9325318242995 -1294.9022257273539 0.9969313485081035
-1115.6769079437138 -1314.2914379968877 0.9969425499324021
-1104.1806222826838 -1329.322452056785 0.9969512033513318
-1099.772925714523 -1350.1263425811044 0.9969631368687133
-1094.1346482289375 -1371.7373995180872 0.9969754802734174
-1087.232801827059 -1394.1026199606058 0.9969881976812149
-1079.0364262729215 -1417.1658271696504 0.9970012518065456
-1069.5161529223665 -1440.8678242598312 0.9970146041337787
-1065.235330909675 -1472.26571061304 0.9970321935054095
-1059.0354174046563 -1504.7743904997646 0.9970502877225765
-1056.960872145132 -1546.1030803792498 0.9970731198644713
-1046.694146901078 -1580.932509251684 0.9970922137016137
-1045.6512533678158 -1633.6281477863204 0.9971208472687636
-1036.257312057094 -1679.5680669449334 0.9971455619591281
-1034.3655533832034 -1745.1911515030802 0.9971804695631664
-1028.6817735886889 -1813.263224767711 0.9972161933289659
-1023.5706532692002 -1893.4864892894898 0.997257667103828
-1018.030775959196 -1986.6401568216618 0.9973049884665903
-1014.9214394459739 -2104.160963924895 0.9973634298929392
-1012.2266955900722 -2247.8017871015973 0.9974329992507811
-958.701881467323 -2248.206988049689 0.9974331926564468
-905.5908848536199 -2247.2597782864823 0.9974327405208426
-855.469779209614 -2256.3460061665173 0.9974370741207295
-802.937561845742 -2252.8001915007567 0.9974353839216279
-752.7489117340635 -2259.4321051986426 0.9974385441990067
-700.939959806074 -2253.3467628354806 0.9974356445372135
-650.8190422845407 -2257.5412983492934 0.9974376436128333
-600.6003743472825 -2260.540052742012 0.9974390717514274
-550.316496208972 -2262.340368102016 0.9974399287247421
-500 -2262.9406503114446 0.9974402143974584
-449.68350379102935 -2262.340368102016 0.9974399287247421
-399.39962565271856 -2260.540052742012 0.9974390717514274
-349.18095771545956 -2257.5412983492934 0.9974376436128333
-299.060040193927 -2253.3467628354806 0.9974356445372135
-247.25108826593697 -2259.4321051986426 0.9974385441990067
-197.0624381542584 -2252.8001915007567 0.9974353839216279
-144.53022079038726 -2256.3460061665173 0.9974370741207295
-94.40911514638096 -2247.2597782864823 0.9974327405208426
-41.29811853267588 -2248.206988049689 0.9974331926564468
12.226695590071504 -2247.8017871015973 0.9974329992507811
66.12340265661176 -2246.019159837539 0.9974321482002196
120.35356058968603 -2242.8430668666765 0.9974306311296336
174.87410181622062 -2238.252968704725 0.9974284369326667
229.6456420753253 -2232.235683027636 0.9974255574126689
289.9670741099194 -2235.389464579169 0.9974270670645335
345.44543119663905 -2226.3304635296768 0.9974227281120794
407.0571707119809 -2226.1382689632883 0.9974226359712972
469.4005047821308 -2224.155261998345 0.9974216850806916
532.4172451182201 -2220.3432332487264 0.9974198560668797
596.0477034011818 -2214.6661914178653 0.9974171296036419
660.230745433973 -2207.090437789043 0.9974134863833978
724.903845591524 -2197.584644954525 0.9974089070936886
797.9402838548762 -2195.475669044131 0.9974078899286639
871.9445829216726 -2190.9927098028925 0.997405726342961
946.8326774019346 -2184.0825677921507 0.9974023874948229
1022.5168331251882 -2174.695254310028 0.9973978442430864
1026.111549096234 -2094.8168450804665 0.9973588338673438
1026.2651417672196 -2016.9379863658432 0.9973201883247215
1032.6177313514145 -1948.9484206694303 0.9972859487098231
1036.190131437589 -1882.5427977931765 0.9972520490185108
1037.081821325231 -1817.8377454304666 0.997218576406097
1045.5355846974714 -1761.6255154842027 0.9971891393239481
1041.5696725073178 -1700.2768898782363 0.9971566279384501
1045.7422125343721 -1646.8849508844273 0.9971280027492367
1058.6795089725338 -1600.4427817365777 0.9971028507466084
1059.2950304064643 -1549.4420530969603 0.9970749561621366
1058.2027369297134 -1499.9066099620209 0.9970475859079155
1066.628262509577 -1456.3820651469332 0.9970233093225073
1073.841063056307 -1413.6625428266584 0.9969992728188202
1079.9461437926818 -1371.7621744343521 0.9969754943929235
1084.7887028220873 -1330.7992603166067 0.9969520521359991
1088.134261711135 -1290.9681418980306 0.9969290703596952
1090.0482226950428 -1252.3596719755947 0.9969066164047405
1102.6558344904734 -1217.209565637165 0.9968860205288232
1102.0675518884716 -1180.8848155368971 0.9968645817719627
1112.6053766456314 -1147.3488231931276 0.9968446484164573
1122.275965902811 -1114.524082047635 0.9968250062604462
1131.1497640054652 -1082.4810603717362 0.9968057055027348
1139.314392359263 -1051.2860332798227 0.9967867947967688
1146.8725293025307 -1021.0051060424768 0.9967683235750008
1153.9492339038254 -991.7017918120898 0.9967664752939498
1160.7023861997684 -963.433643893038 0.9968044549464647
1180.4028337666223 -934.6723749778731 0.9968436622586976
1187.263841013386 -908.219323061247 0.9968801490390544
1207.8820979286477 -880.5716853950971 0.9969186451754865
1216.2983187226675 -856.2791344970485 0.9969527182631911
1239.1269691225748 -831.0529609920206 0.9969882946132302
1262.1642785275067 -809.182579800115 0.9970192602289527
1289.7548189222928 -788.3084992014732 0.9970488911874544
1314.4095085508504 -773.9835290184916 0.9970692551461449
NaN NaN NaN
NaN NaN NaN
803.9618225570724 508.5213380368483 0.9975419275583635
545.2977220600324 568.3820839702175 0.9975146906788628
386.3840472729742 606.030190043143 0.9974973903905812
270.2415096076775 632.6727163672282 0.9974850673444045
182.5790659455747 652.1768971649847 0.997476003683082
123.18048086835422 666.8013439679726 0.9974691840777832
77.85492347590574 678.5791037903126 0.9974636771938243
32.667382665806045 688.0410575825547 0.997459243557956
1.3730442947291988 696.1824616798842 0.9974554218785179
-29.834574152078513 702.7802538115048 0.997452320154859
-60.898326268397085 707.8466045888878 0.9974499355646814
-78.44999807452496 713.4768966844135 0.9974472826650126
-96.02006251143592 718.3270163694842 0.9974449949378885
-113.57875579314032 722.4031194773138 0.9974430705602446
-131.09650747536966 725.7122970512386 0.9974415070861757
-148.54397005314024 728.2625677378599 0.997440301453208
-165.89204838392163 730.0628695718677 0.9974394499899927
-170.763880104943 735.3112280224049 0.9974369659721357
-188.01695785870555 735.9764814825024 0.997436650922512
-193.1354582934926 740.771516503507 0.9974343788391358
-210.2133797514649 740.3266857390317 0.9974345897111749
-215.53172097717572 744.6736822982999 0.9974325282010787
-232.3558422886274 743.1482202604058 0.9974332518399882
-237.82777542178752 747.0552202577655 0.9974313980143491
-243.47912079796828 750.8959561917391 0.9974295741968602
-259.9013170272129 747.9607441798754 0.9974309681440047
-265.6457080292512 751.37186076284 0.9974293481091091
-271.5504904214186 754.7129313455049 0.9974277602533924
-277.61161710268277 757.9806066788971 0.9974262062371804
-293.36501235796817 753.3643636689512 0.9974284012945862
-299.4451544161179 756.2187500675261 0.9974270442555999
-305.66257011545275 758.9978614849875 0.9974257222484673
-312.0130000842622 761.6987586369124 0.9974244367327193
-318.4920942670318 764.3185707794801 0.9974231891366448
-325.0954148996232 766.8545003255813 0.9974219808547802
-339.5835363558885 760.0761265265776 0.9974252091232454
-346.1057157546171 762.2287131046463 0.9974241844135203
-352.73324272439453 764.2982329668416 0.9974231988243887
-359.4615785754066 766.2823550277066 0.9974222535163623
-366.286115857106 768.1788365613806 0.9974213496075829
-373.2021815053612 769.9855268981606 0.9974204881717852
-380.2050400339579 771.700370960466 0.9974196702363376
-387.28989676783203 773.3214126330466 0.9974188967803673
-394.4519011161659 774.8467979625934 0.9974181687329716
-401.6861498830538 776.2747781825816 0.9974174869715199
-413.39352580448013 766.7060861297238 0.9974220515860956
-420.40082272581884 767.8192711100564 0.9974215210118681
-427.46261616592346 768.8402248591104 0.9974210342921542
-434.5740709805553 769.7677148843005 0.9974205920420042
-441.73031813225896 770.6006198108686 0.9974201948214098
-448.9264580142936 771.3379312512127 0.9974198431342586
-456.1575637951135 771.9787554824227 0.997419537427393
-463.4186847811778 772.5223149304455 0.9974192780897767
-470.70484979593147 772.9679494591566 0.9974190654517686
-478.0110705724762 773.3151174632666 0.9974188997845064
-485.33234515780555 773.5633967638954 0.9974187812994011
-492.6636613262948 773.7124853060001 0.9974187101477427
500 773.7622016569707 0.9974186864204184
492.6636613262948 773.7124853060001 0.9974187101477427
485.33234515780555 773.5633967638954 0.9974187812994011
478.0110705724764 773.3151174632666 0.9974188997845064
470.7048497959315 772.9679494591566 0.9974190654517686
463.4186847811778 772.5223149304455 0.9974192780897767
456.1575637951135 771.9787554824227 0.997419537427393
448.9264580142936 771.3379312512127 0.9974198431342586
441.73031813225896 770.6006198108686 0.9974201948214098
434.5740709805553 769.7677148843005 0.9974205920420042
427.4626161659235 768.8402248591104 0.9974210342921542
420.40082272581884 767.8192711100564 0.9974215210118681
413.39352580448013 766.7060861297238 0.9974220515860956
401.6861498830538 776.2747781825816 0.9974174869715199
394.45190111616597 774.8467979625934 0.9974181687329716
387.28989676783203 773.3214126330466 0.9974188967803673
380.20504003395797 771.700370960466 0.9974196702363376
373.2021815053612 769.9855268981606 0.9974204881717852
366.286115857106 768.1788365613806 0.9974213496075829
359.4615785754066 766.2823550277066 0.9974222535163623
352.73324272439453 764.2982329668416 0.9974231988243887
346.10571575461717 762.2287131046463 0.9974241844135203
339.58353635588855 760.0761265265776 0.9974252091232454
325.0954148996232 766.8545003255813 0.9974219808547802
318.4920942670318 764.3185707794801 0.9974231891366448
312.0130000842622 761.6987586369124 0.9974244367327193
305.6625701154528 758.9978614849877 0.9974257222484673
299.44515441611793 756.2187500675261 0.9974270442555999
293.3650123579683 753.3643636689512 0.9974284012945862
277.61161710268277 757.9806066788971 0.9974262062371804
271.5504904214186 754.7129313455049 0.9974277602533924
265.6457080292512 751.37186076284 0.9974293481091091
259.90131702721305 747.9607441798755 0.9974309681440047
243.47912079796828 750.8959561917391 0.9974295741968602
237.82777542178763 747.0552202577657 0.9974313980143491
232.3558422886274 743.1482202604058 0.9974332518399882
215.53172097717572 744.6736822982999 0.9974325282010787
210.2133797514649 740.3266857390317 0.9974345897111749
193.13545829349272 740.7715165035071 0.9974343788391358
188.01695785870555 735.9764814825025 0.997436650922512
170.76388010494313 735.311228022405 0.9974369659721357
165.89204838392163 730.0628695718677 0.9974394499899927
148.54397005314024 728.2625677378599 0.997440301453208
131.09650747536966 725.7122970512386 0.9974415070861757
113.57875579314037 722.4031194773139 0.9974430705602446
96.02006251143604 718.3270163694843 0.9974449949378885
78.44999807452501 713.4768966844136 0.9974472826650126
60.898326268397085 707.8466045888878 0.9974499355646814
29.834574152078513 702.7802538115048 0.997452320154859
-1.3730442947291988 696.1824616798842 0.9974554218785179
-32.66738266580601 688.0410575825549 0.997459243557956
-77.85492347590572 678.5791037903128 0.9974636771938243
-123.18048086835418 666.8013439679731 0.9974691840777832
-182.5790659455747 652.1768971649847 0.997476003683082
-270.2415096076775 632.6727163672282 0.9974850673444045
-386.3840472729742 606.030190043143 0.9974973903905812
-545.2977220600321 568.3820839702186 0.9975146906788628
-803.9618225570724 508.5213380368483 0.9975419275583635
NaN NaN NaN
NaN NaN NaN
-1314.4095085508504 -773.9835290184916 0.9970692551461449
-1289.7548189222928 -788.3084992014732 0.9970488911874544
-1262.1642785275067 -809.182579800115 0.9970192602289527
-1239.1269691225748 -831.0529609920206 0.9969882946132302
-1216.2983187226675 -856.2791344970485 0.9969527182631911
-1207.8820979286477 -880.5716853950971 0.9969186451754865
-1187.263841013386 -908.219323061247 0.9968801490390544
-1180.4028337666236 -934.6723749778714 0.9968436622586976
-1160.7023861997689 -963.433643893037 0.9968044549464647
-1153.9492339038254 -991.7017918120891 0.9967664752939498
-1146.872529302531 -1021.0051060424765 0.9967683235750008
-1139.314392359263 -1051.2860332798227 0.9967867947967688
-1131.1497640054652 -1082.4810603717362 0.9968057055027348
-1122.2759659028115 -1114.5240820476345 0.9968250062604462
-1112.6053766456314 -1147.3488231931274 0.9968446484164573
-1102.0675518884725 -1180.884815536896 0.9968645817719627
-1102.6558344904736 -1217.2095656371646 0.9968860205288232
-1090.0482226950428 -1252.3596719755947 0.9969066164047405
-1088.134261711135 -1290.9681418980306 0.9969290703596952
-1084.7887028220869 -1330.7992603166076 0.9969520521359991
-1079.9461437926814 -1371.7621744343521 0.9969754943929235
-1073.841063056308 -1413.6625428266568 0.9969992728188202
-1066.6282625095787 -1456.3820651469318 0.9970233093225073
-1058.2027369297134 -1499.9066099620209 0.9970475859079155
-1059.2950304064643 -1549.4420530969603 0.9970749561621366
-1058.6795089725342 -1600.4427817365772 0.9971028507466084
-1045.7422125343724 -1646.8849508844269 0.9971280027492367
-1041.5696725073178 -1700.2768898782363 0.9971566279384501
-1045.5355846974714 -1761.6255154842027 0.9971891393239481
-1037.0818213252314 -1817.8377454304666 0.997218576406097
-1036.190131437589 -1882.5427977931765 0.9972520490185108
-1032.6177313514165 -1948.9484206694285 0.9972859487098231
-1026.265141767221 -2016.9379863658417 0.9973201883247215
-1026.111549096234 -2094.8168450804665 0.9973588338673438
-1022.5168331251887 -2174.695254310028 0.9973978442430864
-946.832677401935 -2184.0825677921507 0.9974023874948229
-871.9445829216726 -2190.9927098028925 0.997405726342961
-797.9402838548781 -2195.4756690441295 0.9974078899286639
-724.9038455915245 -2197.5846449545247 0.9974089070936886
-660.230745433973 -2207.090437789043 0.9974134863833978
-596.047703401182 -2214.666191417865 0.9974171296036419
-532.4172451182213 -2220.3432332487264 0.9974198560668797
-469.4005047821308 -2224.155261998345 0.9974216850806916
-407.05717071198194 -2226.1382689632874 0.9974226359712972
-345.4454311966399 -2226.3304635296763 0.9974227281120794
-289.9670741099194 -2235.389464579169 0.9974270670645335
-229.64564207532595 -2232.235683027636 0.9974255574126689
-174.87410181622118 -2238.252968704725 0.9974284369326667
-120.35356058968603 -2242.8430668666765 0.9974306311296336
-66.12340265661268 -2246.0191598375386 0.9974321482002196
-12.226695590072232 -2247.8017871015973 0.9974329992507811
41.29811853267588 -2248.206988049689 0.9974331926564468
94.40911514638034 -2247.2597782864823 0.9974327405208426
144.53022079038607 -2256.3460061665173 0.9974370741207295
197.0624381542584 -2252.8001915007567 0.9974353839216279
247.25108826593618 -2259.4321051986426 0.9974385441990067
299.06004019392617 -2253.3467628354806 0.9974356445372135
349.18095771545956 -2257.5412983492934 0.9974376436128333
399.39962565271776 -2260.540052742012 0.9974390717514274
449.68350379102833 -2262.340368102016 0.9974399287247421
500 -2262.9406503114446 0.9974402143974584
550.3164962089717 -2262.340368102016 0.9974399287247421
600.6003743472817 -2260.540052742012 0.9974390717514274
650.8190422845407 -2257.5412983492934 0.9974376436128333
700.9399598060727 -2253.3467628354806 0.9974356445372135
752.7489117340626 -2259.4321051986426 0.9974385441990067
802.937561845742 -2252.8001915007567 0.9974353839216279
855.4697792096131 -2256.3460061665173 0.9974370741207295
905.5908848536192 -2247.2597782864823 0.9974327405208426
958.701881467323 -2248.206988049689 0.9974331926564468
1012.2266955900716 -2247.8017871015973 0.9974329992507811
1014.9214394459727 -2104.1609639248954 0.9973634298929392
1018.030775959196 -1986.6401568216618 0.9973049884665903
1023.5706532691997 -1893.4864892894898 0.997257667103828
1028.6817735886887 -1813.263224767711 0.9972161933289659
1034.3655533832034 -1745.1911515030802 0.9971804695631664
1036.2573120570935 -1679.5680669449337 0.9971455619591281
1045.651253367815 -1633.6281477863208 0.9971208472687636
1046.694146901078 -1580.932509251684 0.9970922137016137
1056.9608721451314 -1546.1030803792498 0.9970731198644713
1059.035417404656 -1504.7743904997649 0.9970502877225765
1065.235330909675 -1472.26571061304 0.9970321935054095
1069.5161529223662 -1440.8678242598314 0.9970146041337787
1079.0364262729208 -1417.1658271696506 0.9970012518065456
1087.232801827059 -1394.1026199606058 0.9969881976812149
1094.1346482289373 -1371.7373995180872 0.9969754802734174
1099.7729257145227 -1350.1263425811046 0.9969631368687133
1104.1806222826838 -1329.322452056785 0.9969512033513318
1115.676907943713 -1314.2914379968877 0.9969425499324021
1117.932531824299 -1294.902225727354 0.9969313485081035
1127.759857346154 -1280.7314991794829 0.9969231340144848
1136.8881373466759 -1266.8895691854634 0.9969150873268592
1136.2156380597432 -1249.7186192913778 0.9969050739935935
1143.7905983784724 -1236.911178144544 0.9968975825599922
1150.7151238951049 -1224.5062894952375 0.9968903080428423
1157.0048701181556 -1212.5241961002425 0.9968832640896775
1172.5296880612548 -1203.4502945497434 0.9968779183996972
1177.7620586532475 -1192.0637541397668 0.9968711963557769
1182.3982011795995 -1181.152538455125 0.9968647403588508
1186.4528035152846 -1170.7311695387768 0.9968585608617769
1200.4760292864046 -1162.1076516064866 0.9968534375545537
1203.5640010310822 -1152.402498248612 0.9968476609259042
1216.9717626844565 -1143.9606421535696 0.9968426269851646
1219.1345261427705 -1135.0215580665867 0.9968372871528048
1231.958245213875 -1126.8126809722016 0.9968323749923373
1233.2409665529824 -1118.6816017743536 0.9968275013275619
1245.5159212389726 -1110.7545884918748 0.99682274224403
1257.6155318439176 -1102.8582799052615 0.9968179939914139
1257.7320387419402 -1095.8681092860265 0.9968137842808829
1269.3467859780726 -1088.3267673703199 0.9968092359479
1280.8205584670145 -1080.8585997796702 0.9968047248956051
1292.163093712006 -1073.4835746883011 0.9968002634029166
1290.8944630192022 -1068.0900390036848 0.9967969963824812
1301.8137304908803 -1061.2167834653449 0.9967928278771367
1312.7308590599393 -1054.4569385385767 0.9967887224885482
1323.7149923639276 -1047.8135741308984 0.9967846823601118
1334.8537992892477 -1041.288940379729 0.9967807091415846
1346.2710091660294 -1034.8795466308798 0.996776800982835
1358.1492180635555 -1028.5718282346866 0.9967729498638769
1370.7755428670093 -1022.3329213318402 0.9967691359134697
1383.1489744949329 -1016.7307475218175 0.9967657070990676
NaN NaN NaN
NaN NaN NaN
NaN NaN NaN
NaN NaN NaN
NaN NaN NaN
NaN NaN NaN
NaN NaN NaN
NaN NaN NaN
NaN NaN NaN
NaN NaN NaN
NaN NaN NaN
970.1654258479202 702.7802538115048 0.997452320154859
939.1016737316032 707.8466045888878 0.9974499355646814
921.550001925476 713.4768966844135 0.9974472826650126
903.9799374885577 718.3270163694842 0.9974449949378885
886.4212442068541 722.4031194773138 0.9974430705602446
868.9034925246374 725.7122970512386 0.9974415070861757
851.4560299468476 728.2625677378599 0.997440301453208
834.107951616066 730.0628695718677 0.9974394499899927
829.2361198950659 735.3112280224049 0.9974369659721357
811.9830421412822 735.9764814825024 0.997436650922512
806.8645417065073 740.771516503507 0.9974343788391358
789.7866202485226 740.3266857390317 0.9974345897111749
784.4682790228367 744.6736822982999 0.9974325282010787
767.6441577113726 743.1482202604058 0.9974332518399882
762.1722245782241 747.0552202577655 0.9974313980143491
756.5208792020445 750.8959561917391 0.9974295741968602
740.0986829727997 747.9607441798754 0.9974309681440047
734.3542919707489 751.37186076284 0.9974293481091091
728.4495095785686 754.7129313455049 0.9974277602533924
722.3883828973172 757.9806066788971 0.9974262062371804
706.6349876420318 753.3643636689512 0.9974284012945862
700.5548455838946 756.2187500675261 0.9974270442555999
694.3374298845474 758.9978614849875 0.9974257222484673
687.9869999157377 761.6987586369124 0.9974244367327193
681.5079057329557 764.3185707794801 0.9974231891366448
674.9045851003768 766.8545003255813 0.9974219808547802
660.4164636441243 760.0761265265776 0.9974252091232454
653.8942842453829 762.2287131046463 0.9974241844135203
647.2667572756181 764.2982329668416 0.9974231988243887
640.5384214245806 766.2823550277066 0.9974222535163623
633.7138841428942 768.1788365613806 0.9974213496075829
626.7978184946388 769.9855268981606 0.9974204881717852
619.7949599660293 771.700370960466 0.9974196702363376
612.7101032321552 773.3214126330466 0.9974188967803673
605.5480988838215 774.8467979625934 0.9974181687329716
598.3138501169335 776.2747781825816 0.9974174869715199
586.6064741955198 766.7060861297238 0.9974220515860956
579.5991772741938 767.8192711100564 0.9974215210118681
572.5373838340893 768.8402248591104 0.9974210342921542
565.4259290194447 769.7677148843005 0.9974205920420042
558.2696818677282 770.6006198108686 0.9974201948214098
551.0735419856937 771.3379312512127 0.9974198431342586
543.8424362048864 771.9787554824227 0.997419537427393
536.5813152188222 772.5223149304455 0.9974192780897767
529.2951502040805 772.9679494591566 0.9974190654517686
521.9889294275238 773.3151174632666 0.9974188997845064
514.6676548421907 773.5633967638954 0.9974187812994011
507.3363386737052 773.7124853060001 0.9974187101477427
