0 193.34139032550954
-3.7867582514655544 193.30344791987537
-7.570926988948063 193.18965321370527
-11.349918457534796 193.000103702674
-15.121148419291403 192.73496175762463
-18.882037908843053 192.3944544418491
-22.85305577015658 193.12303858682338
-26.622346451567974 192.62616372449665
-30.37343201095708 192.05398989689832
-34.43658891833014 192.5284270782986
-38.17976508795406 191.7976218040169
-42.301775922379264 192.0934866559495
-46.025847985026736 191.20258539098512
-50.19438407842814 191.3147888989307
-54.39896457187906 191.32672327843977
-58.09042536590966 190.18701256745516
-62.3220873726068 190.00792748118693
-66.57933772456582 189.72386524691456
-70.85845088472388 189.33313664080737
-75.15564062532673 188.83415545525307
-79.46706317918517 188.22544023083358
-83.78882045842224 187.50561588278336
-88.8934951162955 187.5961951773483
-93.25507070591429 186.6288415368275
-98.45248930322253 186.4247565342789
-102.83547786862819 185.20234697857816
-108.10470376011922 184.69327362947598
-113.4161131797649 184.0157659624248
-118.7635911631167 183.1669269466965
-124.14092137249605 182.1440438513098
-129.5417920064445 180.94459138162546
-135.99402642441234 180.26544044487417
-142.507601068408 179.34802577019548
-149.07379223677313 178.18834164287142
-155.68373960536726 176.78265777657296
-162.32845506643247 175.1275237697677
-170.15232104405993 173.76928921658356
-179.21076307429752 172.6095921656378
-187.16279676182887 170.57629250153255
-196.365706741793 168.66730466248717
-206.86478631995124 166.778585593692
-217.44715383618424 164.41857120539296
-229.36587497522632 161.93192192017466
-242.65301726585162 159.20867872092728
-257.3352346747712 156.13684714718067
-273.4336984171712 152.60264491374085
-292.29511621163874 148.69895821039236
-313.9683029523191 144.1997816369855
-337.13499441094257 138.74117291595414
-365.88970244301174 132.4968194183791
-398.93425729205785 124.94991223867655
-439.0705307435479 115.79941816655109
-489.1498247800875 104.44204433370763
-552.0542908706899 89.97142038315724
-634.9034353550447 70.91240326394296
-747.7039821590945 44.79329366973559
-911.8588832232917 6.821793490375251
-942.728614213559 -21.04213464976084
-944.5960243510903 -45.73005696968886
-945.8173394661354 -70.46528444026794
-946.4232198436114 -100
-946.3167009494996 -120.00461140301329
-945.5934078950287 -144.77934071547065
-944.2212777595427 -169.5325326320645
-942.2007406630291 -194.2476765272514
-939.4295960613083 -219.31759219298888
-935.7650538908864 -244.94574932924513
-931.3142889242077 -270.5187735443643
-926.1376519436017 -295.8592193101741
-920.2702158425749 -320.9175829571245
-913.7350554633522 -345.68060252009434
-906.5490880484135 -370.1447236340012
-898.7259070241836 -394.3078425076873
-890.277286358963 -418.16678304168266
-881.2139826485966 -441.7167612360407
-871.5462199972692 -464.95144073775265
-861.2839783196443 -487.8631847109046
-850.4371915155785 -510.44331711085636
-839.0158338955466 -532.6824003695419
-827.0300107882026 -554.5704294182649
-814.4899961560883 -576.097011514722
-801.406264852933 -597.2515025525836
-787.7895109612973 -618.0231184970415
-773.6506498228734 -638.4010284560457
-759.0008440455331 -658.3744179983083
-743.8514603338099 -677.93256415543
-728.2140985650265 -697.0648685553607
-712.1006046060947 -715.7608951582986
-695.5230019983999 -734.0104151003768
-678.4935346557731 -751.803419926046
-661.0246565937489 -769.1301464503196
-643.1289814164235 -785.9810951247445
-624.8193340386974 -802.347042690238
-606.1086862722825 -818.219053365772
-587.0101773695334 -833.5884881380939
-567.5371029085833 -848.4470133775918
-547.7029041014348 -862.786607462783
-527.5211212575567 -876.5995519062317
-507.0054798082526 -889.8784663387121
-486.16976426353574 -902.6162698724745
-465.0278998958191 -914.8062160566475
-443.5939062560879 -926.4418796116325
-421.88189110471774 -937.5171558692844
-399.90604955065135 -948.0262639999563
-377.6806567358568 -957.9637467363353
-355.22006090372 -967.3244697188809
-332.53867454462215 -976.1036179957797
-309.6509620288867 -984.2966858057525
-286.57146536660383 -991.8995122623811
-263.3147567286907 -998.9082317995526
-239.8957790486531 -1005.3198754933243
-216.32971775679314 -1011.1325018228885
-192.630743123772 -1016.3427597237825
-168.81315666658915 -1020.9475261278328
-144.89143401352143 -1024.9440344950408
-120.88019063157687 -1028.329862525575
-96.7941579726958 -1031.10292209278
-72.64817774406197 -1033.2615256826164
-48.45716682542806 -1034.8043421916127
-24.236102107149645 -1035.7304190067343
0 -1036.039174594428
24.236102107149236 -1035.7304190067343
48.45716682542772 -1034.8043421916127
72.64817774406197 -1033.2615256826164
96.79415797269536 -1031.10292209278
120.88019063157647 -1028.329862525575
144.89143401352143 -1024.9440344950408
168.81315666658884 -1020.9475261278329
192.63074312377145 -1016.3427597237825
216.32971775679314 -1011.1325018228885
239.89577904865274 -1005.3198754933243
263.3147567286905 -998.9082317995526
286.57146536660383 -991.8995122623811
309.65096202888645 -984.2966858057528
332.5386745446218 -976.1036179957797
355.22006090372 -967.3244697188809
377.6806567358566 -957.9637467363356
399.90604955065106 -948.0262639999567
421.88189110471774 -937.5171558692844
443.59390625608773 -926.4418796116325
465.0278998958191 -914.8062160566475
486.16976426353574 -902.6162698724745
507.0054798082526 -889.8784663387121
527.5211212575567 -876.5995519062317
547.7029041014348 -862.786607462783
567.537102908583 -848.4470133775918
587.0101773695334 -833.5884881380938
606.1086862722825 -818.219053365772
624.8193340386969 -802.3470426902383
643.128981416423 -785.9810951247451
661.0246565937489 -769.1301464503196
678.4935346557725 -751.8034199260463
695.5230019983999 -734.0104151003769
712.1006046060946 -715.7608951582987
728.2140985650262 -697.0648685553609
743.85146033381 -677.93256415543
759.0008440455331 -658.3744179983083
773.6506498228734 -638.4010284560457
787.7895109612972 -618.023118497042
801.406264852933 -597.2515025525836
814.489996156088 -576.0970115147223
827.0300107882026 -554.5704294182649
839.0158338955466 -532.6824003695419
850.4371915155785 -510.44331711085636
861.2839783196443 -487.8631847109047
871.5462199972692 -464.9514407377523
881.2139826485966 -441.7167612360408
890.2772863589626 -418.1667830416837
898.7259070241836 -394.3078425076873
906.5490880484135 -370.1447236340012
913.7350554633518 -345.6806025200958
920.2702158425748 -320.9175829571264
926.1376519436017 -295.8592193101737
931.3142889242074 -270.5187735443665
935.7650538908864 -244.94574932924513
939.4295960613083 -219.31759219298888
942.2007406630291 -194.2476765272514
944.2212777595427 -169.5325326320645
945.5934078950287 -144.77934071547065
946.3167009494996 -120.00461140301329
946.4232198436114 -100
945.8173394661354 -70.46528444026794
944.5960243510904 -45.73005696968844
942.728614213559 -21.04213464976084
911.858883223292 6.821793490373454
747.7039821590945 44.79329366973559
634.9034353550447 70.91240326394296
552.0542908706899 89.97142038315724
489.14982478008756 104.44204433370716
439.07053074354803 115.79941816655095
398.93425729205785 124.94991223867633
365.88970244301174 132.4968194183791
337.13499441094257 138.74117291595414
313.9683029523191 144.1997816369855
292.29511621163874 148.6989582103923
273.4336984171712 152.60264491374087
257.33523467477124 156.13684714718056
242.65301726585162 159.20867872092728
229.36587497522632 161.93192192017466
217.44715383618424 164.41857120539296
206.86478631995135 166.7785855936918
196.36570674179302 168.66730466248708
187.16279676182887 170.57629250153246
179.21076307429752 172.6095921656378
170.15232104405993 173.76928921658356
162.32845506643247 175.1275237697677
155.68373960536735 176.78265777657285
149.07379223677316 178.18834164287142
142.507601068408 179.34802577019545
135.99402642441234 180.26544044487417
129.5417920064445 180.94459138162546
124.14092137249605 182.1440438513098
118.76359116311681 183.16692694669644
113.41611317976495 184.01576596242407
108.10470376011925 184.69327362947595
102.83547786862819 185.20234697857816
98.45248930322253 186.4247565342789
93.25507070591429 186.6288415368275
88.89349511629557 187.5961951773482
83.78882045842226 187.50561588278336
79.46706317918519 188.22544023083358
75.15564062532673 188.83415545525307
70.85845088472388 189.33313664080737
66.57933772456582 189.72386524691456
62.322087372606866 190.0079274811869
58.09042536590971 190.18701256745516
54.39896457187909 191.32672327843972
50.19438407842814 191.3147888989307
46.025847985026736 191.20258539098512
42.301775922379264 192.0934866559495
38.17976508795411 191.79762180401687
34.43658891833018 192.5284270782986
30.373432010957135 192.0539898968983
26.622346451567974 192.62616372449665
22.85305577015658 193.12303858682338
18.882037908843053 192.3944544418491
15.121148419291448 192.7349617576246
11.349918457534839 193.000103702674
7.5709269889481075 193.18965321370527
3.7867582514655544 193.30344791987537
