-500 70.61220165697365 0.9977314277646737
-503.14709740276817 70.57496478987107 0.9977314431733438
-506.2920433970259 70.46328182085541 0.997731489387222
-509.43268803384905 70.27723562327151 0.997731566369924
-512.5668842825329 70.01696424093913 0.9977316740608506
-515.6924894872922 69.68266077058091 0.9977318123752497
-518.8073668210997 69.27457319734083 0.9977319812043021
-521.9093867356779 68.79300418351518 0.9977321804152334
-524.9964284067078 68.23831081065124 0.9977324098514484
-528.0663811732963 67.61090427520634 0.9977326693326909
-531.1171459707515 66.91124953799701 0.9977329586552273
-534.1466367557261 66.13986492770492 0.9977332775920533
-537.1527819227923 65.297321698746 0.997733625893125
-544.8928991803708 75.15701025694214 0.9977295462420778
-548.1965013347431 74.03960853131733 0.9977300090002671
-551.4671649907472 72.84355786848512 0.9977305042137524
-554.702653883007 71.56973015920202 0.9977310314980039
-557.9007555851523 70.21905354977021 0.9977315904440645
-561.0592830123927 68.79251167751322 0.9977321806189586
-564.1760759074948 67.29114286039712 0.9977328015661237
-567.249002309164 65.71603924148728 0.9977334528058629
-570.2759600018637 64.06834588898703 0.9977341338358215
-573.2548779461289 62.34925985265643 0.9977348441314836
-584.2594741449352 69.5716406768715 0.997731858306523
-587.4413931513077 67.48902655024193 0.9977327197347489
-590.5635541968503 65.33061266506921 0.9977336121320177
-593.6238201917193 63.09794675396874 0.9977345348178627
-596.6200959944437 60.792628665850266 0.997735487090083
-599.5503298416915 58.4163090894846 0.9977364682254202
-612.227207361527 63.51358953224366 0.9977343630783099
-615.2873152743822 60.72860855408905 0.9977355135289191
-618.2686346135496 57.87056829400289 0.9977366934842359
-621.1691218735273 54.941493367360096 0.9977379020570731
-634.8289227412213 58.35643368581325 0.9977364929406828
-637.8012743441628 54.991791634432765 0.9977378813094391
-640.6794513409019 51.55593731021367 0.9977392980854821
-654.9968317836552 53.546294004508184 0.9977384774813314
-657.8971654033579 49.6566529443214 0.9977400808326145
-672.6474696996559 50.55003025296698 0.997739712684902
-675.5303386496208 46.19348501925857 0.9977415073231085
-690.6413027855787 45.95544240050107 0.9977416053368657
-693.4660068534675 41.12182283898991 0.9977435945505695
-708.8633464948392 39.722627628391116 0.9977441700074337
-724.4577962857749 37.55870711795 0.9977450596567499
-740.2215310461482 34.62003857773054 0.9977462672020536
-756.1264053865569 30.897561410679327 0.9977477957938284
-772.1439823076279 26.383188517940933 0.9977496480206114
-788.2455620207644 21.069816935515934 0.9977518259014482
-817.9626112876274 16.300665083676094 0.9977537787161779
-847.9278390913778 9.979509558499334 0.9977563641175278
-878.0849504982848 2.093396193457677 0.9977595849553286
-880.646030008551 -7.829002673745127 0.9977636301393701
-882.9469818408769 -17.81600935522198 0.9977676934513842
-884.986153355238 -27.860819634873334 0.9977717719884781
-886.7620694367321 -37.95658754770419 0.997775862853049
-888.2734337215107 -48.09643181300706 0.997779963155752
-889.519129712217 -58.27344501986012 0.9977840700195044
-890.4982217979208 -68.48071178559037 0.997788180587014
-891.2099562576185 -78.71136636580813 0.9977922920440134
-891.6537629451234 -88.95895215505033 0.997796401763111
-891.8312693620005 -100 0.9978008201470352
-891.7361983333479 -109.46755360353407 0.9978046009829957
-891.3746197696964 -119.72181334366934 0.9978086878073311
-890.7446578659648 -129.9632708208396 0.9978127610561289
-889.8466617579949 -140.18558114891664 0.9978168182631159
-888.6811634956707 -150.3818546237178 0.9978208567670473
-887.248879064104 -160.54512732458718 0.9978248738995245
-885.5507082805755 -170.66842907588656 0.9978288670117964
-883.5877344432419 -180.7448037274866 0.9978328334824452
-881.3612238247397 -190.767319076948 0.9978367707208708
-878.8726250288056 -200.72907371987225 0.9978395138394316
-876.1148719587846 -210.63680163779506 0.9978275671897182
-873.0797891792812 -220.4931786470109 0.9978156237456026
-869.7747330894389 -230.27718242208633 0.9978037102729176
-866.2041179161147 -239.9759504088589 0.9977918440296109
-862.3745950477413 -249.5763488555319 0.9977800429045972
-858.2903446671088 -259.0697872176553 0.9977683194553313
-853.9556957918625 -268.4483487157871 0.9977566855801266
-849.3751087904209 -277.704666174941 0.9977451526455718
-844.5531585570449 -286.8318361804052 0.9977337315703584
-839.4925539120467 -295.8245014441473 0.9977224314412413
-834.1989014975758 -304.675677262218 0.9977112634770545
-828.6762031068495 -313.3797136389932 0.9977002373021663
-822.9282226945161 -321.9311779266133 0.9976893623283088
-816.9598451046874 -330.3243083998842 0.9976786484402966
-810.7758998983312 -338.55363264033946 0.9976681052021887
-804.3793858744742 -346.6142933836337 0.9976577414229458
-797.7769898902294 -354.5006302103817 0.9976475669681372
-790.9726494487953 -362.20784545481126 0.997637590610028
-783.9701734861926 -369.7310920602107 0.9976278211883763
-776.7761337145301 -377.0654133847893 0.9976182676832629
-769.3954996705917 -384.2062237199042 0.9976089385818973
-761.8327898265694 -391.14898071775366 0.9975998422950195
-754.0927497737201 -397.88914769154184 0.9975909871998517
-746.1818629406634 -404.42254495078873 0.9975823811710027
-738.1055482988877 -410.74505421915836 0.9975740319600955
-729.8693272843166 -416.8526827367836 0.9975659471051993
-721.4788199707137 -422.74156783602325 0.9975581339185463
-712.9390862408507 -428.4076905028202 0.997550599862032
-704.2563384003903 -433.8475401625355 0.997543351659126
-695.4368349180055 -439.05782035372465 0.997536395678184
-686.4865491440662 -444.0352374685958 0.9975297382100836
-677.4115332405871 -448.7766440777429 0.9975233852738793
-668.2179142643402 -453.2790414285473 0.9975173426099458
-658.9118902416095 -457.53958171613334 0.9975116156738487
-649.4997262361874 -461.55557014948715 0.9975062096308899
-639.9877504120649 -465.3244668316575 0.9975011293512839
-630.3823500920977 -468.8438884699406 0.9974963794059181
-620.6898473289345 -472.11144434335347 0.9974919642865121
-610.9167417414933 -475.1250187728241 0.9974878880231776
-601.0697514964892 -477.88293683401497 0.9974841539579835
-591.155456145244 -480.38346097856845 0.9974807654249455
-581.1804744631431 -482.62501617337296 0.9974777254453866
-571.1514605210143 -484.6061908145298 0.9974750367262726
-561.075099757951 -486.3257375319656 0.9974727016588323
-550.9581050556931 -487.78257388936123 0.9974707223174307
-540.8072128146111 -488.97578298333525 0.9974691004586591
-530.6291790312224 -489.90461394517314 0.9974678375206171
-520.4307753771092 -490.5684823477961 0.9974669346223594
-510.2187852790336 -490.96697052012405 0.9974663925634881
-500 -491.09982777047054 0.9974662118238729
-489.78121472096643 -490.96697052012405 0.9974663925634881
-479.569224622891 -490.5684823477961 0.9974669346223594
-469.3708209687779 -489.90461394517314 0.9974678375206171
-459.1927871853891 -488.9757829833353 0.9974691004586591
-449.0418949443069 -487.78257388936123 0.9974707223174307
-438.92490024204915 -486.3257375319656 0.9974727016588323
-428.848539478986 -484.6061908145298 0.9974750367262726
-418.8195255368573 -482.625016173373 0.9974777254453866
-408.8445438547559 -480.38346097856845 0.9974807654249455
-398.93024850351094 -477.882936834015 0.9974841539579835
-389.0832582585067 -475.12501877282415 0.9974878880231776
-379.3101526710656 -472.11144434335347 0.9974919642865121
-369.61764990790255 -468.8438884699407 0.9974963794059181
-360.01224958793495 -465.3244668316576 0.9975011293512839
-350.50027376381234 -461.55557014948715 0.9975062096308899
-341.0881097583907 -457.5395817161334 0.9975116156738487
-331.78208573565996 -453.2790414285474 0.9975173426099458
-322.5884667594133 -448.7766440777429 0.9975233852738793
-313.5134508559338 -444.0352374685959 0.9975297382100836
-304.5631650819945 -439.0578203537247 0.997536395678184
-295.74366159960977 -433.8475401625355 0.997543351659126
-287.0609137591494 -428.4076905028202 0.997550599862032
-278.52118002928637 -422.7415678360233 0.9975581339185463
-270.1306727156832 -416.8526827367836 0.9975659471051993
-261.8944517011126 -410.74505421915836 0.9975740319600955
-253.81813705933683 -404.4225449507889 0.9975823811710027
-245.90725022627976 -397.88914769154184 0.9975909871998517
-238.167210173431 -391.1489807177537 0.9975998422950195
-230.60450032940844 -384.20622371990436 0.9976089385818973
-223.22386628546974 -377.0654133847893 0.9976182676832629
-216.02982651380762 -369.73109206021087 0.9976278211883763
-209.02735055120488 -362.20784545481126 0.997637590610028
-202.2230101097707 -354.5006302103818 0.9976475669681372
-195.62061412552603 -346.6142933836339 0.9976577414229458
-189.2241001016689 -338.5536326403397 0.9976681052021887
-183.0401548953125 -330.3243083998842 0.9976786484402966
-177.07177730548366 -321.9311779266133 0.9976893623283088
-171.32379689315053 -313.3797136389935 0.9977002373021663
-165.80109850242434 -304.6756772622183 0.9977112634770545
-160.50744608795333 -295.8245014441474 0.9977224314412413
-155.4468414429549 -286.83183618040533 0.9977337315703584
-150.62489120957903 -277.704666174941 0.9977451526455718
-146.0443042081374 -268.4483487157871 0.9977566855801266
-141.7096553328909 -259.0697872176555 0.9977683194553313
-137.6254049522589 -249.57634885553222 0.9977800429045972
-133.79588208388515 -239.97595040885895 0.9977918440296109
-130.22526691056098 -230.27718242208644 0.9978037102729176
-126.92021082071884 -220.4931786470109 0.9978156237456026
-123.88512804121513 -210.63680163779506 0.9978275671897182
-121.12737497119446 -200.72907371987247 0.9978395138394316
-118.63877617526016 -190.76731907694816 0.9978367707208708
-116.41226555675821 -180.74480372748687 0.9978328334824452
-114.44929171942465 -170.66842907588676 0.9978288670117964
-112.75112093589627 -160.54512732458718 0.9978248738995245
-111.31883650432908 -150.3818546237178 0.9978208567670473
-110.15333824200522 -140.18558114891664 0.9978168182631159
-109.25534213403526 -129.9632708208396 0.9978127610561289
-108.62538023030373 -119.72181334366935 0.9978086878073311
-108.26380166665197 -109.46755360353407 0.9978046009829957
-108.16873063799977 -100 0.9978008201470352
-108.34623705487651 -88.95895215505033 0.997796401763111
-108.79004374238124 -78.71136636580893 0.9977922920440134
-109.50177820207924 -68.48071178559039 0.997788180587014
-110.48087028778274 -58.27344501986052 0.9977840700195044
-111.7265662784894 -48.09643181300706 0.997779963155752
-113.23793056326804 -37.95658754770419 0.997775862853049
-115.01384664476217 -27.860819634873334 0.9977717719884781
-117.05301815912304 -17.816009355222405 0.9977676934513842
-119.3539699914493 -7.829002673745294 0.9977636301393701
-121.91504950171512 2.0933961934574237 0.9977595849553286
-152.0721609086223 9.979509558499334 0.9977563641175278
-182.03738871237292 16.300665083676094 0.9977537787161779
-211.75443797923592 21.069816935515934 0.9977518259014482
-227.85601769237206 26.383188517940745 0.9977496480206114
-243.87359461344246 30.897561410679234 0.9977477957938284
-259.77846895385176 34.620038577730455 0.9977462672020536
-275.5422037142256 37.55870711795 0.9977450596567499
-291.13665350516027 39.722627628391116 0.9977441700074337
-306.5339931465317 41.12182283898991 0.9977435945505695
-309.35869721442225 45.9554424005009 0.9977416053368657
-324.4696613503786 46.19348501925848 0.9977415073231085
-327.3525303003441 50.550030252966934 0.997739712684902
-342.10283459664123 49.6566529443214 0.9977400808326145
-345.0031682163455 53.546294004508184 0.9977384774813314
-359.3205486590981 51.55593731021367 0.9977392980854821
-362.198725655838 54.99179163443266 0.9977378813094391
-365.17107725877963 58.35643368581321 0.9977364929406828
-378.83087812647364 54.941493367360046 0.9977379020570731
-381.73136538645053 57.87056829400289 0.9977366934842359
-384.71268472561667 60.72860855408905 0.9977355135289191
-387.772792638473 63.51358953224366 0.9977343630783099
-400.4496701583085 58.41630908948454 0.9977364682254202
-403.37990400555714 60.79262866585024 0.997735487090083
-406.3761798082808 63.09794675396869 0.9977345348178627
-409.4364458031496 65.33061266506921 0.9977336121320177
-412.55860684869145 67.48902655024193 0.9977327197347489
-415.74052585506485 69.5716406768715 0.997731858306523
-426.745122053872 62.349259852656395 0.9977348441314836
-429.7240399981363 64.06834588898701 0.9977341338358215
-432.7509976908368 65.71603924148727 0.9977334528058629
-435.82392409250406 67.29114286039712 0.9977328015661237
-438.9407169876075 68.79251167751322 0.9977321806189586
-442.0992444148477 70.21905354977021 0.9977315904440645
-445.2973461169919 71.56973015920201 0.9977310314980039
-448.53283500925176 72.8435578684851 0.9977305042137524
-451.803498665256 74.03960853131733 0.9977300090002671
-455.10710081962816 75.15701025694214 0.9977295462420778
-462.84721807720763 65.297321698746 0.997733625893125
-465.8533632442749 66.13986492770492 0.9977332775920533
-468.8828540292495 66.911249537997 0.9977329586552273
-471.9336188267035 67.61090427520634 0.9977326693326909
-475.00357159329104 68.23831081065124 0.9977324098514484
-478.09061326432106 68.79300418351518 0.9977321804152334
-481.1926331789003 69.27457319734083 0.9977319812043021
-484.3075105127078 69.68266077058091 0.9977318123752497
-487.43311571746744 70.01696424093913 0.9977316740608506
-490.5673119661508 70.27723562327151 0.997731566369924
-493.7079566029741 70.46328182085541 0.997731489387222
-496.85290259723183 70.57496478987107 0.9977314431733438
500 70.61220165697365 0.9977314277646737
496.85290259723183 70.57496478987107 0.9977314431733438
493.7079566029741 70.46328182085541 0.997731489387222
490.56731196615095 70.27723562327151 0.997731566369924
487.4331157174675 70.01696424093913 0.9977316740608506
484.3075105127078 69.68266077058091 0.9977318123752497
481.1926331789003 69.27457319734083 0.9977319812043021
478.09061326432106 68.79300418351518 0.9977321804152334
475.00357159329104 68.23831081065124 0.9977324098514484
471.9336188267035 67.61090427520634 0.9977326693326909
468.88285402924953 66.91124953799701 0.9977329586552273
465.8533632442749 66.13986492770492 0.9977332775920533
462.84721807720763 65.297321698746 0.997733625893125
455.10710081962816 75.15701025694214 0.9977295462420778
451.80349866525603 74.03960853131733 0.9977300090002671
448.53283500925176 72.84355786848512 0.9977305042137524
445.29734611699195 71.56973015920202 0.9977310314980039
442.0992444148477 70.21905354977021 0.9977315904440645
438.9407169876075 68.79251167751322 0.9977321806189586
435.82392409250406 67.29114286039712 0.9977328015661237
432.7509976908368 65.71603924148728 0.9977334528058629
429.72403999813633 64.06834588898703 0.9977341338358215
426.7451220538721 62.34925985265643 0.9977348441314836
415.74052585506485 69.5716406768715 0.997731858306523
412.55860684869145 67.48902655024193 0.9977327197347489
409.4364458031496 65.33061266506921 0.9977336121320177
406.3761798082809 63.09794675396874 0.9977345348178627
403.3799040055572 60.792628665850266 0.997735487090083
400.4496701583086 58.4163090894846 0.9977364682254202
387.772792638473 63.51358953224366 0.9977343630783099
384.71268472561667 60.72860855408905 0.9977355135289191
381.73136538645053 57.87056829400289 0.9977366934842359
378.8308781264738 54.941493367360096 0.9977379020570731
365.17107725877963 58.35643368581325 0.9977364929406828
362.19872565583813 54.991791634432765 0.9977378813094391
359.3205486590981 51.55593731021367 0.9977392980854821
345.0031682163455 53.546294004508184 0.9977384774813314
342.10283459664123 49.6566529443214 0.9977400808326145
327.3525303003442 50.55003025296698 0.997739712684902
324.4696613503786 46.19348501925857 0.9977415073231085
309.35869721442236 45.95544240050107 0.9977416053368657
306.5339931465317 41.12182283898991 0.9977435945505695
291.13665350516027 39.722627628391116 0.9977441700074337
275.5422037142256 37.55870711795 0.9977450596567499
259.7784689538518 34.62003857773054 0.9977462672020536
243.87359461344258 30.897561410679327 0.9977477957938284
227.85601769237212 26.383188517940933 0.9977496480206114
211.75443797923592 21.069816935515934 0.9977518259014482
182.03738871237292 16.300665083676094 0.9977537787161779
152.0721609086223 9.979509558499334 0.9977563641175278
121.91504950171515 2.093396193457677 0.9977595849553286
119.3539699914493 -7.829002673745127 0.9977636301393701
117.05301815912306 -17.81600935522198 0.9977676934513842
115.01384664476217 -27.860819634873334 0.9977717719884781
113.23793056326804 -37.95658754770419 0.997775862853049
111.7265662784894 -48.09643181300706 0.997779963155752
110.48087028778279 -58.27344501986012 0.9977840700195044
109.50177820207924 -68.48071178559037 0.997788180587014
108.79004374238124 -78.71136636580813 0.9977922920440134
108.34623705487651 -88.95895215505033 0.997796401763111
108.16873063799977 -100 0.9978008201470352
108.26380166665197 -109.46755360353407 0.9978046009829957
108.62538023030373 -119.72181334366934 0.9978086878073311
109.25534213403526 -129.9632708208396 0.9978127610561289
110.15333824200522 -140.18558114891664 0.9978168182631159
111.31883650432908 -150.3818546237178 0.9978208567670473
112.75112093589627 -160.54512732458718 0.9978248738995245
114.4492917194246 -170.66842907588656 0.9978288670117964
116.41226555675821 -180.7448037274866 0.9978328334824452
118.63877617526016 -190.767319076948 0.9978367707208708
121.12737497119439 -200.72907371987225 0.9978395138394316
123.88512804121513 -210.63680163779506 0.9978275671897182
126.92021082071884 -220.4931786470109 0.9978156237456026
130.22526691056098 -230.27718242208633 0.9978037102729176
133.79588208388512 -239.9759504088589 0.9977918440296109
137.62540495225866 -249.5763488555319 0.9977800429045972
141.70965533289072 -259.0697872176553 0.9977683194553313
146.0443042081374 -268.4483487157871 0.9977566855801266
150.62489120957903 -277.704666174941 0.9977451526455718
155.44684144295496 -286.8318361804052 0.9977337315703584
160.50744608795338 -295.8245014441473 0.9977224314412413
165.80109850242428 -304.675677262218 0.9977112634770545
171.3237968931503 -313.3797136389932 0.9977002373021663
177.07177730548366 -321.9311779266133 0.9976893623283088
183.0401548953125 -330.3243083998842 0.9976786484402966
189.22410010166865 -338.55363264033946 0.9976681052021887
195.62061412552603 -346.6142933836337 0.9976577414229458
202.22301010977066 -354.5006302103817 0.9976475669681372
209.02735055120482 -362.20784545481126 0.997637590610028
216.0298265138074 -369.7310920602107 0.9976278211883763
223.22386628546974 -377.0654133847893 0.9976182676832629
230.6045003294084 -384.2062237199042 0.9976089385818973
238.16721017343093 -391.14898071775366 0.9975998422950195
245.90725022627976 -397.88914769154184 0.9975909871998517
253.8181370593366 -404.42254495078873 0.9975823811710027
261.8944517011125 -410.74505421915836 0.9975740319600955
270.1306727156832 -416.8526827367836 0.9975659471051993
278.52118002928637 -422.74156783602325 0.9975581339185463
287.0609137591492 -428.4076905028202 0.997550599862032
295.74366159960977 -433.8475401625355 0.997543351659126
304.5631650819944 -439.05782035372465 0.997536395678184
313.5134508559335 -444.0352374685958 0.9975297382100836
322.5884667594133 -448.7766440777429 0.9975233852738793
331.78208573565973 -453.2790414285473 0.9975173426099458
341.08810975839054 -457.53958171613334 0.9975116156738487
350.50027376381234 -461.55557014948715 0.9975062096308899
360.01224958793495 -465.3244668316575 0.9975011293512839
369.6176499079024 -468.8438884699406 0.9974963794059181
379.3101526710656 -472.11144434335347 0.9974919642865121
389.08325825850653 -475.1250187728241 0.9974878880231776
398.93024850351077 -477.88293683401497 0.9974841539579835
408.8445438547559 -480.38346097856845 0.9974807654249455
418.81952553685727 -482.62501617337296 0.9974777254453866
428.8485394789856 -484.6061908145298 0.9974750367262726
438.92490024204915 -486.3257375319656 0.9974727016588323
449.0418949443068 -487.78257388936123 0.9974707223174307
459.19278718538897 -488.97578298333525 0.9974691004586591
469.3708209687779 -489.90461394517314 0.9974678375206171
479.56922462289083 -490.5684823477961 0.9974669346223594
489.7812147209664 -490.96697052012405 0.9974663925634881
500 -491.09982777047054 0.9974662118238729
510.21878527903357 -490.96697052012405 0.9974663925634881
520.4307753771091 -490.5684823477961 0.9974669346223594
530.6291790312224 -489.90461394517314 0.9974678375206171
540.807212814611 -488.9757829833353 0.9974691004586591
550.9581050556928 -487.78257388936123 0.9974707223174307
561.075099757951 -486.3257375319656 0.9974727016588323
571.151460521014 -484.6061908145298 0.9974750367262726
581.180474463143 -482.625016173373 0.9974777254453866
591.155456145244 -480.38346097856845 0.9974807654249455
601.0697514964892 -477.882936834015 0.9974841539579835
610.9167417414931 -475.12501877282415 0.9974878880231776
620.6898473289345 -472.11144434335347 0.9974919642865121
630.3823500920973 -468.8438884699407 0.9974963794059181
639.9877504120647 -465.3244668316576 0.9975011293512839
649.4997262361874 -461.55557014948715 0.9975062096308899
658.9118902416095 -457.5395817161334 0.9975116156738487
668.21791426434 -453.2790414285474 0.9975173426099458
677.4115332405871 -448.7766440777429 0.9975233852738793
686.4865491440661 -444.0352374685959 0.9975297382100836
695.4368349180053 -439.0578203537247 0.997536395678184
704.2563384003903 -433.8475401625355 0.997543351659126
712.9390862408507 -428.4076905028202 0.997550599862032
721.4788199707136 -422.7415678360233 0.9975581339185463
729.8693272843166 -416.8526827367836 0.9975659471051993
738.1055482988876 -410.74505421915836 0.9975740319600955
746.1818629406632 -404.4225449507889 0.9975823811710027
754.0927497737201 -397.88914769154184 0.9975909871998517
761.832789826569 -391.1489807177537 0.9975998422950195
769.3954996705916 -384.20622371990436 0.9976089385818973
776.7761337145301 -377.0654133847893 0.9976182676832629
783.9701734861926 -369.73109206021087 0.9976278211883763
790.9726494487952 -362.20784545481126 0.997637590610028
797.7769898902293 -354.5006302103818 0.9976475669681372
804.3793858744742 -346.6142933836339 0.9976577414229458
810.7758998983309 -338.5536326403397 0.9976681052021887
816.9598451046874 -330.3243083998842 0.9976786484402966
822.9282226945161 -321.9311779266133 0.9976893623283088
828.6762031068495 -313.3797136389935 0.9977002373021663
834.1989014975758 -304.6756772622183 0.9977112634770545
839.4925539120466 -295.8245014441474 0.9977224314412413
844.5531585570449 -286.83183618040533 0.9977337315703584
849.3751087904209 -277.704666174941 0.9977451526455718
853.9556957918625 -268.4483487157871 0.9977566855801266
858.2903446671089 -259.0697872176555 0.9977683194553313
862.3745950477413 -249.57634885553222 0.9977800429045972
866.2041179161147 -239.97595040885895 0.9977918440296109
869.7747330894388 -230.27718242208644 0.9978037102729176
873.0797891792812 -220.4931786470109 0.9978156237456026
876.1148719587846 -210.63680163779506 0.9978275671897182
878.8726250288055 -200.72907371987247 0.9978395138394316
881.3612238247397 -190.76731907694816 0.9978367707208708
883.5877344432419 -180.74480372748687 0.9978328334824452
885.5507082805755 -170.66842907588676 0.9978288670117964
887.248879064104 -160.54512732458718 0.9978248738995245
888.6811634956707 -150.3818546237178 0.9978208567670473
889.8466617579949 -140.18558114891664 0.9978168182631159
890.7446578659648 -129.9632708208396 0.9978127610561289
891.3746197696964 -119.72181334366935 0.9978086878073311
891.7361983333479 -109.46755360353407 0.9978046009829957
891.8312693620005 -100 0.9978008201470352
891.6537629451234 -88.95895215505033 0.997796401763111
891.2099562576185 -78.71136636580893 0.9977922920440134
890.4982217979208 -68.48071178559039 0.997788180587014
889.519129712217 -58.27344501986052 0.9977840700195044
888.2734337215107 -48.09643181300706 0.997779963155752
886.7620694367321 -37.95658754770419 0.997775862853049
884.986153355238 -27.860819634873334 0.9977717719884781
882.9469818408769 -17.816009355222405 0.9977676934513842
880.6460300085511 -7.829002673745294 0.9977636301393701
878.0849504982848 2.0933961934574237 0.9977595849553286
847.9278390913778 9.979509558499334 0.9977563641175278
817.9626112876274 16.300665083676094 0.9977537787161779
788.2455620207644 21.069816935515934 0.9977518259014482
772.1439823076279 26.383188517940745 0.9977496480206114
756.1264053865569 30.897561410679234 0.9977477957938284
740.2215310461484 34.620038577730455 0.9977462672020536
724.4577962857749 37.55870711795 0.9977450596567499
708.8633464948392 39.722627628391116 0.9977441700074337
693.4660068534675 41.12182283898991 0.9977435945505695
690.6413027855787 45.9554424005009 0.9977416053368657
675.5303386496208 46.19348501925848 0.9977415073231085
672.6474696996559 50.550030252966934 0.997739712684902
657.8971654033579 49.6566529443214 0.9977400808326145
654.9968317836552 53.546294004508184 0.9977384774813314
640.6794513409019 51.55593731021367 0.9977392980854821
637.8012743441628 54.99179163443266 0.9977378813094391
634.8289227412215 58.35643368581321 0.9977364929406828
621.1691218735273 54.941493367360046 0.9977379020570731
618.2686346135496 57.87056829400289 0.9977366934842359
615.2873152743822 60.72860855408905 0.9977355135289191
612.227207361527 63.51358953224366 0.9977343630783099
599.5503298416915 58.41630908948454 0.9977364682254202
596.6200959944437 60.79262866585024 0.997735487090083
593.6238201917193 63.09794675396869 0.9977345348178627
590.5635541968503 65.33061266506921 0.9977336121320177
587.4413931513077 67.48902655024193 0.9977327197347489
584.2594741449352 69.5716406768715 0.997731858306523
573.2548779461291 62.349259852656395 0.9977348441314836
570.2759600018637 64.06834588898701 0.9977341338358215
567.2490023091642 65.71603924148727 0.9977334528058629
564.1760759074948 67.29114286039712 0.9977328015661237
561.0592830123927 68.79251167751322 0.9977321806189586
557.9007555851523 70.21905354977021 0.9977315904440645
554.702653883007 71.56973015920201 0.9977310314980039
551.4671649907472 72.8435578684851 0.9977305042137524
548.1965013347431 74.03960853131733 0.9977300090002671
544.8928991803708 75.15701025694214 0.9977295462420778
537.1527819227923 65.297321698746 0.997733625893125
534.1466367557261 66.13986492770492 0.9977332775920533
531.1171459707516 66.911249537997 0.9977329586552273
528.0663811732965 67.61090427520634 0.9977326693326909
524.9964284067078 68.23831081065124 0.9977324098514484
521.9093867356779 68.79300418351518 0.9977321804152334
518.8073668210997 69.27457319734083 0.9977319812043021
515.6924894872922 69.68266077058091 0.9977318123752497
512.5668842825329 70.01696424093913 0.9977316740608506
509.4326880338492 70.27723562327151 0.997731566369924
506.2920433970259 70.46328182085541 0.997731489387222
503.14709740276817 70.57496478987107 0.9977314431733438
