1637.375 -3584.375 0.0000000000000026877163399452354
-5.875 -1635.875 0.0000000000000029219582853150594
-1598.125 -3597.125 0.0000000000000013592140432160186
-971.875 -1445.375 0.0000000000000018420136164160884
-205.375 -3839.375 0.000000000000004037316809907631
-1780.375 -3666.125 0.00000000004460691040335885
-648.625 -2527.625 0.000000000000002193158297166152
-1016.875 -3778.625 0.0000000000000014158844310860067
26.375 -1466.375 0.000000000000001388394427385582
-1829.125 -3395.375 0.0000000000000033282307757977615
1528.625 -3771.125 0.0000000000000017132806963158273
-2482.375 -1945.625 0.00000000002540848091488946
1749.875 -3719.375 0.00000000002208829263850778
-616.375 -2730.875 0.0000000000000022391147233185983
-1674.625 -3613.625 0.0000000000000012942176653028952
-1625.125 979.375 0.00000000011463443822661317
1849.625 -3455.375 0.0000000000000015269807384713705
-2060.875 -3216.875 0.000000000048044772396272664
-1847.875 926.875 0.00000000010211410835548404
6.875 -1699.625 0.0000000000000029736416638433824
-1607.125 -3594.125 0.0000000000000013569233651685693
-45.625 -1297.625 0.0000000000000026331629436310726
1827.125 -3582.125 0.00000000002264679830135596
-23.875 -1482.125 0.000000000000002789782043646413
-552.625 995.875 0.00000000005055551866930843
294.125 -2859.125 0.0000000000000035476233232276126
-1757.875 -3600.875 0.000000000022117216403098954
194.375 -2437.625 0.000000000000003459945668675193
1979.375 -3132.125 0.000000000047298396428279424
582.875 -3346.625 0.0000000000000032848222264131745
-889.375 -3717.125 0.0000000000000014580663265974277
1575.875 -3891.125 0.00000000004238760215337708
1679.375 -3635.375 0.000000000000002554377736976152
-931.375 -1641.125 0.0000000000000019184083712349245
-38.875 -1401.875 0.0000000000000027249792293370907
832.625 -3673.625 0.000000000000002963109400035719
399.875 -3297.125 0.000000000000004414515646546948
-677.875 -2451.125 0.0000000000000021753857536708767
-989.875 -3768.875 0.0000000000000014234667703445118
220.625 -2523.125 0.000000000000003491673441583847
1633.625 -3901.625 0.000000000021379209957324202
441.875 -3123.875 0.0000000000000034482358192450634
1866.875 -3383.375 0.00000000004567869182970825
2444.375 -1785.125 0.00000000005243848239847947
-1184.875 -3803.375 0.0000000000000013844374921216952
-710.875 959.125 0.00000000004941790400779683
45.875 -1297.625 0.0000000000000013165814718155363
-2451.625 -1827.125 0.000000000026028807512625677
-329.875 -2931.875 0.000000000000001766163991075283
-75.625 -3765.125 0.000000000000004114143752679643
492.875 -3106.625 0.000000000000004486617864738073
-2448.625 -1812.875 0.000000000026094750302783798
672.125 -2466.875 0.000000000000004358104361118248
-643.375 -3435.875 0.0000000000000016006482338535347
1836.125 -3448.625 0.000000000045247824153763457
-890.875 917.125 0.00000000004740493474550661
1126.625 -3803.375 0.0000000000000027874349943847606
-166.375 -2365.625 0.000000000000001716382340138661
-1730.125 -3751.625 0.00000000004391976476328338
-1938.625 -3379.625 0.00000000004696758855003275
847.625 926.875 0.00000000009589899592694032
1664.375 -3593.375 0.0000000000000026345495524194887
-1664.875 -3597.875 0.0000000000000013164028045413331
1695.875 -3710.375 0.0000000000435230003016684
2436.125 -1627.625 0.000000000053502968634961174
-881.875 -1852.625 0.000000000000001997871063136061
466.625 -3159.125 0.000000000000004467813766248492
-1979.125 -3132.125 0.000000000023649198214139712
1668.875 -3598.625 0.000000000000002619659769990444
-1739.875 -3633.875 0.0000000000220096024172558
-1835.875 -3448.625 0.000000000022623912076881728
156.875 -3814.625 0.0000000000000020346676548876646
1587.875 -3965.375 0.000000000021145633284451705
373.625 -2996.375 0.000000000000003503138757119161
475.625 -3127.625 0.000000000000004470922781644598
1677.875 -3626.375 0.0000000000000025706698525492632
-282.625 -2826.125 0.0000000000000017741141519805365
-1481.125 -3675.875 0.0000000000000013687405645498558
1583.375 -3880.625 0.00000000004245068634305
675.875 -3486.875 0.000000000000003154809699621784
1696.625 -3549.125 0.0000000000000017365822102125468
2010.125 -3268.625 0.000000000023900354849298557
-980.125 -1414.625 0.00000000000000183083472343845
-1849.375 -3491.375 0.0000000000000029670433697428104
1768.625 -3450.875 0.000000000000001726924698215905
-1821.625 -3592.625 0.0000000000452083371641085
-235.375 -2682.125 0.0000000000000017738270415599058
-79.375 -924.125 0.0000000000000023508585749317083
2049.125 -3226.625 0.000000000024011237791868724
-33.625 -1828.625 0.0000000000000015378217937104332
-1745.875 -3623.375 0.000000000022045480506664135
-2099.125 -2871.875 0.000000000024341849456892324
1913.375 -3424.625 0.000000000023299382518470677
-83.125 -3662.375 0.0000000000000021056693776413693
741.125 -3582.875 0.0000000000000030607528956750604
1622.375 -3591.125 0.0000000000000027033608792684826
403.625 -3052.625 0.0000000000000034805243671296637
-249.625 -2752.625 0.0000000000000017769723441692945
-1923.625 -3406.625 0.00000000004674943053144934
1963.625 -3336.875 0.000000000023652882153770126
131.375 -2221.625 0.000000000000003349091947048936
-1826.875 -3391.625 0.0000000000000033398229255920383
-723.625 -2328.875 0.0000000000000021440886517485283
1667.375 -3597.875 0.0000000000000026262544700430328
2022.125 -3034.625 0.00000000004788269698069764
2047.625 -2977.625 0.00000000004819326937351138
-2034.625 -3005.375 0.00000000002402139205674876
848.375 -1960.625 0.000000000000004067167568272363
57.125 -1161.125 0.00000000000000125891687308553
-433.375 -3228.125 0.000000000000002221755636670856
-620.125 -2703.125 0.0000000000000022337681802698732
-1670.875 -3585.875 0.000000000000003470127234070735
-2126.875 -3195.875 0.00000000004777513439489929
-1827.625 -3582.125 0.000000000045293596602711894
-608.125 -2774.375 0.000000000000002246061068667186
-1847.125 -3522.875 0.000000000000002894311333406251
689.375 -2421.125 0.0000000000000043357438243571405
-2153.125 -2786.375 0.000000000024442921224285084
-479.125 -3957.875 0.000000000000003841539071247307
-226.375 -3536.375 0.000000000000002147229465156124
-1848.625 -3495.875 0.00000000000000295655291439974
-348.625 -3383.375 0.0000000000000021884913594020252
-2472.625 -1914.875 0.000000000025577221102187546
1721.375 -3666.875 0.00000000004380489204472693
422.375 -3099.875 0.0000000000000034661040056833903
-1603.375 984.625 0.00000000011594836336900465
-638.875 -2605.625 0.0000000000000022166772247040404
963.875 -3757.625 0.0000000000000028629427425840818
-353.875 -2972.375 0.0000000000000017586403745141306
1668.875 -3753.125 0.00000000004324575663082213
969.875 -1503.125 0.00000000000000373791034712731
-1678.375 -3628.625 0.0000000000000012816820328615693
-221.125 -2567.375 0.0000000000000017572681107317083
-2177.125 850.375 0.00000000008702438854602937
2254.625 -2709.125 0.00000000004846228110543516
-2488.375 -1435.625 0.00000000002663786938894487
1846.625 -3426.125 0.00000000004539241920449224
450.875 -3206.375 0.000000000000004461359694296552
-689.875 -2421.125 0.0000000000000021678719121785703
501.875 -3075.875 0.000000000000004488088362880793
-1267.375 -3996.125 0.000000000000003399272909575767
-248.875 -2736.875 0.0000000000000017756117002654635
975.875 -1429.625 0.000000000000003672852764966301
855.125 -3690.875 0.0000000000000029427104490139286
2460.875 -1870.625 0.00000000005162226330150054
-515.875 -3029.375 0.0000000000000022442625206171277
-1850.125 -3471.125 0.0000000000000030198627082019983
810.875 -3655.625 0.0000000000000029841969735008393
-221.875 -2598.125 0.0000000000000017637842774416127
-1319.875 -3770.375 0.000000000000001371342552315874
-1403.875 -3729.875 0.0000000000000013697247686531035
357.125 -3366.875 0.000000000000004381701481065672
1784.375 -3426.125 0.0000000000000017193444200723108
-1847.875 -3509.375 0.0000000000000029252696834144925
1872.125 -3372.875 0.00000000004575013726933507
-813.625 -2067.875 0.0000000000000020679465258387878
-387.625 -3329.375 0.0000000000000022031317647161955
1002.875 -3775.625 0.0000000000000028420668691938956
-2478.625 -1454.375 0.000000000026709806822199026
-1898.875 681.625 0.00000000003338652801258822
-1142.125 -3802.625 0.0000000000000013897036218937983
-239.875 -3520.625 0.0000000000000021501810162806277
1519.625 -3651.125 0.000000000000002736686542532757
51.125 -1265.375 0.0000000000000013038129693273139
-246.625 -2705.375 0.0000000000000017723275779090798
-2460.625 -1870.625 0.000000000025811131650750222
-1802.875 -3408.875 0.0000000000000034092912734241257
2460.875 -1495.625 0.00000000005362352560383231
-1974.625 -3142.625 0.000000000023618367418370686
-1364.125 -3748.625 0.0000000000000013687238409888188
1552.625 995.875 0.00000000005957276231719586
1896.875 -3318.875 0.000000000046102721118570985
-1488.625 -3674.375 0.0000000000000013693723591420443
2082.125 -3204.875 0.000000000024012467499020343
2164.625 -2772.875 0.0000000000488800747679329
957.125 -1548.875 0.000000000000003771113290848631
-1991.125 893.875 0.00000000009507932620910239
-81.625 -2053.625 0.0000000000000016223375033936192
435.125 -3108.125 0.000000000000003453897964194406
189.125 -3828.875 0.0000000000000020222245861833043
-239.125 -3852.875 0.000000000000004012325848896743
-158.125 -2334.125 0.0000000000000017077077072024457
-2116.375 -3196.625 0.00000000004785628923102534
-1994.125 -3290.375 0.000000000047656048317997114
381.875 -3345.125 0.000000000000004401791609001509
-404.125 -3052.625 0.0000000000000017402621835648319
-157.375 -3601.625 0.0000000000000021265970554370574
2435.375 -1683.125 0.00000000005321033836241172
-1820.125 -3480.875 0.000000000022515349122547823
-1007.875 -1266.125 0.0000000000000017716371138858123
-1810.375 -3613.625 0.000000000045037186330662236
2112.875 865.375 0.000000000044839646689987764
2139.875 -3195.875 0.00000000002383598604578832
-6.625 -1699.625 0.0000000000000014868213662760779
2055.125 -3221.375 0.000000000024018004348104533
150.875 -2301.875 0.000000000000003397359333442675
-1638.625 -3588.875 0.0000000000000013431499461071104
-390.625 -3044.375 0.0000000000000017460517075808852
-1803.625 -3513.875 0.000000000022406746944333966
801.125 -3642.875 0.000000000000002992610934028839
-1679.875 -3635.375 0.0000000000000012771892348663824
1200.875 -3799.625 0.0000000000000027621436004817555
1544.375 -3931.625 0.000000000042141196381403877
1320.125 -3770.375 0.0000000000000027426851046317488
-1890.625 917.125 0.00000000009992285535316774
-858.625 -1929.875 0.000000000000002023505716601286
-2487.625 -1960.625 0.00000000002532361169521508
1819.625 -3398.375 0.0000000000000016829360029057059
-64.375 -1973.375 0.0000000000000015930454836159565
-405.625 -3925.625 0.000000000000003905168691156199
-211.375 -2491.625 0.00000000000000000009023639721754902
1653.875 972.625 0.00000000005644490546265496
-1392.625 -3733.625 0.0000000000000013685643526023343
551.375 -2931.875 0.0000000000000044962615782311734
867.875 -1899.125 0.000000000000004026648843768862
685.625 -3495.125 0.000000000000003139854063126989
-74.875 -2021.375 0.0000000000000016107531551177827
1842.875 -3405.875 0.0000000000000016177616387822464
-1605.625 -3849.125 0.00000000002132157957771831
222.875 -3843.125 0.0000000000000020097893201098627
1701.875 -3699.125 0.00000000004359348889273191
1276.625 -3782.375 0.000000000000002744877291530547
1267.625 -3996.125 0.0000000000000016996364547878832
-1583.875 -3610.625 0.000000000000001362523838684883
-1640.875 -3628.625 0.0000000000000034637811850850667
-16.375 -1747.625 0.000000000000001506068543824662
-772.375 -2190.875 0.000000000000002105219802853261
923.375 -1714.625 0.000000000000003900691318110579
2437.625 -1607.375 0.00000000005358085452061673
-1846.375 -3426.125 0.000000000022696209602246118
-104.125 -2150.375 0.0000000000000016555865272138827
-371.875 -3914.375 0.000000000000003931267511044077
1790.375 -3422.375 0.000000000000001715534562380206
210.875 -2491.625 0.00000000000000000018047279443509782
-695.125 -2405.375 0.000000000000002164038490974774
1892.375 -3329.375 0.00000000004603332698725151
-728.875 -2313.875 0.000000000000002139945976160382
-548.125 -2946.875 0.0000000000000022489695910688624
1419.125 -3718.625 0.0000000000000027374904571677927
-848.875 -1960.625 0.0000000000000020335837841361814
1351.625 -3940.625 0.0000000000000016967084743939312
2094.875 -2880.125 0.000000000048651164088546325
-1887.625 -3472.625 0.00000000004620706960530761
-221.125 -2538.125 0.0000000000000017497196203326033
559.625 -2901.875 0.0000000000000044923391614624764
185.375 -3572.375 0.000000000000004265466268873601
-574.375 -2881.625 0.0000000000000022515703089174213
-1669.375 -3603.125 0.0000000000000013089365860742788
-2435.875 -1638.125 0.000000000026728144119760785
-532.375 -3986.375 0.0000000000000037935834985993796
-126.625 -3621.125 0.0000000000000021150828745664605
1848.125 -3426.125 0.000000000000001574886637737902
-1847.875 -3513.875 0.0000000000000029149114052054135
644.375 -2541.875 0.0000000000000043935606204431555
2442.125 -1569.125 0.00000000005367619407345728
234.125 -2666.375 0.0000000000000035431961653504234
465.875 -3954.125 0.0000000000000019304472271851354
71.375 -2005.625 0.0000000000000032097909559922224
-342.625 -2940.125 0.0000000000000017610542015786173
-975.625 -1429.625 0.0000000000000018364263824831503
-1633.375 -3901.625 0.000000000042758419914648404
-519.625 -3978.125 0.000000000000003803326170029436
642.875 -3435.875 0.0000000000000032012964677070677
170.375 -2382.125 0.0000000000000034411618649181614
-651.625 -3450.125 0.0000000000000015953634901137158
1348.625 809.875 0.00000000008154447151143502
-1318.375 -3963.875 0.0000000000000033923555824280265
486.125 -3209.375 0.000000000000003402457805363911
-969.625 -1503.125 0.000000000000001868955173563655
-506.875 -3060.125 0.0000000000000022442381421181175
588.125 -2822.375 0.0000000000000044910858368331425
1568.375 -3900.875 0.00000000004232541719493057
-1307.125 -3772.625 0.0000000000000013707051696470564
-1637.875 -3584.375 0.0000000000000013438579542702562
-1487.125 -4000.625 0.000000000020867623258009895
2064.875 -2941.625 0.000000000048378776322472507
202.625 -2469.125 0.000000000000003474509585601834
-1799.125 -3414.125 0.0000000000000034162411612139503
-1841.125 -3437.375 0.000000000022660049734514872
-1703.875 -3794.375 0.00000000004358047601677029
-287.875 -2842.625 0.000000000000001774136434064916
1318.625 -3963.875 0.0000000000000016961777912140144
-1949.125 -3362.375 0.000000000047107013162328515
1877.375 -3361.625 0.00000000004582153879671038
-43.375 -3748.625 0.00000000000000413830872253999
96.125 -2118.125 0.0000000000000032895297333736975
-1667.125 -3597.875 0.0000000000000013131272350215164
-422.125 -3099.875 0.000000000000001733051577831789
-233.875 -2650.625 0.0000000000000017691875020629217
1536.875 -3941.375 0.00000000004208129013979418
126.875 -3621.125 0.000000000000004230165749132921
-57.625 -1161.125 0.00000000000000251783374617106
1467.875 -3687.875 0.000000000000002738692381568005
-2103.625 -2863.625 0.000000000024357245478728857
1849.625 -3451.625 0.0000000000000015323156306281913
-1933.375 -3388.625 0.00000000004689599784387543
255.125 -3862.625 0.000000000000002002506719453264
453.875 -3155.375 0.0000000000000034361253895310732
320.375 -3430.625 0.000000000000004361956153893332
-559.375 -2901.875 0.0000000000000022461695807312382
-2064.625 -2941.625 0.000000000024189388161236253
1933.625 -3388.625 0.000000000023447998921937724
1215.125 -3800.375 0.0000000000000027615320048974632
596.375 -2778.875 0.000000000000004479465770570132
-186.625 -2405.375 0.0000000000000017222011578685525
1849.625 -3444.125 0.0000000000000015429869256020488
1669.625 -3603.125 0.000000000000002617873172148558
198.875 -2453.375 0.000000000000003467332455320387
-1334.125 -3954.875 0.0000000000000033972434048754457
-1774.375 -3676.625 0.000000000044520747076482176
-1673.875 -3612.125 0.0000000000000012977452557423322
1876.625 -3492.125 0.000000000023022702071288513
267.125 -3499.625 0.000000000000004322812575777451
1717.625 -3773.375 0.000000000021874791161966136
1849.625 -3441.125 0.0000000000000015483193236289686
173.375 -3818.375 0.0000000000000020257568389768977
-1953.625 -3354.125 0.00000000004717474277912892
-974.125 -1487.375 0.0000000000000018634029439150383
-467.125 -3162.875 0.0000000000000017117042163773196
2018.375 -3043.625 0.000000000047828298879004555
1499.375 -3804.125 0.0000000000000017084452888883694
1536.125 -3640.625 0.000000000000002735481221381991
-2112.625 865.375 0.00000000008967929337997553
-1702.375 -3699.125 0.000000000021796744446365948
2439.125 -1744.625 0.000000000052775970069870354
2435.375 -1671.125 0.00000000005327998562961511
-1819.375 -3398.375 0.0000000000000033658707705717765
238.625 -3852.875 0.0000000000000020061629244483714
-2139.625 -3195.875 0.00000000004767197209157669
-2468.875 -1899.875 0.000000000025656877142041773
-803.125 -2098.625 0.0000000000000020774807717084805
-1655.125 -3870.125 0.000000000043000117612716064
2015.375 -3261.875 0.000000000023921866162443113
-2106.625 -3197.375 0.00000000004791929729493625
1983.875 -3305.375 0.000000000023773670840167246
684.125 -2436.125 0.0000000000000043433093416807605
-1739.875 952.375 0.00000000010790931307338306
143.375 -3615.875 0.000000000000004247091716110271
-2207.125 -2736.125 0.000000000024362754998174355
253.625 -2768.375 0.000000000000003555624306873263
-611.125 -2759.375 0.000000000000002243859476274193
-2435.125 -1671.125 0.000000000026639992814807538
-1679.125 -3630.875 0.000000000000001277995356737094
771.875 -2190.875 0.0000000000000042104396057065156
-653.875 972.625 0.00000000004991017968781822
1284.875 -3984.875 0.000000000000001696604705658301
1934.375 -3234.875 0.00000000004665234357911174
639.125 -2605.625 0.000000000000004433354449408081
791.375 -2171.375 0.0000000000000042124610047512694
236.375 -2697.875 0.0000000000000035517558147112902
1385.375 -3914.375 0.0000000000000016981821037485108
548.375 -2946.875 0.0000000000000044979392161086565
-1570.375 758.125 0.00000000003760813473655397
-640.375 -2592.875 0.0000000000000022128783240417242
1847.375 -3518.375 0.0000000000000014522957501071107
-663.625 -3457.625 0.000000000000001587978179741553
112.625 -3635.375 0.0000000000000042238638106681345
-926.875 -1656.125 0.0000000000000019238351103230924
1774.625 -3676.625 0.000000000022260373538241088
1727.375 -3655.625 0.000000000043876202665243166
-2498.125 -1989.875 0.00000000002515102457079756
1481.375 -3675.875 0.000000000000002737482233970149
-824.125 -2037.125 0.0000000000000020582813132962235
-2435.875 -1707.125 0.00000000002652709803843281
2451.125 -1827.125 0.000000000052057615025251354
1690.625 -3816.125 0.000000000021706328984458164
-3.625 -3711.875 0.000000000000002078930797579823
-1043.875 -3786.125 0.000000000000001408871463003824
1098.125 -3801.125 0.0000000000000027983305518440237
1044.125 -3786.125 0.000000000000002817742808914143
2073.125 -2923.625 0.00000000004846428714051213
1846.625 -3416.375 0.0000000000000015866870490058943
-712.375 -2359.625 0.000000000000002152215656234361
-2451.625 -1526.375 0.000000000026843758265665212
1821.875 -3592.625 0.000000000022604168582054253
2031.875 -3243.125 0.000000000023975766631343867
387.875 -3918.125 0.000000000000001956420985152004
-393.625 -3312.875 0.0000000000000022052521988125463
-666.625 -2481.875 0.0000000000000021826658337262176
89.375 -2085.875 0.0000000000000032674145321587995
1648.625 -3785.375 0.00000000004304101539465207
-1127.125 -3803.375 0.0000000000000013937175893219233
-2442.625 -1771.625 0.00000000002627759388980043
-2072.875 -2923.625 0.00000000002423214357025606
1961.375 -3172.625 0.000000000047046867061838894
439.625 -3212.375 0.000000000000004446226182564635
2472.125 -1467.875 0.00000000005350082622448292
-465.625 -3954.125 0.000000000000003860895435512714
2482.625 -1945.625 0.00000000005081696182977889
-536.125 -2992.625 0.0000000000000022507090247246777
1938.875 -3224.375 0.00000000004671868848427138
540.125 -2977.625 0.000000000000004500459966060184
-1809.625 -3502.625 0.000000000022443015512700516
-944.125 -1594.625 0.0000000000000019020531658049442
1569.125 -3613.625 0.0000000000000027288076945878997
282.875 -2826.125 0.000000000000003548228303961073
-1112.875 865.375 0.00000000004427298509936733
-8.875 -1619.375 0.0000000000000029089267233056636
-877.375 -1868.375 0.0000000000000020030454562512747
2472.875 -1914.875 0.000000000051154442204375085
-2126.875 -2823.875 0.000000000024417302664947574
1671.125 -3585.875 0.0000000000000017350636170353674
-476.125 -3127.625 0.0000000000000022354613908223
-616.375 -3399.125 0.0000000000000016190655048042188
207.125 -2485.625 0.0000000000000034814725812331664
-221.875 -2582.375 0.0000000000000017606224902562644
-1996.375 -3092.375 0.000000000023770669110874977
-288.625 -3876.125 0.000000000000003979684363187654
-10.375 -1716.125 0.000000000000001493251927465297
961.625 -1533.875 0.0000000000000037600781986665234
972.125 -1445.375 0.000000000000003684027232832177
239.375 -3520.625 0.0000000000000043003620325612554
-584.875 -2837.375 0.000000000000002247247018075468
-950.875 -3753.875 0.00000000000000143706412254675
-2477.125 -1930.625 0.00000000002549221949122278
1641.125 -3628.625 0.000000000000001731890592542534
-1787.125 -3546.125 0.000000000022298204891171974
1829.375 -3395.375 0.0000000000000016641156666614492
1769.375 -3579.125 0.0000000000443795146788859
-1676.875 -3621.875 0.0000000000000012861566862052866
-1855.375 -3531.875 0.00000000004571541998570377
1016.375 -3778.625 0.000000000000002831769544482526
-1553.125 995.875 0.00000000011914552463439174
423.125 -3259.625 0.0000000000000044372894950603006
-1792.375 -3535.625 0.000000000022334219945010902
-991.375 893.875 0.000000000046037982625986585
2009.375 -3063.125 0.00000000004771631419409398
524.375 -3255.875 0.000000000000003359574060343124
-602.875 984.625 0.00000000005025464293705294
1849.625 -3487.625 0.0000000000000014887803938908273
354.875 -3906.125 0.000000000000001969403895212651
865.625 -3701.375 0.000000000000002935399643834886
63.125 -1128.875 0.0000000000000012464884585420227
-2499.625 3999.625 NaN
43.625 -1876.625 0.000000000000003113207177679907
648.875 -2527.625 0.000000000000004386316594332294
-1545.625 -3750.125 0.0000000000000034287290616224062
-828.625 -2022.125 0.0000000000000020534007004367225
-761.875 -2221.625 0.000000000000002114158384075061
-162.625 -2349.875 0.000000000000001712090900020413
2068.625 -2932.625 0.00000000004842211381648506
1507.625 -3661.625 0.000000000000002738209885956609
1634.375 -3807.125 0.00000000004290674692754233
1449.125 786.625 0.00000000007863892956034606
1662.875 -3592.625 0.0000000000000026409622798566827
438.875 -3936.875 0.000000000000001939453285528673
1642.625 -3586.625 0.000000000000002680984442278018
-2437.375 -1719.125 0.000000000026483613099118636
42.125 -1386.125 0.000000000000001356035893005103
1911.125 -3287.375 0.00000000004631149764528294
1850.375 -3471.125 0.0000000000000015099310428985594
-891.625 -1821.875 0.0000000000000019874551179736698
1821.875 -3395.375 0.000000000000001678671429180723
2435.375 -1695.125 0.0000000000531350758821908
-51.625 -1265.375 0.0000000000000026076259386546278
-1786.375 -3655.625 0.000000000044693065622566756
-1973.875 -3321.125 0.00000000004743024736612717
1758.125 -3600.875 0.00000000004423443280619791
1029.875 -3784.625 0.0000000000000028275285112235306
1899.125 681.625 0.00000000006677305602517644
-2444.125 -1560.125 0.00000000002684349217491229
6.125 -1635.875 0.0000000000000014609791426575297
-411.625 -3291.125 0.000000000000002215100285605106
-539.875 -2977.625 0.000000000000002250229983030092
-2492.125 -1429.625 0.000000000026611078887994884
519.875 -3013.625 0.0000000000000044881413453404686
-707.875 -3532.625 0.0000000000000015522402609952292
-29.875 -1449.875 0.000000000000002763812375286324
2449.625 -1534.625 0.000000000053693568274097737
1260.875 -3789.125 0.000000000000002749933897597048
-925.375 -3741.125 0.0000000000000014456685823163888
1646.375 -3584.375 0.0000000000000026756111996534
2112.875 -2847.125 0.000000000048769881639063824
1570.625 758.125 0.00000000007521626947310794
1436.375 -3868.625 0.0000000000000017002419120600221
1752.125 -3612.125 0.00000000004416291213912458
-2113.375 -2847.125 0.0000000000243849408195319
1830.875 -3459.125 0.00000000004517630798396722
2199.125 -2741.375 0.00000000004876861726125281
-466.375 -3159.125 0.000000000000002233906883124246
-1653.625 -3585.875 0.0000000000000013313210185292879
1071.875 -3792.875 0.000000000000002804479276745487
-2122.375 -2831.375 0.00000000002440770282016105
-2039.125 -2996.375 0.000000000024047109240365424
-1892.125 -3329.375 0.00000000002301666349362575
50.375 -1908.875 0.0000000000000031377718351037823
-644.125 -2541.875 0.0000000000000021967805817897704
1665.875 -3589.625 0.0000000000000017339092062882278
-296.125 -3452.375 0.000000000000002170171549300547
1848.875 -3491.375 0.0000000000000014835216848714052
-2013.625 -3053.375 0.000000000023886181623253004
190.625 -2421.125 0.000000000000003452317372685776
2436.125 -1707.125 0.00000000005305419607686562
-481.375 -3111.875 0.000000000000002236063180066387
1847.375 -3423.875 0.000000000000001580164282071957
-373.375 -2996.375 0.0000000000000017515695485026961
-1898.125 -3453.125 0.00000000004636607039063517
-14.125 -1530.125 0.0000000000000028288269181536017
142.625 -2269.625 0.000000000000003378635393780945
-65.875 -1113.125 0.000000000000002480611388348354
78.875 -924.125 0.0000000000000011754292874658541
1444.625 -3702.875 0.000000000000002738083832963019
2453.375 -1518.875 0.000000000053677529769091974
1752.125 -3467.375 0.000000000000001731777184355572
-1528.375 -3951.875 0.000000000021011062929036673
2488.625 -1435.625 0.00000000005327573877788974
2495.375 -1423.625 0.00000000005316518669991904
1947.875 -3203.375 0.00000000004685141378407772
-1670.875 -3604.625 0.0000000000000013055255525854218
-471.625 -3143.375 0.0000000000000022347416982509867
-2134.375 626.125 0.00000000003075387896864025
-305.125 -3885.125 0.000000000000003972173979016011
75.125 -2021.375 0.0000000000000032215063102355653
1979.375 -3312.875 0.0000000000237448883123843
-2458.375 -1503.125 0.000000000026822816568887302
1959.125 -3345.125 0.00000000002362051129257194
-285.625 -3468.125 0.000000000000002167370486432894
-1664.875 -3593.375 0.0000000000000013172747762097444
1794.125 -3416.375 0.0000000000000017124311022332823
974.375 -1487.375 0.000000000000003726803934876488
410.375 -3068.375 0.000000000000003476009194252985
1836.125 -3393.125 0.0000000000000016452760339219306
222.125 -2598.125 0.0000000000000035275686841701555
1680.125 -3637.625 0.0000000000000025469454658252413
1848.875 -3434.375 0.0000000000000015589693979059927
621.125 -2689.625 0.00000000000000446166729054375
171.125 -3586.625 0.000000000000004259403409685695
-706.375 -2375.375 0.0000000000000021562070199927414
-1571.875 -3985.625 0.00000000004214106530047876
-1676.125 -3742.625 0.0000000000216572748316645
1846.625 -3414.125 0.0000000000000015919284917375455
1610.375 -3933.875 0.000000000021260958746847336
-1706.875 -3533.375 0.0000000000000034728673736739967
-1896.625 -3318.875 0.000000000023051360559285476
2061.125 -3216.875 0.000000000024022386198136345
-1862.125 -3393.875 0.00000000002280397791723614
-785.875 -2187.125 0.0000000000000021107811892922886
-85.375 -2069.375 0.000000000000001628051306251013
1839.125 -3398.375 0.000000000000001634139807528196
-2442.625 -1569.125 0.00000000002683809703672864
-587.875 -2822.375 0.0000000000000022455429184165705
-312.625 -2883.125 0.0000000000000017685034358874729
927.875 -1698.875 0.0000000000000038899422993801374
1974.125 -3321.125 0.000000000023715123683063586
-131.125 -2221.625 0.000000000000001674545973524468
927.125 -1656.125 0.000000000000003847670220646185
-2021.875 -3034.625 0.000000000023941348490348815
-1850.125 -3451.625 0.0000000000000030646315901085926
-968.125 -1460.375 0.000000000000001847589737013442
-417.625 -3275.375 0.0000000000000022169302800091475
1677.125 -3621.875 0.000000000000002572313372410574
46.625 -1892.375 0.0000000000000031255294756266417
57.125 -1941.125 0.0000000000000031620740830416356
-2043.625 -2987.375 0.000000000024071937263641552
1849.625 -3459.125 0.0000000000000015216471934209838
1618.625 -3923.375 0.00000000002130006674979546
-111.625 -2181.875 0.0000000000000016661618427874941
-2074.375 -3208.625 0.00000000004803963970958683
1626.125 -3912.125 0.000000000021339487872884915
-810.625 -3655.625 0.0000000000000014920984867504196
-506.125 -3974.375 0.000000000000003822889666573996
511.625 -3248.375 0.00000000000000337325947548116
-1957.375 -3183.125 0.000000000023490880700483363
732.875 -3568.625 0.0000000000000030703579044892402
-62.875 -1056.125 0.0000000000000024300123269764675
-626.875 -2635.625 0.0000000000000022180869818531245
1813.625 -3399.875 0.0000000000000016922733101357913
1400.375 -3903.875 0.0000000000000017013214200168739
-410.125 -3068.375 0.0000000000000017380045971264929
162.125 -2349.875 0.0000000000000034241818000408244
-1785.625 -3429.125 0.0000000000000034369839674558425
-11.125 -3724.625 0.000000000000004151329236562961
-922.375 -1671.875 0.000000000000001929246869804958
-789.625 -3636.125 0.0000000000000015029933354109896
-2158.375 -2779.625 0.000000000024442676413434126
2468.375 -1899.875 0.000000000051313754284083547
543.125 -2962.625 0.0000000000000044992664110929984
953.375 -1564.625 0.000000000000003782130872097856
-278.125 -2809.625 0.0000000000000017739424029926187
2454.125 -1841.375 0.00000000005191494729867484
-948.625 -1579.625 0.0000000000000018965645805605915
2097.875 -3199.625 0.000000000023982600414030107
818.375 -2052.875 0.000000000000004126258693966857
2122.625 -2831.375 0.000000000048815405640322105
1512.125 -3792.125 0.0000000000000017122984351422308
-1002.625 -3775.625 0.0000000000000014210337270451458
99.875 -2133.875 0.000000000000003300409637627786
745.625 -2268.125 0.0000000000000042545061380976206
1675.625 967.375 0.00000000005581636362949777
-1155.625 -3804.875 0.0000000000000013887839754846151
-1256.125 831.625 0.000000000042154755168110975
2153.375 -2786.375 0.00000000004888584244857017
1720.625 723.625 0.00000000007120030107550494
39.875 -1860.875 0.0000000000000031007415767915324
1655.375 -3774.875 0.00000000004310849365636618
-838.375 -1991.375 0.0000000000000020435499557496686
1600.625 -3600.125 0.000000000000002717549219832971
53.375 -1924.625 0.0000000000000031499626532526576
2349.125 809.875 0.00000000004026537477337745
-2089.375 -3201.875 0.00000000004800061434206094
-2435.875 -1695.125 0.000000000026567537941095395
-182.875 -2389.625 0.0000000000000017181454816838707
2446.625 -1798.625 0.000000000052316523403941254
2477.375 -1930.625 0.000000000050984438982445655
1807.625 -3407.375 0.0000000000000016999809476520838
-866.125 -3701.375 0.000000000000001467699821917443
-1550.125 -3631.625 0.0000000000000013667381991900187
-338.875 -3399.125 0.000000000000002186104697407671
-12.625 -1603.625 0.0000000000000028958809183692836
1142.375 -3802.625 0.0000000000000027794074007141653
863.375 -1914.125 0.0000000000000040368567121221326
329.375 -3414.875 0.000000000000004367252717013723
-2147.125 -2793.875 0.000000000024441396889390465
-247.375 -2721.125 0.0000000000000017740597633616447
-511.375 -3248.375 0.0000000000000016866297377405612
2240.375 -2717.375 0.00000000004853449405950778
-54.625 -1176.875 0.0000000000000025303149653846985
-1792.375 -3645.125 0.00000000004477934902199722
1983.875 -3122.375 0.00000000004736052747837757
663.875 -3457.625 0.000000000000003175956041151123
-1657.375 -3588.875 0.000000000000001327524203392075
-1710.625 -3783.875 0.000000000043664881333349406
-1822.375 -3395.375 0.0000000000000033573416569438
-1835.875 -3393.125 0.0000000000000032905520678438576
1647.125 -3588.125 0.0000000000000026741088577585616
808.625 -2083.625 0.0000000000000041454606078472136
-843.625 -1975.625 0.000000000000002038581299048108
-2069.125 -2932.625 0.00000000002421105690824253
-1669.375 -3848.375 0.000000000043163803996069465
2052.125 -2968.625 0.000000000048241759866808406
1598.375 -3597.125 0.0000000000000027184280864320384
-1877.125 -3361.625 0.000000000022910769398355206
2154.875 -3197.375 0.000000000023770970213326904
-1574.125 990.625 0.0000000001177714619851894
1847.375 -3418.625 0.0000000000000015814246248040483
1552.625 -3921.125 0.000000000042201996133811246
1809.875 -3613.625 0.000000000022518593165331128
2447.375 -1542.875 0.00000000005369557992126318
-234.625 -2666.375 0.0000000000000017715980826752117
-1675.375 967.375 0.00000000011163272725899555
-422.875 -3259.625 0.0000000000000022186447475301503
1418.375 -3886.625 0.0000000000000017006063383897642
-1112.875 -3801.125 0.0000000000000013948535251036742
-1618.375 -3923.375 0.000000000042600133499590904
1487.375 -4000.625 0.00000000004173524651601983
-629.125 -2622.125 0.000000000000002214759035750578
-1865.875 -3511.625 0.0000000000458814146364933
2043.125 -3231.875 0.000000000024001780412904403
-56.875 -1941.125 0.0000000000000015810370415208178
-582.625 -3346.625 0.0000000000000016424111132065872
1719.125 -3517.625 0.000000000000001736356710115696
889.625 -3717.125 0.000000000000002916131786102012
1848.875 -3429.125 0.0000000000000015695943744252795
1809.125 -3502.625 0.000000000044886031025401026
-564.625 -3324.125 0.0000000000000016546713261026081
1944.125 -3370.625 0.00000000002351898009126893
-277.375 -3483.875 0.000000000000002164390251800878
-621.625 -2689.625 0.0000000000000022308336452718747
285.875 -3468.125 0.000000000000004334741309948702
81.875 -2053.625 0.0000000000000032446747975809776
67.625 -1989.125 0.000000000000003197978288550952
890.375 917.125 0.00000000009480986949101322
-1536.625 -3941.375 0.00000000002104064506989709
1613.375 -3838.625 0.00000000004270825174326243
573.875 -2881.625 0.0000000000000045031405085458706
1563.875 -3996.125 0.000000000021033551745801116
387.875 -3329.375 0.000000000000004406263529432391
828.875 -2022.125 0.000000000000004106801400873445
1662.125 -3764.375 0.00000000004317686892006534
-1882.375 -3351.125 0.000000000022945993270670104
-1610.875 -3933.875 0.00000000004252191749369467
-2177.125 -2760.125 0.000000000024427588212942672
-1847.875 -3426.125 0.0000000000000031497732754758047
-2094.625 -2880.125 0.00000000002432558204427316
-1613.125 -3661.625 0.0000000000000034529414909798814
1991.375 893.875 0.000000000047539663104551194
-867.625 -1899.125 0.000000000000002013324421884431
780.125 -3624.125 0.0000000000000030146328044689914
221.375 -2582.375 0.0000000000000035212449805125287
-2047.375 -2977.625 0.00000000002409663468675569
-1999.375 -3282.875 0.000000000047706893114384615
82.625 -3662.375 0.0000000000000042113387552827385
-2438.875 -1596.875 0.0000000000268059955701745
798.125 -2114.375 0.000000000000004164394024742322
1918.625 -3415.625 0.000000000023337290225145722
-992.125 -1368.125 0.000000000000001813957446694842
1640.375 -3891.125 0.000000000021419220736364764
-1849.375 -3483.125 0.00000000000000298810529489871
-1672.375 -3609.875 0.0000000000000013012353539529846
1528.625 -3951.875 0.00000000004202212585807335
1579.625 -3975.125 0.0000000000211078969465711
1654.625 -3589.625 0.0000000000000026610282732730534
271.625 -3872.375 0.0000000000000019988138959225286
-1992.625 -3102.875 0.000000000023740742025626707
-1961.875 -3172.625 0.000000000023523433530919447
2475.875 545.875 0.000000000000003308027914194128
-2026.375 -3249.125 0.00000000004791923423251029
-479.125 -3194.375 0.0000000000000017049098101164843
2469.125 -1474.625 0.000000000053536766073904075
555.125 -2916.875 0.000000000000004494350535513152
-0.625 -1667.375 0.0000000000000014739352693474484
1987.625 -3112.625 0.000000000047421132651251255
1632.125 -3583.625 0.000000000000002694144657098376
507.125 -3060.125 0.000000000000004488476284236234
-206.875 -2485.625 0.000000000000001740736243923926
557.375 -3309.125 0.0000000000000033189270225363344
1620.875 -3587.375 0.000000000000002704516412682412
843.875 -1975.625 0.000000000000004077162598096218
-1856.875 -3405.125 0.000000000022768078885049733
-1798.375 -3524.375 0.000000000022370683786101194
-635.875 -3420.875 0.000000000000001606041806513091
-47.125 -1892.375 0.0000000000000015627651053680733
1838.375 -3561.875 0.000000000022731660874743363
-1892.875 -3462.875 0.00000000004628692533089746
-1520.125 -3961.625 0.000000000020981613148110852
213.125 -3551.375 0.000000000000004288515839125047
-1572.625 -3615.875 0.0000000000000013642049365068796
2077.625 -2914.625 0.00000000004850449842433513
990.875 893.875 0.00000000009207596525197317
-983.875 -1398.875 0.0000000000000018252252909416174
-2137.375 -2808.125 0.000000000024432550190190396
-1749.625 -3719.375 0.00000000004417658527701556
1999.625 -3282.875 0.000000000023853446557192307
-818.875 -2052.875 0.0000000000000020631293469834272
642.875 -2567.375 0.000000000000004410324119954495
-1925.125 -3255.875 0.000000000023258233711366858
1716.125 -3518.375 0.000000000000001736163250950553
589.625 -3361.625 0.0000000000000032745611303176876
-71.125 -2005.625 0.0000000000000016048954779961128
-1715.125 -3677.375 0.00000000002186722449401518
1965.875 -3162.875 0.000000000047110030844160405
-1511.875 -3792.125 0.0000000000000034245968702844584
1632.875 -3587.375 0.0000000000000026927164861206202
1723.625 -3762.125 0.000000000021917276195282778
-669.625 -3471.875 0.0000000000000015826982934889328
-173.125 -3818.375 0.000000000000004051513677953795
-1752.625 -3467.375 0.0000000000000034635525103406893
-20.125 -1764.125 0.0000000000000015124569830299022
2463.125 -1488.875 0.000000000053597868286872005
1582.625 -3705.875 0.0000000000000017230139794954679
201.125 -3566.375 0.000000000000004282213003343803
-965.875 -1518.125 0.0000000000000018745004272567953
17.375 -1514.375 0.0000000000000014079045070166636
-1418.875 -3718.625 0.0000000000000013687452285838963
2034.875 -3005.375 0.00000000004804278411349752
1674.875 -3613.625 0.0000000000000025884353306057903
-23.125 -1779.875 0.0000000000000015188251385575711
1779.125 -3434.375 0.0000000000000017220186212490464
-57.625 -1233.875 0.000000000000002582222732871892
272.375 -2793.125 0.000000000000003547580331260224
-1679.875 -3637.625 0.000000000000001273472913846472
1675.625 -3742.625 0.000000000043314549663329
-1418.125 -3886.625 0.000000000000003401214767778582
-2453.875 -1518.875 0.00000000002683876488454599
1847.375 926.875 0.00000000005105705417774202
914.375 -1745.375 0.000000000000003922079187745726
-1349.125 809.875 0.00000000004077223575571751
2448.875 786.625 0.00000000003855665555103646
570.875 -2896.625 0.000000000000004505624553259932
-501.625 -3075.875 0.0000000000000022440441814403974
33.125 -1434.125 0.0000000000000013754259330003292
-1952.875 -3193.625 0.000000000023458162725834574
235.625 -2682.125 0.000000000000003547654083119814
-1071.625 -3792.875 0.0000000000000014022398744579093
360.125 -2988.875 0.000000000000003514213200469512
452.375 -3945.125 0.0000000000000019350511944688678
-1697.125 -3805.625 0.000000000043496392805654326
427.625 -3243.875 0.0000000000000044405544079050654
-1984.375 -3305.375 0.00000000004754734168033446
-1979.125 -3312.875 0.00000000004748977662476858
-740.125 -2283.125 0.0000000000000021315275828686515
-935.875 -1625.375 0.000000000000001912968426197118
479.375 -3194.375 0.0000000000000034098196202329687
-194.875 -2437.625 0.0000000000000017299728343375965
1994.375 -3290.375 0.000000000023828024158998557
1866.125 -3511.625 0.00000000002294070731824665
1084.625 -3796.625 0.0000000000000028012950189677515
-421.375 -3933.875 0.0000000000000038971975722911754
1377.125 -3744.125 0.000000000000002739701411584929
-1708.375 -3688.625 0.000000000021831893211466107
-1964.125 -3336.875 0.00000000004730576430754025
-91.375 -3777.125 0.000000000000004107407876715964
-1598.125 -3859.625 0.000000000021289284763028215
-863.125 -1914.125 0.0000000000000020184283560610663
-685.375 -3495.125 0.0000000000000015699270315634945
1844.375 -3408.125 0.0000000000000016075199550116005
1520.375 -3961.625 0.000000000041963226296221705
-745.375 -2268.125 0.000000000000002127252538310544
591.125 -2808.125 0.0000000000000044874422529819185
246.875 -2705.375 0.0000000000000035446551558181596
-752.125 -3590.375 0.0000000000000015233250570827718
1767.125 -3448.625 0.0000000000000017275167663936239
-1230.625 -3795.875 0.000000000000001377731141274593
1871.375 -3501.875 0.000000000022981839749181733
-293.875 -2859.125 0.0000000000000017738116616138067
63.875 -1973.375 0.0000000000000031860909672319106
1848.125 -3504.875 0.00000000000000146783178932807
-42.625 -1313.375 0.0000000000000026459800722535717
2085.875 -2897.375 0.00000000004858150248756786
354.125 -2972.375 0.000000000000003517280749028261
-1214.875 -3800.375 0.0000000000000013807660949074233
2442.125 -1771.625 0.00000000005255518777960086
-48.625 -1281.125 0.00000000000000262037827765961
708.125 -3532.625 0.0000000000000031044805219904584
-1640.875 -3891.125 0.00000000004283844147272952
-1844.125 -3551.375 0.000000000045547720833533136
-119.125 -2214.125 0.0000000000000016764657547270823
-2460.625 -1495.625 0.000000000026811762801916156
-1928.875 -3397.625 0.000000000046823256844419966
1745.375 -3479.375 0.000000000000001733275368547088
2457.125 -1856.375 0.000000000051770736371125423
479.375 -3957.875 0.00000000000000192076880594449
-190.375 -2421.125 0.000000000000001726158686342887
1881.875 -3482.375 0.000000000023063274057066982
-2439.625 -1587.875 0.000000000026818803673244867
-485.875 -3209.375 0.0000000000000017012289026819555
-2475.625 545.875 0.000000000000001654013957097064
2108.375 -2855.375 0.000000000048743024674176716
-2000.875 -3082.625 0.000000000023799845666799474
1620.875 -3654.875 0.0000000000000017286183904116507
-1850.125 -3479.375 0.0000000000000029986715110151985
775.625 944.125 0.0000000000975322184909913
1996.625 -3092.375 0.000000000047541338221749953
75.875 -3765.125 0.0000000000000020570710770678876
-1877.125 -3492.125 0.000000000046045404142577027
-1459.375 -3690.125 0.0000000000000013684598705315132
-15.625 -1587.125 0.0000000000000028828364485638767
-59.875 -1217.375 0.000000000000002569576879533777
2184.125 -2753.375 0.00000000004883294927502124
-378.625 -3012.875 0.0000000000000017499139781492948
312.875 -2883.125 0.0000000000000035370076589333097
421.625 -3933.875 0.0000000000000019485987861455877
1845.125 -3410.375 0.0000000000000016023529288232865
-456.625 -3190.625 0.000000000000002231869953799313
-1481.875 -3825.125 0.0000000000000034156236919434162
-222.625 -2613.125 0.0000000000000017667791153716005
-771.625 -3610.625 0.00000000000000151175167077079
1887.125 -3340.625 0.00000000004596291107241862
-1535.875 -3640.625 0.000000000000001367740879179183
1550.375 -3631.625 0.0000000000000027334748084668628
9.875 -1716.125 0.0000000000000029865049227201906
-1609.375 -3597.125 0.0000000000000013564551233706045
1656.875 -3588.875 0.0000000000000026550476067374603
1404.125 -3729.875 0.0000000000000027394500511043536
1367.375 -3930.125 0.0000000000000016994966276349253
-1830.625 -3459.125 0.00000000002258815399198361
2441.375 -1578.125 0.00000000005365840833085398
1682.375 -3732.125 0.00000000004338378014944599
1392.125 -3733.625 0.0000000000000027371287052046694
42.875 -3748.625 0.000000000000002069154361269996
378.875 -3012.875 0.00000000000000349982866925134
-27.625 -3736.625 0.000000000000004144904019925931
-1662.625 -3592.625 0.0000000000000013204807505822965
1848.125 -3509.375 0.0000000000000014626345710170967
-1367.125 -3930.125 0.0000000000000033989932552698506
305.375 -3436.625 0.0000000000000043457639092406495
1992.125 -3102.875 0.000000000047481484051253414
1846.625 -3532.625 0.0000000000000014369399467735812
-221.875 -2553.125 0.0000000000000017534442719116578
-1907.875 -3434.375 0.00000000004652203990758959
-1779.625 -3434.375 0.000000000000003444037242498093
-203.125 -2469.125 0.0000000000000017372547928009182
739.625 -2283.125 0.000000000000004263055165737303
210.875 -2501.375 0.0000000000000034882168498277304
1761.875 -3698.375 0.000000000022174255595689065
-41.875 -1386.125 0.000000000000002712071786010206
1929.875 -3245.375 0.00000000004658451940494933
-435.625 -3108.125 0.000000000000001726948982097204
1113.125 865.375 0.00000000008854597019873466
-2437.375 -1607.375 0.000000000026790427260308365
1887.125 -3472.625 0.000000000023103534802653807
1786.625 -3546.125 0.00000000004459640978234395
-354.625 -3906.125 0.000000000000003938807790425302
-1733.875 -3645.125 0.000000000021973931932020473
-1913.125 -3424.625 0.000000000046598765036941354
-2183.875 -2753.375 0.000000000024416474637510646
460.625 -3174.875 0.0000000000000044659170014444015
1530.875 -3639.875 0.000000000000002735246077931931
1672.625 -3609.875 0.000000000000002602469959672228
1638.875 -3588.875 0.0000000000000026863012004646526
1598.375 -3684.125 0.0000000000000017246378098849316
-1501.375 -3662.375 0.0000000000000013686762174552644
-1983.625 -3122.375 0.000000000023680263739188783
878.375 -3707.375 0.000000000000002923012013535725
-198.625 -2453.375 0.0000000000000017336663217231814
-1662.625 -3858.875 0.000000000043081722147983316
1842.125 -3400.625 0.0000000000000016190831746479825
939.875 -1610.375 0.000000000000003815032175671396
-1920.625 -3266.375 0.000000000023224500342628725
1706.375 -3533.375 0.0000000000000017364325954940814
1733.375 -3645.125 0.00000000004394786386404095
48.125 -1354.625 0.0000000000000013431191674861083
1113.125 -3801.125 0.000000000000002789707281420361
-170.125 -2382.125 0.0000000000000017205809324590807
-20.875 -1497.875 0.0000000000000028027893570074144
205.625 -3839.375 0.0000000000000020186584049538156
1848.875 -3500.375 0.0000000000000014730462322784151
-1849.375 -3462.875 0.0000000000000030326358065801463
-1301.125 -3976.625 0.0000000000000033973331798719925
1653.125 -3585.875 0.0000000000000026626412306520527
1334.375 -3954.875 0.0000000000000016986217024377229
-1727.125 -3655.625 0.000000000021938101332621583
-1882.375 -3482.375 0.00000000004612654811413396
-1697.125 -3549.125 0.0000000000000034731649817075317
-1529.125 -3771.125 0.000000000000003426558706588496
1849.625 -3541.625 0.000000000022815882656363218
-2198.875 -2741.375 0.000000000024384308630626404
211.625 -2516.375 0.0000000000000034964315044025337
1892.375 -3462.875 0.000000000023143462665448733
1768.625 -3687.125 0.000000000022217302244976268
1943.375 -3213.875 0.000000000046785191200403694
-66.625 -3667.625 0.000000000000002097127854522221
838.625 -1991.375 0.000000000000004087099911499337
-2015.125 -3261.875 0.000000000047843732324886225
-18.625 -1571.375 0.0000000000000028697916813774148
-2191.375 -2747.375 0.000000000024402674035612853
1848.125 -3513.875 0.0000000000000014574554356262018
-1595.125 -3954.875 0.000000000042367460313116444
-1850.125 -3455.375 0.0000000000000030539608311821766
1056.875 -3791.375 0.0000000000000028138923701058687
467.375 -3162.875 0.0000000000000034234084327546424
1675.625 -3618.125 0.0000000000000025867004619804968
1956.875 -3183.125 0.000000000046981761400966726
1970.375 -3152.375 0.00000000004717357737322204
1830.875 -3393.875 0.0000000000000016594920508891558
1844.375 -3551.375 0.00000000002277386041676657
-140.875 -3803.375 0.000000000000004076283882509029
-808.375 -2083.625 0.0000000000000020727303039236068
1176.875 850.375 0.00000000008665692407877348
-78.625 -2037.125 0.0000000000000016165669593453193
-26.875 -1796.375 0.000000000000001525180770421669
2440.625 -1758.125 0.000000000052666489681896794
853.625 -1944.875 0.000000000000004057117120478938
66.125 -3667.625 0.000000000000004194254569553857
1848.875 -3495.875 0.0000000000000014782764571998703
1848.875 -3431.375 0.0000000000000015642898980698615
417.125 -3275.375 0.0000000000000044338598889695684
-557.875 -3309.125 0.000000000000001659463511268167
-115.375 -2198.375 0.000000000000001671347407523905
671.375 -3457.625 0.00000000000000000014994932802779674
-1743.625 -3729.875 0.000000000044090808442682075
-1579.375 -3975.125 0.0000000000422157938931422
-1943.875 -3213.875 0.000000000023392595600201847
1008.125 -1266.125 0.0000000000000035432742277716246
-2495.875 -1423.625 0.000000000026582593349959526
-1825.375 -3469.625 0.000000000022551737958271127
-822.625 -3661.625 0.0000000000000014855165313836768
905.375 -1776.125 0.0000000000000039433252931866906
-626.125 -2648.375 0.0000000000000022214982119947518
-1625.875 -3912.125 0.00000000004267897574576982
965.375 -1518.125 0.0000000000000037490008545135906
-62.875 -1128.875 0.0000000000000024929769170840454
550.625 -3294.125 0.000000000000003328235134294363
157.625 -3601.625 0.000000000000004253194110874115
108.125 -3781.625 0.000000000000002044900166839934
-1798.375 -3634.625 0.00000000004486540207276022
1948.625 -3362.375 0.000000000023553506581164258
-596.875 -3376.625 0.000000000000001632014341756339
1833.125 -3572.375 0.000000000022689301227468586
-2456.125 -1510.625 0.000000000026831830861548677
1915.625 -3276.875 0.00000000004638037643845877
-1760.875 -3458.375 0.0000000000000034590520191904403
-1768.375 -3450.875 0.00000000000000345384939643181
669.875 -3471.875 0.0000000000000031653962688650836
-2097.625 -3199.625 0.000000000047965200828060266
1839.875 -3399.125 0.000000000000001629153315003977
-146.875 -2286.125 0.0000000000000016940392560132673
-201.625 -3566.375 0.0000000000000021411065016719016
-1939.375 -3224.375 0.000000000023359344242135666
1676.375 -3837.875 0.000000000021623168847238985
1849.625 -3479.375 0.000000000000001499335906000126
1857.125 -3405.125 0.00000000004553615777009948
-2170.375 -2766.125 0.00000000002443488341959215
-1988.875 -3297.875 0.000000000047602812783396376
472.625 -3178.625 0.000000000000003416799437604112
-2444.125 -1785.125 0.000000000026219241199239736
-2438.125 -1731.875 0.00000000002643717434020964
-780.625 -3624.125 0.0000000000000015073169455687626
14.375 -1530.125 0.0000000000000014144129138078443
2004.875 -3072.875 0.00000000004765828653456771
1689.125 -3720.875 0.00000000004345294293723643
766.625 -2206.625 0.0000000000000042194166611463514
717.875 -2344.625 0.000000000000004296352557881895
1849.625 -3483.125 0.000000000000001494052647449355
1560.125 -3911.375 0.00000000004226333865075554
45.125 -1370.375 0.0000000000000013495905833434315
-1634.875 -3807.125 0.000000000021453373463771156
900.875 -1791.125 0.000000000000003953893895956993
-236.125 -2697.875 0.0000000000000017758779073556451
-691.375 -3510.125 0.0000000000000015646851816538817
516.125 -3029.375 0.0000000000000044885250412342554
-2030.875 -3015.125 0.00000000002399539157827646
666.125 -2481.875 0.000000000000004365331667452435
1812.125 935.875 0.000000000051993716733664645
-2436.625 -1617.125 0.000000000026772229881394123
1608.875 -3597.125 0.0000000000000027129102467412094
-683.875 -2436.125 0.0000000000000021716546708403803
-887.125 -1837.625 0.000000000000001992673510489975
114.875 -2198.375 0.000000000000003342694815047808
803.375 -2098.625 0.000000000000004154961543416961
-271.375 -3872.375 0.000000000000003997627791845057
678.125 -2451.125 0.000000000000004350771507341751
-2009.875 -3268.625 0.00000000004780070969859712
-1627.375 -3587.375 0.000000000000001349392897501527
2142.125 -2801.375 0.000000000048875812473704975
1659.875 -3588.875 0.0000000000000026489672961887505
1908.125 -3434.375 0.000000000023261019953794802
-2081.875 -3204.875 0.000000000048024934998040666
1595.375 -3954.875 0.000000000021183730156558225
2048.375 880.375 0.00000000004623781738496579
-143.125 -2269.625 0.0000000000000016893176968904728
1674.125 -3612.125 0.000000000000002595490511484665
1740.125 -3633.875 0.0000000000440192048345116
-1653.625 972.625 0.00000000011288981092530992
1665.125 -3597.875 0.000000000000002632805220925156
1825.625 -3469.625 0.00000000004510347591654225
896.375 -1806.875 0.000000000000003964422605321662
877.625 -1868.375 0.0000000000000040060909125025494
2435.375 -1638.125 0.0000000000534562882395216
35.375 -3693.875 0.0000000000000041815718690388096
348.875 -3383.375 0.0000000000000043769827188040505
-1531.375 -3639.875 0.0000000000000013676230389659654
1837.625 -3397.625 0.0000000000000016390643961707377
-1583.125 -3880.625 0.000000000021225343171525
-570.625 -2896.625 0.0000000000000022528123010135774
-617.875 -2717.375 0.0000000000000022364214734051563
-143.125 -3615.875 0.0000000000000021235458580551355
-123.625 -3792.875 0.000000000000004082949640723281
-2457.625 -1856.375 0.00000000002588536818556267
23.375 -1482.125 0.0000000000000013948914348497887
221.375 -2567.375 0.0000000000000035145362214634167
-914.125 -3732.125 0.0000000000000014487773067264733
2013.875 -3053.375 0.000000000047772363246506014
232.625 -2635.625 0.000000000000003533224297791787
411.125 -3291.125 0.000000000000004430200571210212
-1634.875 -3633.875 0.0000000000000034601636459775252
975.875 -3765.875 0.0000000000000028576315022643917
-1171.375 -3802.625 0.0000000000000013850485195079026
1803.125 -3408.875 0.0000000000000017046456367120628
2020.625 -3255.125 0.000000000023941601521068255
1845.875 -3411.875 0.0000000000000015971476222698806
-812.125 935.875 0.00000000004836434488610018
-675.625 967.375 0.00000000004977427777188961
552.875 995.875 0.00000000010111103733861682
3.875 -3711.875 0.000000000000004157861595159646
-654.625 -2512.625 0.0000000000000021897214676468135
-1600.375 -3600.125 0.0000000000000013587746099164846
-2077.375 -2914.625 0.000000000024252249212167568
628.625 -2609.375 0.000000000000004421829342656984
822.875 -3661.625 0.0000000000000029710330627673536
-2164.375 -2772.875 0.000000000024440037383966407
1815.875 -3603.125 0.000000000022561428241940724
-505.375 -3232.625 0.0000000000000016906658081861939
1906.625 -3297.875 0.000000000046242673940575596
-40.375 -1860.875 0.0000000000000015503706634854558
-1620.625 -3654.875 0.0000000000000034572393620032474
-1668.625 -3598.625 0.0000000000000013098302580814926
-100.375 -2133.875 0.0000000000000016502045335898662
1669.625 -3848.375 0.000000000021581901998034746
-1842.625 -3400.625 0.0000000000000032381667978611726
-1846.375 -3537.125 0.000000000000002863732410733214
1671.875 -3605.375 0.000000000000002604201557954194
-438.625 -3936.875 0.000000000000003878906571057346
1841.375 -3399.875 0.0000000000000016241386263849375
1881.875 -3351.125 0.00000000004589198654134021
1348.625 -3757.625 0.000000000000002740611489360854
1920.875 -3266.375 0.00000000004644900068525745
1968.875 -3328.625 0.00000000002368443661123188
-1201.375 -3799.625 0.0000000000000013810718002408775
295.625 -3452.375 0.000000000000004340343098601092
-940.375 -1610.375 0.000000000000001907516087835698
1820.375 -3480.875 0.00000000004503069824509565
-776.125 944.125 0.00000000004876610924549565
2190.875 -2747.375 0.000000000048805348071225725
-1816.375 -3396.875 0.0000000000000033765202173675122
1923.875 -3406.625 0.000000000023374715265724664
-2441.125 -1578.125 0.00000000002682920416542698
-1806.625 -3404.375 0.0000000000000034020906342964153
-953.125 -1564.625 0.000000000000001891065436048928
-1336.375 -3761.375 0.0000000000000013694922376350255
1843.625 -3406.625 0.000000000000001612657808373043
1613.375 -3661.625 0.000000000000001726470419595115
519.875 -3978.125 0.000000000000001901662836085142
1704.125 -3794.375 0.000000000021790238008385148
-1429.375 -3714.875 0.0000000000000013698021827644785
902.375 -3722.375 0.0000000000000029040386916943616
-1781.125 -3557.375 0.00000000002226187486275865
2466.125 -1481.375 0.00000000005356950095049483
-2484.625 -1441.625 0.00000000002666326549949211
-3.625 -1683.875 0.0000000000000014803839850812608
-2481.625 -1448.375 0.00000000002668726762100987
-550.375 -3294.125 0.0000000000000016641175671471801
-1682.875 -3732.125 0.000000000021691890074722993
938.375 -3745.625 0.0000000000000028798547294162567
1785.125 -3429.125 0.0000000000000017184917848720021
107.375 -2166.125 0.000000000000003321814699650634
-1260.625 -3789.125 0.0000000000000013749669487985243
-1400.125 -3903.875 0.000000000000003402642840033746
-2004.625 -3275.375 0.00000000004775517645428187
-1085.125 -3796.625 0.0000000000000014006475094838758
987.875 -1383.875 0.000000000000003639200190022662
2481.875 -1448.375 0.00000000005337453524201977
-643.375 -2554.625 0.0000000000000022010269789931638
1574.375 990.625 0.0000000000588857309925947
-2009.875 -3063.125 0.000000000023858157097046986
651.125 -3450.125 0.0000000000000031907269802274316
891.875 -1821.875 0.000000000000003974910235947354
2436.875 -1617.125 0.0000000000535444597627883
1890.875 917.125 0.00000000004996142767658387
1682.375 -3567.875 0.0000000000000017355962545658712
-928.375 -1698.875 0.0000000000000019449711496900687
1860.875 -3521.375 0.00000000002289932438626908
-1582.375 -3705.875 0.0000000000000034460279589909358
-1849.375 -3444.125 0.0000000000000030859738512040976
771.125 -3610.625 0.00000000000000302350334154158
2103.875 -2863.625 0.000000000048714490957457713
-36.625 -1844.375 0.0000000000000015441062151354851
-2067.625 -3212.375 0.00000000004804592478763373
2127.125 -2823.875 0.00000000004883460532989515
1897.625 -3453.125 0.000000000023183035195317588
57.125 -1233.875 0.000000000000001291111366435946
1938.875 -3379.625 0.000000000023483794275016375
-2227.375 -2724.125 0.000000000024304441418885077
759.875 -3603.875 0.0000000000000030373345698986167
-1811.875 935.875 0.00000000010398743346732929
1792.625 -3645.125 0.000000000022389674510998606
-107.875 -2166.125 0.000000000000001660907349825317
-1448.875 786.625 0.00000000003931946478017302
-1849.375 -3487.625 0.0000000000000029775610793754
2136.875 -2808.125 0.000000000048865100380380805
-1906.375 -3297.875 0.000000000023121336970287788
12.125 -1603.625 0.0000000000000014479404591846428
-1850.125 -3467.375 0.0000000000000030304814212501935
-498.625 -3217.625 0.0000000000000016945670012221544
372.125 -3360.875 0.000000000000004397480479266605
-1847.125 -3418.625 0.0000000000000031628492496080965
-1450.375 -3856.625 0.0000000000000034076763958884893
-211.375 -2501.375 0.0000000000000017441084249138658
2177.375 850.375 0.000000000043512194273014684
2444.375 -1560.125 0.00000000005368698434982458
2436.875 -1719.125 0.00000000005296722619823727
1364.375 -3748.625 0.0000000000000027374476819776376
-2132.125 -2815.625 0.000000000024425613340343528
2043.125 -2987.375 0.00000000004814387452728311
734.375 -2298.875 0.000000000000004271519067832988
872.375 -1883.375 0.000000000000004016393215546328
-2445.625 -1551.125 0.00000000002684670147995891
18.875 -1571.375 0.0000000000000014348958406887074
739.625 952.375 0.00000000009830650052719308
-574.375 990.625 0.00000000005045644450035749
1803.875 -3513.875 0.00000000004481349388866793
1737.125 -3741.125 0.000000000022002596246493804
623.375 -2662.625 0.0000000000000044492106021314646
1545.125 -3750.125 0.0000000000000017143645308112031
103.625 -2150.375 0.0000000000000033111730544277583
1849.625 -3447.875 0.0000000000000015376523220199657
1792.625 -3535.625 0.000000000044668439890021804
1851.875 -3415.625 0.000000000045463919253134565
2492.375 -1974.875 0.000000000050475662864187826
913.625 -3732.125 0.0000000000000028975546134529466
-35.875 -1418.375 0.0000000000000027379097286864164
-51.625 -1192.625 0.000000000000002542832615142052
1692.875 -3550.625 0.0000000000000017359625905484964
-957.625 -1548.875 0.0000000000000018855573648442665
-2197.375 -3198.125 0.00000000004719460120780694
616.625 -2730.875 0.0000000000000044782294466371975
616.625 -3399.125 0.0000000000000032381310096084377
-2020.375 -3255.125 0.00000000004788320304213651
1653.875 -3609.125 0.0000000000000017329123752241828
531.875 -3986.375 0.0000000000000018967910097141085
-1544.875 -3931.625 0.000000000021070598190701938
-1737.625 -3491.375 0.0000000000000034691675635155775
882.125 -1852.625 0.000000000000003995742126272122
-2448.625 786.625 0.0000000000771133111020729
1560.125 -3622.625 0.0000000000000027312058752888963
609.875 -3384.125 0.000000000000003249087740638664
-872.875 -1883.375 0.000000000000002008196607773164
-800.875 -3642.875 0.0000000000000014963053360804011
-1177.375 850.375 0.00000000004332846203938674
1683.125 -3826.625 0.000000000021664648807669804
1607.375 -3594.125 0.0000000000000027138472036573294
-1727.125 -3503.375 0.0000000000000034713515554733757
-1662.625 -3764.375 0.000000000021588434460032656
-1763.875 -3590.375 0.000000000022153422313354276
1641.875 -3796.625 0.000000000042973637973913374
1647.875 -3880.625 0.00000000002145950784122793
-642.625 -2567.375 0.0000000000000022051620599772462
146.375 -2286.125 0.000000000000003388078238797563
2478.125 -1454.375 0.00000000005341961364439805
-554.875 -2916.875 0.000000000000002247175267756576
510.875 -3044.375 0.000000000000004488587757995301
-1745.125 -3479.375 0.0000000000000034665526558259687
-388.375 -3918.125 0.000000000000003912841970304008
-97.375 -3648.875 0.0000000000000021088379057347827
2074.625 -3208.625 0.000000000024019819854793427
471.875 -3143.375 0.0000000000000044694836682536524
-2435.125 -1648.625 0.000000000026702178223698944
330.125 -2931.875 0.000000000000003532327982150567
629.375 -2622.125 0.000000000000004429518071501156
1678.625 -3628.625 0.000000000000002563364065723139
21.875 -1555.625 0.0000000000000014283690990465117
1546.625 -3630.875 0.0000000000000027335171605011795
-1672.375 -3605.375 0.0000000000000013021007789770948
221.375 -2538.125 0.0000000000000034994392406652047
1849.625 -3474.875 0.0000000000000015046291701118207
2437.625 -1731.875 0.000000000052874348680419323
611.375 -2759.375 0.000000000000004487718952548382
-492.625 -3106.625 0.0000000000000022433089323690364
1974.875 -3142.625 0.0000000000472367348367414
66.125 -1113.125 0.000000000000001240305694174177
-1934.875 -3234.875 0.000000000023326171789555874
-1867.375 -3383.375 0.000000000022839345914854108
-1512.625 -3971.375 0.00000000002095253407139503
-1631.875 -3583.625 0.0000000000000013470723285491883
1710.875 959.125 0.00000000005476427057456249
761.375 -2221.625 0.000000000000004228316768150118
577.625 -2867.375 0.000000000000004500432859143918
729.125 -2313.875 0.000000000000004279893328651272
-2454.625 -1841.375 0.00000000002595747364933742
324.125 -2916.125 0.0000000000000035342605725034712
3.875 -1683.875 0.0000000000000029607679701625217
-1603.375 -3944.375 0.000000000042444351816567945
-1848.625 -3504.875 0.0000000000000029356635786561394
51.875 -1192.625 0.000000000000001271416307571026
-2449.375 -1534.625 0.000000000026846784137048875
624.875 979.375 0.00000000010027300771464824
-1847.125 -3527.375 0.000000000000002884073534977391
2492.375 -1429.625 0.00000000005322215777598977
-1531.375 1000.375 0.0000000001205463606581632
2090.375 -2888.375 0.00000000004861733106058467
-1871.125 -3501.875 0.00000000004596367949836345
1714.625 -3677.375 0.00000000004373444898803036
-2060.125 -2949.875 0.000000000024167408005108837
-323.875 -2916.125 0.0000000000000017671305745869803
-2464.375 -1885.625 0.00000000002573491808952956
-2042.875 -3231.875 0.00000000004800356082580881
-1769.875 -3579.125 0.00000000002218975733944295
20.375 -3706.625 0.0000000000000041751276515540474
-156.625 -3814.625 0.000000000000004069336145932002
990.125 -3768.875 0.0000000000000028469336962923636
1450.625 -3856.625 0.0000000000000017038381979442447
843.125 -3684.875 0.0000000000000029553583940057306
1614.875 -3592.625 0.000000000000002708788010677826
1708.625 -3688.625 0.00000000004366378642293223
186.875 -2405.375 0.0000000000000034444025729806226
-900.625 -1791.125 0.0000000000000019769469479784967
154.625 -2317.625 0.000000000000003406473372212079
-1929.625 -3245.375 0.000000000023292259702474666
-59.875 -3753.125 0.000000000000004120838421538755
231.875 -2619.875 0.0000000000000035277302771469644
-1660.375 -3593.375 0.0000000000000013236198674204399
-1848.625 -3500.375 0.0000000000000029460924645568302
2127.125 -3195.875 0.000000000023887567197449646
-914.875 -1745.375 0.000000000000001961039593872863
-1815.625 -3603.125 0.00000000004512285648388145
26.375 -1796.375 0.000000000000003050361540843338
1598.375 -3859.625 0.000000000042578569526056423
-717.625 -2344.625 0.0000000000000021481762789409475
-609.625 -3384.125 0.000000000000001624543870319332
2445.875 -1551.125 0.000000000053693402959917804
2464.625 -1885.625 0.00000000005146983617905916
222.125 -2553.125 0.0000000000000035068885438233153
-60.625 -1956.875 0.0000000000000015870606312363794
-1665.625 -3589.625 0.0000000000000034678184125764555
1953.875 -3354.125 0.000000000023587371389564468
140.375 -3803.375 0.0000000000000020381419412545145
834.125 -2006.375 0.000000000000004096981802955072
1481.375 -3825.125 0.0000000000000017078133946857076
-1901.875 -3308.375 0.000000000023086382201396126
711.125 959.125 0.00000000009883580801559361
675.125 967.375 0.00000000009954855554377922
-1590.625 -3870.125 0.000000000021257089103143082
1775.375 -3568.625 0.00000000004445130008073953
936.125 -1625.375 0.000000000000003825934978867688
-1348.375 -3757.625 0.000000000000001370305744680427
1847.375 -3522.875 0.00000000000000144715553670539
2455.625 -1510.625 0.000000000053663661723097354
480.875 -3111.875 0.000000000000004472126360132771
-2474.875 -1461.125 0.000000000026730863903339657
1495.625 -3990.875 0.00000000004179104288410771
2451.125 -1526.375 0.000000000053687516531330424
-1754.125 -3468.875 0.000000000000003462811473711848
-185.125 -3572.375 0.0000000000000021327331344368007
-902.125 -3722.375 0.0000000000000014520193458471814
-853.375 -1944.875 0.000000000000002028558560239469
-1385.125 -3914.375 0.0000000000000033963637438927757
714.875 -3546.875 0.0000000000000030944557661656932
2227.625 -2724.125 0.00000000004860888283777003
-2.875 -1651.625 0.0000000000000029349529129864783
-1755.625 -3708.875 0.00000000004426249545007691
-68.875 -1097.375 0.0000000000000024682846946977557
-855.625 -3690.875 0.0000000000000014713552245069643
546.125 -3994.625 0.0000000000000018922528386729192
-1285.375 -3984.875 0.000000000000003393209411316602
-1794.625 -3416.375 0.0000000000000034248618305882653
-211.375 -2516.375 0.000000000000001748215752201267
-2254.375 -2709.125 0.000000000024231140552717567
-1736.875 -3741.125 0.00000000004400519249298761
-59.875 -1071.875 0.000000000000002442233606141781
813.875 -2067.875 0.0000000000000041358930516775755
-1775.125 -3568.625 0.000000000022225650040369748
-1943.875 -3370.625 0.00000000004703796018253786
-1682.125 -3567.875 0.0000000000000034711896069212754
1836.125 -3397.625 0.000000000000001643955332656774
-29.875 -1812.125 0.0000000000000015315088102377417
-2051.875 -2968.625 0.00000000002412087993340419
-1598.125 -3684.125 0.000000000000003449274958211004
-1641.625 -3796.625 0.00000000002148681898695667
258.125 -2784.875 0.000000000000003556668964206969
-1499.125 -3804.125 0.0000000000000034168912326817744
36.125 -1418.375 0.0000000000000013689548643432082
1755.875 -3708.875 0.000000000022131247725038455
-1948.375 -3203.375 0.000000000023425706892038836
-1669.375 -3753.125 0.000000000021622878315411056
-976.375 -3765.875 0.0000000000000014288157511321958
1804.625 -3624.125 0.000000000022475678971599745
623.375 -3413.375 0.0000000000000032271163560737566
321.875 -3894.125 0.000000000000001982415572832735
-1587.625 -3965.375 0.00000000004229126656890341
2132.375 -2815.625 0.000000000048851226680687057
-1711.375 959.125 0.00000000010952854114912504
-1655.875 -3774.875 0.00000000002155424682818309
1655.375 -3870.125 0.000000000021500058806358032
91.625 -3777.125 0.000000000000002053703938357982
1501.625 -3662.375 0.0000000000000027373518858837102
2039.375 -2996.375 0.00000000004809421848073087
-919.375 -1729.625 0.000000000000001955700572741297
1798.625 -3634.625 0.00000000002243270103638011
-338.125 -3897.875 0.000000000000003946520364260418
23.375 -1779.875 0.0000000000000030376492408789754
1815.125 -3492.125 0.00000000004495870119118975
-590.875 -2808.125 0.0000000000000022437212524917768
13.625 -1731.875 0.000000000000002999332828642742
653.375 972.625 0.00000000009982035937563646
-1098.625 -3801.125 0.0000000000000013991652759220118
-1724.125 -3762.125 0.00000000004383455239056554
-493.375 -3966.125 0.000000000000003832475680815203
158.375 -2334.125 0.0000000000000034154156463639296
506.375 -3974.375 0.0000000000000019114445814756978
-2117.875 -2838.875 0.00000000002439684410335824
-1591.375 -3603.875 0.0000000000000013608834862649194
-1376.875 -3744.125 0.0000000000000013698509438773464
1634.375 -3633.875 0.000000000000001730083090726578
1290.125 -3780.875 0.0000000000000027456729963770413
111.125 -2181.875 0.0000000000000033323236855749883
-537.625 -3286.625 0.0000000000000016711383657494495
858.125 -1929.875 0.000000000000004047011433202572
-232.375 -2619.875 0.000000000000001763865199561097
249.875 -2752.625 0.00000000000000355394451433257
-750.625 -2252.375 0.000000000000002122934561649432
627.125 -2635.625 0.000000000000004436173364058708
2060.375 -2949.875 0.00000000004833481601021771
-13.375 -1731.875 0.0000000000000014996664143213724
1620.125 -3828.125 0.000000000042773969117948726
1048.625 880.375 0.00000000009043682420843744
-1560.625 -3911.375 0.00000000002113166932537777
-1795.375 -3419.375 0.0000000000000034229313644029723
-832.375 -3673.625 0.0000000000000014815547000178595
1902.875 -3443.375 0.0000000000232222290585708
-701.125 -2390.375 0.000000000000002160150694202748
1627.625 -3817.625 0.00000000004283989203912093
1662.125 -3858.875 0.00000000002154086107399166
-381.625 -3345.125 0.0000000000000022008954014791406
-1846.375 -3532.625 0.0000000000000028738798935471625
-254.875 -3862.625 0.000000000000004005013438906528
564.125 -3324.125 0.000000000000003309343258678497
-221.125 -2523.125 0.0000000000000017458367207919223
-322.375 -3894.125 0.000000000000003964831145665466
2172.875 -3198.125 0.000000000023692445816237085
-1495.375 -3990.875 0.000000000020895521442053856
-793.375 -2129.375 0.0000000000000020868775304608196
-1546.375 -3630.875 0.0000000000000013667585802505902
642.125 -2579.375 0.000000000000004418378038806369
-796.375 -2156.375 0.0000000000000021016432885479344
-1695.625 -3710.375 0.000000000021761500150834185
-1029.625 -3784.625 0.0000000000000014137642556117653
-60.625 -1144.625 0.0000000000000025053843910069207
60.125 -1217.375 0.0000000000000012847884397668884
-675.625 -3486.875 0.000000000000001577405008453614
-47.875 -1354.625 0.0000000000000026862383349722167
-1648.375 -3785.375 0.000000000021520507697326025
-150.625 -2301.875 0.0000000000000016986796667213376
1819.625 -3393.875 0.000000000000001684174872713834
-26.875 -1466.375 0.000000000000002776788854771164
756.125 -2237.375 0.000000000000004237135190649416
1828.625 -3390.875 0.000000000000001665422303269251
-1720.375 723.625 0.00000000003560015053775255
-593.875 -2793.125 0.0000000000000022417868081119753
433.625 -3228.125 0.000000000000004443511273341712
1824.875 -3393.875 0.000000000000001674344875250713
1786.625 -3655.625 0.00000000002234653281128338
-2446.375 -1798.625 0.000000000026158261701970627
643.625 -2554.625 0.0000000000000044020539579863275
1171.625 -3802.625 0.000000000000002770097039015805
1727.375 -3503.375 0.0000000000000017356768007020602
-1910.875 -3287.375 0.000000000023155748822641464
-50.125 -1908.875 0.000000000000001568885917551894
-1467.625 -3687.875 0.0000000000000013693459148919643
-1622.125 -3591.125 0.0000000000000013516804396342413
166.625 -2365.625 0.000000000000003432764680277322
48.875 -1281.125 0.000000000000001310189138829805
-441.625 -3123.875 0.0000000000000017241179096225317
-1988.125 -3112.625 0.000000000023710566325625637
944.375 -1594.625 0.0000000000000038041063316098885
304.625 -3885.125 0.000000000000001986086318810613
233.375 -2650.625 0.0000000000000035383750041258426
-909.625 -1760.375 0.000000000000001966359855493572
925.625 -3741.125 0.0000000000000028913371646327776
-734.875 -2298.875 0.000000000000002135759533916494
20.375 -1497.875 0.0000000000000014013946785037072
-112.375 -3635.375 0.0000000000000021119319053340716
1795.625 -3419.375 0.0000000000000017114656822014861
42.875 -1313.375 0.0000000000000013229900361267859
1834.625 -3393.125 0.000000000000001650069788517871
69.125 -1097.375 0.0000000000000012341423473488775
2106.125 -3197.375 0.000000000023959648647468097
15.875 -1587.125 0.0000000000000014414182242819384
608.375 -2774.375 0.000000000000004492122564362856
-963.625 -3757.625 0.0000000000000014314713712920409
1941.125 905.875 0.000000000048725344431533796
1841.375 -3437.375 0.000000000045320099469029745
1602.875 984.625 0.000000000057974181684502327
2487.125 -1960.625 0.00000000005064722339043016
-1886.875 -3340.625 0.000000000022981455536209306
-154.375 -2317.625 0.0000000000000017032366861060394
712.625 -2359.625 0.000000000000004304431312468722
1590.875 -3603.875 0.0000000000000027217674652118424
-905.125 -1776.125 0.0000000000000019716635569201607
2498.375 -1989.875 0.00000000005030204914159511
-1940.875 905.875 0.00000000009745068886306759
-660.625 -2496.875 0.0000000000000021862265169522795
1488.875 -3674.375 0.0000000000000027387447182840894
1605.875 -3849.125 0.00000000004264315915543665
-725.875 -3555.125 0.0000000000000015400288066634851
-2438.875 -1744.625 0.00000000002638798503493516
-1552.375 -3921.125 0.000000000021100998066905623
372.125 -3914.375 0.0000000000000019656337555220386
2207.375 -2736.125 0.00000000004872550999634871
2117.375 -2838.875 0.00000000004879368820671648
-1847.125 -3518.375 0.0000000000000029045907099775443
723.125 -2328.875 0.000000000000004288177303497054
796.625 -2156.375 0.000000000000004203286577095869
2134.625 626.125 0.0000000000615077579372805
39.125 -1401.875 0.0000000000000013624896146685453
-1860.625 -3521.375 0.00000000004579864877253814
-107.875 -3781.625 0.000000000000004089801937389205
-1824.625 -3393.875 0.000000000000003348689750501426
950.375 -3753.875 0.000000000000002874127340609476
2448.875 -1812.875 0.000000000052189500605567706
-222.625 -3843.125 0.000000000000004019578640219725
2031.125 -3015.125 0.00000000004799078315655292
60.875 -1956.875 0.0000000000000031741212624727533
2438.375 -1596.875 0.00000000005361199114034902
-1774.375 -3441.875 0.0000000000000034491524472607554
1862.375 -3393.875 0.00000000004560795583447228
1244.375 -3795.125 0.000000000000002755347365098008
-671.125 -3457.625 0.00000000000000000007497467903527967
-1646.875 -3588.125 0.0000000000000013370544288792808
-1556.875 -3738.125 0.000000000000003436656939351316
-44.875 -1370.375 0.000000000000002699181166686863
-213.625 -3551.375 0.0000000000000021442579195625236
-1659.625 -3588.875 0.0000000000000013244838438324851
-189.625 -3828.875 0.000000000000004044448332937133
-2090.875 -2888.375 0.000000000024308665530292346
278.375 -2809.625 0.000000000000003547884174564727
2089.625 -3201.875 0.00000000002400030717103047
1849.625 -3462.875 0.0000000000000015163179032900731
1255.625 831.625 0.00000000008430951033622195
636.125 -3420.875 0.0000000000000032120852379226497
-1832.875 -3572.375 0.00000000004537860245493717
-1614.625 -3592.625 0.0000000000000013543940053389136
-385.375 -3028.625 0.0000000000000017480178691157938
-1676.125 -3837.875 0.00000000004324633769447796
93.125 -2101.625 0.0000000000000032785307705606564
-1970.875 -3152.375 0.00000000002358678868661102
1810.625 -3403.625 0.0000000000000016961817125041569
531.125 -3008.375 0.000000000000004502052216392297
2082.125 -2905.625 0.0000000000485439878051485
-1468.375 -3837.125 0.0000000000000034081133830937356
-1762.375 -3698.375 0.00000000004434851119137813
2055.875 -2959.625 0.000000000048288456967788194
29.375 -1449.875 0.000000000000001381906187643162
-1568.875 -3613.625 0.0000000000000013644038472939493
-1620.625 -3828.125 0.00000000002138698455897437
984.125 -1398.875 0.0000000000000036504505818832365
-1563.625 -3996.125 0.000000000042067103491602225
51.125 -3681.125 0.0000000000000041879898371170065
30.125 -1812.125 0.0000000000000030630176204754834
1776.125 944.125 0.00000000005295921533458173
2170.625 -2766.125 0.000000000048869766839184285
1300.625 -3976.625 0.0000000000000016986665899359962
1846.625 -3527.375 0.000000000000001442036639126402
1780.625 -3666.125 0.000000000022303455201679442
222.875 -2613.125 0.0000000000000035335581757805026
60.125 -1071.875 0.0000000000000012211168030708905
-1735.375 -3490.625 0.000000000000003469469622577356
-1575.625 -3891.125 0.00000000002119380107668854
1797.875 -3524.375 0.00000000004474136757220239
-1968.625 -3328.625 0.00000000004736887322246374
-1819.375 -3393.875 0.0000000000000033683509722577817
-1056.625 -3791.375 0.0000000000000014069463444278577
-1519.375 -3651.125 0.0000000000000013683432712663786
2177.375 -2760.125 0.000000000048855176425885345
-1580.875 -3608.375 0.0000000000000013627894732508716
-171.625 -3586.625 0.0000000000000021297017048428474
-1784.125 -3426.125 0.0000000000000034386888401446216
1740.125 952.375 0.00000000005395465653669153
-1503.625 -3981.125 0.000000000020923804988920865
1730.375 -3751.625 0.000000000021959882381641703
-1688.875 -3720.875 0.000000000021726471468618216
-1814.875 -3492.125 0.000000000022479350595594885
2147.375 -2793.875 0.00000000004888279377878093
-318.625 -2899.625 0.000000000000001767825918800798
2001.125 -3082.625 0.000000000047599691333598935
135.125 -2237.375 0.0000000000000033591090042198146
531.125 1000.375 0.00000000010129224156697882
-622.375 -2676.125 0.0000000000000022277852600635036
580.625 -2852.375 0.000000000000004497476025743227
-35.875 -3693.875 0.0000000000000020907863184070966
1583.375 -3610.625 0.0000000000000027250476773697658
-1721.125 -3666.875 0.000000000021902446022363458
1530.875 1000.375 0.0000000000602731803290816
1746.125 -3623.375 0.00000000004409096101332827
-938.875 -3745.625 0.0000000000000014399270823734567
-1647.625 -3880.625 0.00000000004291901568245586
-454.375 -3155.375 0.0000000000000017180626947655366
-1804.375 -3624.125 0.00000000004495135794319949
1827.125 -3391.625 0.0000000000000016699114627960192
-641.875 -2579.375 0.0000000000000022091890194031846
-624.625 979.375 0.00000000005013650385732412
1671.125 -3604.625 0.000000000000002611050731811321
-452.875 -3945.125 0.000000000000003870103827326362
-2054.875 -3221.375 0.000000000048036008696209053
-1715.875 -3518.375 0.0000000000000034723286186557187
-472.375 -3178.625 0.000000000000001708399718802056
390.875 -3044.375 0.0000000000000034921034151617704
603.125 984.625 0.00000000010050928587410591
-2018.125 -3043.625 0.000000000023914149439502268
-2031.625 -3243.125 0.00000000004795153326268773
-941.125 905.875 0.00000000004672769987574918
-1573.375 -3715.625 0.00000000000000343989479532477
2037.125 -3237.125 0.000000000023989884169622284
-1620.625 -3587.375 0.0000000000000013522584337355002
1764.125 -3590.375 0.00000000004430684462670858
-760.375 -3603.875 0.0000000000000015186672849493084
-447.625 -3139.625 0.00000000000000172118699860596
-1838.875 -3561.875 0.0000000000454633217494867
639.875 -2592.875 0.000000000000004425756648083455
2158.625 -2779.625 0.00000000004888535282686827
1155.875 -3804.875 0.0000000000000027775679509692303
622.625 -2676.125 0.000000000000004455571027773384
-580.375 -2852.375 0.0000000000000022487380128716133
-791.125 -2171.375 0.0000000000000021062312765866877
1650.125 -3586.625 0.0000000000000026684317013183616
-1444.375 -3702.875 0.0000000000000013690416420648154
1335.875 -3761.375 0.0000000000000027389854973310705
-798.625 -2114.375 0.0000000000000020821970123711553
1952.375 -3193.625 0.00000000004691632545166919
979.625 -1414.625 0.0000000000000036616694468769
-1568.125 -3900.875 0.00000000002116270859746528
-54.625 -1249.625 0.000000000000002594906039405116
570.125 -3339.125 0.0000000000000032994424591241212
-2240.125 -2717.375 0.00000000002426724702975389
-2005.375 -3072.875 0.000000000023829143267283863
-543.625 -2962.625 0.000000000000002249633226799978
-878.125 -3707.375 0.0000000000000014615064511354996
706.625 -2375.375 0.000000000000004312414039985487
-1559.875 -3622.625 0.0000000000000013656029376444481
-1642.375 -3586.625 0.000000000000001340492221139009
54.125 -1249.625 0.0000000000000012974531553368634
-2142.625 -2801.375 0.000000000024437906236852478
1781.375 -3557.375 0.00000000004452374972551731
78.125 -2037.125 0.000000000000003233133918690639
-842.875 -3684.875 0.000000000000001477679197002866
-1244.125 -3795.125 0.0000000000000013776738044648794
992.375 -1368.125 0.000000000000003627914893389684
1659.875 -3593.375 0.0000000000000026472397348408793
-2172.625 -3198.125 0.00000000004738489163247417
-1871.875 -3372.875 0.000000000022875068634667523
-450.625 -3206.375 0.00000000000000223067967009586
-1790.125 -3422.375 0.0000000000000034310695103771564
786.125 -2187.125 0.000000000000004221560842990246
318.875 -2899.625 0.000000000000003535651837601596
-1916.125 -3276.875 0.000000000023190188219229385
-1654.375 -3589.625 0.0000000000000013305143410252188
1697.375 -3805.625 0.00000000002174819640282717
-767.125 -2206.625 0.0000000000000021097083305731757
2115.875 -3196.625 0.00000000002392814461551266
-1717.375 -3773.375 0.00000000004374958232393227
-2492.875 -1974.875 0.00000000002523783143209392
585.125 -2837.375 0.0000000000000044944942339101526
-134.875 -2237.375 0.0000000000000016795545021099073
-21.625 -1555.625 0.000000000000002856739030807112
-272.125 -2793.125 0.0000000000000017737905681953042
-1849.375 -3438.125 0.0000000000000031072953761522014
2458.625 -1503.125 0.000000000053645633137774605
251.375 -3505.625 0.0000000000000043063169284533466
-1829.125 -3390.875 0.000000000000003330844606538502
-590.125 -3361.625 0.0000000000000016372799302982183
-923.875 -1714.625 0.0000000000000019503456590552896
-1627.375 -3817.625 0.000000000021419946019560466
2435.375 -1648.625 0.00000000005340435644739788
247.625 -2721.125 0.000000000000003548119526723285
-2081.875 -2905.625 0.00000000002427199390257423
-1646.125 -3584.375 0.0000000000000013378051831928986
-524.125 -3255.875 0.0000000000000016797870301715605
-2056.375 -2959.625 0.000000000024144228483894097
1580.375 -3608.375 0.0000000000000027255789465017433
-1775.875 944.125 0.00000000010591843066916347
-2466.625 -1481.375 0.00000000002678475047524741
823.625 -2037.125 0.0000000000000041165613995771245
-2154.625 -3197.375 0.00000000004754194042665389
-371.875 -3360.875 0.0000000000000021987402396333026
-1766.875 -3448.625 0.000000000000003455033532787244
-439.375 -3212.375 0.0000000000000022231130912823184
-1650.625 -3586.625 0.0000000000000013342158506591808
1467.875 -3837.125 0.0000000000000017040563823013151
-847.375 926.875 0.00000000004794949796347016
-2468.875 -1474.625 0.000000000026768383036952053
-2471.875 -1467.875 0.00000000002675041311224146
1676.375 -3619.625 0.0000000000000025795153442183148
-701.875 -3518.375 0.0000000000000015573378519136296
-1633.375 -3587.375 0.0000000000000013463586848555794
-510.625 -3044.375 0.0000000000000022442938789976506
-1683.625 -3826.625 0.000000000043329297615339595
-733.375 -3568.625 0.000000000000001535178952244618
-251.875 -3505.625 0.000000000000002153158999112043
288.125 -2842.625 0.0000000000000035482728681298165
-138.625 -2253.875 0.0000000000000016844891149972244
-32.875 -1434.125 0.0000000000000027508518660006478
97.625 -3648.875 0.000000000000004217675432249524
-531.625 -3008.375 0.000000000000002251026174403809
2499.125 -1417.625 0.000000000053105496578839314
393.875 -3312.875 0.000000000000004410504888868504
-1692.625 -3550.625 0.000000000000003471922924334986
1185.125 -3803.375 0.0000000000000027688749842433896
54.875 -1176.875 0.0000000000000012651574826923733
-2435.125 -1659.875 0.000000000026673563465273916
498.125 -3090.875 0.0000000000000044874834777497856
123.875 -3792.875 0.0000000000000020414748203616406
-1850.125 -3474.875 0.000000000000003009258034221012
-672.625 -2466.875 0.0000000000000021790521805591203
-2499.625 -1417.625 0.000000000026552748289419673
1503.875 -3981.125 0.00000000004184760997784173
-2435.875 -1627.625 0.000000000026751484317480587
-1813.375 -3399.875 0.000000000000003384546620271579
1901.375 -3308.375 0.000000000046172764402792265
-530.875 1000.375 0.00000000005064612078348941
2197.625 -3198.125 0.00000000002359730060390347
2099.375 -2871.875 0.000000000048683698913784654
940.625 905.875 0.00000000009345539975149836
498.875 -3217.625 0.0000000000000033891340024443088
-1653.625 -3609.125 0.000000000000003465827210786284
2025.875 -3249.125 0.000000000023959617116255145
701.375 -2390.375 0.000000000000004320301388405499
792.875 -2129.375 0.000000000000004173755060921629
493.625 -3966.125 0.0000000000000019162378404076014
-1613.125 -3838.625 0.00000000002135412587163121
886.625 -1837.625 0.000000000000003985347020979957
-233.125 -2635.625 0.0000000000000017666121488958934
2217.125 -2730.125 0.00000000004867081587217354
9.125 -1619.375 0.0000000000000014544633616528318
-740.125 952.375 0.00000000004915325026359654
-253.375 -2768.375 0.0000000000000017778121534366315
-399.625 -3297.125 0.0000000000000022072574633135274
-96.625 -2118.125 0.000000000000001644764866686848
-2435.125 -1683.125 0.00000000002660516918120586
-2216.875 -2730.125 0.00000000002433540793608677
-497.875 -3090.875 0.0000000000000022437417388748955
-755.875 -2237.375 0.0000000000000021185675953247106
-1849.375 -3541.625 0.00000000004563176531272642
276.875 -3483.875 0.000000000000004328780503601756
63.125 -1056.125 0.0000000000000012150061634882338
-348.625 -2956.625 0.0000000000000017598764832430436
1928.375 -3397.625 0.000000000023411628422209996
-1903.375 -3443.375 0.0000000000464444581171416
-623.875 -3413.375 0.0000000000000016135581780368783
-461.125 -3174.875 0.0000000000000022329585007222008
536.375 -2992.625 0.0000000000000045014180494493586
138.875 -2253.875 0.0000000000000033689782299944457
750.875 -2252.375 0.000000000000004245870194415907
-320.125 -3430.625 0.000000000000002180978076946666
1458.875 -3690.125 0.0000000000000027369202942617566
-1290.625 -3780.875 0.0000000000000013728364981885206
1573.625 -3715.625 0.0000000000000017199460466160662
60.125 -3753.125 0.0000000000000020604192107693774
-89.125 -2085.875 0.0000000000000016337072660793997
248.375 -2736.875 0.0000000000000035512232390732347
1557.125 -3738.125 0.000000000000001718328469675658
-2463.625 -1488.875 0.000000000026798934143436003
60.125 -1144.625 0.0000000000000012526921955034603
-896.125 -1806.875 0.000000000000001982211302660831
597.125 -3376.625 0.0000000000000032640286835126767
-2036.875 -3237.125 0.000000000047979768339244554
909.875 -1760.375 0.000000000000003932719710987144
593.375 -2793.125 0.0000000000000044835736162239506
1572.125 -3615.875 0.000000000000002728410384804801
-2348.875 809.875 0.0000000000805307495467549
1624.625 979.375 0.000000000057317219113306586
1230.875 -3795.875 0.000000000000002755462282549186
2256.125 831.625 0.00000000004197229469595534
36.875 -1844.375 0.000000000000003088212179923794
1925.375 -3255.875 0.000000000046516467422733716
1678.625 -3630.875 0.0000000000000025559910703436362
613.625 -2745.125 0.000000000000004483081978200602
-557.875 -3999.125 0.000000000000003764414927797398
-1436.125 -3868.625 0.0000000000000034004838241200443
16.625 -1747.625 0.000000000000003012137087649324
1710.875 -3783.875 0.00000000002183244066667471
574.625 990.625 0.00000000010091288900071498
-20.125 -3706.625 0.0000000000000020875638257770237
752.375 -3590.375 0.000000000000003046648975181964
-2048.875 -3226.625 0.00000000004802247558373745
-415.375 -3084.125 0.0000000000000017356614267394801
1850.375 -3467.375 0.000000000000001515241027214866
2435.375 -1659.875 0.00000000005334712693054782
-614.125 -2745.125 0.000000000000002241540989100302
620.375 -2703.125 0.000000000000004467536515776669
725.375 -3555.125 0.0000000000000030800576133269702
-833.875 -2006.375 0.000000000000002048490279045098
918.875 -1729.625 0.000000000000003911402537524638
1845.875 -3537.125 0.000000000000001431866080059236
617.375 -2717.375 0.000000000000004472842946810313
-1958.875 -3345.125 0.000000000047241022585143854
456.125 -3190.625 0.000000000000004463739907598643
339.125 -3399.125 0.000000000000004372209394815342
1854.875 -3531.875 0.00000000002285770999285189
-92.875 -2101.625 0.0000000000000016392653852803282
-2447.125 -1542.875 0.000000000026847789960631602
948.875 -1579.625 0.000000000000003793129161121183
-1768.375 -3687.125 0.00000000004443460448995252
-2086.375 -2897.375 0.00000000002429075124378392
1737.875 -3491.375 0.0000000000000017345837817578036
405.125 -3925.625 0.000000000000001952585048907486
-1918.375 -3415.625 0.00000000004667458045029144
-2108.125 -2855.375 0.000000000024371512337088358
1429.625 -3714.875 0.000000000000002739604365528957
931.625 -1641.125 0.000000000000003836816742469849
385.625 -3028.625 0.0000000000000034960357382315875
-1807.375 -3407.375 0.0000000000000033999618953041652
2484.875 -1441.625 0.00000000005332653099898422
0.125 -1667.375 0.000000000000002947870538694897
-257.875 -2784.875 0.0000000000000017783344821034844
625.625 -2648.375 0.000000000000004442996423989509
-67.375 -1989.125 0.0000000000000015989891442754868
-530.875 -3270.875 0.000000000000001675534238538893
-1810.375 -3403.625 0.0000000000000033923634250083137
-53.875 -1924.625 0.0000000000000015749817991785852
-1718.875 -3517.625 0.0000000000000034727155301948606
85.625 -2069.375 0.0000000000000032561026125020287
531.125 -3270.875 0.000000000000003351068477077786
-623.875 -2662.625 0.0000000000000022246053010657323
-961.375 -1533.875 0.0000000000000018800390993332617
-43.375 -1876.625 0.0000000000000015566035888399534
-1352.125 -3940.625 0.0000000000000033934173511768897
1849.625 -3438.125 0.0000000000000015536476880761011
-17.125 -1514.375 0.000000000000002815809014033327
3.125 -1651.625 0.0000000000000014674764564932391
-50.875 -3681.125 0.000000000000002093995490098578
-307.375 -2867.375 0.0000000000000017689016939655423
537.875 -3286.625 0.000000000000003342276731498899
811.625 935.875 0.00000000009672868977220036
-545.875 -3994.625 0.0000000000000037845056773458385
-740.875 -3582.875 0.0000000000000015303764478375302
-266.875 -3499.625 0.0000000000000021614062878887254
1833.125 -3393.125 0.0000000000000016548216914165047
1571.375 -3985.625 0.00000000002107053265023938
-1966.375 -3162.875 0.000000000023555015422080202
1602.875 -3944.375 0.000000000021222175908283976
11.375 -3724.625 0.000000000000002075664618281481
-1751.875 -3612.125 0.00000000002208145606956229
660.875 -2496.875 0.000000000000004372453033904559
1626.875 -3587.375 0.0000000000000026987866910959976
1754.375 -3468.875 0.000000000000001731405736855924
-1851.625 -3415.625 0.000000000022731959626567273
226.625 -3536.375 0.000000000000004294460026722129
695.375 -2405.375 0.0000000000000043280769819495455
-551.125 -2931.875 0.0000000000000022481307943745686
1989.125 -3297.875 0.00000000002380140639169819
-428.125 -3243.875 0.0000000000000022202772039525327
33.125 -1828.625 0.000000000000003075643587420856
118.625 -2214.125 0.0000000000000033529315094541642
447.125 -3139.625 0.0000000000000034423753653553256
-39.625 -1329.125 0.0000000000000026588273323001665
691.625 -3510.125 0.0000000000000031293703633077633
-1690.375 -3816.125 0.0000000000434126579689163
-570.625 -3339.125 0.0000000000000016497212295620606
2475.125 -1461.125 0.00000000005346172780667931
1512.125 -3971.375 0.00000000004190506814279006
-1048.375 880.375 0.00000000004521841210421871
2067.875 -3212.375 0.000000000024022962393816876
1590.875 -3870.125 0.000000000042514178206286164
-329.125 -3414.875 0.0000000000000021836263585068616
-577.375 -2867.375 0.000000000000002250216429571956
27.875 -3736.625 0.0000000000000020724520099629654
2004.875 -3275.375 0.000000000023877588227140923
-988.375 -1383.875 0.000000000000001819600095011331
505.625 -3232.625 0.0000000000000033813316163723878
789.125 -3636.125 0.0000000000000030059866708219784
-1277.125 -3782.375 0.0000000000000013724386457652727
-2026.375 -3024.875 0.000000000023968548651845375
19.625 -1764.125 0.000000000000003024913966059799
2439.875 -1587.875 0.00000000005363760734648975
1743.125 -3729.875 0.000000000022045404221341047
654.875 -2512.625 0.000000000000004379442935293627
415.625 -3084.125 0.0000000000000034713228534789603
-2048.125 880.375 0.00000000009247563476993158
-2255.875 831.625 0.00000000008394458939191068
2026.625 -3024.875 0.000000000047937097303690795
348.875 -2956.625 0.0000000000000035197529664860872
1306.625 -3772.625 0.0000000000000027414103392941127
-2440.375 -1758.125 0.000000000026333244840948378
