0 312.01939032551047
-4.4938204367067565 311.9793416265028
-8.984566774327238 311.85923358945325
-13.469167004955727 311.65918034493416
-17.944553301659003 311.37937194567786
-22.40766410548276 311.0200741195625
-27.078486992982555 311.72579325542625
-31.544686801083824 311.2020392198289
-35.989307960964304 310.5990430257129
-40.74215162797271 311.03879608842266
-45.17069303951981 310.2695366630911
-49.97327788305624 310.5232791140414
-54.37266629056952 309.58669880226506
-59.2107982365046 309.6497877780899
-64.07879518260255 309.60930256782
-68.42703835690008 308.4140065911326
-73.30839854564374 308.1763185627649
-78.20781761075429 307.83079196815504
-83.12112990480074 307.3759017187711
-88.04411455162511 306.8102332161706
-92.97249889547447 306.1324836596036
-97.90196201366888 305.34146322747296
-103.60467006824882 305.35887608914373
-108.55419675010201 304.31658272632126
-114.32908118285678 304.03598692613855
-119.27865456069209 302.7357023474875
-125.10319593266287 302.1476007011514
-130.95827091535043 301.390125964853
-136.83739194307515 300.46059859766933
-142.73397831658843 299.35652576972427
-148.64136236217547 298.0756039112972
-155.5870203003084 297.3149268810765
-162.58059040515735 296.3161529805071
-169.61302001016278 295.0755000755816
-176.6751292546244 293.5894608515356
-183.7576201416456 291.85480664819215
-192.00457506589447 290.41810694812233
-201.47112959938778 289.1812172129423
-209.81601964688377 287.0722116443093
-219.39626059941392 285.0892152850627
-230.25688715891442 283.12839136207293
-241.18476987904822 280.6983771417677
-253.43273764566285 278.14402888499524
-267.0326323383596 275.35557731454645
-282.0108935789723 272.2212110453529
-298.3884896890289 268.6273236531281
-317.5119370837243 264.66696944239345
-339.4298710752295 260.1143028701926
-362.8238596976963 254.6055327695275
-391.7882590285602 248.3144884105732
-425.02475559935704 240.7244931365472
-465.3350896483232 231.53463592475336
-515.5704438655958 220.14173565196177
-578.612862764333 205.63952291349602
-661.5817581383168 186.55294450044838
-774.483771842165 160.41037955470057
-938.7217862759826 122.41959677219702
NaN NaN
NaN NaN
NaN NaN
-1140.7276587195036 -308.14616320167977
-1126.4575287021926 -324.2235462185853
-1113.2349255436527 -343.6884193933282
-1102.1753238479484 -363.4092990922903
-1092.365460895191 -383.5145778037003
-1084.1204594288656 -404.28744479344726
-1077.183467197952 -425.6948421339523
-1070.3477876329666 -447.64152770336676
-1064.7373326126612 -469.74448089040385
-1058.9901765766692 -492.24617418359804
-1054.2393716961014 -514.9767395312317
-1050.3899451779814 -538.0396327508689
-1046.1239835341428 -561.5635597671347
-1042.6017582327634 -585.529890308
-1038.5286578949128 -609.9699992026829
-1035.064435744404 -634.955938668693
-1032.1366705884268 -660.5818139358641
-1028.4802361054644 -686.7335414675823
-1026.411600449393 -713.8622339446875
-1023.4835550227434 -741.5978339763383
-1020.8071674844075 -770.2245172528529
-1018.2991241700742 -799.8171531816589
-1015.8724604632517 -830.4455277580229
-1013.4365738367871 -862.1739786868295
-1011.9789079056127 -895.563691014335
-1010.2795509625334 -930.2437961421333
-1008.234343674589 -966.2573229930675
-1005.73639600831 -1003.6402319173238
-1004.6922377568993 -1043.7329948373053
-1003.1241140456265 -1085.3928657740437
-1000.9493353530364 -1128.6657248680601
-984.9438717004319 -1162.9261891567417
-956.8653045017242 -1187.701100676294
-928.2150283737774 -1211.744260242087
-899.0040742437199 -1235.0451915224437
-869.2447575316356 -1257.592716210643
-838.9506131487132 -1279.3751971320494
-808.1361911437582 -1300.3806953039025
-776.8170741931131 -1320.5971558966905
-745.0096874708638 -1340.012497116244
-712.7313634428552 -1358.6147796372081
-680.0001116337372 -1376.3922116427893
-646.8346881351966 -1393.3332932503401
-613.2544736783112 -1409.4268391877697
-579.2794920655945 -1424.6620878444185
-544.9302551527827 -1439.028655409112
-510.22784789108636 -1452.516691652759
-475.19375729913054 -1465.1167830356637
-439.8499629606473 -1476.820121341917
-404.21881446989056 -1487.6184376356632
-368.32301890361623 -1497.50404468467
-332.1856204114405 -1506.469878674272
-295.8299537880379 -1514.5094967513483
-259.27961247860395 -1521.6170849697673
-222.55843143254424 -1527.7875033842763
-185.69044459219415 -1533.0162732130686
-148.69985274903067 -1537.2995663743864
-111.61100954400779 -1540.6342720728903
-74.44837787943544 -1543.0179522085127
-37.23650630436718 -1544.4488634924303
0 -1544.9259499444693
37.236506304366564 -1544.4488634924303
74.44837787943486 -1543.0179522085127
111.61100954400779 -1540.6342720728903
148.69985274903004 -1537.2995663743864
185.69044459219361 -1533.0162732130686
222.55843143254424 -1527.7875033842763
259.2796124786035 -1521.6170849697673
295.8299537880372 -1514.5094967513483
332.1856204114405 -1506.469878674272
368.32301890361566 -1497.50404468467
404.21881446989016 -1487.6184376356632
439.8499629606473 -1476.820121341917
475.1937572991302 -1465.1167830356642
510.2278478910858 -1452.5166916527592
544.9302551527827 -1439.028655409112
579.279492065594 -1424.6620878444187
613.2544736783108 -1409.4268391877702
646.8346881351966 -1393.3332932503401
680.000111633737 -1376.3922116427893
712.7313634428552 -1358.6147796372081
745.0096874708638 -1340.012497116244
776.8170741931131 -1320.5971558966905
808.1361911437582 -1300.3806953039025
838.9506131487132 -1279.3751971320494
869.2447575316354 -1257.592716210643
899.0040742437197 -1235.0451915224435
928.2150283737774 -1211.744260242087
956.865304501723 -1187.7011006762943
984.9438717004309 -1162.926189156743
1000.9493353530364 -1128.6657248680601
1003.1241140456257 -1085.3928657740453
1004.6922377568987 -1043.7329948373058
1005.7363960083097 -1003.640231917324
1008.2343436745888 -966.2573229930678
1010.2795509625338 -930.2437961421332
1011.9789079056127 -895.563691014335
1013.4365738367871 -862.1739786868295
1015.8724604632516 -830.4455277580233
1018.2991241700742 -799.8171531816589
1020.8071674844068 -770.2245172528534
1023.4835550227434 -741.5978339763383
1026.411600449393 -713.8622339446875
1028.4802361054644 -686.7335414675823
1032.1366705884268 -660.5818139358643
1035.0644357444041 -634.9559386686926
1038.5286578949126 -609.9699992026829
1042.601758232763 -585.5298903080011
1046.1239835341428 -561.5635597671347
1050.3899451779814 -538.0396327508689
1054.2393716961008 -514.9767395312329
1058.9901765766688 -492.24617418359975
1064.7373326126612 -469.7444808904035
1070.3477876329653 -447.64152770336915
1077.183467197952 -425.6948421339523
1084.1204594288656 -404.28744479344726
1092.365460895191 -383.5145778037003
1102.1753238479484 -363.4092990922903
1113.2349255436527 -343.6884193933282
1126.4575287021926 -324.2235462185853
1140.7276587195036 -308.14616320167977
NaN NaN
NaN NaN
NaN NaN
938.7217862759828 122.41959677219522
774.483771842165 160.41037955470057
661.5817581383168 186.55294450044838
578.612862764333 205.63952291349602
515.570443865596 220.14173565196128
465.33508964832333 231.53463592475322
425.02475559935704 240.724493136547
391.7882590285602 248.3144884105732
362.8238596976963 254.6055327695275
339.4298710752295 260.1143028701926
317.5119370837243 264.6669694423934
298.3884896890289 268.62732365312814
282.01089357897234 272.2212110453528
267.0326323383596 275.35557731454645
253.43273764566285 278.14402888499524
241.18476987904822 280.6983771417677
230.25688715891454 283.12839136207276
219.39626059941395 285.0892152850626
209.81601964688377 287.0722116443092
201.47112959938778 289.1812172129423
192.00457506589447 290.41810694812233
183.7576201416456 291.85480664819215
176.6751292546245 293.5894608515355
169.6130200101628 295.0755000755816
162.58059040515735 296.31615298050707
155.5870203003084 297.3149268810765
148.64136236217547 298.0756039112972
142.73397831658843 299.35652576972427
136.83739194307526 300.4605985976693
130.95827091535048 301.39012596485225
125.1031959326629 302.1476007011514
119.27865456069209 302.7357023474875
114.32908118285678 304.03598692613855
108.55419675010201 304.31658272632126
103.6046700682489 305.3588760891436
97.9019620136689 305.34146322747296
92.97249889547449 306.1324836596036
88.04411455162511 306.8102332161706
83.12112990480074 307.3759017187711
78.20781761075429 307.83079196815504
73.30839854564381 308.1763185627649
68.42703835690013 308.4140065911326
64.07879518260258 309.60930256781995
59.2107982365046 309.6497877780899
54.37266629056952 309.58669880226506
49.97327788305624 310.5232791140414
45.17069303951986 310.26953666309106
40.74215162797275 311.03879608842266
35.98930796096436 310.5990430257129
31.544686801083824 311.2020392198289
27.078486992982555 311.72579325542625
22.40766410548276 311.0200741195625
17.944553301659045 311.37937194567786
13.46916700495577 311.65918034493416
8.984566774327282 311.85923358945325
4.4938204367067565 311.9793416265028
