0 307.56039032551024
-4.467254516452029 307.5204207646931
-8.931453140772529 307.40054993371706
-13.389542059532397 307.20089133814423
-17.838471615327265 306.9216339906352
-22.275198381331556 306.5630421663534
-26.919728016402388 307.26962039215505
-31.3597433775471 306.74687626769196
-35.778306841455375 306.14503813937034
-40.50523742211909 306.58609436260855
-44.908028116484104 305.8182797464209
-49.68504226025624 306.0736048309341
-54.05905751030346 305.1387407839222
-58.87203123056531 305.2036751034392
-63.71510212497421 305.16515941532884
-68.03866850463739 303.9719519023817
-72.89561806804409 303.73646571865936
-77.77090940693796 303.39324847862866
-82.66039340982675 302.9407689268245
-87.55986553127286 302.377606017061
-92.46506922983355 301.7024502359793
-97.37169946968562 300.9141048012276
-103.05193806138352 300.93426669072346
-107.97937409526259 299.89478898220733
-113.73256183477804 299.61706786517294
-118.66084734393824 298.3197092266901
-124.46452426144013 297.7345768516378
-130.2991725033199 296.9801066584034
-136.15831850336582 296.0536109344827
-142.03539525221498 294.9525885878185
-147.92374844707575 293.6747277179856
-154.85086735121405 292.91711380688366
-161.82640294452804 291.92139675584224
-168.84131492041115 290.68378603042197
-175.88643542387197 289.2007659383147
-182.9524781012474 287.4690994880204
-191.1835366199874 286.03534790040555
-200.63475744671098 284.8013584683901
-208.96488699513316 282.69519734125697
-218.53095077239348 280.7149816489544
-229.37799319675685 278.7568668678852
-240.29289413177298 276.32948269907155
-252.52849136035744 273.77767804527684
-266.11663524025977 270.991676500335
-281.0837734467335 267.8596598006239
-297.45088192447935 264.268014914365
-316.5644842763916 260.3097898296304
-338.473222561941 255.75913299726864
-361.8586711175582 250.25224757271695
-390.81519187361187 243.96295749468152
-424.0444767612215 236.37458113749426
-464.3482709611496 227.18620288759547
-514.5777616456207 215.7946374232412
-577.6149973463638 201.2936115467492
-660.5793934094655 182.20806867364317
-773.4775947731479 156.06638499832917
-937.7124864503035 118.07632670669501
NaN NaN
NaN NaN
NaN NaN
-1137.070363824991 -300.5123458126756
-1122.986009789558 -316.7413394605418
-1109.9666204359128 -336.37839042582925
-1099.0923792992917 -356.26217826124866
-1089.4534398277947 -376.5227998401493
-1081.368573862681 -397.4459753404812
-1074.5815618464108 -418.9985306668208
-1067.8860054582296 -441.084782325496
-1062.40480193782 -463.31969029586344
-1056.7784797876675 -485.94775608876836
-1052.1402180434054 -508.7985626016573
-1048.3963405441796 -531.9765688826843
-1044.230044857829 -555.6114482039709
-1040.80201413486 -579.6847085777875
-1036.8181602417778 -604.2280821430667
-1033.4387871187278 -629.3141027831215
-1030.5919758167356 -655.0373728019475
-1027.0125552955901 -681.2834566402184
-1025.0181339259368 -708.5051890807416
-1022.1608424165847 -736.3311679219623
-1019.5524104574343 -765.0465680562387
-1017.1096983744649 -794.7264452987339
-1014.7458777106563 -825.4407243007486
-1012.3704528050173 -857.2538404005178
-1010.9715200863567 -890.7283455551614
-1009.3286461787213 -925.4921644064983
-1007.3377158435405 -961.5883076221536
-1004.8918786217602 -999.0527007663458
-1003.898704137471 -1039.228523531139
-1002.3793820776533 -1080.9702242546043
-999.2938867643603 -1123.5937050828838
-972.1379960492462 -1148.766979158733
-944.4101942303804 -1173.2254298223115
-916.119810321232 -1196.9599480203756
-887.2776234477369 -1219.9604297605924
-857.8956899765748 -1242.2160497203183
-827.9872786043578 -1263.7155056670506
-797.5666661337598 -1284.4471766088209
-766.649155100929 -1304.3993096531235
-735.2508838211196 -1323.5601096363337
-703.3888913530302 -1341.9179091627286
-671.0808874857315 -1359.4611741572342
-638.3453224476801 -1376.1786486945462
-605.2012652174188 -1392.0593780159334
-571.6684221876792 -1407.092817843038
-537.7669824177103 -1421.268788747651
-503.51770291971235 -1434.5776320890716
-468.9417379266376 -1447.0101132790794
-434.06072965154476 -1458.5575904980794
-398.8966860393748 -1469.2119487471539
-363.47196853509286 -1478.9656423280896
-327.80927197836144 -1487.8117365961173
-291.9315784916486 -1495.7439055373939
-255.86212580529903 -1502.7564397355281
-219.62439043311684 -1508.8442914706259
-183.242045492928 -1514.003061892525
-146.73892889705644 -1518.2289905635632
-110.1390296865746 -1521.5190220318461
-73.46644478639533 -1523.8707612486612
-36.745355732147 -1525.2824956782456
0 -1525.7531877952094
36.7453557321464 -1525.2824956782456
73.46644478639477 -1523.8707612486612
110.1390296865746 -1521.5190220318461
146.7389288970558 -1518.2289905635632
183.24204549292747 -1514.003061892525
219.62439043311684 -1508.8442914706259
255.86212580529863 -1502.7564397355281
291.9315784916479 -1495.7439055373939
327.80927197836144 -1487.8117365961173
363.4719685350923 -1478.9656423280896
398.8966860393744 -1469.2119487471539
434.06072965154476 -1458.5575904980794
468.94173792663724 -1447.0101132790799
503.5177029197118 -1434.5776320890718
537.7669824177103 -1421.268788747651
571.6684221876787 -1407.0928178430381
605.2012652174184 -1392.0593780159338
638.3453224476801 -1376.1786486945462
671.0808874857313 -1359.4611741572342
703.3888913530302 -1341.9179091627286
735.2508838211196 -1323.5601096363337
766.649155100929 -1304.3993096531235
797.5666661337598 -1284.4471766088209
827.9872786043578 -1263.7155056670506
857.8956899765745 -1242.2160497203183
887.2776234477368 -1219.9604297605922
916.119810321232 -1196.9599480203756
944.4101942303793 -1173.225429822312
972.1379960492452 -1148.7669791587343
999.2938867643603 -1123.5937050828838
1002.3793820776525 -1080.970224254606
1003.8987041374704 -1039.2285235311394
1004.8918786217599 -999.0527007663459
1007.3377158435403 -961.5883076221538
1009.3286461787217 -925.4921644064982
1010.9715200863567 -890.7283455551614
1012.3704528050173 -857.2538404005178
1014.7458777106561 -825.440724300749
1017.1096983744649 -794.7264452987339
1019.5524104574337 -765.0465680562392
1022.1608424165847 -736.3311679219623
1025.0181339259368 -708.5051890807416
1027.0125552955901 -681.2834566402184
1030.5919758167356 -655.0373728019476
1033.438787118728 -629.3141027831211
1036.8181602417776 -604.2280821430667
1040.8020141348595 -579.6847085777887
1044.230044857829 -555.6114482039709
1048.3963405441796 -531.9765688826843
1052.1402180434047 -508.7985626016585
1056.778479787667 -485.9477560887701
1062.40480193782 -463.3196902958631
1067.8860054582283 -441.08478232549845
1074.5815618464108 -418.9985306668208
1081.368573862681 -397.4459753404812
1089.4534398277947 -376.5227998401493
1099.0923792992917 -356.26217826124866
1109.9666204359128 -336.37839042582925
1122.986009789558 -316.7413394605418
1137.070363824991 -300.5123458126756
NaN NaN
NaN NaN
NaN NaN
937.7124864503037 118.07632670669321
773.4775947731479 156.06638499832917
660.5793934094655 182.20806867364317
577.6149973463638 201.2936115467492
514.5777616456209 215.79463742324072
464.3482709611497 227.18620288759533
424.0444767612215 236.37458113749406
390.81519187361187 243.96295749468152
361.8586711175582 250.25224757271695
338.473222561941 255.75913299726864
316.5644842763916 260.30978982963035
297.45088192447935 264.26801491436504
281.0837734467336 267.8596598006238
266.11663524025977 270.991676500335
252.52849136035744 273.77767804527684
240.29289413177298 276.32948269907155
229.37799319675696 278.75686686788504
218.5309507723935 280.7149816489543
208.96488699513316 282.6951973412569
200.63475744671098 284.8013584683901
191.1835366199874 286.03534790040555
182.9524781012474 287.4690994880204
175.88643542387206 289.2007659383146
168.84131492041118 290.68378603042197
161.82640294452804 291.9213967558422
154.85086735121405 292.91711380688366
147.92374844707575 293.6747277179856
142.03539525221498 294.9525885878185
136.15831850336593 296.05361093448266
130.29917250331997 296.98010665840263
124.46452426144016 297.7345768516378
118.66084734393824 298.3197092266901
113.73256183477804 299.61706786517294
107.97937409526259 299.89478898220733
103.0519380613836 300.93426669072335
97.37169946968565 300.9141048012276
92.46506922983356 301.7024502359793
87.55986553127286 302.377606017061
82.66039340982675 302.9407689268245
77.77090940693796 303.39324847862866
72.89561806804416 303.73646571865936
68.03866850463743 303.9719519023817
63.71510212497424 305.1651594153288
58.87203123056531 305.2036751034392
54.05905751030346 305.1387407839222
49.68504226025624 306.0736048309341
44.908028116484154 305.81827974642084
40.50523742211913 306.58609436260855
35.77830684145543 306.14503813937034
31.3597433775471 306.74687626769196
26.919728016402388 307.26962039215505
22.275198381331556 306.5630421663534
17.838471615327308 306.9216339906352
13.38954205953244 307.20089133814423
8.931453140772573 307.40054993371706
4.467254516452029 307.5204207646931
