0 141.54839032551115
-3.478184870045261 141.51136714039345
-6.953991706889521 141.40032767400024
-10.425044091463812 141.21536216226366
-13.888968831899948 140.95662089521034
-17.34339757447139 140.62431406227097
-21.009009196033105 141.3628768672886
-24.474157455102965 140.8777325112178
-27.922572853583606 140.31901006322292
-31.6847392964919 140.80858395538516
-35.12881098192392 140.094560694997
-38.95380830370232 140.40880844446812
-42.38316138347483 139.5378422548485
-46.25947500944102 139.6714801395308
-50.17452982558066 139.706291276427
-53.57936015885939 138.59083887504102
-57.52748336356467 138.43732906119192
-61.50448089562282 138.18009086856972
-65.50681928925681 137.81736344204285
-69.53090200431211 137.34748568097982
-73.57307244750979 136.76889815642815
-77.62961706292442 136.0801449317754
-82.47330026732165 136.20265524185558
-86.57828448431792 135.26800650904266
-91.52368764476944 135.09731205690488
-95.65940942787198 133.9088884216281
-100.68628665591665 133.4343043005061
-105.76043162463907 132.79169555674085
-110.87589197879852 131.97807024352463
-116.02661039400657 130.9906196614815
-121.2064303772093 129.82672175162574
-127.44332678493167 129.18315012156197
-133.74742364109832 128.30124192985716
-140.110140809658 127.1768938875557
-146.52275741739666 125.80627839992614
-152.97642059719206 124.18584829392232
-160.61564371083156 122.86185720079641
-169.49597883935928 121.73584828661308
-177.27656365303324 119.73558790454038
-186.31480028947865 117.85889858153656
-196.6560949133517 116.00164723812689
-207.0876740024488 113.67218190946004
-218.86270658437107 111.21507755113434
-232.01335866484186 108.52029234047568
-246.56637775415166 105.47575191994366
-262.54302361355695 101.96759725580017
-281.2900874495436 98.08864116983698
-302.8564625287368 93.61280849763936
-325.923957826261 88.17609101453917
-354.58715318168856 81.95211416456026
-387.54794155679144 74.42401132660213
-427.6082521463772 65.29069596571715
-477.6194389942142 53.948826446262956
-540.4637002465855 39.49198835402042
-623.2605835045416 20.444999429514585
-711.9851594582324 -3.5195279812058002
-714.3366326157444 -22.17331062414046
-716.1998191557893 -40.88595553913273
-717.5731535139107 -59.644738138676956
-718.4554034753461 -78.4370250307053
-718.8596749449042 -100
-718.7433739258126 -116.06752256445199
-718.1483178925627 -134.88254241252022
-717.060597546015 -153.67895376899315
-715.4806642257441 -172.44411007469643
-713.4093073249496 -191.16515351687687
-710.8256206629017 -209.9002014561458
-707.637656456699 -228.85205551808681
-703.8793206348155 -247.8080636714709
-699.583214753221 -266.6550524149434
-694.7703787783203 -285.34458894504166
-689.4557776338252 -303.85274326876123
-683.6510122419735 -322.1653566753268
-677.3657797573976 -340.272166164712
-670.6086619675068 -358.1644046461877
-663.3876078045855 -375.8337610905521
-655.7102243461196 -393.2719579292988
-647.583979547142 -410.4705810144498
-639.0162946089205 -427.4210718250132
-630.0146402625892 -444.11472789758886
-620.5865804154107 -460.54274768654506
-610.7398102383307 -476.6962710507164
-600.4821802417707 -492.56642136528484
-589.8217039399253 -508.1443476852145
-578.7665891684223 -523.4212502885827
-567.3252003778298 -538.3884272302148
-555.5060925925 -553.0372861114705
-543.3180290930234 -567.3593655509022
-530.7699179442805 -581.3463676742767
-517.8708590032815 -594.9901620699602
-504.6301379504337 -608.2828036744814
-491.05717982251554 -621.2165460174629
-477.1616045226967 -633.7838502166621
-462.9531659764144 -645.9773936773186
-448.4417760114192 -657.7900778364253
-433.63749635087447 -669.2150360015349
-418.55053077923407 -680.2456398213307
-403.191181071478 -690.8754907042675
-387.5699357097402 -701.0984556770741
-371.69734552930635 -710.9086296670826
-355.58410761842 -720.3003719422826
-339.2410203199305 -729.2682943401659
-322.67897855411536 -737.807262407033
-305.90897415603155 -745.9124004666487
-288.9420895014694 -753.5790932493339
-271.7894912973951 -760.8029871878379
-254.46242222056856 -767.5799888638047
-236.97218880574383 -773.9062566696579
-219.33018756715632 -779.778238714951
-201.5478571280534 -785.1926247592756
-183.63669511891604 -790.1463695637896
-165.60825899647404 -794.636706128168
-147.4741430213293 -798.6611160512094
-129.24598636699147 -802.2173501940404
-110.93546928548875 -805.3034367690022
-92.55429522611466 -807.9176462153954
-74.11419908095141 -810.0585220204528
-55.626940520773154 -811.7248834845087
-37.104294078938025 -812.9158037318139
-18.558048074989962 -813.6306207040911
0 -813.8689371655175
18.558048074989653 -813.6306207040911
37.10429407893777 -812.9158037318139
55.626940520773154 -811.7248834845087
74.11419908095107 -810.0585220204528
92.55429522611438 -807.9176462153955
110.93546928548875 -805.3034367690022
129.24598636699122 -802.2173501940405
147.47414302132896 -798.6611160512094
165.60825899647404 -794.636706128168
183.6366951189157 -790.1463695637896
201.5478571280532 -785.1926247592756
219.33018756715632 -779.778238714951
236.9721888057436 -773.906256669658
254.46242222056827 -767.5799888638047
271.7894912973951 -760.8029871878379
288.9420895014692 -753.5790932493342
305.9089741560313 -745.9124004666488
322.67897855411536 -737.807262407033
339.2410203199304 -729.2682943401659
355.5841076184199 -720.3003719422826
371.69734552930635 -710.9086296670826
387.5699357097402 -701.0984556770741
403.191181071478 -690.8754907042675
418.55053077923407 -680.2456398213307
433.63749635087424 -669.2150360015349
448.44177601141917 -657.7900778364253
462.9531659764144 -645.9773936773186
477.1616045226966 -633.7838502166624
491.05717982251525 -621.2165460174632
504.6301379504337 -608.2828036744814
517.8708590032812 -594.9901620699605
530.7699179442805 -581.3463676742768
543.3180290930233 -567.3593655509023
555.5060925924997 -553.0372861114707
567.3252003778299 -538.3884272302148
578.7665891684223 -523.4212502885827
589.8217039399253 -508.1443476852145
600.4821802417707 -492.56642136528507
610.7398102383307 -476.6962710507164
620.5865804154104 -460.5427476865454
630.0146402625892 -444.11472789758886
639.0162946089205 -427.4210718250132
647.583979547142 -410.4705810144498
655.7102243461196 -393.27195792929894
663.3876078045855 -375.8337610905522
670.6086619675068 -358.16440464618773
677.3657797573974 -340.2721661647128
683.6510122419735 -322.1653566753268
689.4557776338252 -303.85274326876123
694.77037877832 -285.34458894504274
699.5832147532209 -266.65505241494446
703.8793206348155 -247.80806367147085
707.6376564566989 -228.85205551808798
710.8256206629017 -209.9002014561458
713.4093073249496 -191.16515351687687
715.4806642257441 -172.44411007469643
717.060597546015 -153.67895376899315
718.1483178925627 -134.88254241252022
718.7433739258126 -116.06752256445199
718.8596749449042 -100
718.4554034753461 -78.4370250307053
717.5731535139108 -59.64473813867655
716.1998191557893 -40.88595553913273
714.3366326157446 -22.17331062414221
711.9851594582324 -3.5195279812058002
623.2605835045416 20.444999429514585
540.4637002465855 39.49198835402042
477.61943899421425 53.94882644626248
427.6082521463773 65.290695965717
387.54794155679144 74.42401132660191
354.58715318168856 81.95211416456026
325.923957826261 88.17609101453917
302.8564625287368 93.61280849763936
281.2900874495436 98.0886411698369
262.54302361355695 101.96759725580019
246.56637775415172 105.47575191994353
232.01335866484186 108.52029234047568
218.86270658437107 111.21507755113434
207.0876740024488 113.67218190946004
196.6560949133518 116.0016472381267
186.31480028947868 117.85889858153648
177.27656365303324 119.73558790454031
169.49597883935928 121.73584828661308
160.61564371083156 122.86185720079641
152.97642059719206 124.18584829392232
146.52275741739675 125.80627839992601
140.11014080965802 127.1768938875557
133.74742364109832 128.30124192985713
127.44332678493167 129.18315012156197
121.2064303772093 129.82672175162574
116.02661039400657 130.9906196614815
110.87589197879863 131.97807024352457
105.76043162463911 132.7916955567401
100.68628665591667 133.43430430050608
95.65940942787198 133.9088884216281
91.52368764476944 135.09731205690488
86.57828448431792 135.26800650904266
82.47330026732172 136.20265524185547
77.62961706292445 136.0801449317754
73.5730724475098 136.76889815642815
69.53090200431211 137.34748568097982
65.50681928925681 137.81736344204285
61.50448089562282 138.18009086856972
57.527483363564734 138.4373290611919
53.57936015885944 138.59083887504102
50.17452982558069 139.70629127642695
46.25947500944102 139.6714801395308
42.38316138347483 139.5378422548485
38.95380830370232 140.40880844446812
35.12881098192397 140.09456069499697
31.684739296491948 140.80858395538516
27.92257285358366 140.3190100632229
24.474157455102965 140.8777325112178
21.009009196033105 141.3628768672886
17.34339757447139 140.62431406227097
13.888968831899993 140.9566208952103
10.425044091463855 141.21536216226366
6.953991706889566 141.40032767400024
3.478184870045261 141.51136714039345
