0 224.96220165697395
-4.066686950047111 224.92222539097335
-8.130592250842314 224.80233144249908
-12.188936144657243 224.60262431985504
-16.238942655553988 224.3232780693274
-20.277841477141585 223.9645360739658
-24.302869856566918 223.52671077211565
-28.311274473488922 223.01018329593583
-32.30031331278845 222.41540303021114
-36.26725752976844 221.74288709183602
-40.20939330660255 220.99321973043632
-44.124023698801665 220.16705165066014
-48.008470470463294 219.26509925676623
-56.61944938596139 229.06091053330204
-60.78587640649458 227.875333040622
-64.91073679983943 226.6069894021686
-68.991208876843 225.25694399362678
-73.02450110186798 223.82632818722195
-77.00785399226054 222.31633909104602
-80.93854199661322 220.72823821419695
-84.81387535057823 219.063350059248
-88.63120190897853 217.32306064364394
-92.38790895300417 215.50881595181076
-104.15718142783525 222.63373181927028
-108.09013981557533 220.4516094298306
-111.9491886229476 218.19191300035115
-115.73168573404732 215.85646462175336
-119.43504102627176 213.44714311987687
-123.05671813932884 210.9658820459522
-136.4089288206029 215.9575689059
-140.12779695091345 213.06663063025354
-143.75085208220347 210.10255932374764
-147.27561089531656 207.06767037498474
-161.54179123261807 210.37730447979763
-165.10221463944282 206.90815401516352
-168.54975273929784 203.36887747001214
-183.4173933727405 205.2571841177789
-186.84850914986083 201.2671479480375
-202.10975379872076 202.0620638201593
-205.48337112340337 197.60926473070293
-221.06455532180578 197.2774441223822
-224.33862887452898 192.35278431693808
-240.16417944772212 190.8655413109576
-256.16538814308467 188.61681222525732
-272.3141510082552 185.59681243373737
-288.58205877480145 181.79671006017355
-304.94042563837496 177.20863665204422
-321.3603182499726 171.82569715211008
-351.3729852154963 166.99130651173525
-381.6109329165028 160.60942587782733
-412.01767951066813 152.66727308374772
-456.4003158238094 143.38734537088934
-501.00420764059197 131.77386966391762
-559.764860656977 117.29549818075004
-646.8735429798421 97.91876845275803
-762.5468695478556 71.38470618203536
-921.0762050534495 33.82576821613092
NaN NaN
NaN NaN
NaN NaN
-1040.6501922216523 -130.03882060487783
-1035.5712464381654 -150.86841605873954
-1030.4800613019981 -176.41842498525102
-1025.9331730603765 -201.77324254494502
-1021.4576172002867 -227.09416689078083
-1016.5594731319584 -253.15780379705933
-1022.759054488827 -275.93778752966494
-1016.9117365973996 -303.1035272581474
-1010.4514218791069 -330.02704149999767
-1015.5314543659157 -354.7082903396799
-1007.8957450219317 -381.6210841639876
-1011.8678277682626 -407.3813086166952
-1002.9188721846639 -434.18322842507087
-1005.5579183430438 -460.86461907865265
-995.2166901055755 -487.47275940190605
-984.1955749930609 -513.713654603546
-972.5054250311942 -539.5805593649347
-960.1575282576212 -565.0646600521442
-947.163568758122 -590.155818518127
-933.5355903676258 -614.8430711714814
-919.2839559611657 -639.1161392113248
-904.42221211148 -662.9624708229484
-888.9624594135973 -686.37048124115
-872.9167459876792 -709.3285594907859
-856.2984317203264 -731.8246296229909
-839.1209751652658 -753.8468656159624
-821.3961332206538 -775.3840828220926
-803.1395182726473 -796.4243579498475
-784.3640883776812 -816.9567470641497
-765.0827892789599 -836.9703947801501
-745.3114361333296 -856.4544983051543
-725.0643211618781 -875.3988058877468
-704.35536592512 -893.7933013024725
-683.1987907627015 -911.6281764920994
-661.6106049893102 -928.8941879281045
-639.6058058202905 -945.5823663054954
-617.1995351378824 -961.6840831635863
-594.4070680620318 -977.1910566156055
-571.2431551439124 -992.09506860434
-547.7237095256244 -1006.3886210273375
-523.8708043121343 -1020.0684242311959
-499.7037816517835 -1033.1314694474968
-475.23516121585305 -1045.5711077386866
-450.477864825176 -1057.3806196650094
-425.44522748818264 -1068.5532652142672
-400.15266303050123 -1079.084065334428
-374.6137439819845 -1088.9662306856146
-348.8421296581466 -1098.1924799926855
-322.8552975939045 -1106.7601227766352
-296.6664165223752 -1114.6607926368717
-270.2932698920631 -1121.8925794704026
-243.7499917342064 -1128.4476627277406
-217.05519926024309 -1134.3264974030496
-190.2234663221683 -1139.5215182041602
-163.27176895306974 -1144.0297257157727
-136.21768257037516 -1147.8505710660338
-109.0776565786118 -1150.980319260476
-81.86864016699317 -1153.4163987807758
-54.60786018612087 -1155.1574361586556
-27.312561297223745 -1156.2024507376611
0 -1156.5508542814785
27.312561297223294 -1156.2024507376611
54.60786018612042 -1155.1574361586556
81.86864016699317 -1153.4163987807758
109.07765657861142 -1150.980319260476
136.21768257037468 -1147.850571066034
163.27176895306974 -1144.0297257157727
190.2234663221678 -1139.5215182041602
217.05519926024263 -1134.3264974030499
243.7499917342064 -1128.4476627277406
270.29326989206277 -1121.8925794704026
296.6664165223749 -1114.6607926368717
322.8552975939045 -1106.7601227766352
348.84212965814606 -1098.1924799926855
374.6137439819841 -1088.9662306856148
400.15266303050123 -1079.084065334428
425.4452274881822 -1068.5532652142674
450.4778648251756 -1057.38061966501
475.23516121585305 -1045.5711077386866
499.7037816517831 -1033.1314694474968
523.8708043121342 -1020.0684242311961
547.7237095256244 -1006.3886210273375
571.2431551439123 -992.0950686043403
594.407068062031 -977.1910566156058
617.1995351378824 -961.6840831635863
639.6058058202901 -945.5823663054954
661.61060498931 -928.8941879281048
683.1987907627015 -911.6281764920994
704.3553659251196 -893.793301302473
725.0643211618775 -875.3988058877471
745.3114361333296 -856.4544983051543
765.0827892789596 -836.9703947801504
784.3640883776812 -816.9567470641497
803.1395182726471 -796.4243579498475
821.3961332206535 -775.384082822093
839.1209751652655 -753.8468656159628
856.2984317203264 -731.8246296229909
872.9167459876792 -709.3285594907859
888.9624594135961 -686.3704812411506
904.4222121114792 -662.9624708229494
919.2839559611659 -639.1161392113246
933.5355903676259 -614.8430711714815
947.163568758122 -590.155818518127
960.1575282576212 -565.0646600521442
972.505425031194 -539.5805593649352
984.1955749930607 -513.7136546035468
995.2166901055753 -487.4727594019063
1005.5579183430435 -460.8646190786532
1002.9188721846639 -434.18322842507087
1011.8678277682626 -407.3813086166952
1007.8957450219317 -381.621084163988
1015.5314543659157 -354.7082903396804
1010.4514218791069 -330.0270414999984
1016.9117365973995 -303.1035272581486
1022.759054488827 -275.93778752966494
1016.5594731319584 -253.15780379705933
1021.4576172002867 -227.09416689078083
1025.9331730603765 -201.77324254494502
1030.4800613019981 -176.41842498525102
1035.5712464381654 -150.86841605873954
1040.6501922216523 -130.03882060487783
NaN NaN
NaN NaN
NaN NaN
921.0762050534496 33.82576821612994
762.5468695478556 71.38470618203536
646.8735429798421 97.91876845275803
559.764860656977 117.29549818075004
501.004207640592 131.77386966391708
456.4003158238094 143.38734537088916
412.01767951066824 152.66727308374746
381.6109329165028 160.60942587782733
351.3729852154963 166.99130651173525
321.3603182499726 171.82569715211008
304.9404256383751 177.20863665204405
288.5820587748015 181.79671006017347
272.31415100825524 185.59681243373728
256.16538814308467 188.61681222525732
240.16417944772212 190.8655413109576
224.33862887452898 192.35278431693808
221.06455532180584 197.27744412238204
205.4833711234034 197.60926473070285
202.1097537987208 202.06206382015924
186.84850914986083 201.2671479480375
183.4173933727405 205.2571841177789
168.54975273929784 203.36887747001214
165.10221463944288 206.9081540151634
161.5417912326181 210.3773044797976
147.27561089531662 207.0676703749847
143.75085208220347 210.10255932374764
140.12779695091345 213.06663063025354
136.4089288206029 215.9575689059
123.05671813932895 210.96588204595216
119.43504102627183 213.44714311987684
115.73168573404735 215.8564646217533
111.9491886229476 218.19191300035115
108.09013981557533 220.4516094298306
104.15718142783525 222.63373181927028
92.38790895300426 215.50881595181073
88.63120190897858 217.3230606436439
84.81387535057829 219.06335005924797
80.93854199661322 220.72823821419695
77.00785399226054 222.31633909104602
73.02450110186798 223.82632818722195
68.99120887684305 225.25694399362678
64.91073679983947 226.60698940216858
60.78587640649463 227.875333040622
56.61944938596139 229.06091053330204
48.008470470463294 219.26509925676623
44.124023698801665 220.16705165066014
40.20939330660259 220.99321973043632
36.26725752976849 221.74288709183602
32.300313312788504 222.41540303021114
28.311274473488922 223.01018329593583
24.302869856566918 223.52671077211565
20.277841477141585 223.9645360739658
16.238942655554144 224.3232780693274
12.188936144657289 224.60262431985504
8.130592250842362 224.80233144249908
4.066686950047111 224.92222539097335
