0 222.49639032550863
-3.960458499284925 222.45793047786188
-7.918208439113467 222.34258480890347
-11.870543100687337 222.15045490091825
-15.81475944530646 221.88170992520884
-19.74815995137015 221.53658644359837
-23.891095232411516 222.2595534620582
-27.831591913154238 221.7560753346205
-31.75305471543884 221.17632953837122
-35.98564334121921 221.64224605477304
-39.89718958472599 220.90199395147843
-44.186393456071585 221.18751081473042
-48.076366932920195 220.2853878186117
-52.409399117261955 220.38552561779818
-56.77695764098743 220.38458235242047
-60.6297667076267 219.23121630159557
-65.02103664921992 219.0377345388
-69.4360452110572 218.73857267843317
-73.87095873647687 218.33208181891985
-78.3218842199376 217.8167179109698
-82.78487253145278 217.19104338530022
-87.25592170754352 216.4537286697746
-92.50751208426091 216.5263335516323
-97.01352652601821 215.54056986372626
-102.35280811758355 215.31768885597953
-106.87498659355718 214.07614815302026
-112.28063391811405 213.5476603378365
-117.72560279688872 212.85050758151843
-123.20368673044813 211.98184628291907
-128.70857987032144 210.9390177330012
-134.2338829897888 209.719551107122
-140.80733416849085 209.02037208382475
-147.43882677252273 208.0829703160813
-154.1195562851492 206.903395015069
-160.84058388336396 205.47797067071195
-167.59284533057442 203.80330135550855
-175.5206493442216 202.425790682424
-184.67935022641507 201.24713011078416
-192.72789486942906 199.1952321753361
-202.02350176461894 197.26806305242624
-212.61140068790462 195.36163036338095
-223.27864910683002 192.98441948456016
-235.27825453299252 190.48113894910503
-248.642229061122 187.74187635230732
-263.39717400094776 184.65468220887038
-279.5642107238414 181.10581743642268
-298.489999951891 177.1882095246123
-320.22331246228265 172.67589234456528
-343.44584281953814 167.20496074125396
-372.25206460998174 160.9491369453632
-405.3437727721747 153.39164454017646
-445.52280677506786 144.23148033258343
-495.6404392953142 132.86537890611035
-558.5787955266427 118.38699470419422
-641.4573585821491 99.32120674689888
-754.2828322257448 73.19633499985707
-918.4581513142707 35.2200977648111
NaN NaN
NaN NaN
NaN NaN
-1036.477901249961 -136.76134382564874
-1030.9460463748035 -157.13289445290255
-1026.4064206057806 -181.54437007717544
-1022.6034733595209 -205.92586308518722
-1019.0145978434011 -230.41739750440098
-1016.2485747777545 -255.36385303222792
-1014.1764911768892 -280.729590513322
-1011.680212881917 -306.41373083726774
-1009.9137741219649 -331.98934221609716
-1007.6367830302187 -357.76305166173165
-1006.0197921925761 -383.5599860438802
-1005.0307443955556 -409.5175757352556
-1003.4015661275225 -435.7955139838461
-1002.3181811917559 -462.3841237986128
-999.2876643220582 -489.253491118078
-988.2064247184774 -515.6038127185504
-976.4536933160246 -541.577047385804
-964.040953172243 -567.1644067989391
-950.9797776663271 -592.356005762727
-937.28191619741 -617.1411651116136
-922.9593269397963 -641.5086673323169
-908.0242045443222 -665.4469465445411
-892.4889941116073 -688.9442386115968
-876.366389027483 -711.9887024472807
-859.6693530599249 -734.5685041083657
-842.4110732634634 -756.6719072640999
-824.6049855518675 -778.2873177510896
-806.2647840870683 -799.4033298150583
-787.4043496114733 -820.0087772160468
-768.0377891781957 -840.0927509531751
-748.1794229754965 -859.644627294232
-727.8437311216362 -878.65408823861
-707.0454029083261 -897.1111354233991
-685.7992700952618 -915.0061018925035
-664.1203253581791 -932.3296614252403
-642.0237092692134 -949.0728367527345
-619.5246979031557 -965.2270054310687
-596.6386548874622 -980.7838899713614
-573.3811159207611 -995.7355914966683
-549.7707506674309 -1010.0762556244912
-525.8316266640195 -1023.8045109441495
-501.5766548180771 -1036.9140663427343
-477.01849909706186 -1049.3982208459724
-452.17033565522684 -1061.2503211288433
-427.0458757235857 -1072.4638761523179
-401.6592158046882 -1083.0325162500487
-376.0249273903663 -1092.9501523070157
-350.1578916266841 -1102.2108823062076
-324.07339481128787 -1110.8091618703888
-297.787011717189 -1118.7397403902
-271.3145987285108 -1125.9977048173646
-244.6722792461677 -1132.5785223786104
-217.8764032960461 -1138.4780389962718
-190.9435216344675 -1143.6924878442148
-163.89037473861347 -1148.2185347157638
-136.73385662201713 -1152.0532655511197
-109.49098905864305 -1155.1941762296074
-82.17891393795779 -1157.6392390075132
-54.81485621139804 -1159.3868581903391
-27.416106773770125 -1160.4358921974574
0 -1160.7856461116203
27.41610677376967 -1160.4358921974574
54.81485621139766 -1159.3868581903391
82.17891393795779 -1157.6392390075132
109.49098905864251 -1155.1941762296074
136.73385662201667 -1152.0532655511197
163.89037473861347 -1148.2185347157638
190.94352163446717 -1143.6924878442148
217.87640329604554 -1138.4780389962718
244.6722792461677 -1132.5785223786104
271.3145987285105 -1125.9977048173646
297.78701171718876 -1118.7397403902
324.07339481128787 -1110.8091618703888
350.1578916266838 -1102.2108823062078
376.02492739036586 -1092.9501523070157
401.6592158046882 -1083.0325162500487
427.0458757235853 -1072.463876152318
452.17033565522655 -1061.2503211288438
477.01849909706186 -1049.3982208459724
501.5766548180769 -1036.9140663427343
525.8316266640195 -1023.8045109441495
549.7707506674309 -1010.0762556244912
573.3811159207611 -995.7355914966683
596.6386548874622 -980.7838899713614
619.5246979031557 -965.2270054310687
642.0237092692132 -949.0728367527345
664.1203253581791 -932.3296614252401
685.7992700952618 -915.0061018925035
707.0454029083253 -897.1111354233994
727.8437311216358 -878.6540882386108
748.1794229754965 -859.644627294232
768.037789178195 -840.0927509531757
787.4043496114732 -820.008777216047
806.264784087068 -799.4033298150584
824.6049855518672 -778.2873177510899
842.4110732634637 -756.6719072640999
859.6693530599249 -734.5685041083657
876.366389027483 -711.9887024472807
892.4889941116072 -688.9442386115973
908.0242045443222 -665.4469465445411
922.9593269397958 -641.5086673323173
937.28191619741 -617.1411651116136
950.9797776663271 -592.356005762727
964.040953172243 -567.1644067989391
976.4536933160246 -541.5770473858041
988.2064247184776 -515.60381271855
999.2876643220582 -489.25349111807805
1002.3181811917555 -462.384123798614
1003.4015661275225 -435.7955139838461
1005.0307443955556 -409.5175757352556
1006.0197921925758 -383.5599860438816
1007.6367830302183 -357.7630516617335
1009.9137741219649 -331.98934221609676
1011.6802128819161 -306.4137308372703
1014.1764911768892 -280.729590513322
1016.2485747777545 -255.36385303222792
1019.0145978434011 -230.41739750440098
1022.6034733595209 -205.92586308518722
1026.4064206057806 -181.54437007717544
1030.9460463748035 -157.13289445290255
1036.477901249961 -136.76134382564874
NaN NaN
NaN NaN
NaN NaN
918.4581513142709 35.2200977648093
754.2828322257448 73.19633499985707
641.4573585821491 99.32120674689888
558.5787955266427 118.38699470419422
495.64043929531425 132.86537890610987
445.522806775068 144.2314803325833
405.3437727721747 153.39164454017626
372.25206460998174 160.9491369453632
343.44584281953814 167.20496074125396
320.22331246228265 172.67589234456528
298.489999951891 177.18820952461223
279.5642107238414 181.1058174364227
263.3971740009478 184.65468220887027
248.642229061122 187.74187635230732
235.27825453299252 190.48113894910503
223.27864910683002 192.98441948456016
212.61140068790473 195.36163036338075
202.02350176461897 197.26806305242616
192.72789486942906 199.195232175336
184.67935022641507 201.24713011078416
175.5206493442216 202.425790682424
167.59284533057442 203.80330135550855
160.84058388336405 205.47797067071184
154.11955628514923 206.903395015069
147.43882677252273 208.08297031608126
140.80733416849085 209.02037208382475
134.2338829897888 209.719551107122
128.70857987032144 210.9390177330012
123.20368673044824 211.981846282919
117.72560279688877 212.8505075815177
112.28063391811408 213.54766033783648
106.87498659355718 214.07614815302026
102.35280811758355 215.31768885597953
97.01352652601821 215.54056986372626
92.50751208426098 216.52633355163218
87.25592170754355 216.4537286697746
82.78487253145279 217.19104338530022
78.3218842199376 217.8167179109698
73.87095873647687 218.33208181891985
69.4360452110572 218.73857267843317
65.02103664922 219.03773453879998
60.62976670762675 219.23121630159557
56.77695764098746 220.3845823524204
52.409399117261955 220.38552561779818
48.076366932920195 220.2853878186117
44.186393456071585 221.18751081473042
39.89718958472604 220.9019939514784
35.98564334121925 221.64224605477304
31.753054715438893 221.1763295383712
27.831591913154238 221.7560753346205
23.891095232411516 222.2595534620582
19.74815995137015 221.53658644359837
15.814759445306505 221.8817099252088
11.87054310068738 222.15045490091825
7.918208439113512 222.34258480890347
3.960458499284925 222.45793047786188
