-1109.125 -2063.375 0.0000000000000022723617833555703
-875.875 -3219.125 0.0000000000000027344144132000996
1858.625 -3793.625 0.0000000000000014451358782660603
1841.375 -3974.375 0.000000000040063515015009724
-1224.625 -3822.125 0.0000000000000017350813837746808
-1680.625 -3875.375 0.0000000000000032019490325745253
-1804.375 -2676.125 0.0000000000000015958238932380826
-1676.125 -3878.375 0.0000000000000032001173614938455
-1915.375 -2363.375 0.0000000000000015375717996748198
-1544.125 -3261.125 0.000000000000001687654098863856
-1392.625 -3570.125 0.0000000000000017218494919150613
-1139.875 -1946.375 0.0000000000000022141968395265266
-1876.375 -3863.375 0.0000000000000027720683691187733
-1178.875 -1740.125 0.0000000000000021074944266765143
-942.625 -2682.875 0.000000000000002555092759017973
-1129.375 -1985.375 0.000000000000002233671963914787
-1865.125 -2510.375 0.0000000000000015656130423288097
1723.625 -2878.625 0.000000000000003260769028340282
-1859.125 -3961.625 0.000000000020038227024515023
-2032.375 -3919.625 0.000000000019756797378089935
-927.625 -2772.125 0.0000000000000025953876155615295
1774.625 -3748.625 0.0000000000000015850163634669992
-1212.625 -3837.875 0.0000000000000017364290152501676
1684.625 -2970.125 0.0000000000000032902373307485313
1801.625 -3735.125 0.0000000000000015646037989776265
1816.625 -3995.375 0.00000000004001741339892034
1526.375 -3306.125 0.0000000000000033918410666167256
1119.875 -2024.375 0.0000000000000011265304300052364
-1690.375 -3858.875 0.0000000000000032020092452153427
-1811.875 -2658.125 0.0000000000000015925502175589437
1842.875 -3753.125 0.0000000000000014929986085647394
-850.375 -3345.875 0.0000000000000027477701641982022
1620.875 -3962.375 0.0000000000000015947427374125962
1205.375 -1572.875 0.0000000000000010100857524907802
-1797.625 -2694.875 0.0000000000000015990773351117822
1796.375 -3734.375 0.0000000000000015697069864997723
-869.875 -3258.125 0.0000000000000027407320634948754
-1472.125 -3420.875 0.0000000000000017082131860791576
735.125 -3644.375 0.0000000000000013710928756461223
927.125 -2756.375 0.0000000000000012935066288597142
1868.375 -3956.375 0.00000000004007554919870467
-1723.375 -2878.625 0.0000000000000016303845141701434
-1808.875 -4002.875 0.000000000019998145030076472
1070.375 -2250.875 0.0000000000000011828991556010362
-1708.375 -2915.375 0.0000000000000016363644446491604
-1205.875 -1572.875 0.0000000000000020201715049815615
-1825.375 -2620.625 0.0000000000000015859403995685497
1625.375 -3098.375 0.000000000000003329161107821863
-1134.625 -1965.875 0.000000000000002223946594773533
1659.875 -3024.875 0.0000000000000033072622260010945
1081.625 -2211.875 0.000000000000001173550619312775
1860.125 -3798.875 0.0000000000000014391912608534595
1830.875 -3736.625 0.0000000000000015210597117795453
-818.875 -3497.375 0.000000000000002751403488854396
805.625 -3527.375 0.000000000000001373615086240717
-1154.875 -1836.875 0.0000000000000021570193914046822
942.875 -2682.875 0.000000000000001277546379508988
422.375 -3902.375 0.0000000000000013637113441113535
-908.875 -2985.125 0.0000000000000026799110534420695
979.625 -2565.125 0.0000000000000012534800056611668
-926.125 -2821.625 0.000000000000002618950660087018
-1824.625 -3988.625 0.00000000002001783848266926
1911.125 -3981.125 0.0000000000000013102365835712068
399.875 -3918.875 0.0000000000000013636356001932313
-936.625 -2703.125 0.0000000000000025628203959750625
1839.125 -2584.625 0.0000000000000031584514944567505
-1739.125 -2841.875 0.000000000000001624324837919011
1895.375 -3933.125 0.0000000000000013406313382436324
-930.625 -2722.625 0.0000000000000025704611673364862
-1025.875 -2408.375 0.000000000000002438279869639613
-1861.375 -3804.125 0.000000000000002866385825796834
-332.875 -3957.125 0.000000000000002721311224737497
-1236.625 -3806.375 0.000000000000001733718597598295
-1801.375 -3735.125 0.0000000000000031292075979552515
-926.875 -2838.125 0.000000000000002626611652529272
-1962.625 -3927.125 0.000000000019904126646310784
-1819.375 -3730.625 0.0000000000000030838826035050583
-1877.875 -2473.625 0.0000000000000015586999231553506
1191.875 -1630.625 0.000000000000001024988827795351
1877.375 -3951.125 0.0000000000400693920406049
1667.375 -3006.875 0.000000000000003301623852826424
720.875 -3666.125 0.000000000000001370945889510089
1614.125 -3969.125 0.0000000000000015925363753017978
-1981.375 -3925.625 0.00000000001986054254933568
-1785.625 1000.375 0.00000000003294131311562708
930.125 -2722.625 0.0000000000000012852305836682431
-1457.875 -3452.375 0.000000000000001712789940636923
-1828.375 -3735.875 0.0000000000000030519798898985177
-973.375 -2584.625 0.0000000000000025151821763326933
-1037.125 -2368.625 0.000000000000002420464142087354
-1850.125 -3968.375 0.00000000002003586567174643
-1724.875 -3813.125 0.0000000000000031998844927426665
1642.625 -3061.625 0.000000000000003318307795309065
-1960.375 -2201.375 0.0000000000000014999844546009227
904.625 -3039.875 0.0000000000000013484033103474648
-1700.125 -2933.375 0.0000000000000016393015538194568
-1887.625 -3908.375 0.0000000000000027048495843462475
810.125 -3506.375 0.0000000000000013736175994902636
1833.125 -3737.375 0.000000000000001516069032647322
-1426.375 -3516.875 0.0000000000000017212637383089412
-809.875 -3506.375 0.000000000000002747235198980527
1848.875 -3762.125 0.0000000000000014765371623877487
1065.125 -2271.125 0.0000000000000011875136476985569
1076.375 -3986.375 0.0000000000000034731377181718514
1983.125 -2127.875 0.000000000000002970284742579632
-1366.375 -3618.875 0.0000000000000017273664942596964
-1330.375 -3672.125 0.0000000000000017271301858680368
2019.875 -2000.375 0.0000000000000029175694617333695
-1781.125 -3745.625 0.0000000000000031620886252564957
-638.875 -3738.125 0.000000000000002737663029610125
-2083.375 -1729.625 0.0000000000000013928833370840613
332.375 -3957.125 0.0000000000000013606556123687484
-911.875 -2948.375 0.000000000000002667785397499965
-735.625 -3644.375 0.0000000000000027421852057511586
-1816.375 -3731.375 0.000000000000003092852510346628
926.375 -2838.125 0.0000000000000013133058262646381
1347.875 -3651.125 0.000000000000003461677252697621
2009.375 -2036.375 0.000000000000002932709600420721
1178.375 -1740.125 0.0000000000000010537472133382571
-1402.375 -3553.625 0.0000000000000017199764755947854
-1790.125 -2712.875 0.0000000000000016023091376495705
1878.125 -2473.625 0.0000000000000031173998463107012
1878.125 -3871.625 0.0000000000000013794695776037372
1896.875 -2418.875 0.000000000000003096414903640192
1224.875 -3822.125 0.0000000000000034701627675493617
-1319.875 -3688.625 0.0000000000000017287346531791755
309.125 -3972.125 0.0000000000000013604945918870392
-1769.125 -2768.375 0.0000000000000016118907694352575
1425.875 -3516.875 0.00000000000000344252747661788
1965.875 -2183.375 0.0000000000000029925759214408905
-1347.625 -3651.125 0.000000000000001730838711520949
-1599.625 -3992.375 0.0000000000000031816038307303116
-1589.875 -3171.125 0.0000000000000016750812191757944
1134.875 -1965.875 0.0000000000000011119732973867665
1850.375 -3968.375 0.00000000004007173134349285
-1059.625 -2290.625 0.000000000000002384209886574089
1769.375 -3756.125 0.0000000000000015877053531893003
-1124.875 -2004.875 0.0000000000000022433773465071486
913.625 -2913.125 0.0000000000000013273434982377342
-1237.375 -1351.625 0.0000000000000019288580710686646
1196.375 -1611.125 0.0000000000000010200219447997666
-860.125 -3285.125 0.0000000000000027409349561216033
1908.875 -2382.125 0.000000000000003082265304974869
-2043.625 -1893.125 0.0000000000000014309473974573479
800.375 -3548.375 0.0000000000000013735552869028584
-400.375 -3918.875 0.0000000000000027272712003864626
-1742.125 -3790.625 0.000000000000003194008455819498
2034.125 -1929.875 0.000000000000002877251161814259
-1309.375 -3705.125 0.0000000000000017303045908925676
-907.375 -3003.125 0.000000000000002685688536674331
936.875 -2703.125 0.0000000000000012814101979875312
-913.375 -2930.375 0.0000000000000026613987646099675
-1548.625 -3989.375 0.0000000000000012485839748903043
-832.375 -3414.875 0.000000000000002748869120593826
889.625 -3102.875 0.000000000000001355211911638332
948.875 -2663.375 0.0000000000000012736358781010334
-1031.875 -2388.125 0.0000000000000024294020798100443
-1950.625 -2253.125 0.0000000000000015159257415213357
1902.875 -3955.625 0.0000000000000013258047501894464
1329.875 -3672.125 0.0000000000000034542603717360736
-1268.125 -3768.875 0.0000000000000017364044790598444
-1433.875 -3501.125 0.0000000000000017191735683606427
1200.875 -3853.625 0.0000000000000034755444201188076
556.625 -3805.625 0.0000000000000013663637506317793
1086.875 -2192.375 0.000000000000001168840253095837
-1099.375 -2102.375 0.0000000000000022915560661105198
-1127.125 -3936.125 0.000000000000001738543856194011
1538.375 -3276.125 0.0000000000000033809099879759773
-533.875 -3824.375 0.000000000000002732835354405734
468.125 -3868.625 0.0000000000000013637772630593073
1109.375 -2063.375 0.0000000000000011361808916777852
954.875 -2643.875 0.0000000000000012696858035836717
-1822.375 -3729.875 0.000000000000003074763168744863
-1824.625 -3729.125 0.000000000000003065400761521546
1338.125 -3666.875 0.0000000000000034650955430611486
1100.375 -3966.125 0.000000000000003481971421421379
-1908.625 -3936.875 0.000000000020007687130353237
-488.875 -3860.375 0.0000000000000027328702224294547
927.875 -2739.875 0.0000000000000012893481714277715
-1153.375 -3906.125 0.0000000000000017360579452973414
1704.125 -3841.625 0.000000000000001601310886909918
1920.125 -3933.875 0.000000000039980133073073755
1845.125 -3756.125 0.0000000000000014875604215798823
922.625 -2890.625 0.000000000000001324037124391157
901.625 -3058.625 0.0000000000000013509653651273559
1062.125 -4001.375 0.0000000000000034755168649183654
926.375 -2821.625 0.0000000000000013094751969612863
1166.375 -3890.375 0.0000000000000034695896949284536
1607.375 -3135.125 0.0000000000000033397784059214182
-1465.375 -3436.625 0.0000000000000017105253688300566
-1796.125 -3734.375 0.0000000000000031394139729995445
-1977.625 -2146.625 0.000000000000001488866029037283
-898.375 -3096.125 0.000000000000002711910174463277
1884.125 -2455.625 0.0000000000000031104374095832525
-905.125 -3021.875 0.00000000000000269128610872238
-1104.625 -2082.875 0.000000000000002281975912948236
1236.875 -3806.375 0.00000000000000346743719519659
1299.875 -3720.875 0.0000000000000034637685272433892
1543.625 -3990.125 0.0000000000000024959502803330167
996.875 -2506.625 0.000000000000001240897260294239
-1526.875 -3306.125 0.0000000000000016959205333083628
1086.875 -3980.375 0.0000000000000034843525216598295
1479.125 -3405.125 0.000000000000003411712543346599
1818.875 -2639.375 0.0000000000000031785104032657043
638.375 -3738.125 0.0000000000000013688312543773471
-1478.875 -3405.125 0.0000000000000017058562716732996
-1988.125 -2109.875 0.0000000000000014814009238442413
-1712.875 -3826.625 0.0000000000000032015170067164092
574.625 -3797.375 0.0000000000000013689301587583985
1519.625 -3322.625 0.000000000000003396968052639126
1098.875 -2102.375 0.0000000000000011457776437264695
1707.875 -2915.375 0.0000000000000032727295124520963
-1799.875 -3730.625 0.000000000000003131992311266434
-1634.125 -3941.375 0.000000000000003192043781866032
-1086.625 -2192.375 0.000000000000002337680506191673
-1684.375 -2970.125 0.0000000000000016451186653742637
-800.125 -3548.375 0.0000000000000027471103949082165
1998.875 -2073.125 0.0000000000000029477900770802452
-1757.875 -3772.625 0.000000000000003185201486844622
1887.125 -3945.875 0.00000000004005871123649936
973.625 -2584.625 0.000000000000001257591375588983
-1486.375 -3388.625 0.0000000000000017035419624896686
1204.625 -1521.875 0.0000000000000009962668062278846
1127.375 -3936.125 0.000000000000003477087712388022
1692.125 -2952.125 0.0000000000000032844279925749784
1037.375 -2368.625 0.000000000000001210232071043677
1493.375 -3372.875 0.0000000000000034021926308065914
-287.875 -3978.875 0.0000000000000027150389996745056
-1786.375 -3739.625 0.00000000000000315577017646855
-1182.625 -1669.625 0.000000000000002069834003801594
1104.125 -2082.875 0.000000000000001140987956474118
-1792.375 -3738.875 0.0000000000000031465615405206822
900.875 -3077.375 0.0000000000000013535320638044669
1866.875 -3826.625 0.0000000000000014178960470558085
-1442.125 -3484.625 0.0000000000000017171084731833639
1841.375 -3750.125 0.000000000000001498348623328719
-445.375 -3885.875 0.000000000000002727475710829019
1846.625 -3759.125 0.000000000000001482080126642389
533.375 -3824.375 0.000000000000001366417677202867
-2023.375 -1965.875 0.0000000000000014462786970245184
1874.375 -3855.125 0.0000000000000013925284713920774
925.625 -2805.125 0.0000000000000013055615560410297
898.625 -3096.125 0.0000000000000013559550872316385
1870.625 -3840.125 0.0000000000000014053208402790587
-862.375 -3265.625 0.000000000000002738218119718431
1821.875 -3729.875 0.0000000000000015373815843724314
-1119.625 -2024.375 0.0000000000000022530608600104727
-1141.375 -3921.125 0.0000000000000017373018538711005
961.625 -2624.375 0.0000000000000012656935709903046
1384.625 -3586.625 0.000000000000003447496450104141
-2003.875 -3924.125 0.000000000019810389318522667
967.625 -2604.875 0.0000000000000012616606266891689
1876.625 -3863.375 0.0000000000000013860341845593867
1890.875 -2436.875 0.000000000000003103442398713569
-1938.625 -2289.875 0.0000000000000015231923165683635
1899.125 -3944.375 0.0000000000000013332927350746737
-1154.875 -1887.875 0.000000000000002184782947364379
855.875 -3306.125 0.0000000000000013717128390839418
1824.875 -3729.125 0.000000000000001532700380760773
-1868.125 -3956.375 0.000000000020037774599352328
-928.375 -2739.875 0.000000000000002578696226587918
-2199.625 903.625 0.00000000002903261822885149
1562.375 -3225.875 0.000000000000003365309135417613
1513.625 -3337.625 0.0000000000000034021996385919436
1863.875 -3813.875 0.0000000000000014302117508057695
1506.125 -3342.125 0.0000000000000033921405808001825
-1087.375 -3980.375 0.000000000000001742176304667365
-794.875 -3569.375 0.0000000000000027468373582574334
511.625 -3842.375 0.0000000000000013664316898870752
1839.125 -3747.875 0.000000000000001503650773272049
913.625 -2930.375 0.0000000000000013306993823049837
-1651.375 -3043.625 0.0000000000000016564052683284833
1851.875 -3774.875 0.0000000000000014683846680645942
-1858.375 -2529.125 0.0000000000000015690430483632276
1816.625 -3731.375 0.0000000000000015464266339826246
-1538.125 -3276.125 0.0000000000000016904549939879887
1183.625 -1720.625 0.0000000000000010487845957436174
2199.875 903.625 0.00000000005806523645770298
-1061.875 -4001.375 0.0000000000000017377584324591827
1500.875 -3357.125 0.000000000000003397387537555894
-1883.875 -2455.625 0.0000000000000015552187047916262
1858.625 -2529.125 0.0000000000000031380860967264552
1675.625 -3878.375 0.0000000000000016000597647210362
-1916.875 -3994.625 0.0000000000000026043126838086956
1591.625 -4000.625 0.0000000000000015882167467958215
1059.875 -2290.625 0.0000000000000011921049432870444
1865.375 -2510.375 0.0000000000000031312260846576195
-1113.625 -3951.125 0.0000000000000017397673621153813
702.125 -3687.125 0.0000000000000013708792535942939
2028.875 -1947.875 0.000000000000002884911668501133
1416.875 -3533.375 0.000000000000003446486460654561
-1159.375 -1817.375 0.0000000000000021471320362044718
-1288.375 -3737.375 0.000000000000001733397893626213
-1173.625 -1758.875 0.0000000000000021174148601337353
1768.625 -2768.375 0.000000000000003223781538870508
-883.375 -3160.625 0.000000000000002723414127759817
-1299.625 -3720.875 0.0000000000000017318843543360168
1857.125 -3788.375 0.0000000000000014510257977896802
-1732.375 -3801.125 0.0000000000000031974540777766567
1781.375 -3745.625 0.0000000000000015810441571262598
-887.875 -3122.375 0.0000000000000027149706198467996
-1927.375 -2326.625 0.0000000000000015304081874799632
-1731.625 -2859.875 0.00000000000000162736622117613
-1897.375 -3941.375 0.00000000002002008378787545
1149.875 -1907.375 0.0000000000000010973216174638831
-908.875 -2967.125 0.000000000000002673822238262218
882.875 -3160.625 0.0000000000000013617070638799086
-2003.875 -2055.125 0.000000000000001470131930940618
-753.625 -3622.625 0.0000000000000027421667188810927
1375.625 -3602.375 0.000000000000003451205033449173
1762.625 -2800.625 0.000000000000003246252611571902
-1966.375 -2183.375 0.0000000000000014962879607204452
1962.875 -3927.125 0.000000000039808253292621574
1742.375 -3790.625 0.000000000000001597004227909749
1031.375 -2388.125 0.0000000000000012147010399050247
1653.125 -3915.875 0.00000000000000159875577825724
1981.625 -3925.625 0.00000000003972108509867143
1486.625 -3388.625 0.00000000000000340708392497934
1804.625 -2676.125 0.0000000000000031916477864761675
1809.125 -3729.875 0.0000000000000015565948911787582
-887.125 -3141.125 0.00000000000000271939370622068
1739.375 -2841.875 0.000000000000003248649675838021
1392.875 -3570.125 0.0000000000000034436987657199805
1053.875 -2310.125 0.0000000000000011966722344865667
909.125 -2967.125 0.0000000000000013369111191311092
-2039.125 -1911.125 0.0000000000000014347921511672692
-905.125 -3039.875 0.0000000000000026968066332956466
-1417.375 -3533.375 0.0000000000000017232430680270125
1187.375 -1650.125 0.000000000000001029955197184681
-1882.375 -3888.875 0.0000000000000027322338129361836
-379.375 -3926.375 0.000000000000002721708212719292
-949.375 -2663.375 0.0000000000000025472717562020526
-1166.875 -3890.375 0.0000000000000017347948474642282
-1664.875 -3896.375 0.000000000000003198992882392887
-1064.875 -2271.125 0.0000000000000023750272953971137
-1338.625 -3666.875 0.0000000000000017325478239734572
-1580.875 -3189.125 0.0000000000000016776390350716731
-1871.875 -2492.375 0.0000000000000015621648057745978
-1196.875 -1611.125 0.000000000000002040043889599533
1808.375 -4002.875 0.000000000039996290060152944
1853.375 -3778.625 0.0000000000000014626625648701215
1960.625 -2201.375 0.0000000000000029999689092018454
-874.375 -3237.875 0.000000000000002737714027574854
-1932.625 -2308.625 0.0000000000000015268069816699535
1776.875 -3751.625 0.000000000000001584045388389617
-1944.625 -2271.875 0.0000000000000015195659698983806
-825.625 -3456.125 0.0000000000000027505843537633933
-1902.625 -3955.625 0.0000000000000026516106926487827
887.375 -3122.375 0.0000000000000013574853461824504
-1667.875 -3006.875 0.0000000000000016508119264132129
-1747.375 -2837.375 0.000000000000001629291117229944
-1020.625 -2427.875 0.000000000000002447109565008846
-822.625 -3477.125 0.0000000000000027510746315369968
-1659.625 -3024.875 0.0000000000000016536311130005472
-1646.875 -3920.375 0.000000000000003194493976079468
-1002.625 -2486.375 0.0000000000000024732151986654584
-1763.875 -3763.625 0.000000000000003180522015980208
1920.875 -2345.375 0.0000000000000030679933527074004
1471.625 -3420.875 0.0000000000000034164266954397043
1048.625 -2329.625 0.0000000000000012012184389404142
1002.875 -2486.375 0.0000000000000012366076785162524
-1076.125 -3986.375 0.0000000000000017365688590859257
-955.375 -2643.875 0.000000000000002539371607167342
1908.125 -3936.875 0.00000000004001537426070642
1938.875 -2289.875 0.0000000000000030463854762231137
1182.875 -1669.625 0.0000000000000010349170019008172
1532.375 -3291.125 0.0000000000000033864192428629514
1543.625 -3261.125 0.000000000000003375307877583233
1916.375 -3994.625 0.0000000000000013021563419043478
1785.875 -3739.625 0.000000000000001577885236437899
1124.375 -2004.875 0.0000000000000011216886732535743
-1703.875 -3841.625 0.000000000000003202623752469313
1599.125 -3153.125 0.000000000000003345018705027359
-1895.125 -3933.125 0.0000000000000026812606886571568
1914.875 -2363.375 0.0000000000000030751435993496397
835.625 -3394.625 0.0000000000000013738282438239247
1944.875 -2271.875 0.0000000000000030391319397967612
-1715.875 -2897.375 0.0000000000000016333785130949297
1580.375 -3189.125 0.0000000000000033552780701433462
658.625 -3717.875 0.0000000000000013688438809688784
2032.625 -3919.625 0.00000000003951359475617987
618.125 -3758.375 0.000000000000001368848790755938
-925.375 -2855.375 0.0000000000000026339283886031376
1256.375 -3785.375 0.000000000000003475672797367772
-1014.625 -2447.375 0.0000000000000024558698147958486
1139.375 -1946.375 0.0000000000000011070984197632633
1144.625 -1926.875 0.000000000000001102215292417174
1237.625 -1351.625 0.0000000000000009644290355343323
2083.625 -1729.625 0.0000000000000027857666741681226
1458.125 -3452.375 0.000000000000003425579982965585
1700.375 -2933.375 0.0000000000000032786037246290936
862.625 -3265.625 0.000000000000001369109059859215
288.125 -3978.875 0.0000000000000013575194998372534
-1748.875 -3780.125 0.0000000000000031903568877364893
1739.375 -3789.125 0.0000000000000015973080311969283
-264.625 -3993.125 0.0000000000000027145631055850925
-1048.375 -2329.625 0.0000000000000024024375909292573
1288.625 -3737.375 0.0000000000000034667959250708667
886.625 -3141.125 0.0000000000000013596968531103397
1366.625 -3618.875 0.0000000000000034547329885193928
850.625 -3345.875 0.0000000000000013738850820991011
2003.375 -3924.125 0.000000000039620778637045334
1790.375 -2712.875 0.000000000000003204618275299141
-2054.125 -1856.375 0.0000000000000014232257281091752
-1187.125 -1650.125 0.000000000000002059910394369362
1824.875 -3988.625 0.00000000004003567696533852
-1642.375 -3061.625 0.0000000000000016591538976545324
1309.625 -3705.125 0.0000000000000034606090350436222
1716.125 -2897.375 0.0000000000000032667570261898582
1247.375 -3790.625 0.000000000000003464611346751557
-1100.125 -3966.125 0.0000000000000017409857107106813
828.875 -3435.875 0.0000000000000013749324177300687
-1832.875 -3981.125 0.000000000020025774073361283
-596.875 -3777.875 0.000000000000002737730660968113
875.375 -3219.125 0.0000000000000013672072664746042
-979.375 -2565.125 0.0000000000000025069600113223285
847.625 -3366.125 0.0000000000000013747723450753013
1680.125 -3875.375 0.0000000000000016009742483429595
1320.125 -3688.625 0.000000000000003457469306358351
-511.375 -3842.375 0.0000000000000027328633797741505
-1607.875 -3135.125 0.0000000000000016698892029607091
1871.375 -2492.375 0.0000000000000031243296115491955
-828.625 -3435.875 0.000000000000002749864835460136
2049.125 -1875.125 0.0000000000000028541849034782795
-1616.875 -3116.375 0.0000000000000016672557020893458
-308.875 -3972.125 0.0000000000000027209895238615654
-422.125 -3902.375 0.000000000000002727422688222707
882.125 -3179.375 0.0000000000000013636704832667969
-1081.375 -2211.875 0.00000000000000234710123862555
-854.125 -3325.625 0.0000000000000027457425758224067
-1776.625 -2749.625 0.0000000000000016087277577165654
-1971.625 -2164.625 0.0000000000000014925816263346785
1401.875 -3553.625 0.0000000000000034399529511895708
2043.875 -1893.125 0.000000000000002861894794914697
1828.625 -3735.875 0.0000000000000015259900791933463
-1805.125 -3732.125 0.000000000000003121320316703684
1664.375 -3896.375 0.000000000000001599497841048281
-961.375 -2624.375 0.000000000000002531387141980604
597.125 -3777.875 0.0000000000000013688655011095016
-1818.625 -2639.375 0.0000000000000015892552016328521
1776.125 -2749.625 0.000000000000003217455515433142
1533.875 -4001.375 0.000000000000002496727339523683
-1091.875 -2172.875 0.0000000000000023282276130661777
1140.875 -3921.125 0.0000000000000034746036311503066
-1278.625 -3753.125 0.000000000000001734913253514026
-1544.125 -3990.125 0.0000000000000012479751401665075
-1848.625 -3762.125 0.0000000000000029530743586681666
-1896.625 -2418.875 0.0000000000000015482074518200938
-1754.875 -2818.625 0.0000000000000016262202344122012
771.125 -3612.875 0.0000000000000013733083174512826
843.125 -3386.375 0.0000000000000013755582439087089
-1783.375 -2731.625 0.0000000000000016055194562641111
-855.625 -3306.125 0.0000000000000027434256781678832
1785.125 1000.375 0.00000000006588262623125407
1548.875 -3989.375 0.0000000000000024971685769509116
-1769.125 -3756.125 0.0000000000000031754107063786006
1887.875 -3908.375 0.0000000000000013524247921731238
1676.375 -2988.875 0.0000000000000032959555614698214
1869.125 -3833.375 0.0000000000000014116516799832096
1647.125 -3920.375 0.000000000000001597246988039734
-1634.125 -3080.375 0.000000000000001661889993189411
-1993.375 -2091.125 0.0000000000000014776515891195572
1833.125 -3981.125 0.000000000040051548146722565
-770.875 -3612.875 0.0000000000000027466166349025645
-2028.625 -1947.875 0.0000000000000014424558342505665
1902.875 -2400.125 0.000000000000003089357712633803
1449.875 -3468.875 0.0000000000000034298628817304677
1932.875 -3930.875 0.000000000039934564435626206
-1178.125 -1688.375 0.0000000000000020797523442407236
-1852.375 -2547.125 0.0000000000000015724560760023709
853.625 -3325.625 0.0000000000000013728712879112033
-1149.625 -1907.375 0.0000000000000021946432349277663
-1384.375 -3586.625 0.0000000000000017237482250520701
-1571.125 -3207.875 0.0000000000000016801578734093922
1988.375 -2109.875 0.0000000000000029628018476884825
990.875 -2526.125 0.0000000000000012451501489031782
1155.125 -1836.875 0.0000000000000010785096957023411
2053.625 -1856.375 0.0000000000000028464514562183504
-1191.625 -1630.625 0.000000000000002049977655590702
-2019.625 -2000.375 0.0000000000000014587853381382546
1815.125 -3725.375 0.0000000000000015481442290952765
1200.875 -1592.375 0.0000000000000010150546554834502
-1906.375 -3967.625 0.000000000000002636294876748815
-720.625 -3666.125 0.000000000000002741891779020178
-1872.625 -3847.625 0.0000000000000027979122244555323
-1169.125 -1778.375 0.0000000000000021273296634093518
1758.125 -3772.625 0.000000000000001592600743422311
912.125 -2948.375 0.0000000000000013338926987499832
-1946.875 -3928.625 0.000000000019939680354369135
1788.125 -3743.375 0.0000000000000015767129765948933
-1102.375 -2133.875 0.0000000000000023092172793823655
1200.125 -1541.375 0.000000000000001001242555707528
1114.625 -2043.875 0.0000000000000011313617932224506
1932.875 -2308.625 0.000000000000003053613963339907
-1676.125 -2988.875 0.0000000000000016479773813588915
-900.625 -3077.375 0.0000000000000027070641276089337
-1621.375 -3962.375 0.000000000000003189485474825191
1783.625 -2731.625 0.0000000000000032110389125282203
-1076.125 -2231.375 0.000000000000002356479491748629
-1201.375 -1592.375 0.0000000000000020301093109669004
-1911.625 -3981.125 0.000000000000002620471721816391
-1189.375 -3869.375 0.0000000000000017390923994036793
1755.875 -3770.375 0.000000000000001593205201438235
1153.625 -3906.125 0.000000000000003472115890594683
1154.375 -1887.875 0.0000000000000010923914736821894
-2009.125 -2036.375 0.0000000000000014663548002103606
-1519.375 -3322.625 0.0000000000000016984840263195622
-997.375 -2506.625 0.0000000000000024817946774778697
-1008.625 -2466.875 0.0000000000000024645775004566408
-2048.875 -1875.125 0.0000000000000014270924517391397
-847.375 -3366.125 0.000000000000002749545049344444
1732.625 -3801.125 0.0000000000000015987261659321592
-1200.625 -3853.625 0.0000000000000017377722100594048
1926.875 -2326.625 0.0000000000000030608163749599264
-1890.625 -2436.875 0.0000000000000015517211993567846
1713.125 -3826.625 0.0000000000000016007594564904769
-926.875 -2788.625 0.0000000000000026033318469866875
1747.625 -2837.375 0.000000000000003258581349412071
-1625.125 -3098.375 0.0000000000000016645805539109322
-2014.375 -2018.375 0.0000000000000014625726490745748
870.125 -3258.125 0.0000000000000013703660317474379
1897.625 -3941.375 0.0000000000400401675757509
1113.875 -3951.125 0.0000000000000034795347242307627
1634.375 -3080.375 0.000000000000003323779986378824
1827.875 -3729.875 0.0000000000000015279501969197698
1159.625 -1817.375 0.0000000000000010735660181022359
-1811.875 -3727.625 0.0000000000000031048244921675707
878.375 -3199.625 0.0000000000000013654753739843306
-1500.625 -3357.125 0.000000000000001698693768777946
-1838.125 -3741.125 0.000000000000003011662206173015
-1652.875 -3915.875 0.0000000000000031975115565144795
-967.375 -2604.875 0.0000000000000025233212533783378
-1114.375 -2043.875 0.000000000000002262722986717835
-1998.625 -2073.125 0.0000000000000014738954844042096
1278.125 -3753.125 0.000000000000003469826507028052
-1880.125 -3879.875 0.0000000000000027456658146363547
825.875 -3456.125 0.0000000000000013752921768816967
-835.375 -3394.625 0.0000000000000027476562248716563
-1356.625 -3635.375 0.0000000000000017290963690445057
822.875 -3477.125 0.0000000000000013755373157684972
-991.375 -2526.125 0.0000000000000024903002978063563
-1774.375 -3748.625 0.0000000000000031700327269339985
-923.125 -2890.625 0.0000000000000026480742487823132
-842.875 -3386.375 0.000000000000002751116360950144
-901.375 -3058.625 0.0000000000000027019307302547113
-1845.625 -2565.875 0.0000000000000015758503128398339
1464.875 -3436.625 0.000000000000003421050737660114
-1097.125 -2153.375 0.0000000000000023187414303147737
-1787.875 -3743.375 0.0000000000000031534259531897867
1589.375 -3171.125 0.000000000000003350162438351588
-1933.375 -3930.875 0.0000000000199672822178131
985.625 -2545.625 0.0000000000000012493364186617623
-985.375 -2545.625 0.0000000000000024986723826523582
-1832.125 -2602.625 0.0000000000000015826056809856982
-1513.375 -3337.625 0.0000000000000017010998192959718
1616.375 -3116.375 0.0000000000000033345114041786916
1097.375 -2153.375 0.0000000000000011593707151573868
1178.375 -1688.375 0.0000000000000010398761721203618
-1164.625 -1797.875 0.0000000000000021372354550034832
-1183.375 -1720.625 0.0000000000000020975691914872348
-617.875 -3758.375 0.000000000000002737697581511876
1858.625 -3961.625 0.00000000004007645404903006
-1909.375 -2382.125 0.0000000000000015411326524874344
925.625 -2855.375 0.0000000000000013169641943015688
-1816.375 -3995.375 0.00000000002000870669946017
1850.375 -3770.375 0.000000000000001474047872034912
1880.375 -3879.875 0.0000000000000013728332096751568
-1721.125 -3813.125 0.0000000000000031998828016384047
1176.875 -3884.375 0.00000000000000348075099001722
924.125 -2872.625 0.000000000000001320541708687941
1042.625 -2349.125 0.000000000000001205737589921703
-574.375 -3797.375 0.0000000000000027378603175167982
1993.625 -2091.125 0.0000000000000029553031782391145
1837.625 -3741.125 0.0000000000000015058311030865089
1872.875 -3847.625 0.000000000000001398956112227766
2004.125 -2055.125 0.000000000000002940263861881236
1805.375 -3732.125 0.000000000000001560660158351842
1700.375 -3842.375 0.000000000000001600891557439772
1026.125 -2408.375 0.0000000000000012191402719211543
-1533.625 -4001.375 0.0000000000000012483636697618415
1861.625 -3804.125 0.000000000000001433192912898417
1963.625 958.375 0.00000000006237716534209381
1797.875 -2694.875 0.0000000000000031981546702235644
1552.625 -3243.875 0.000000000000003370246271014713
1267.625 -3768.875 0.000000000000003472808958119692
1014.875 -2447.375 0.0000000000000012279349073979243
-467.875 -3868.625 0.000000000000002727554363806415
1599.125 -3992.375 0.0000000000000015908006445718789
-1838.875 -2584.625 0.0000000000000015792257472283731
1129.625 -1985.375 0.0000000000000011168359819573976
927.125 -2788.625 0.0000000000000013016659234933438
1950.125 -2253.125 0.0000000000000030318514830426715
-1955.125 -2220.125 0.0000000000000015036699604602497
819.125 -3497.375 0.000000000000001375701744427198
-1877.875 -3951.125 0.00000000002003469602030245
1731.875 -2859.875 0.00000000000000325473244235226
794.375 -3569.375 0.000000000000001373418769415138
831.875 -3414.875 0.000000000000001374434560296913
1845.125 -2565.875 0.0000000000000031517006256796678
1825.625 -2620.625 0.0000000000000031718815363954858
-1256.125 -3785.375 0.0000000000000017378363365111965
1690.625 -3858.875 0.0000000000000016010035859656104
-1964.125 958.375 0.000000000031188582671046905
-1176.625 -3884.375 0.00000000000000174037549500861
-922.375 -2907.125 0.000000000000002655056704119621
906.875 -3003.125 0.0000000000000013428442683371656
-1199.875 -1541.375 0.000000000000002002485111415056
-1982.875 -2127.875 0.000000000000001485142371289816
-927.625 -2756.375 0.00000000000000258701325771943
1020.125 -2427.875 0.000000000000001223554782504423
2038.625 -1911.125 0.0000000000000028695843023345384
-1493.125 -3372.875 0.00000000000000170109649976749
1906.625 -3967.625 0.0000000000000013181474383744075
1212.125 -3837.875 0.0000000000000034728580305003356
1977.125 -2146.625 0.000000000000002977732058074566
1882.625 -3888.875 0.0000000000000013661162456925245
-1898.875 -3944.375 0.0000000000000026665865578431845
1892.375 -3921.875 0.0000000000000013478342142682014
-1762.375 -2800.625 0.000000000000001623126305785951
922.625 -2907.125 0.000000000000001327528352059811
-1598.875 -3153.125 0.0000000000000016725093525136818
859.625 -3285.125 0.0000000000000013704674780608026
1650.875 -3043.625 0.0000000000000033128105366569666
-1776.625 -3751.625 0.000000000000003168091102691635
1164.125 -1797.875 0.0000000000000010686177275017416
264.125 -3993.125 0.0000000000000013572815527925463
1434.125 -3501.125 0.000000000000003438347136721284
-1892.125 -3921.875 0.0000000000000026956702469777625
1947.125 -3928.625 0.00000000003987936070873828
1173.875 -1758.875 0.0000000000000010587075365996814
1811.375 -2658.125 0.000000000000003185099710583924
-923.875 -2872.625 0.000000000000002641083417375882
-805.375 -3527.375 0.0000000000000027472301724814182
-878.125 -3199.625 0.0000000000000027309507479686597
-1841.875 -3974.375 0.000000000020031757507504875
-1865.125 -3819.875 0.000000000000002848164800110331
355.625 -3941.375 0.0000000000000013607732229057057
-1054.375 -2310.125 0.0000000000000023933437506955742
-1919.875 -3933.875 0.00000000001999006653653688
-881.875 -3179.375 0.0000000000000027273411040812548
-1700.125 -3842.375 0.000000000000003201785114496589
-2033.875 -1929.875 0.0000000000000014386255809071296
1188.875 -3869.375 0.000000000000003478184798807355
1755.125 -2818.625 0.000000000000003252439575274484
1169.375 -1778.375 0.0000000000000010636648317046759
-926.125 -2805.125 0.0000000000000026111231120820607
-1886.875 -3945.875 0.000000000020029355618249676
1851.875 -2547.125 0.0000000000000031449121520047417
-1532.125 -3291.125 0.0000000000000016932096214314745
1356.125 -3635.375 0.0000000000000034581927380890142
1634.375 -3941.375 0.0000000000000015960206901135282
-1739.875 -3789.125 0.00000000000000319461438608784
-1921.375 -2345.375 0.0000000000000015339972255813254
1092.125 -2172.875 0.0000000000000011641138065330889
1410.125 -3537.875 0.000000000000003435990900679293
2014.625 -2018.375 0.0000000000000029251452981491496
-785.875 -3590.375 0.0000000000000027466331595121385
-702.625 -3687.125 0.000000000000002741758507188591
1819.625 -3730.625 0.000000000000001541941655743027
785.375 -3590.375 0.0000000000000013733165797560692
-1552.375 -3243.875 0.0000000000000016851231355073581
1865.375 -3819.875 0.0000000000000014240824000551649
-914.125 -2913.125 0.0000000000000026546869964754684
-1613.875 -3969.125 0.0000000000000031850702594135236
-1755.625 -3770.375 0.0000000000000031864104028764677
753.875 -3622.625 0.000000000000001371083727882295
1884.875 -3898.625 0.0000000000000013593167151991875
1571.375 -3207.875 0.0000000000000033603157468187844
-1562.125 -3225.875 0.0000000000000016826545677088052
-683.875 -3708.875 0.0000000000000027415461366582768
1835.375 -3738.875 0.0000000000000015109774766636659
1442.375 -3484.625 0.000000000000003434216946366729
1075.625 -2231.375 0.0000000000000011782397458743145
905.375 -3021.875 0.00000000000000134564305436119
-1204.375 -1521.875 0.000000000000001992533612455769
-1827.625 -3729.875 0.0000000000000030559003938395396
-1591.375 -4000.625 0.0000000000000031764341372188633
1724.375 -3813.125 0.0000000000000015999422463713462
1854.875 -3783.125 0.0000000000000014568828436049364
927.875 -2772.125 0.0000000000000012976938077807648
-1070.125 -2250.875 0.0000000000000023657983112020724
909.125 -2985.125 0.0000000000000013399555539472892
-1150.375 -1856.375 0.000000000000002166895606929058
-1691.875 -2952.125 0.0000000000000016422139962874892
378.875 -3926.375 0.0000000000000013608541063596462
445.625 -3885.875 0.0000000000000013637376919616894
1008.875 -2466.875 0.000000000000001232288750228322
1971.875 -2164.625 0.000000000000002985162097134006
683.375 -3708.875 0.0000000000000013707730683291386
873.875 -3237.875 0.0000000000000013688570137874276
-1376.125 -3602.375 0.0000000000000017256024175638897
-1043.125 -2349.125 0.0000000000000024114751798434056
-1144.375 -1926.875 0.000000000000002204430584834348
-1902.625 -2400.125 0.000000000000001544678856316897
-1449.625 -3468.875 0.000000000000001714931440865234
1102.625 -2133.875 0.0000000000000011546083445064726
1832.375 -2602.625 0.000000000000003165211361971397
-1814.875 -3725.375 0.0000000000000030962892361988727
-1808.875 -3729.875 0.0000000000000031131897823575136
-356.125 -3941.375 0.000000000000002721546445811411
