-1583.125 -3715.625 0.000000000000001588766478392366
-1768.375 -3987.125 0.000000000000002995051168756526
-1820.125 -2116.625 0.00000000000000000005618924857853813
-1891.375 -3005.375 0.0000000000000015079414720168017
-1558.375 -3762.125 0.000000000000001595312968329753
2044.625 -2505.875 0.0000000000000028773481230436786
-1798.375 -3255.125 0.0000000000000015378311677500545
1984.625 -2716.625 0.0000000000000029388176037517096
-1389.625 -3490.625 0.0000000000000023491945135504166
1536.125 -3076.625 0.0000000000000011089695696453625
-1550.125 -3777.875 0.0000000000000015974685331614072
-1874.125 -1907.375 0.0000000000000017923345614524503
-1739.125 -2508.875 0.0000000000000020261689808051273
1273.625 -3714.125 0.0000000000000012007490677446632
-2091.625 -2322.125 0.0000000000000014030286761210523
1881.125 -1828.625 0.0000000000000008803549571803551
1437.875 -3956.375 0.000000000000003225302570801945
1662.125 -3557.375 0.000000000000003140136483561352
-2100.625 -2283.875 0.0000000000000013969787849874296
1842.875 -2070.875 0.0000000000000009287386129880854
1773.875 -3983.375 0.0000000000000014936402187156277
-1842.625 -2070.875 0.0000000000000018574770456789005
-2012.125 -2620.625 0.0000000000000014556788590838347
-1759.375 -2407.625 0.0000000000000019874764884892366
1579.625 -2967.125 0.0000000000000010919139362045286
1741.625 -3388.625 0.0000000000000031048621106493936
1636.625 -2814.125 0.0000000000000010667824184561739
-1862.875 -1950.125 0.0000000000000018091202149882026
2056.625 -2455.625 0.000000000000002847611250286371
1407.875 -3995.375 0.0000000000000032204423315671912
2091.125 -2322.125 0.000000000000002806056743850915
-1790.125 -3274.625 0.00000000000000153996306283426
-1575.625 -3730.625 0.000000000000001591070079634536
-1819.375 -2156.375 0.0000000000000018908354024468002
-1836.625 -2092.625 0.0000000000000018658323222723187
-1805.875 -3236.375 0.0000000000000015356194047294682
1126.625 -3920.375 0.0000000000000012183709167205983
-1884.625 -3024.875 0.0000000000000015104060385035365
1850.375 -3120.875 0.00000000000000304437663026386
1396.625 -3471.125 0.0000000000000011718292691343004
-1427.875 -3393.125 0.0000000000000023210699308439744
-1799.875 -3995.375 0.0000000000000029309290627693643
1345.625 -3576.875 0.0000000000000011842341008914678
-1715.875 -3445.625 0.0000000000000015584381614467041
-1140.625 -3901.625 0.000000000000002432998133060259
-1828.375 -3178.625 0.000000000000001528973486834426
-1430.875 -3963.875 0.000000000000001606900791291026
-2081.875 -2360.375 0.0000000000000014090308931516072
1803.125 -2256.875 0.0000000000000009652490226197556
1419.125 -3413.375 0.000000000000001163381682427402
1100.375 -3946.625 0.0000000000000012186971580213244
-1440.625 -3354.125 0.0000000000000023090939620000794
-1854.625 -3113.375 0.0000000000000015284321228635632
-1553.875 -3032.375 0.000000000000002204459020874001
-1784.875 -2321.375 0.00000000000000195504291708725
1629.125 -2835.875 0.0000000000000010704533129896579
1758.875 -2407.625 0.0000000000000009937382442446183
-1408.375 -3995.375 0.0000000000000016102211523287386
1497.875 -3179.375 0.000000000000001125725691323524
2061.875 -2436.125 0.000000000000002841752894490983
-1493.875 -3197.375 0.00000000000000225836368625296
1655.375 -3572.375 0.0000000000000031454837753639056
1217.375 -3798.875 0.000000000000001208130479685922
-2135.125 -2138.375 0.0000000000000013662996856511907
1447.625 -3941.375 0.0000000000000032216439669923093
2105.375 -2265.125 0.000000000000002787873982262454
-2061.625 -2436.125 0.0000000000000014208764472454916
1810.625 -4002.125 0.0000000000000014492495117663802
-1295.125 -3675.125 0.0000000000000023924362799906245
-1488.625 -3878.375 0.0000000000000016035715671315608
-1372.375 -3529.625 0.000000000000002359854170766802
-1910.875 -2947.625 0.0000000000000015005917449155576
1473.125 -3271.625 0.0000000000000011424027233602766
-1772.125 -2364.125 0.0000000000000019713016992765112
1054.625 -3999.875 0.0000000000000012239447570073134
1805.375 -3236.375 0.0000000000000030712388094589365
-1696.375 -2639.375 0.0000000000000020732558699304982
-1517.875 -3120.125 0.000000000000002231187661295405
-1168.375 -3864.125 0.0000000000000024253780068050687
-1848.625 -2049.875 0.0000000000000018491144570571956
-2066.875 -2417.375 0.0000000000000014179347461148528
1182.125 -3845.375 0.0000000000000012107514562888287
1766.375 -3331.625 0.0000000000000030925810862762228
-1607.125 -3669.125 0.0000000000000015819247329897485
1808.375 -2159.375 0.00000000000000000002853368073785421
-1831.375 -2113.625 0.0000000000000018741773048353033
1428.125 -3393.125 0.0000000000000011605349654219872
1265.375 -3721.625 0.000000000000001199616796480026
1522.625 -3825.125 0.000000000000003206866332149231
1862.375 -1950.125 0.0000000000000009045601074941013
1191.125 -3837.875 0.000000000000001212126278491111
-1667.125 -2726.375 0.0000000000000021037432813352164
1789.625 -3985.625 0.0000000000000014781748995958914
-1620.625 -2857.625 0.000000000000002148209172825987
-1306.375 -3655.625 0.0000000000000023878039690801846
-1054.375 -3999.875 0.00000000000000244788948683532
-1961.125 -2793.875 0.0000000000000014800818285524521
1674.875 -2704.625 0.0000000000000010480894343149555
1230.125 -3780.125 0.0000000000000012060650647214577
-1544.875 -3054.125 0.0000000000000022112278254666414
-1590.625 -3700.625 0.000000000000001586461765480937
1621.625 -3639.125 0.000000000000003154100639881936
-1773.625 -3983.375 0.000000000000002987280582496746
-1682.125 -2682.875 0.0000000000000020885761621265915
-1412.875 -3432.125 0.0000000000000023325330521974307
-1628.875 -2835.875 0.0000000000000021409066259793157
1731.875 -2530.625 0.0000000000000010170532741060199
1111.625 -3938.375 0.0000000000000012202217208542981
1554.125 -3032.375 0.0000000000000011022295104370026
2039.375 -2525.375 0.0000000000000028830926218273793
-1750.375 -3369.875 0.0000000000000015504237882375403
1966.625 -2774.375 0.0000000000000029548806167396173
1765.625 -2385.875 0.0000000000000009897014053231658
-1508.125 -3141.875 0.0000000000000022377269730773254
-1898.125 -2986.625 0.0000000000000015055109079701155
1205.375 -3818.375 0.0000000000000012101511289517249
1404.875 -3451.625 0.0000000000000011690671209579887
-1967.125 -2774.375 0.0000000000000014774403083698086
1488.125 -3216.125 0.0000000000000011325159745375899
1897.625 -2986.625 0.000000000000003011021815940231
1644.125 -2792.375 0.000000000000001063086572335091
1517.375 -3120.125 0.0000000000000011155938306477025
-1541.125 -3793.625 0.0000000000000015994593044740434
2017.625 -2601.875 0.000000000000002905765147668292
1854.125 -2028.125 0.0000000000000009203726910165087
1749.875 -3369.875 0.0000000000000031008475764750827
1295.375 -3675.125 0.0000000000000011962181479547671
-1482.625 -3234.875 0.0000000000000022716274366513484
1733.375 -3407.375 0.0000000000000031089399993528532
1884.875 -1864.625 0.0000000000000008877687039468761
-2071.375 -2397.875 0.0000000000000014149809883399937
1930.625 -2889.875 0.000000000000002986138531486262
-2028.625 -2563.625 0.0000000000000014472443199643905
-2105.875 -2265.125 0.000000000000001393936991131227
-1273.375 -3714.125 0.0000000000000024014981354893265
-2110.375 -2246.375 0.0000000000000013908865777315767
-1948.375 -2832.125 0.000000000000001485311209697652
2110.625 -2246.375 0.0000000000000027817723082593936
1745.375 -2487.875 0.0000000000000010090969275122107
-1112.125 -3938.375 0.0000000000000024404434417085962
1583.375 -3715.625 0.0000000000000031775330066602193
1842.875 -3140.375 0.0000000000000030489376188107782
-1448.875 -3348.125 0.0000000000000023099062657215075
-1286.125 -3693.875 0.0000000000000023970636333609195
1771.625 -2364.125 0.0000000000000009856508496382556
-1588.375 -2945.375 0.000000000000002176845426849358
1716.125 -3445.625 0.000000000000003116876322893403
-1562.875 -3010.625 0.0000000000000021976340837354104
1140.875 -3901.625 0.0000000000000012164990665301296
1363.625 -3549.125 0.0000000000000011825345747894994
-1085.125 -3964.625 0.000000000000002440933831760607
1482.875 -3234.875 0.0000000000000011358137183256738
1878.125 -3044.375 0.000000000000003025584438556261
-1100.875 -3946.625 0.000000000000002437394316042649
2034.125 -2544.125 0.0000000000000028888053221669616
-1904.875 -2967.125 0.0000000000000015030610735846899
1689.125 -3502.625 0.0000000000000031284208054137287
-1803.625 -3996.875 0.0000000000000029204213320065154
-1437.625 -3956.375 0.0000000000000016126512731768567
1527.125 -3098.375 0.0000000000000011122960205721404
1641.875 -3601.625 0.0000000000000031559396044295946
1797.875 -3255.125 0.0000000000000030756623355001172
-1473.625 -3271.625 0.000000000000002284805446720551
-1599.625 -3684.125 0.0000000000000015843046384945032
1830.875 -2113.625 0.0000000000000009370886524176517
-1648.375 -3586.625 0.000000000000001575375157508738
-2120.875 -2195.375 0.0000000000000013756119805111388
-1851.625 -1992.125 0.0000000000000018258773940529284
-1877.875 -3044.375 0.0000000000000015127922192781336
1869.125 -3074.375 0.000000000000003047605749658516
1948.625 -2832.125 0.000000000000002970622419395304
1887.125 -1807.625 0.0000000000000008761437598983542
-1536.625 -3076.625 0.0000000000000022179391392907123
1972.625 -2755.625 0.000000000000002949560975958498
1848.875 -2049.875 0.0000000000000009245572285285978
1434.875 -3373.625 0.0000000000000011575842258459764
-1752.625 -2429.375 0.00000000000000199552765555432
1749.125 -3996.875 0.0000000000000015095419685512578
-1868.875 -3074.375 0.000000000000001523802874829258
-1706.875 -3464.375 0.000000000000001560361943607409
-1850.125 -3120.875 0.0000000000000015221883151319304
-1885.375 -1864.625 0.000000000000001775537407893753
1936.625 -2870.375 0.0000000000000029810467540762585
1782.125 -3293.375 0.000000000000003084155966716651
-1508.125 -3846.875 0.0000000000000015997762020172432
1069.625 -3982.625 0.000000000000001222219462059469
-1454.125 -3329.375 0.000000000000002303666534157053
1930.625 -1614.875 0.0000000000000008491977745659435
1778.375 -2343.125 0.0000000000000009815914130064402
-2044.375 -2505.875 0.0000000000000014386740615218393
1774.625 -3312.875 0.000000000000003088446592847913
1989.875 -2697.875 0.0000000000000029333942773571362
-1842.625 -3140.375 0.0000000000000015244688094053891
1790.375 -3274.625 0.0000000000000030799264637090364
-1825.375 -2135.375 0.000000000000001882511707778617
-1070.125 -3982.625 0.000000000000002444438895517868
1942.625 -2851.625 0.000000000000002975796249116776
1923.875 -2909.375 0.0000000000000029911914596316206
-1813.375 -2178.125 0.0000000000000018991466590741147
1791.125 -2299.625 0.0000000000000009734418244494555
1549.625 -3777.875 0.000000000000003194937066322816
-1181.875 -3845.375 0.0000000000000024215028601758358
-1995.625 -2678.375 0.0000000000000014639682975012386
1458.125 -3926.375 0.000000000000003217935388150609
-1793.875 -3985.625 0.0000000000000029468285320894295
-1627.375 -3632.375 0.00000000000000158283559636345
1780.625 -3988.625 0.0000000000000014871809399084364
-1917.625 -2928.875 0.000000000000001498103531072397
-2116.375 -2214.125 0.000000000000001378696272754407
-1774.375 -3312.875 0.0000000000000015442232964239565
-1703.875 -2617.625 0.000000000000002065535159309342
-1795.375 -3994.625 0.000000000000002941108463341337
1784.375 -2321.375 0.0000000000000009775214585436282
-2023.375 -2582.375 0.0000000000000014500709080715271
1718.375 -2574.125 0.000000000000001024949472110844
2121.125 -2195.375 0.0000000000000027512239610222776
-1955.125 -2813.375 0.000000000000001482705793224674
1372.625 -3529.625 0.000000000000001179927085383401
1868.375 -1928.375 0.0000000000000009003643614315004
1778.375 -3980.375 0.0000000000000014895708520812597
-1778.875 -3980.375 0.0000000000000029791415794921896
1590.875 -3700.625 0.000000000000003172923530961874
1412.375 -3432.125 0.0000000000000011662665595538847
-1746.625 -3992.375 0.0000000000000030220737085109895
-1790.875 -2299.625 0.000000000000001946883648898911
1854.875 -3113.375 0.0000000000000030568638261455304
1567.625 -3746.375 0.0000000000000031865931249885885
-1604.875 -2901.125 0.000000000000002162656794778253
1532.375 -3809.375 0.000000000000003203086011769759
1803.125 -3996.875 0.0000000000000014602106660032597
1596.125 -2923.625 0.000000000000001084900698189256
1820.375 -2116.625 0.000000000000000000028094624289269065
2100.875 -2283.875 0.000000000000002793957569974859
2096.375 -2303.375 0.000000000000002800023873847084
-2172.625 -1971.875 0.0000000000000013338078475542918
-2086.375 -2340.875 0.0000000000000014060348239934849
-1497.625 -3179.375 0.0000000000000022514513826470465
1821.125 -3197.375 0.000000000000003062498953716119
-1784.875 -3986.375 0.000000000000002965529437335514
-1815.625 -2213.375 0.0000000000000019139922578000107
1155.125 -3882.875 0.0000000000000012146024872854194
-1636.375 -2814.125 0.0000000000000021335648369123478
-1710.625 -2595.875 0.0000000000000020577417904065322
-1526.875 -3098.375 0.0000000000000022245920411442776
1659.875 -2748.875 0.000000000000001055630373845946
-1978.375 -2736.125 0.0000000000000014721032606266922
1448.375 -3348.125 0.0000000000000011549531328607544
-1652.125 -2770.625 0.000000000000002118738746144904
-1886.875 -1807.625 0.0000000000000017522875197967084
1461.125 -3309.875 0.0000000000000011487297271605653
-1808.875 -2159.375 0.00000000000000000005706736147570842
1696.625 -2639.375 0.0000000000000010366279349652491
1587.875 -2945.375 0.0000000000000010884228960537015
-1419.625 -3979.625 0.0000000000000016085739654350107
-1317.625 -3635.375 0.00000000000000238317269385798
-1404.625 -3451.625 0.0000000000000023381342419159775
-1724.875 -2552.375 0.000000000000002042015254937763
-1990.375 -2697.875 0.0000000000000014666971386785681
-1241.125 -3760.625 0.000000000000002407840380892262
1454.375 -3329.375 0.0000000000000011518332670785266
-1780.375 -3988.625 0.0000000000000029743618798168728
1814.375 -2138.375 0.000000000000000000028314000642096915
-1813.375 -3216.875 0.0000000000000015334435216776576
1738.625 -2508.875 0.0000000000000010130844904025637
1606.625 -3669.125 0.0000000000000031638493839135563
-1689.625 -2661.125 0.0000000000000020809337945112523
-1745.875 -2451.125 0.0000000000000020035486316496776
2134.625 -2138.375 0.000000000000002732599371302382
-2144.125 -2100.875 0.0000000000000013600289357905665
1835.375 -3159.125 0.0000000000000030534612545047546
1682.375 -2682.875 0.0000000000000010442883750364258
-1731.625 -2530.625 0.0000000000000020341065482120397
2023.625 -2582.375 0.0000000000000029001418161430542
-1789.375 -3985.625 0.000000000000002956349799191783
-1265.125 -3721.625 0.0000000000000023992335929600517
1851.125 -1992.125 0.0000000000000009129386970264642
-2076.625 -2379.125 0.0000000000000014120160054755397
-1835.875 -3159.125 0.0000000000000015267306272523783
-1571.125 -2988.875 0.0000000000000021907584570012916
1354.625 -3556.625 0.0000000000000011817015506071625
1337.375 -3595.625 0.0000000000000011867676203718223
-2051.125 -2474.375 0.0000000000000014267211268678014
1440.875 -3354.125 0.0000000000000011545469810000397
1241.375 -3760.625 0.000000000000001203920190446131
1799.375 -3995.375 0.0000000000000014654645313846821
-2001.625 -2659.625 0.0000000000000014612231277653345
-1468.375 -3909.875 0.0000000000000016072525079144967
-1718.125 -2574.125 0.000000000000002049898944221688
-1190.875 -3837.875 0.000000000000002424252532007808
1467.125 -3291.125 0.0000000000000011455843652532261
-1802.875 -2181.125 0.00000000000000000005750721469010689
1978.625 -2736.125 0.0000000000000029442065212533844
-2018.125 -2601.875 0.000000000000001452882915679665
1689.125 -2661.125 0.0000000000000010404668972556262
1634.375 -3617.375 0.0000000000000031606435470536926
1380.125 -3510.875 0.0000000000000011772382977095655
1954.625 -2813.375 0.000000000000002965411586449348
1768.625 -3987.125 0.0000000000000014975255016328314
-1868.125 -1928.375 0.000000000000001800728722863001
1612.625 -2879.375 0.0000000000000010777260990161958
1168.625 -3864.125 0.0000000000000012126890034025344
-2096.125 -2303.375 0.000000000000001400011936923542
1761.125 -3984.875 0.0000000000000015030647834569776
1254.125 -3741.125 0.0000000000000012017970337031307
-1345.375 -3576.875 0.000000000000002368468220870961
-1741.375 -3388.625 0.0000000000000015524310553246968
1746.125 -2451.125 0.000000000000001001773990841965
-1641.625 -3601.625 0.0000000000000015779698022147973
1545.125 -3054.125 0.0000000000000011056139127333205
-1655.125 -3572.375 0.0000000000000015727418876819528
1703.375 -2617.625 0.000000000000001032767579654671
1508.375 -3141.875 0.0000000000000011188634865386633
-1820.875 -3197.375 0.0000000000000015312493383164528
-1253.875 -3741.125 0.0000000000000024035940674062625
-1810.375 -4002.125 0.0000000000000028984987762121884
1698.125 -3483.125 0.000000000000003124640309416994
-1739.875 -3999.875 0.0000000000000030274877716000618
1648.625 -3586.625 0.00000000000000315075031501748
2172.125 -1971.875 0.0000000000000026676156951085837
1710.875 -2595.875 0.0000000000000010288708952032661
-2033.875 -2544.125 0.000000000000001444402392219439
1818.875 -2156.375 0.0000000000000009454177012234001
-1923.625 -2909.375 0.0000000000000014955957298158103
-1670.875 -3539.375 0.0000000000000015680288232324893
1285.625 -3693.875 0.0000000000000011985318166804611
-1942.375 -2851.625 0.0000000000000014878981245583863
-1612.375 -2879.375 0.0000000000000021554520702360583
-1487.875 -3216.125 0.0000000000000022650319490751798
-2126.125 -2176.625 0.0000000000000013725171531890167
-1807.375 -3999.125 0.000000000000002909587899229111
1575.125 -3730.625 0.0000000000000031821401592690703
1824.875 -2135.375 0.0000000000000009412558538893085
-1757.875 -3351.125 0.0000000000000015483414929652106
1507.625 -3846.875 0.0000000000000031995524040344864
1317.875 -3635.375 0.000000000000001191586342147614
1752.125 -2429.375 0.00000000000000099776382777716
2007.125 -2640.125 0.000000000000002916918322079643
1857.125 -1971.125 0.0000000000000009087509893807423
-1984.375 -2716.625 0.0000000000000014694088018758548
1614.875 -3653.375 0.0000000000000031593908833811435
-1930.375 -2889.875 0.0000000000000014930690651618555
-1760.875 -3984.875 0.000000000000003006129566913955
-1644.625 -2792.375 0.00000000000000212617259729241
-1972.375 -2755.625 0.000000000000001474780487979249
1085.375 -3964.625 0.0000000000000012204669158803124
1960.625 -2793.875 0.0000000000000029601636571049042
-1659.625 -2748.875 0.000000000000002111260747691892
-1724.875 -3426.875 0.0000000000000015564366478771867
-1434.625 -3373.625 0.000000000000002315168451691953
1468.625 -3909.875 0.0000000000000032145050158289934
1879.625 -1885.625 0.0000000000000008919690453193198
-2039.125 -2525.375 0.0000000000000014415463109136897
1891.625 -3005.375 0.0000000000000030158829440336023
1502.375 -3161.375 0.000000000000001122283495318625
-1688.875 -3502.625 0.0000000000000015642104027068643
-1460.875 -3309.875 0.0000000000000022974594543211305
1707.125 -3464.375 0.0000000000000031207238872148193
2066.375 -2417.375 0.000000000000002835868727661464
-2130.625 -2157.125 0.0000000000000013694155002380771
1430.375 -3963.875 0.000000000000003213801582582052
1626.875 -3632.375 0.0000000000000031656711927269
-1634.125 -3617.375 0.0000000000000015803217735268445
-1854.625 -2028.125 0.0000000000000018407453820330174
1815.875 -2213.375 0.0000000000000009569961289000053
1995.875 -2678.375 0.0000000000000029279365950024804
1671.125 -3539.375 0.0000000000000031360576464649778
2130.125 -2157.125 0.0000000000000027388310004761543
-1615.375 -3653.375 0.0000000000000015796954416905724
-1363.375 -3549.125 0.000000000000002365069149578999
-1765.375 -2385.875 0.0000000000000019794023083212213
-1457.875 -3926.375 0.0000000000000016089676940753034
-1448.125 -3941.375 0.0000000000000016108219689103313
-1782.625 -3293.375 0.000000000000001542077983358326
1667.375 -2726.375 0.000000000000001051871640667608
1827.875 -3178.625 0.0000000000000030579469736688474
1479.125 -3894.125 0.000000000000003210956020413408
-1797.625 -2277.875 0.0000000000000019387017084449246
2125.625 -2176.625 0.0000000000000027450343063780335
1497.875 -3863.375 0.0000000000000032031897372481486
-1126.375 -3920.375 0.000000000000002436741833441193
-1766.125 -3331.625 0.0000000000000015462905431381114
-1419.625 -3413.375 0.0000000000000023267633648548044
-1754.875 -3990.875 0.0000000000000030128442182080617
1540.625 -3793.625 0.0000000000000031989186089480885
1605.125 -2901.125 0.0000000000000010813283342073041
2143.625 -2100.875 0.000000000000002720057871581133
-1862.125 -3093.875 0.0000000000000015261272541716506
1389.875 -3490.625 0.00000000000000117459723553661
1725.125 -2552.375 0.0000000000000010210076274688818
-1778.125 -2343.125 0.0000000000000019631828260128804
1797.125 -2277.875 0.0000000000000009693508542224623
1873.625 -1907.375 0.0000000000000008961672807262252
2012.375 -2620.625 0.0000000000000029113577181676694
1917.875 -2928.875 0.000000000000002996206676707125
-1930.375 -1614.875 0.000000000000001698395549131887
1516.625 -3831.875 0.0000000000000031954674367672526
-1337.125 -3595.625 0.000000000000002373535240743645
1884.875 -3024.875 0.0000000000000030208120770070833
-1397.125 -3471.125 0.000000000000002343658538268602
1558.625 -3762.125 0.0000000000000031906259366595057
-1766.125 -3980.375 0.0000000000000029991018788869534
-1856.875 -1971.125 0.0000000000000018175019787614502
1746.875 -3992.375 0.0000000000000015110368542554961
-1745.125 -2487.875 0.0000000000000020181943442963603
-1522.375 -3825.125 0.0000000000000016034331655784651
-1205.125 -3818.375 0.0000000000000024203023316444605
1836.875 -2092.625 0.0000000000000009329161611361594
1911.125 -2947.625 0.0000000000000030011834898311177
1813.625 -3216.875 0.000000000000003066887313968211
-1733.125 -3407.375 0.0000000000000015544699996764266
2139.125 -2119.625 0.0000000000000027263422774419095
1571.375 -2988.875 0.0000000000000010953794591323821
1419.125 -3979.625 0.0000000000000032171479308700215
-1879.375 -1885.625 0.0000000000000017839380906386396
2076.875 -2379.125 0.0000000000000028240320109510794
1724.375 -3426.875 0.0000000000000031128732957543733
-1229.875 -3780.125 0.0000000000000024121301294429155
-1478.875 -3894.125 0.0000000000000016054780189852083
-1502.125 -3161.375 0.0000000000000022445668970029343
2086.625 -2340.875 0.0000000000000028120696479869698
1809.875 -2235.125 0.0000000000000009611385492658051
-1532.125 -3809.375 0.0000000000000016015430058848787
1758.125 -3351.125 0.0000000000000030966829859304215
-1580.125 -2967.125 0.0000000000000021838278724090552
-1217.875 -3798.875 0.000000000000002416260959371844
1599.125 -3684.125 0.0000000000000031686092769890096
-1679.875 -3521.375 0.0000000000000015661276317666038
1326.125 -3615.875 0.0000000000000011891631002728374
-1674.625 -2704.625 0.0000000000000020961794510986527
-1379.875 -3510.875 0.0000000000000023544765954191303
1488.875 -3878.375 0.0000000000000032071431342631244
-1697.875 -3483.125 0.000000000000001562320154708497
-2056.375 -2455.625 0.0000000000000014238056251431855
-1814.125 -2138.375 0.00000000000000000005662800128419383
1651.625 -2770.625 0.0000000000000010593693730724537
1680.125 -3521.375 0.000000000000003132255263533212
2071.625 -2397.875 0.0000000000000028299619766799873
-1154.875 -3882.875 0.000000000000002429204974570837
1904.375 -2967.125 0.0000000000000030061221471693797
-1881.625 -1828.625 0.0000000000000017607099143607103
-2139.625 -2119.625 0.0000000000000013631711387209547
1305.875 -3655.625 0.0000000000000011939019845400933
-1326.625 -3615.875 0.000000000000002378326200545675
-1466.875 -3291.125 0.0000000000000022911687305064522
1562.375 -3010.625 0.0000000000000010988170418677052
1795.625 -3994.625 0.0000000000000014705542316706692
-1936.375 -2870.375 0.0000000000000014905233770381288
-1567.375 -3746.375 0.0000000000000015932965561153747
-1748.875 -3996.875 0.0000000000000030190839371025157
-1661.875 -3557.375 0.0000000000000015700682955247674
2001.125 -2659.625 0.0000000000000029224462555306733
-1478.125 -3253.625 0.000000000000002278252125385181
2081.375 -2360.375 0.0000000000000028180617863032143
1620.875 -2857.625 0.0000000000000010741045864129944
1861.625 -3093.875 0.0000000000000030522540789854546
1766.375 -3980.375 0.0000000000000014995509394434767
1478.375 -3253.625 0.0000000000000011391259524324435
-2006.875 -2640.125 0.0000000000000014584591610398214
-1497.625 -3863.375 0.0000000000000016015948646995544
2028.875 -2563.625 0.000000000000002894488639928781
-1596.625 -2923.625 0.000000000000002169801396378512
1493.375 -3197.375 0.00000000000000112918184312648
-1809.625 -2235.125 0.0000000000000019222770985316102
-1803.625 -2256.875 0.0000000000000019304980452395113
