0 239.98939032550808
-4.064678647976547 239.9506200126538
-8.12657730921271 239.83434376602239
-12.182917886578862 239.6406656198648
-16.230926060915547 239.36975882575936
-20.267833176886406 239.02186564464793
-24.513918909764477 239.74146238719908
-28.557139190105996 239.23402230069482
-32.580828338127766 238.64973332325496
-36.91507599495265 239.1105374406577
-40.92764428278915 238.36461723995535
-45.31716397628698 238.64392530999896
-49.30667830165627 237.73506927518764
-53.73840814056224 237.82796764911868
-58.203753482452456 237.81929779680888
-62.153371512656925 236.6577385420798
-66.6404062151878 236.45561877336786
-71.15006970295204 236.14739713734434
-75.67846344752866 235.73144892578733
-80.22163037670413 235.20625538439984
-84.77555814281334 234.5704052779802
-89.33618245701629 233.82259634196933
-94.67592226504016 233.88441657620268
-99.26860001808056 232.8876068598655
-104.69299940620016 232.6534482489999
-109.29869182851458 231.4004288576855
-114.78619201291094 230.86029236285282
-120.31129656716301 230.1513525529746
-125.86774407084698 229.2707978846526
-131.4491749690173 228.21600206201606
-137.0491375797954 226.9845269424199
-143.69531881493796 226.2733310671951
-150.39756219499156 225.32393704361277
-157.14701471417484 224.13242703838756
-163.93469045016198 222.69515840719535
-170.7514794890596 221.00876790695307
-178.7416463243186 219.61969156192828
-187.9605025176856 218.42965287787197
-196.06695373398918 216.3665959796182
-205.4181787783145 214.4285180863897
-216.05936930867665 212.51145722519433
-226.77754626921748 210.12392845206048
-238.82568226765224 207.61066916646325
-252.23575613828424 204.86179493113534
-267.0343375966537 201.7653832458842
-283.2425181078436 198.20772095003178
-302.2069301960423 194.28176031314425
-323.9763181682608 189.76155876911315
-347.2323518646955 184.28323343643385
-376.06948191016374 178.02052746155366
-409.1894820602448 170.4566839210765
-449.39417239397983 161.29071763220284
-499.5348080044502 149.91937964955258
-562.4934983202144 135.4363392968164
-645.3897125184118 116.36648883667243
-758.2301422657349 90.23815979793021
-922.4177121688581 52.259080329472475
NaN NaN
NaN NaN
NaN NaN
-1064.7456187816388 -173.7672695344952
-1055.9620636507937 -193.11943676362475
-1048.382887374908 -216.28525235195124
-1042.184498362929 -239.47070005391973
-1036.6440289378813 -262.8367124224453
-1032.2341426287812 -286.7208985480119
-1028.7589134451812 -311.0909115156724
-1025.0540613718101 -335.8471750837246
-1022.249698543837 -360.57207293573344
-1019.0608715417815 -385.5544752904463
-1016.6401764414878 -410.6188531211929
-1014.933203075922 -435.8927740130647
-1012.6548653502774 -461.5272018680014
-1010.9814365253354 -487.5091908203409
-1008.6349644079178 -513.8795304491788
-1006.7910311229608 -540.7215387167306
-1005.3909718383641 -568.1404074034132
-1003.1721083666139 -596.0172472535418
-1002.475336104617 -624.8359770127704
-1000.8431352046836 -654.2032329241746
-987.7908366348518 -680.8866715736715
-971.7339614940875 -706.4838405715107
-955.0373847257001 -731.6043572068443
-937.714921949503 -756.2358140239928
-919.7806703472651 -780.3658090248865
-901.2489588942515 -803.9820451924501
-882.1343715503151 -827.0723816502797
-862.4517543398155 -849.6248847430642
-842.2161414461087 -871.6278826187282
-821.442792968201 -893.0699853561025
-800.147179833542 -913.9401145925589
-778.3449288363613 -934.2275249349434
-756.051870279339 -953.9218183019696
-733.2839698042152 -973.0129557224827
-710.0573455182802 -991.4912663667275
-686.3915638289183 -1009.348491542374
-662.320844479511 -1026.58286724242
-637.8590897702582 -1043.1884923443486
-613.017372172367 -1059.1581205252407
-587.8075022701015 -1074.484232298399
-562.2420962098465 -1089.159214440589
-536.3343489126909 -1103.1753735276257
-510.0981067148058 -1116.5250870848581
-483.5477491683316 -1129.2008319638721
-456.69821109340586 -1141.195297837986
-429.56483179030676 -1152.50134527397
-402.1634438808633 -1163.1121642003088
-374.51020690149596 -1173.0211797374789
-346.6217018651632 -1182.2222223239492
-318.51481348108086 -1190.7094633796705
-290.20672222988117 -1198.4774587934571
-261.7148886810352 -1205.5211914057566
-233.05701197160744 -1211.8360692249832
-204.25100277141036 -1217.4179338339056
-175.31497112741283 -1222.2631056764508
-146.2671890976306 -1226.368371489481
-117.12606378677967 -1229.7309740237947
-87.91012851646343 -1232.3486784924792
-58.6380045527076 -1234.219728176911
-29.32838277659029 -1235.3428664896112
0 -1235.717329505217
29.328382776589816 -1235.3428664896112
58.638004552707194 -1234.219728176911
87.91012851646343 -1232.3486784924792
117.12606378677911 -1229.7309740237947
146.2671890976301 -1226.368371489481
175.31497112741283 -1222.2631056764508
204.25100277141001 -1217.4179338339056
233.05701197160684 -1211.8360692249832
261.7148886810352 -1205.5211914057566
290.2067222298807 -1198.4774587934571
318.5148134810806 -1190.7094633796705
346.6217018651632 -1182.2222223239492
374.5102069014956 -1173.021179737479
402.16344388086287 -1163.1121642003088
429.56483179030676 -1152.50134527397
456.69821109340546 -1141.1952978379861
483.5477491683313 -1129.2008319638726
510.0981067148058 -1116.5250870848581
536.3343489126908 -1103.1753735276257
562.2420962098465 -1089.159214440589
587.8075022701015 -1074.484232298399
613.017372172367 -1059.1581205252407
637.8590897702582 -1043.1884923443486
662.320844479511 -1026.58286724242
686.391563828918 -1009.348491542374
710.0573455182802 -991.4912663667274
733.2839698042152 -973.0129557224827
756.0518702793382 -953.9218183019699
778.3449288363607 -934.2275249349444
800.147179833542 -913.9401145925589
821.4427929682004 -893.0699853561031
842.2161414461084 -871.6278826187284
862.4517543398152 -849.6248847430643
882.1343715503149 -827.0723816502799
901.2489588942518 -803.9820451924501
919.7806703472651 -780.3658090248865
937.714921949503 -756.2358140239928
955.0373847257 -731.6043572068447
971.7339614940875 -706.4838405715107
987.7908366348512 -680.886671573672
1000.8431352046836 -654.2032329241746
1002.475336104617 -624.8359770127704
1003.1721083666139 -596.0172472535418
1005.3909718383641 -568.1404074034133
1006.7910311229612 -540.7215387167302
1008.6349644079178 -513.8795304491788
1010.981436525335 -487.5091908203421
1012.6548653502774 -461.5272018680014
1014.933203075922 -435.8927740130647
1016.6401764414874 -410.6188531211943
1019.0608715417811 -385.5544752904481
1022.249698543837 -360.57207293573305
1025.0540613718092 -335.84717508372717
1028.7589134451812 -311.0909115156724
1032.2341426287812 -286.7208985480119
1036.6440289378813 -262.8367124224453
1042.184498362929 -239.47070005391973
1048.382887374908 -216.28525235195124
1055.9620636507937 -193.11943676362475
1064.7456187816388 -173.7672695344952
NaN NaN
NaN NaN
NaN NaN
922.4177121688583 52.25908032947068
758.2301422657349 90.23815979793021
645.3897125184118 116.36648883667243
562.4934983202144 135.4363392968164
499.53480800445027 149.9193796495521
449.39417239397994 161.2907176322027
409.1894820602448 170.4566839210763
376.06948191016374 178.02052746155366
347.2323518646955 184.28323343643385
323.9763181682608 189.76155876911315
302.2069301960423 194.2817603131442
283.2425181078436 198.2077209500318
267.03433759665376 201.7653832458841
252.23575613828424 204.86179493113534
238.82568226765224 207.61066916646325
226.77754626921748 210.12392845206048
216.05936930867676 212.51145722519414
205.41817877831454 214.4285180863896
196.06695373398918 216.36659597961813
187.9605025176856 218.42965287787197
178.7416463243186 219.61969156192828
170.7514794890596 221.00876790695307
163.93469045016207 222.69515840719524
157.14701471417487 224.13242703838756
150.39756219499156 225.32393704361274
143.69531881493796 226.2733310671951
137.0491375797954 226.9845269424199
131.4491749690173 228.21600206201606
125.8677440708471 229.27079788465255
120.31129656716305 230.15135255297386
114.78619201291097 230.8602923628528
109.29869182851458 231.4004288576855
104.69299940620016 232.6534482489999
99.26860001808056 232.8876068598655
94.67592226504023 233.88441657620257
89.33618245701632 233.82259634196933
84.77555814281335 234.5704052779802
80.22163037670413 235.20625538439984
75.67846344752866 235.73144892578733
71.15006970295204 236.14739713734434
66.64040621518787 236.45561877336783
62.153371512656975 236.6577385420798
58.203753482452484 237.81929779680883
53.73840814056224 237.82796764911868
49.30667830165627 237.73506927518764
45.31716397628698 238.64392530999896
40.9276442827892 238.36461723995532
36.915075994952694 239.1105374406577
32.58082833812782 238.64973332325494
28.557139190105996 239.23402230069482
24.513918909764477 239.74146238719908
20.267833176886406 239.02186564464793
16.23092606091559 239.36975882575933
12.182917886578904 239.6406656198648
8.126577309212754 239.83434376602239
4.064678647976547 239.9506200126538
