0 523.3722016569743
-5.844560074786396 523.3269292197713
-11.685120034887907 523.1911607110085
-17.517682492218654 522.9650424665849
-23.338255510061355 522.6488181375469
-29.142855324183003 522.2428283271746
-34.92750905846914 521.7475100833473
-40.688257433255444 521.1633962466154
-46.42115746454229 520.4911146546937
-52.12228515228073 519.7313872039864
-57.787738155916514 518.8850287691508
-63.41363845541595 517.9529459817069
-68.99613499596104 516.9361358689391
-79.2907797834344 526.6084510675978
-85.1253348785462 525.291067091944
-90.90164229741632 523.8829570339584
-96.61574853159154 522.3855574068477
-102.26374243418542 520.8003924862949
-107.84175788667098 519.1290720905406
-113.34597643557407 517.3732892315428
-118.77262989731351 515.5348176402541
-124.11800292940009 513.615509169314
-129.3784355662972 511.61729107684033
-142.62608217477631 518.5537746945768
-148.01105003315772 516.1792696637025
-153.29474851340223 513.7237603152291
-158.47355911588167 511.1895991661391
-163.54393475447506 508.5792043976632
-168.50240218142696 505.89505642845575
-183.16025697481632 510.6825956949673
-188.1527281922048 507.5868066441694
-193.01647252160026 504.4177419812521
-197.74815633744433 501.1782792563939
-213.1866703159868 504.28432134816796
-217.88403254365173 500.61312128457627
-222.43233544286346 496.8738951122906
-238.36381244497352 498.56490500343506
-242.82110705976493 494.3807716218885
-259.0701697235797 494.9853287167317
-263.39256723938166 490.34643883949605
-279.8828435585115 489.83331411801777
-284.0256981152464 484.73264317430585
-300.6791231566282 483.0751744305874
-317.4667324005482 480.66248209938294
-334.3598829349937 477.485241888684
-351.32965532540663 473.5350641158632
-368.3468827444861 468.80450304464324
-385.38218029310906 463.2870655708579
-415.9663748093767 458.3265466059846
-446.7315809784113 451.82726409519404
-477.6209556012759 443.7767684049745
-522.4412587346367 434.39786401145085
-567.4375562081866 422.69505881674684
-626.5450847826511 408.1372588784276
-713.9548748337244 388.6912276312517
-829.8833349358835 362.09818803151245
-988.6216549257829 324.4907649074154
NaN NaN
NaN NaN
NaN NaN
-1267.2980210211008 -608.1704114258226
-1248.4790026857386 -620.4629728672371
-1229.0388949597843 -635.8708475160137
-1212.1907814634174 -651.6005469033051
-1196.8675812979977 -667.7646084658518
-1181.9939887281696 -684.8636441843423
-1180.1849420292262 -700.203756064467
-1165.717828660316 -718.8865162054161
-1151.4429128290287 -737.833045941715
-1149.8344063880006 -755.5720577727952
-1135.4963579328025 -775.2500108502668
-1133.4534645856822 -794.4211043054675
-1118.6870393055037 -814.6714647144838
-1115.8922648095756 -835.1286753667481
-1112.5773233493721 -856.3782938259296
-1108.6861411573439 -878.380680624543
-1104.1656042586915 -901.0961807515872
-1087.1975534137566 -922.6972931945345
-1093.049774423689 -948.4974689875385
-1086.3719528708034 -973.0949632905983
-1078.89666843557 -998.2306876430328
-1070.592523871811 -1023.8575160388308
-1072.4236174712464 -1053.6968855151433
-1062.1871814738824 -1080.5371838540577
-1061.6481923899705 -1112.2571579952614
-1049.344749454435 -1140.0887874074517
-1046.2705015186195 -1173.4312096942363
-1041.7648815961202 -1207.6692223912905
-1045.568203621112 -1248.755525788189
-1038.0925760235089 -1284.8970734392724
-1038.6852346433725 -1328.4674879697473
-1028.283245314664 -1366.2508077830953
-1025.4161810755465 -1412.0349266821036
-1029.3792779119365 -1466.7921617422328
-1022.3221326087039 -1515.1582841240124
-1021.4836228964156 -1572.990794584476
-1017.9923538417961 -1632.3572142347389
-1011.7620079289095 -1693.1281321625006
-1010.2664323003601 -1764.650456514108
-1012.6229356193444 -1847.74538518655
-1010.8882373017636 -1933.0462906885923
-1004.9427668232904 -2020.3328295388692
-956.1099787321165 -2045.1995549283702
-894.4658166707308 -2047.2163119140655
-833.5503767574141 -2047.3680967452021
-778.8236656482151 -2056.7660072236345
-719.1944594725345 -2053.4346082223014
-665.1669913517103 -2059.6660515376548
-611.3868497802468 -2064.4118604736195
-557.8945057033953 -2067.686336845399
-504.7340977123909 -2069.511266343609
-451.9450803652062 -2069.903570359883
-399.5703859702145 -2068.8893598521418
-350.2153821144861 -2078.33391492992
-298.41950500910025 -2074.618290813592
-248.99088846054656 -2081.5108378186183
-197.9217813021853 -2075.155483827275
-148.55807219209572 -2079.514871450893
-99.09432654889552 -2082.6311822750304
-49.563851415652486 -2084.501953611615
0 -2085.125708180965
49.563851415651655 -2084.501953611615
99.09432654889474 -2082.6311822750304
148.55807219209572 -2079.514871450893
197.92178130218463 -2075.155483827275
248.99088846054565 -2081.5108378186183
298.41950500910025 -2074.618290813592
350.21538211448524 -2078.33391492992
399.5703859702135 -2068.8893598521418
451.9450803652062 -2069.903570359883
504.73409771239005 -2069.511266343609
557.8945057033944 -2067.6863368453996
611.3868497802468 -2064.4118604736195
665.1669913517095 -2059.6660515376548
719.1944594725335 -2053.4346082223014
778.8236656482151 -2056.7660072236345
833.5503767574137 -2047.3680967452024
894.4658166707302 -2047.2163119140662
956.1099787321165 -2045.1995549283702
1004.9427668232894 -2020.3328295388696
1010.8882373017635 -1933.0462906885925
1012.6229356193444 -1847.74538518655
1010.26643230036 -1764.6504565141083
1011.7620079289084 -1693.128132162501
1017.9923538417961 -1632.3572142347389
1021.4836228964152 -1572.990794584476
1022.3221326087037 -1515.1582841240127
1029.3792779119365 -1466.7921617422328
1025.416181075546 -1412.0349266821045
1028.2832453146632 -1366.2508077830958
1038.6852346433725 -1328.4674879697473
1038.0925760235086 -1284.8970734392726
1045.568203621112 -1248.755525788189
1041.76488159612 -1207.6692223912905
1046.2705015186189 -1173.4312096942365
1049.3447494544346 -1140.088787407452
1061.6481923899705 -1112.2571579952614
1062.1871814738824 -1080.5371838540577
1072.4236174712444 -1053.6968855151442
1070.59252387181 -1023.8575160388314
1078.8966684355703 -998.2306876430326
1086.3719528708034 -973.0949632905985
1093.049774423689 -948.4974689875385
1087.1975534137566 -922.6972931945345
1104.1656042586912 -901.0961807515876
1108.6861411573436 -878.3806806245435
1112.577323349372 -856.3782938259299
1115.8922648095754 -835.1286753667484
1118.6870393055037 -814.6714647144838
1133.4534645856822 -794.4211043054675
1135.4963579328025 -775.2500108502669
1149.8344063880006 -755.5720577727955
1151.442912829028 -737.8330459417156
1165.7178286603153 -718.8865162054166
1180.1849420292262 -700.203756064467
1181.9939887281696 -684.8636441843423
1196.8675812979977 -667.7646084658518
1212.1907814634174 -651.6005469033051
1229.0388949597843 -635.8708475160137
1248.4790026857386 -620.4629728672371
1267.2980210211008 -608.1704114258226
NaN NaN
NaN NaN
NaN NaN
988.621654925783 324.4907649074144
829.8833349358835 362.09818803151245
713.9548748337244 388.6912276312517
626.5450847826511 408.1372588784276
567.4375562081867 422.6950588167463
522.4412587346367 434.3978640114507
477.620955601276 443.7767684049743
446.7315809784113 451.82726409519404
415.9663748093767 458.3265466059846
385.38218029310906 463.2870655708579
368.3468827444862 468.80450304464307
351.3296553254067 473.53506411586307
334.3598829349938 477.48524188868396
317.4667324005482 480.66248209938294
300.6791231566282 483.0751744305874
284.0256981152464 484.73264317430585
279.8828435585116 489.8333141180176
263.3925672393817 490.34643883949593
259.07016972357974 494.98532871673166
242.82110705976493 494.3807716218885
238.36381244497352 498.56490500343506
222.43233544286346 496.8738951122906
217.88403254365178 500.61312128457615
213.18667031598682 504.28432134816796
197.74815633744439 501.17827925639386
193.01647252160026 504.4177419812521
188.1527281922048 507.5868066441694
183.16025697481632 510.6825956949673
168.50240218142707 505.8950564284557
163.54393475447512 508.5792043976632
158.4735591158817 511.18959916613903
153.29474851340223 513.7237603152291
148.01105003315772 516.1792696637025
142.62608217477631 518.5537746945768
129.3784355662973 511.61729107684033
124.11800292940015 513.615509169314
118.77262989731356 515.5348176402541
113.34597643557407 517.3732892315428
107.84175788667098 519.1290720905406
102.26374243418542 520.8003924862949
96.61574853159158 522.3855574068477
90.90164229741636 523.8829570339584
85.12533487854624 525.291067091944
79.2907797834344 526.6084510675978
68.99613499596104 516.9361358689391
63.41363845541595 517.9529459817069
57.78773815591656 518.8850287691508
52.12228515228078 519.7313872039864
46.421157464542965 520.4911146546937
40.688257433255444 521.1633962466154
34.92750905846914 521.7475100833473
29.142855324183003 522.2428283271746
23.33825551006151 522.6488181375469
17.517682492218785 522.9650424665849
11.685120034887955 523.1911607110085
5.844560074786396 523.3269292197713
