0 187.8533903255097
-3.754061734228967 187.81554532072496
-7.505556363034575 187.7020425604915
-11.251918524706083 187.5129787712398
-14.990586343806216 187.24851504372643
-18.719003171426188 186.90887665328452
-22.657660106673298 187.63851813972036
-26.394723776445854 187.14288624494392
-30.113738325407574 186.57213772909165
-34.14500220343337 187.048178800374
-37.85648518267934 186.31915175273002
-41.947024386625415 186.61696446135545
-45.6398679477762 185.7281755222554
-49.77744007111825 185.84265022243798
-53.95134234710572 185.85700862921988
-57.61243170158645 184.71986833514637
-61.81404986171492 184.54349321151858
-66.04160455063803 184.26227325980517
-70.29139058321744 183.87451166610384
-74.55964183104703 183.37861428711815
-78.8425343599348 182.7730914017575
-83.13618963505823 182.05655935817325
-88.21320956938436 182.15052207160073
-92.54759666918885 181.1866338517642
-97.7183116440487 180.98608692078233
-102.07509975570038 179.7672785222126
-107.31864631861431 179.2618596608434
-112.60491513418866 178.58804989294836
-117.92780846808961 177.74294213046636
-123.28112683172895 176.72381347357964
-128.65857488016792 175.52812837447317
-135.08799202552697 174.85274743048348
-141.57937034763347 173.93909503214638
-148.1240013570788 172.78315512575188
-154.71303950597965 171.3811871141468
-161.33751101671163 169.72973034186353
-169.1418121875589 168.3751242347783
-178.18138196331068 167.2189967877279
-186.1152488827512 165.18919797469894
-195.300710031614 163.28363249496923
-205.78307067421883 161.3982477546917
-216.34946060876857 159.04147035284385
-228.25295647023503 156.5579516559054
-241.525636222036 153.8377238726675
-256.194163742785 150.76878407674496
-272.27971963003324 147.2373418506478
-291.12902044876773 143.3362756100686
-312.79088939750244 138.83957256261755
-335.9470700046187 133.38328344295653
-364.69208132922915 127.14108906035854
-397.72776026050644 119.59617439368853
-437.8559846670265 110.44750058235677
-487.92806204780953 99.09176959066716
-550.8261488178047 84.62260639331498
-633.6697556887663 65.56486378479832
-746.4656103818427 39.44683883112452
-910.6166680532251 1.4762303328343855
-918.7301164414118 -23.170486204629842
-920.5438270856002 -47.230381743236386
-921.7278559681482 -71.33604789862842
-922.3105263444106 -100
-922.2020811044245 -119.61362967523348
-921.4910046359611 -143.75680077348275
-920.1476426241563 -167.87867848682674
-918.1724311779569 -191.96315710280345
-915.4928942671801 -216.28558083019502
-911.9493246675261 -241.17339690372944
-907.6363769628325 -266.04463345014506
-902.6140152812592 -290.7086143318763
-896.9170642156154 -315.10909944738387
-890.568383446364 -339.2291062116279
-883.5846768262332 -363.0629252669615
-875.979316087151 -386.607178017477
-867.7638420800939 -409.8579386857734
-858.9487663211106 -432.8100012367905
-849.5440561956221 -455.4568188613552
-839.5594239384841 -477.7906843719669
-829.0045255767427 -499.8029457699901
-817.8890482077833 -521.4842536820447
-806.2228013876247 -542.8247348802163
-794.0157555385388 -563.8141578262874
-781.2780749567922 -584.4420588549698
-768.0201368763558 -604.6978462988036
-754.2525342027375 -624.5708882074099
-739.986102178695 -644.0505717120628
-725.2318758824722 -663.1263750684391
-710.0011199003251 -681.7878985874438
-694.3053417312625 -700.0249007134682
-678.1562240511959 -717.827341629396
-661.5656679249876 -735.1853955803199
-644.5457830430668 -752.0894750741363
-627.1088376815206 -768.5302487853496
-609.2673108632631 -784.4986539030655
-591.0338283532542 -799.9859071404179
-572.4211835801848 -814.9835139463311
-553.4423268688253 -829.4832771256739
-534.1103550623792 -843.4773035344093
-514.4384652517169 -856.957995322996
-494.44004108580526 -869.9180851003324
-474.1285268983223 -882.3505974786372
-453.51750961529604 -894.248884271166
-432.62067240960346 -905.6066114669478
-411.4517887556289 -916.4177589313329
-390.0247216668287 -926.6766239063753
-368.3534164463291 -936.377821012064
-346.45189379357345 -945.5162818710919
-324.3342409594153 -954.087251884515
-302.014599359073 -962.0862802794609
-279.50719032102614 -969.5092560934885
-256.82626751064197 -976.352358834378
-233.9861338384246 -982.6120801221417
-211.00114252659324 -988.2852353392708
-187.88567465251487 -993.3689328325231
-164.65414770921834 -997.8605931241325
-141.3210205324592 -1001.7579814675003
-117.90087715883722 -1005.0595867830795
-94.40810718482524 -1007.7636312474997
-70.85712196179836 -1009.8684907197501
-47.26240656283247 -1011.3728833782297
-23.638504980590437 -1012.2758918051549
0 -1012.5769555842295
23.638504980590035 -1012.2758918051549
47.262406562832126 -1011.3728833782297
70.85712196179836 -1009.8684907197501
94.40810718482481 -1007.7636312474997
117.90087715883683 -1005.0595867830796
141.3210205324592 -1001.7579814675003
164.65414770921802 -997.8605931241326
187.88567465251435 -993.3689328325231
211.00114252659324 -988.2852353392708
233.98613383842422 -982.6120801221417
256.82626751064174 -976.352358834378
279.50719032102614 -969.5092560934885
302.01459935907275 -962.086280279461
324.33424095941496 -954.087251884515
346.45189379357345 -945.5162818710919
368.3534164463289 -936.3778210120643
390.02472166682844 -926.6766239063757
411.4517887556289 -916.4177589313329
432.6206724096033 -905.6066114669478
453.51750961529604 -894.248884271166
474.1285268983223 -882.3505974786372
494.44004108580526 -869.9180851003324
514.4384652517169 -856.957995322996
534.1103550623792 -843.4773035344093
553.442326868825 -829.4832771256739
572.4211835801848 -814.983513946331
591.0338283532542 -799.9859071404179
609.2673108632627 -784.4986539030657
627.1088376815202 -768.5302487853503
644.5457830430668 -752.0894750741363
661.5656679249869 -735.1853955803202
678.1562240511959 -717.8273416293961
694.3053417312624 -700.0249007134684
710.0011199003249 -681.787898587444
725.2318758824723 -663.1263750684391
739.986102178695 -644.0505717120628
754.2525342027375 -624.5708882074099
768.0201368763557 -604.697846298804
781.2780749567922 -584.4420588549698
794.0157555385384 -563.8141578262878
806.2228013876247 -542.8247348802163
817.8890482077833 -521.4842536820447
829.0045255767427 -499.8029457699901
839.5594239384841 -477.790684371967
849.5440561956221 -455.4568188613549
858.9487663211106 -432.8100012367906
867.7638420800935 -409.8579386857744
875.979316087151 -386.607178017477
883.5846768262332 -363.0629252669615
890.5683834463637 -339.2291062116293
896.9170642156153 -315.1090994473857
902.6140152812592 -290.7086143318759
907.6363769628323 -266.04463345014705
911.9493246675261 -241.17339690372944
915.4928942671801 -216.28558083019502
918.1724311779569 -191.96315710280345
920.1476426241563 -167.87867848682674
921.4910046359611 -143.75680077348275
922.2020811044245 -119.61362967523348
922.3105263444106 -100
921.7278559681482 -71.33604789862842
920.5438270856004 -47.23038174323597
918.7301164414118 -23.170486204629842
910.6166680532253 1.4762303328325888
746.4656103818427 39.44683883112452
633.6697556887663 65.56486378479832
550.8261488178047 84.62260639331498
487.9280620478096 99.09176959066669
437.85598466702663 110.44750058235662
397.72776026050644 119.59617439368832
364.69208132922915 127.14108906035854
335.9470700046187 133.38328344295653
312.79088939750244 138.83957256261755
291.12902044876773 143.33627561006855
272.27971963003324 147.23734185064782
256.19416374278507 150.76878407674485
241.525636222036 153.8377238726675
228.25295647023503 156.5579516559054
216.34946060876857 159.04147035284385
205.78307067421895 161.3982477546915
195.30071003161402 163.28363249496914
186.1152488827512 165.18919797469886
178.18138196331068 167.2189967877279
169.1418121875589 168.3751242347783
161.33751101671163 169.72973034186353
154.71303950597974 171.38118711414668
148.12400135707884 172.78315512575188
141.57937034763347 173.93909503214635
135.08799202552697 174.85274743048348
128.65857488016792 175.52812837447317
123.28112683172895 176.72381347357964
117.92780846808972 177.7429421304663
112.6049151341887 178.58804989294762
107.31864631861434 179.26185966084338
102.07509975570038 179.7672785222126
97.7183116440487 180.98608692078233
92.54759666918885 181.1866338517642
88.21320956938443 182.15052207160062
83.13618963505826 182.05655935817325
78.84253435993482 182.7730914017575
74.55964183104703 183.37861428711815
70.29139058321744 183.87451166610384
66.04160455063803 184.26227325980517
61.814049861714985 184.54349321151855
57.6124317015865 184.71986833514637
53.95134234710575 185.85700862921982
49.77744007111825 185.84265022243798
45.6398679477762 185.7281755222554
41.947024386625415 186.61696446135545
37.85648518267939 186.31915175273
34.145002203433414 187.048178800374
30.113738325407628 186.57213772909162
26.394723776445854 187.14288624494392
22.657660106673298 187.63851813972036
18.719003171426188 186.90887665328452
14.99058634380626 187.2485150437264
11.251918524706126 187.5129787712398
7.50555636303462 187.7020425604915
3.754061734228967 187.81554532072496
