0 22.870390325510577
-2.7711226848040584 22.835473433766847
-5.5403519215103465 22.730747298247934
-8.305795544042882 22.556285520002398
-11.065563949532773 22.31221070716157
-13.817771377831683 21.998694384557773
-16.78357797320713 22.76012219868496
-19.551817105587116 22.301857015890096
-22.30669690357551 21.773956934404577
-25.37917658684933 22.29821494526563
-28.137883030358168 21.622645835921936
-31.282306343025343 21.979015986372584
-34.036343077932045 21.153728843569457
-37.24306085136456 21.336481260375145
-40.49469921485718 21.423711987050424
-43.24274716787002 20.363844851363716
-46.54117219052773 20.268937979613142
-49.876001009436806 20.073164147329216
-53.24414026917996 19.774598364082834
-56.64242807801372 19.371407920057788
-60.0676367312212 18.861854727661708
-63.5164755076777 18.244297587082507
-67.76212531536832 18.43997433006067
-71.2791584401302 17.580265319553533
-75.64709576513519 17.4860816650422
-79.21623273580808 16.375533052722616
-83.687794483373 15.979977228831482
-88.21827388905271 15.417335554311844
-92.80209119883766 14.68439859255195
-97.43355344991808 13.778137743070952
-102.10686002147833 12.695709221952681
-107.8503329090356 12.133663685358272
-113.67443430434547 11.333114719550421
-119.57091303627034 10.289735454846657
-125.53136776813894 8.999475324965031
-131.54725552197894 7.458565415499725
-138.76338968899702 6.213039469258636
-147.23561231426902 5.164223239311399
-154.62334076797833 3.239668761764897
-163.28424643185772 1.4369879589600263
-170.7944475429007 -1.1858301057415224
-173.32543484115678 -5.685998403649636
-175.73798951307236 -10.251033559698413
-178.03044571557274 -14.877825255801449
-180.20121897206772 -19.563220180538934
-182.24880729433005 -24.30402414203056
-184.17179225033655 -29.097004210860366
-185.9688399772419 -33.93889089177816
-187.63870213868148 -38.826380322913835
-189.18021682563364 -43.75613650130316
-190.59230940009994 -48.724793533613884
-191.87399328090623 -53.7289579112688
-193.0243706709477 -58.765210809683545
-194.04263322525313 -63.83011041275651
-194.9280626592692 -68.92019426708613
-195.6800312968308 -74.03198167999469
-196.29800255735304 -79.1619762063441
-196.78153138199076 -84.3066683920525
-197.13026459949666 -89.46253961146225
-197.34394124175034 -94.6260743748599
-197.42267802469968 -100
-197.36554280177683 -104.96173476538966
-197.1734087725305 -110.12696755211118
-196.84609985129407 -115.28565982848208
-196.38381832632928 -120.434290163903
-195.78685913901924 -125.56932935860601
-195.0556097572773 -130.68725418529033
-194.19054997174464 -135.78455139453862
-193.19225162634544 -140.85772052932884
-192.06137828449212 -145.90327647281092
-190.79868483124994 -150.9177519107833
-189.405017011658 -155.8976997567193
-187.88131090537658 -160.83969555414032
-186.22859233788446 -165.74033986089964
-184.44797622849 -170.59626061636456
-182.54066587545145 -175.40411549105718
-180.50795217857052 -180.16059421765786
-178.35121279965028 -184.86242090200764
-176.07191126126946 -189.50635631260744
-173.6715959843733 -194.0892001470103
-171.1518992652174 -198.60779327351557
-168.51413369089977 -203.05922678531587
-165.75863087466612 -207.44101017653492
-162.88751063577814 -211.74968444679118
-159.90310918488206 -215.9818800779111
-156.80776209802613 -220.13440343154483
-153.60384431452616 -224.20419588780032
-150.29379421492055 -228.188314080313
-146.8800568573151 -232.0839298276811
-143.36513702855038 -235.8883083060538
-139.75159963420523 -239.59880519968874
-136.0420294304498 -243.2128632535625
-132.2390925651226 -246.72800775264307
-128.34548166922607 -250.1418442348844
-124.3639455445848 -253.45205729187785
-120.29728684344401 -256.6564111311318
-116.14835975562707 -259.75275013385277
-111.92003102837624 -262.7389853792438
-107.61527447988138 -265.61312684163374
-103.23705087408379 -268.3732422831482
-98.78839729738195 -271.01749148511703
-94.27238655923261 -273.5441124630738
-89.69212700334377 -275.95142112935355
-85.05076722844022 -278.2378153141634
-80.35149386819552 -280.4017756388952
-75.59752936494127 -282.44186631926124
-70.79212739305348 -284.35673329951976
-65.93856430675645 -286.1450956745771
-61.040169212734284 -287.8057841703016
-56.10027886147203 -289.3376925398619
-51.122258059921364 -290.73980146343655
-46.10950367317531 -292.01119229576955
-41.0654242763069 -293.15101728910975
-35.993451303656826 -294.15852093081924
-30.89703797018884 -295.03304853685347
-25.779643805694352 -295.7740108757656
-20.6447456679911 -296.3809158330762
-15.495833526129505 -296.8533715282401
-10.33640286738092 -297.191064189478
-5.169956046833803 -297.3937695400285
0 -297.46135295225776
5.1699560468337165 -297.3937695400285
10.336402867380842 -297.191064189478
15.495833526129505 -296.8533715282401
20.644745667991018 -296.3809158330762
25.779643805694253 -295.7740108757656
30.89703797018884 -295.03304853685347
35.99345130365674 -294.15852093081924
41.06542427630681 -293.15101728910975
46.10950367317531 -292.01119229576955
51.12225805992124 -290.73980146343655
56.10027886147195 -289.33769253986196
61.040169212734284 -287.8057841703016
65.93856430675635 -286.14509567457714
70.79212739305338 -284.35673329951976
75.59752936494127 -282.44186631926124
80.35149386819545 -280.4017756388952
85.05076722844017 -278.23781531416347
89.69212700334377 -275.95142112935355
94.27238655923259 -273.5441124630739
98.78839729738192 -271.0174914851171
103.23705087408379 -268.3732422831482
107.61527447988135 -265.61312684163374
111.92003102837624 -262.7389853792438
116.14835975562707 -259.75275013385277
120.29728684344389 -256.6564111311318
124.36394554458471 -253.45205729187788
128.34548166922607 -250.1418442348844
132.23909256512258 -246.72800775264312
136.04202943044976 -243.2128632535626
139.75159963420523 -239.59880519968874
143.36513702855027 -235.8883083060538
146.88005685731508 -232.08392982768112
150.29379421492044 -228.18831408031315
153.60384431452616 -224.20419588780038
156.80776209802607 -220.13440343154497
159.90310918488206 -215.9818800779111
162.88751063577814 -211.74968444679118
165.75863087466604 -207.4410101765351
168.51413369089974 -203.0592267853159
171.1518992652172 -198.60779327351577
173.6715959843733 -194.0892001470103
176.07191126126946 -189.50635631260744
178.35121279965028 -184.86242090200764
180.50795217857052 -180.1605942176579
182.54066587545145 -175.4041154910573
184.44797622848998 -170.59626061636462
186.22859233788438 -165.7403398608997
187.88131090537658 -160.83969555414032
189.405017011658 -155.8976997567193
190.79868483124986 -150.91775191078352
192.06137828449212 -145.90327647281097
193.1922516263454 -140.85772052932896
194.19054997174462 -135.78455139453868
195.0556097572773 -130.68725418529033
195.78685913901924 -125.56932935860601
196.38381832632928 -120.434290163903
196.84609985129407 -115.28565982848208
197.1734087725305 -110.12696755211118
197.36554280177683 -104.96173476538966
197.42267802469968 -100
197.34394124175034 -94.6260743748599
197.1302645994967 -89.46253961146263
196.78153138199076 -84.3066683920525
196.29800255735307 -79.16197620634432
195.6800312968308 -74.03198167999469
194.9280626592692 -68.92019426708613
194.04263322525313 -63.83011041275651
193.02437067094777 -58.76521080968376
191.87399328090626 -53.72895791126885
190.59230940009994 -48.72479353361399
189.18021682563364 -43.75613650130316
187.63870213868148 -38.826380322913835
185.9688399772419 -33.93889089177816
184.17179225033655 -29.097004210860437
182.24880729433005 -24.30402414203058
180.20121897206778 -19.56322018053901
178.03044571557274 -14.877825255801449
175.73798951307236 -10.251033559698413
173.32543484115678 -5.685998403649636
170.79444754290083 -1.1858301057417062
163.28424643185775 1.436987958959941
154.62334076797833 3.239668761764838
147.23561231426902 5.164223239311399
138.76338968899702 6.213039469258636
131.54725552197894 7.458565415499725
125.53136776813903 8.999475324964898
119.57091303627038 10.289735454846651
113.67443430434548 11.333114719550384
107.8503329090356 12.133663685358272
102.10686002147833 12.695709221952681
97.43355344991808 13.778137743070952
92.80209119883777 14.684398592551892
88.21827388905275 15.417335554311778
83.68779448337303 15.979977228831466
79.21623273580808 16.375533052722616
75.64709576513519 17.4860816650422
71.2791584401302 17.580265319553533
67.7621253153684 18.43997433006057
63.516475507677725 18.244297587082507
60.06763673122122 18.8618547276617
56.64242807801372 19.371407920057788
53.24414026917996 19.774598364082834
49.876001009436806 20.073164147329216
46.541172190527796 20.268937979613128
43.24274716787007 20.363844851363716
40.49469921485721 21.423711987050375
37.24306085136456 21.336481260375145
34.036343077932045 21.153728843569457
31.282306343025343 21.979015986372584
28.137883030358214 21.622645835921908
25.379176586849375 22.29821494526562
22.306696903575563 21.773956934404556
19.551817105587116 22.301857015890096
16.78357797320713 22.76012219868496
13.817771377831683 21.998694384557773
11.065563949532818 22.312210707161544
8.305795544042924 22.556285520002394
5.540351921510391 22.730747298247934
2.7711226848040584 22.835473433766847
