0 609.1222016569731
-6.35544315660803 609.0754073314935
-12.706536064786066 608.9350771674766
-19.048931442667303 608.701369520243
-25.378287939517495 608.3745480422077
-31.69027309632134 607.9549812735003
-37.98056630039507 607.443142069332
-44.24486173203893 606.8396068646282
-50.478871301253164 606.1450547766714
-56.678327572542884 605.3602665465597
-62.83898667583432 604.4861233205069
-68.95663120156948 603.5236052722375
-75.02707307800063 602.473790067838
-85.80552989765079 612.1106178877977
-92.11943214063 610.755358486002
-98.37029330246715 609.3070856637831
-104.5538346392779 607.7673428704156
-110.66582327680537 606.137767284879
-116.70207509770846 604.4200873202803
-122.658457596195 602.6161199836537
-128.53089269809954 600.7277680945649
-134.31535954446355 598.7570173663456
-140.00789723678372 596.7059333541476
-153.68036399860995 603.5882697736879
-159.48257595775036 601.1584823745852
-165.17565652790068 598.6467049459426
-170.7557066393973 596.0554424260188
-176.2189042166025 593.3872679832327
-181.56150679122527 590.64481918205
-196.59454667430293 595.373695346998
-201.95299579027701 592.2190411309281
-207.17326000418555 588.9910703311109
-212.25176134955 585.6928220384082
-228.02715281120769 588.7403606781581
-233.05122159658532 585.0111003849835
-237.91583621975013 581.2144174232891
-254.1530133277991 582.8487328441421
-258.90518691893277 578.6088244017319
-275.4381053341713 579.1586806985043
-280.03314083592716 574.4663164569643
-296.7846505230817 573.9010928523967
-301.1771547936135 568.7498439953887
-318.0684747971184 567.0434598097906
-335.08206121016417 564.5836516034427
-352.1891162472749 561.3612273642426
-369.3605738744311 557.3679244766928
-386.5671290393456 552.5964186747011
-403.7792670871138 547.0403323578545
-434.5276936581929 542.0435696215737
-465.44441088125853 535.5105509392654
-496.47247171926665 527.428922232913
-541.4185411802779 518.0215762644858
-586.5275989000241 506.29310167675493
-645.7348043589942 491.71247746971426
-733.2311196193227 472.24653199288747
-849.2328939554317 445.63654488481
NaN NaN
NaN NaN
NaN NaN
NaN NaN
-1299.7878505438268 -713.896898688671
-1280.3803247074318 -725.3385103104763
-1260.2121709616035 -739.7123900679982
-1242.6319693487198 -754.4218339540352
-1226.5694004198053 -769.5721416321772
-1210.9317499721244 -785.6336846490866
-1208.4371436488032 -800.076101489293
-1193.1747262203655 -817.6946098571827
-1178.1137778783714 -835.598658941873
-1175.775121310648 -852.3964395805385
-1160.6618543657992 -871.0600119479741
-1157.8763237836306 -889.2766496639322
-1142.3538683440488 -908.5490933760202
-1138.8156359498835 -928.0502139469488
-1134.755526887807 -948.3371113570191
-1130.120525377768 -969.373530895014
-1124.8601877412523 -991.1228971770761
-1107.1949029000791 -1011.8371980247732
-1112.2858946431704 -1036.6027039383337
-1104.8931709370129 -1060.2499188840593
-1096.7145372977416 -1084.4452812470915
-1087.7197859724388 -1109.1436354934194
-1088.8182413887603 -1137.9306304037539
-1077.9175859369088 -1163.8622752556928
-1076.6713659668696 -1194.5363011249947
-1063.7343899937953 -1221.4879912987426
-1059.983918332666 -1253.8027727124925
-1054.8191951347944 -1287.0234081969427
-1057.9240959304952 -1326.9287264732554
-1049.8274763983286 -1362.078541421125
-1049.7639582497907 -1404.4927535121449
-1038.7810001383123 -1441.319046403101
-1035.3016843821329 -1485.9815473266688
-1038.6279703694497 -1539.4529525914725
-1031.007368704901 -1586.7404030051478
-1029.5857546637446 -1643.3366584422752
-1025.5391269897852 -1701.4964221087737
-1018.7805261165605 -1761.0924632455235
-1016.7488866365392 -1831.3000373290297
-1018.5691004433286 -1912.9540320583221
-1016.3330841716021 -1996.8669213070557
-1009.9192666614284 -2082.81933579021
-960.7884840519007 -2107.3338424656963
-898.898064086191 -2109.338402455658
-837.7375385141069 -2109.504801513529
-782.7455759928644 -2118.7802014003337
-722.8729934455322 -2115.5130087205844
-668.5832544267361 -2121.6670443019875
-614.5422800991754 -2126.3565807274445
-560.7901349005575 -2129.595506533079
-507.3705574214412 -2131.4051517237203
-454.32262421881796 -2131.8021167616594
-401.68889171277834 -2130.8121175356187
-352.06399623408674 -2140.1272088132373
-300.0091708647748 -2136.4729322963126
-250.31297546322457 -2143.271323911357
-198.9837134520515 -2137.0135139808103
-149.35352193748096 -2141.3133446606957
-99.62415166080135 -2144.387190604855
-49.828621789579536 -2146.2325132659403
0 -2146.847789979034
49.828621789578705 -2146.2325132659403
99.62415166080055 -2144.387190604855
149.35352193748096 -2141.3133446606957
198.9837134520508 -2137.0135139808103
250.31297546322367 -2143.271323911357
300.0091708647748 -2136.4729322963126
352.0639962340859 -2140.1272088132373
401.6888917127774 -2130.8121175356187
454.32262421881796 -2131.8021167616594
507.37055742144025 -2131.4051517237203
560.7901349005566 -2129.5955065330795
614.5422800991754 -2126.3565807274445
668.5832544267353 -2121.6670443019875
722.8729934455312 -2115.5130087205844
782.7455759928644 -2118.7802014003337
837.7375385141064 -2109.5048015135294
898.8980640861904 -2109.338402455659
960.7884840519007 -2107.3338424656963
1009.9192666614274 -2082.8193357902105
1016.333084171602 -1996.866921307056
1018.5691004433286 -1912.9540320583221
1016.748886636539 -1831.30003732903
1018.7805261165593 -1761.092463245524
1025.5391269897852 -1701.4964221087737
1029.5857546637442 -1643.3366584422752
1031.0073687049007 -1586.740403005148
1038.6279703694497 -1539.4529525914725
1035.3016843821324 -1485.9815473266697
1038.7810001383114 -1441.3190464031015
1049.7639582497907 -1404.4927535121449
1049.8274763983284 -1362.078541421125
1057.9240959304952 -1326.9287264732554
1054.8191951347942 -1287.0234081969427
1059.9839183326653 -1253.8027727124927
1063.7343899937948 -1221.4879912987428
1076.6713659668696 -1194.5363011249947
1077.9175859369088 -1163.8622752556928
1088.8182413887582 -1137.9306304037545
1087.7197859724379 -1109.14363549342
1096.7145372977418 -1084.4452812470915
1104.8931709370129 -1060.2499188840595
1112.2858946431704 -1036.6027039383337
1107.1949029000791 -1011.8371980247732
1124.860187741252 -991.1228971770763
1130.1205253777678 -969.3735308950146
1134.7555268878068 -948.3371113570194
1138.8156359498832 -928.0502139469492
1142.3538683440488 -908.5490933760202
1157.8763237836306 -889.2766496639322
1160.6618543657992 -871.0600119479742
1175.775121310648 -852.3964395805389
1178.1137778783702 -835.5986589418736
1193.1747262203648 -817.6946098571832
1208.4371436488032 -800.076101489293
1210.9317499721244 -785.6336846490866
1226.5694004198053 -769.5721416321772
1242.6319693487198 -754.4218339540352
1260.2121709616035 -739.7123900679982
1280.3803247074318 -725.3385103104763
1299.7878505438268 -713.896898688671
NaN NaN
NaN NaN
NaN NaN
NaN NaN
849.2328939554317 445.63654488481
733.2311196193227 472.24653199288747
645.7348043589942 491.71247746971426
586.5275989000243 506.2931016767544
541.4185411802779 518.0215762644856
496.47247171926676 527.4289222329128
465.44441088125853 535.5105509392654
434.5276936581929 542.0435696215737
403.7792670871138 547.0403323578545
386.56712903934573 552.596418674701
369.36057387443117 557.3679244766927
352.18911624727497 561.3612273642425
335.08206121016417 564.5836516034427
318.0684747971184 567.0434598097906
301.1771547936135 568.7498439953887
296.7846505230818 573.9010928523966
280.0331408359272 574.4663164569641
275.4381053341714 579.1586806985042
258.90518691893277 578.6088244017319
254.1530133277991 582.8487328441421
237.91583621975013 581.2144174232891
233.05122159658538 585.0111003849834
228.0271528112077 588.7403606781581
212.25176134955007 585.692822038408
207.17326000418555 588.9910703311109
201.95299579027701 592.2190411309281
196.59454667430293 595.373695346998
181.56150679122538 590.64481918205
176.21890421660257 593.3872679832327
170.75570663939732 596.0554424260187
165.17565652790068 598.6467049459426
159.48257595775036 601.1584823745852
153.68036399860995 603.5882697736879
140.0078972367838 596.7059333541476
134.3153595444636 598.7570173663456
128.5308926980996 600.7277680945649
122.658457596195 602.6161199836537
116.70207509770846 604.4200873202803
110.66582327680537 606.137767284879
104.55383463927794 607.7673428704156
98.37029330246719 609.3070856637831
92.11943214063004 610.755358486002
85.80552989765079 612.1106178877977
75.02707307800063 602.473790067838
68.95663120156948 603.5236052722375
62.83898667583436 604.4861233205069
56.67832757254293 605.3602665465597
50.47887130125402 606.1450547766714
44.24486173203893 606.8396068646282
37.98056630039507 607.443142069332
31.69027309632134 607.9549812735003
25.37828793951765 608.3745480422077
19.048931442667524 608.701369520243
12.706536064786114 608.9350771674766
6.35544315660803 609.0754073314935
