0 175.5053903255101
-3.6804945704466454 175.46776447263656
-7.3584724547292275 175.3549185907605
-11.031418675841477 175.16694767551283
-14.696821673964545 174.90400993745547
-18.35217501223824 174.56632662901424
-22.218019863835913 175.29834713373856
-25.882572757421084 174.8055119159503
-29.529427532921183 174.23797035152666
-33.48893209491565 174.71762017504363
-37.12910539581123 173.99259413733455
-41.148833431179256 174.29478952351883
-44.7714128639625 173.41075331761357
-48.83931605467099 173.5303382003294
-52.94419234136571 173.5501506684751
-56.536945956859235 172.4187938124516
-60.67096546220819 172.2485161047648
-64.8317049093005 171.97369128880905
-69.01550490482794 171.5926054730209
-73.21864454391772 171.1036466588146
-77.43734451662147 170.50530653633635
-81.66777028248922 169.7961821778005
-86.6825670888343 169.8977575836687
-90.9557800865566 168.9416665603718
-96.06641191090756 168.749080290415
-100.3642490016128 167.53837449539006
-105.55001707522827 167.04117823142013
-110.7797195316421 166.37568873662636
-116.04729740427865 165.53897629394856
-121.34658911500298 164.5282951236868
-126.67133634604562 163.34108660838052
-133.0494146280349 162.6741881481044
-139.49085122589076 161.76900087153592
-145.9869718777666 160.6214854622329
-152.52896428235752 159.22787812368793
-159.10788690483975 157.58469512907917
-166.86816726043162 156.23825302571646
-175.8652744635903 155.0901571874306
-183.7582661548264 153.06823528932333
-192.90446743371123 151.17037011805385
-203.34921047132093 149.2924876169411
-213.8796508470833 146.94299343460833
-225.74888983400464 144.4665185612996
-238.9890288734509 141.75307546408303
-253.62675414581614 138.69064216826462
-269.6832673589729 135.16540995868843
-288.50530498230796 131.27023975934017
-310.14170889916494 126.7791021452897
-333.27424009039 121.3280321287119
-361.99743382321833 115.09069575481233
-395.0131419395158 107.55026424246549
-435.12325599485337 98.40568601791954
-485.1790959001841 87.05365141882609
-548.0628291988129 72.5877749161699
-630.8939764396397 53.532899956722645
-743.6792738830261 27.41731544424962
-862.4443170371364 -5.347961932421631
-864.7295274393825 -27.937016408544633
-866.4235810656937 -50.58365300202324
-867.5248931235092 -73.27267000441563
-868.0569659712089 -100
-867.9449335593952 -118.71121802573352
-867.2625332015987 -141.4334380087262
-865.9850854892487 -164.13497090355222
-864.1130367649453 -186.80062622115582
-861.6222417048851 -209.5145618610716
-858.3472809258814 -232.73704623599363
-854.3408888009877 -256.02949788393664
-849.6621242042048 -279.1714553057572
-844.3452418776583 -302.0915131234334
-838.4126175793143 -324.76431217944616
-831.8804812887083 -347.17929087793925
-824.7617157033748 -369.33020003986474
-817.0673491103189 -391.21142594883935
-808.8073549244008 -412.8168129173643
-799.9911371177903 -434.13934163601544
-790.6278203806887 -455.1711487658095
-780.7264505402436 -475.903639673071
-770.2960835594025 -496.3276678073515
-759.3458785220412 -516.4336620822518
-747.8851376856992 -536.2117602669296
-735.9233410589818 -555.6519123602444
-723.470166993078 -574.7439682345031
-710.5354964030165 -593.4777532737496
-697.1294408293861 -611.8431187977286
-683.2623013595256 -629.8300073953056
-668.944599571362 -647.4284788432091
-654.1870921965728 -664.6287423941742
-639.0007046294503 -681.421197530506
-623.39657524486 -697.7964441753902
-607.3860467311026 -713.7453053340157
-590.9806170758601 -729.2588438843138
-574.1919926823532 -744.3283741639602
-557.0320252587156 -758.9454724999391
-539.5127335692637 -773.1019861673832
-521.6462934333262 -786.7900419412803
-503.4450280457277 -800.002052872389
-484.92136230107883 -812.730709717368
-466.087909748491 -824.9690164292176
-446.9573471095664 -836.7102520355072
-427.5424967009338 -847.9480063055331
-407.8562804181806 -858.6761671928712
-387.9117140913889 -868.8889210504371
-367.721906970617 -878.580756676594
-347.300054656263 -887.7464658737564
-326.65943232675045 -896.381143637533
-305.8133859538662 -904.48018549155
-284.77531991328107 -912.0392780733364
-263.5587227533053 -919.0544357371093
-242.17711944945594 -925.5219516461063
-220.64408821831555 -931.4384199629757
-198.97326142030676 -936.8007480086205
-177.17830284787925 -941.6061258479635
-155.27291605945211 -945.8520459608935
-133.2708409094371 -949.5363104743097
-111.18583618658587 -952.656995527707
-89.03168828547739 -955.2124812696145
-66.82220510788989 -957.2014540526023
-44.57120677812907 -958.6228841279185
-22.2925251793882 -959.4760362139856
0 -959.7604692443282
22.292525179387816 -959.4760362139856
44.57120677812876 -958.6228841279185
66.82220510788989 -957.2014540526023
89.03168828547699 -955.2124812696145
111.1858361865855 -952.6569955277071
133.2708409094371 -949.5363104743097
155.27291605945183 -945.8520459608936
177.17830284787877 -941.6061258479635
198.97326142030676 -936.8007480086205
220.64408821831518 -931.4384199629757
242.1771194494557 -925.5219516461063
263.5587227533053 -919.0544357371093
284.77531991328084 -912.0392780733365
305.8133859538659 -904.48018549155
326.65943232675045 -896.381143637533
347.3000546562628 -887.7464658737566
367.7219069706167 -878.5807566765942
387.9117140913889 -868.8889210504371
407.85628041818046 -858.6761671928712
427.5424967009337 -847.9480063055331
446.9573471095664 -836.7102520355072
466.087909748491 -824.9690164292176
484.92136230107883 -812.730709717368
503.4450280457277 -800.002052872389
521.6462934333259 -786.7900419412803
539.5127335692637 -773.1019861673831
557.0320252587156 -758.9454724999391
574.1919926823527 -744.3283741639605
590.9806170758596 -729.2588438843145
607.3860467311026 -713.7453053340157
623.3965752448595 -697.7964441753905
639.0007046294503 -681.4211975305061
654.1870921965727 -664.6287423941743
668.9445995713618 -647.4284788432093
683.2623013595257 -629.8300073953056
697.1294408293861 -611.8431187977286
710.5354964030165 -593.4777532737496
723.470166993078 -574.7439682345034
735.9233410589818 -555.6519123602444
747.8851376856989 -536.2117602669299
759.3458785220412 -516.4336620822518
770.2960835594025 -496.3276678073515
780.7264505402436 -475.903639673071
790.6278203806887 -455.1711487658096
799.9911371177903 -434.1393416360153
808.8073549244008 -412.81681291736436
817.0673491103184 -391.2114259488404
824.7617157033748 -369.33020003986474
831.8804812887083 -347.17929087793925
838.412617579314 -324.7643121794475
844.3452418776582 -302.0915131234351
849.6621242042048 -279.1714553057569
854.3408888009875 -256.02949788393835
858.3472809258814 -232.73704623599363
861.6222417048851 -209.5145618610716
864.1130367649453 -186.80062622115582
865.9850854892487 -164.13497090355222
867.2625332015987 -141.4334380087262
867.9449335593952 -118.71121802573352
868.0569659712089 -100
867.5248931235092 -73.27267000441563
866.4235810656938 -50.58365300202282
864.7295274393825 -27.937016408544633
862.4443170371367 -5.347961932423348
743.6792738830261 27.41731544424962
630.8939764396397 53.532899956722645
548.0628291988129 72.5877749161699
485.17909590018417 87.05365141882562
435.1232559948535 98.4056860179194
395.0131419395158 107.55026424246527
361.99743382321833 115.09069575481233
333.27424009039 121.3280321287119
310.14170889916494 126.7791021452897
288.50530498230796 131.27023975934011
269.6832673589729 135.16540995868846
253.6267541458162 138.6906421682645
238.9890288734509 141.75307546408303
225.74888983400464 144.4665185612996
213.8796508470833 146.94299343460833
203.34921047132104 149.2924876169409
192.90446743371126 151.17037011805377
183.7582661548264 153.06823528932324
175.8652744635903 155.0901571874306
166.86816726043162 156.23825302571646
159.10788690483975 157.58469512907917
152.5289642823576 159.22787812368782
145.98697187776662 160.6214854622329
139.49085122589076 161.7690008715359
133.0494146280349 162.6741881481044
126.67133634604562 163.34108660838052
121.34658911500298 164.5282951236868
116.04729740427877 165.5389762939485
110.77971953164214 166.37568873662562
105.5500170752283 167.0411782314201
100.3642490016128 167.53837449539006
96.06641191090756 168.749080290415
90.9557800865566 168.9416665603718
86.68256708883438 169.89775758366858
81.66777028248924 169.7961821778005
77.43734451662148 170.50530653633635
73.21864454391772 171.1036466588146
69.01550490482794 171.5926054730209
64.8317049093005 171.97369128880905
60.67096546220825 172.24851610476478
56.536945956859284 172.4187938124516
52.944192341365735 173.55015066847506
48.83931605467099 173.5303382003294
44.7714128639625 173.41075331761357
41.148833431179256 174.29478952351883
37.12910539581128 173.99259413733452
33.48893209491569 174.71762017504363
29.529427532921236 174.23797035152663
25.882572757421084 174.8055119159503
22.218019863835913 175.29834713373856
18.35217501223824 174.56632662901424
14.696821673964589 174.90400993745544
11.03141867584152 175.16694767551283
7.358472454729272 175.3549185907605
3.6804945704466454 175.46776447263656
