0 257.48239032550765
-4.168898796668169 257.44330954744566
-8.334946179311952 257.32610272314133
-12.495292672470386 257.1308763388112
-16.64709267652467 256.85780772630994
-20.787506402402663 256.50714484569755
-25.13674258711744 257.22337131233996
-29.282686467057754 256.7119692667692
-33.40860196081664 256.1231371081387
-37.844508648686094 256.5788288265424
-41.95809898085231 255.82724052843227
-46.44793449650237 256.1003398052675
-50.536989670392344 255.1847507317636
-55.06741716386253 255.27040968043917
-59.63054932391748 255.2540132411973
-63.67697631768715 254.08426078256406
-68.25977578115567 253.8735030079357
-72.86409419484687 253.5562215962555
-77.48596815858045 253.13081603265482
-82.12137653347065 252.59579285782988
-86.7662437541739 251.94976717066018
-91.41644320648906 251.19146401416407
-96.8443324458194 251.24249960077307
-101.52367351014291 250.23464385600477
-107.03319069481677 249.98920764202026
-111.72239706347197 248.72470956235077
-117.29175010770784 248.17292438786913
-122.8969903374373 247.45219752443077
-128.53180141124568 246.55974948638615
-134.18977006771314 245.4929863910309
-139.864392169802 244.24950277771782
-146.58330346138507 243.52629005056545
-153.3562976174604 242.56490377114426
-160.1744731432005 241.3614590617061
-167.02879701696 239.91234614367875
-173.91011364754476 238.21423445839758
-181.9626433044156 236.81359244143255
-191.24165480895613 235.6121756449598
-199.4060125985493 233.53795978390033
-208.81285579201008 231.58897312035313
-219.50733792944868 229.66128408700772
-230.27644343160495 227.2634374195608
-242.37311000231196 224.74019938382148
-255.82928321544648 221.98171350996336
-270.67150119235964 218.87608428289803
-286.92082549184573 215.3096244636409
-305.92386044019366 211.3753111016762
-327.7293238742389 206.84722519366102
-351.01886090985283 201.36150613161374
-379.88689921034575 195.09191797774412
-413.0351913483149 187.52172330197652
-453.2655380128918 178.34995493182225
-503.42917671358623 166.9733803929948
-566.408201113786 152.4856838894386
-649.3220664546744 133.41177092644622
-762.1774523057251 107.27998459600335
-926.3772730234455 69.29806289413396
NaN NaN
NaN NaN
NaN NaN
-1087.6320437943546 -208.8880396705135
-1076.7727427689751 -227.26238294592525
-1067.1417374875637 -249.31658337979096
-1059.2422130362836 -271.46407764219043
-1052.2568269056535 -293.86000555370936
-1046.5867594144427 -316.82684307769097
-1042.0036409878626 -340.3319190861723
-1037.3201700954703 -364.27611868700546
-1033.657018497344 -388.25055336463777
-1029.6997040568158 -412.52945804305864
-1026.5907211684269 -436.93773850211966
-1024.2603098917943 -461.5951121354554
-1021.411332832564 -486.6454787140687
-1019.2135838336856 -512.0736048889165
-1016.3828600810449 -537.9170680801459
-1014.0890812585418 -564.2555838596664
-1012.2687867245506 -591.190901088744
-1009.6578532271316 -618.6050385746048
-1008.5897984849641 -646.9728085442559
-1006.6094440554482 -675.9068055359564
-1004.8378725246233 -705.7050209490341
-1003.1949242083407 -736.4452162533485
-1001.5961588307463 -768.1993812321747
-998.8446181588039 -800.5551137675218
-979.6661834627231 -826.224685313443
-959.8546873145406 -851.3426101697002
-939.4258983888316 -875.8962412320789
-918.3958483582268 -899.8731598986711
-896.7807555786051 -923.2612338973338
-874.597060727883 -946.0486395757778
-851.8614096830653 -968.2238928800554
-828.5905967004213 -989.7758714613672
-804.8068020783097 -1010.694632164973
-780.5560888191748 -1030.9766076686674
-755.852546864118 -1050.6164716027752
-730.7053243797097 -1069.6073231007958
-705.1247039167888 -1087.941581993394
-679.121899595945 -1105.6111593270796
-652.7090762313697 -1122.6076544237355
-625.8991612951436 -1138.9224530230485
-598.705911740504 -1154.546904241795
-571.1436863985865 -1169.4723320057817
-543.2275178799749 -1183.6901845273278
-514.9729934939209 -1197.1920612586764
-486.39627644638 -1209.9698252699927
-457.5139540521129 -1222.0155603290257
-428.34312568176625 -1233.3217286813046
-398.9012352634601 -1243.8810761851598
-369.20616488932495 -1253.686802042503
-339.27611590969667 -1262.7324940168783
-309.12959992550935 -1271.0121716332262
-278.7854219943628 -1278.5203284465435
-248.2626379558307 -1285.251930069664
-217.5805262315209 -1291.202422444508
-186.75857449798497 -1296.3677770609145
-155.8164411127958 -1300.7444783043663
-124.7739269349932 -1304.329513115886
-93.65096528314396 -1307.12043745972
-62.46758241618542 -1309.115331870124
-31.24387796523046 -1310.3128235180516
0 -1310.712078727563
31.243877965229963 -1310.3128235180516
62.46758241618498 -1309.115331870124
93.65096528314396 -1307.12043745972
124.77392693499262 -1304.329513115886
155.8164411127953 -1300.7444783043663
186.75857449798497 -1296.3677770609145
217.58052623152054 -1291.202422444508
248.2626379558301 -1285.251930069664
278.7854219943628 -1278.5203284465435
309.1295999255089 -1271.0121716332262
339.27611590969633 -1262.7324940168783
369.20616488932495 -1253.686802042503
398.90123526345974 -1243.88107618516
428.3431256817658 -1233.3217286813049
457.5139540521129 -1222.0155603290257
486.39627644637955 -1209.969825269993
514.9729934939205 -1197.1920612586769
543.2275178799749 -1183.6901845273278
571.1436863985864 -1169.4723320057817
598.705911740504 -1154.546904241795
625.8991612951436 -1138.9224530230485
652.7090762313697 -1122.6076544237355
679.121899595945 -1105.6111593270796
705.1247039167888 -1087.941581993394
730.7053243797095 -1069.6073231007958
755.8525468641179 -1050.616471602775
780.5560888191748 -1030.9766076686674
804.8068020783089 -1010.6946321649733
828.5905967004205 -989.7758714613683
851.8614096830653 -968.2238928800554
874.5970607278823 -946.0486395757786
896.7807555786047 -923.2612338973343
918.3958483582265 -899.8731598986712
939.4258983888313 -875.8962412320791
959.8546873145409 -851.3426101697
979.6661834627231 -826.224685313443
998.8446181588039 -800.5551137675218
1001.5961588307462 -768.1993812321751
1003.1949242083407 -736.4452162533485
1004.8378725246228 -705.7050209490345
1006.6094440554482 -675.9068055359564
1008.5897984849641 -646.9728085442559
1009.6578532271316 -618.6050385746048
1012.2687867245506 -591.1909010887441
1014.0890812585421 -564.255583859666
1016.3828600810449 -537.9170680801459
1019.2135838336851 -512.0736048889177
1021.411332832564 -486.6454787140687
1024.2603098917943 -461.5951121354554
1026.5907211684262 -436.937738502121
1029.6997040568153 -412.52945804306046
1033.657018497344 -388.25055336463737
1037.3201700954694 -364.276118687008
1042.0036409878626 -340.3319190861723
1046.5867594144427 -316.82684307769097
1052.2568269056535 -293.86000555370936
1059.2422130362836 -271.46407764219043
1067.1417374875637 -249.31658337979096
1076.7727427689751 -227.26238294592525
1087.6320437943546 -208.8880396705135
NaN NaN
NaN NaN
NaN NaN
926.3772730234457 69.29806289413216
762.1774523057251 107.27998459600335
649.3220664546744 133.41177092644622
566.408201113786 152.4856838894386
503.4291767135863 166.97338039299433
453.2655380128919 178.3499549318221
413.0351913483149 187.52172330197632
379.88689921034575 195.09191797774412
351.01886090985283 201.36150613161374
327.7293238742389 206.84722519366102
305.92386044019366 211.37531110167615
286.92082549184573 215.30962446364092
270.6715011923597 218.87608428289792
255.82928321544648 221.98171350996336
242.37311000231196 224.74019938382148
230.27644343160495 227.2634374195608
219.5073379294488 229.66128408700752
208.8128557920101 231.58897312035305
199.4060125985493 233.53795978390025
191.24165480895613 235.6121756449598
181.9626433044156 236.81359244143255
173.91011364754476 238.21423445839758
167.02879701696008 239.91234614367863
160.17447314320052 241.3614590617061
153.3562976174604 242.56490377114423
146.58330346138507 243.52629005056545
139.864392169802 244.24950277771782
134.18977006771314 245.4929863910309
128.5318014112458 246.5597494863861
122.89699033743734 247.45219752443003
117.29175010770787 248.1729243878691
111.72239706347197 248.72470956235077
107.03319069481677 249.98920764202026
101.52367351014291 250.23464385600477
96.84433244581948 251.24249960077296
91.41644320648909 251.19146401416407
86.76624375417391 251.94976717066018
82.12137653347065 252.59579285782988
77.48596815858045 253.13081603265482
72.86409419484687 253.5562215962555
68.25977578115574 253.87350300793568
63.6769763176872 254.08426078256406
59.630549323917506 255.25401324119724
55.06741716386253 255.27040968043917
50.536989670392344 255.1847507317636
46.44793449650237 256.1003398052675
41.95809898085236 255.82724052843224
37.84450864868614 256.5788288265424
33.408601960816696 256.1231371081387
29.282686467057754 256.7119692667692
25.13674258711744 257.22337131233996
20.787506402402663 256.50714484569755
16.647092676524714 256.85780772630994
12.495292672470429 257.1308763388112
8.334946179311997 257.32610272314133
4.168898796668169 257.44330954744566
