487.5 -82.5 0.000017806392450081352
-382.5 -237.5 0.000007725169479101122
582.5 -107.5 0.0000019785387224928417
547.5 -92.5 0.000001978505154356534
-402.5 -127.5 0.00009464512132436452
582.5 -287.5 0.00012661163068126955
-502.5 -322.5 0.00006946443552799046
-377.5 -207.5 0.00006954680935776173
-547.5 -312.5 0.00009455844286281627
462.5 -87.5 0.000049462429428089044
437.5 -302.5 0.00009693363219778913
-582.5 -112.5 0.00012361163657332444
-472.5 -82.5 0.00009463065069351439
577.5 -292.5 0.00012661032415235997
-407.5 -127.5 0.0000019315173853692538
617.5 -177.5 0.00009695396351017566
-607.5 -252.5 0.00012358099490701255
-537.5 -317.5 0.000007718704768338337
-407.5 -122.5 0.00015645136177414541
542.5 -312.5 0.00009693142275174255
502.5 -322.5 0.00009692971459881172
617.5 -237.5 0.000007914149266561235
-587.5 -282.5 0.00015635780841346327
617.5 -212.5 0.000017807685166036606
-557.5 -302.5 0.00000771956464400463
482.5 -317.5 0.00009692999174293645
-387.5 -247.5 0.00009462179556738464
-387.5 -242.5 0.00009462663941483305
422.5 -107.5 0.00016026129815168913
622.5 -212.5 0.00003165828787891412
-562.5 -302.5 0.00009456640618759574
622.5 -197.5 0.00007123268754800984
502.5 -77.5 0.00009694585272206752
527.5 -82.5 0.00009694612109990909
-567.5 -297.5 0.00003088010520801668
-617.5 -182.5 0.00009466251998961684
-602.5 -262.5 0.00012356811395135566
-622.5 -192.5 0.00009466562098824142
-382.5 -177.5 0.00009466086256887827
527.5 -317.5 0.00009693043700703557
602.5 -262.5 0.0001266188401837778
617.5 -227.5 0.00007122859974736446
-432.5 -297.5 0.00003088010520801667
487.5 -322.5 0.000001978159434088836
612.5 -242.5 0.00009694687438020247
487.5 -77.5 0.000017806388851281604
392.5 -147.5 0.0001266305426472643
-442.5 -307.5 0.00006947500609009708
-592.5 -122.5 0.0001564513617741454
382.5 -182.5 0.00009695439369411433
-482.5 -82.5 0.00009463001332943663
497.5 -322.5 0.00007121366871873932
512.5 -77.5 0.000017806388851281604
-387.5 -162.5 0.000048293867063876454
517.5 -317.5 0.00009692999174293649
-532.5 -82.5 0.00006952484943311035
-622.5 -202.5 0.0000946657328845305
432.5 -102.5 0.0000316563717830556
537.5 -312.5 0.00004945463452033545
-597.5 -272.5 0.0000945971923014571
-412.5 -112.5 0.0000019314472604134916
-457.5 -87.5 0.00009463206386097469
-567.5 -97.5 0.000030901535805785056
-422.5 -292.5 0.0001235294344237606
457.5 -87.5 0.0000969464879689699
432.5 -97.5 0.00003165632578117688
572.5 -297.5 0.00009693504083739318
617.5 -217.5 0.00009695216206918358
582.5 -112.5 0.00012662672917066627
462.5 -82.5 0.00000791398319393005
-402.5 -267.5 0.00003088997253275798
542.5 -87.5 0.0000969464879689699
427.5 -292.5 0.00000791310191505514
-547.5 -92.5 0.0000019312874097793097
382.5 -177.5 0.00009695396351017566
-527.5 -317.5 0.00009455204711638566
-577.5 -107.5 0.00015644345067348665
-402.5 -132.5 0.000030904881250991764
532.5 -317.5 0.00007121440087774266
-427.5 -102.5 0.00009463727639371236
-437.5 -97.5 0.000123605133167656
-507.5 -77.5 0.00009462968639415792
-612.5 -237.5 0.00004828104520059437
-497.5 -77.5 0.00009462961692018469
-377.5 -187.5 0.000017387343461706993
397.5 -132.5 0.000031657262095071156
-617.5 -177.5 0.00009466086256887825
537.5 -317.5 0.000007912726708385276
587.5 -287.5 0.0000019783173533329296
387.5 -152.5 0.00009695193636301576
602.5 -267.5 0.00003165443736698285
-602.5 -132.5 0.00003090514272187983
-557.5 -307.5 0.00006947500609009708
-382.5 -212.5 0.000017385555079623457
-412.5 -117.5 0.00015644867027888218
-622.5 -207.5 0.00006954680935776172
382.5 -227.5 0.00007122859974736446
582.5 -292.5 0.0000019782963274292785
-382.5 -227.5 0.000069532316787799
-542.5 -87.5 0.0000946320638609747
467.5 -82.5 0.00007122579684339785
442.5 -302.5 0.000007912918038763158
-587.5 -287.5 0.0000019302878646277967
-617.5 -237.5 0.000007725169479101122
-477.5 -82.5 0.0000946302952865828
387.5 -247.5 0.00009694581905901003
592.5 -127.5 0.0000019785648545731654
-617.5 -227.5 0.00006953231678779901
-612.5 -162.5 0.00004829386706387645
-452.5 -307.5 0.0000019297889381860538
-382.5 -162.5 0.000007727084181473948
452.5 -92.5 0.000001978505154356534
-612.5 -152.5 0.00009465305260785558
-427.5 -297.5 0.00009457275778468304
427.5 -102.5 0.00009694784114958363
412.5 -117.5 0.00016026265311364885
-617.5 -172.5 0.00006954563369452377
-617.5 -222.5 0.00009464592007885741
482.5 -82.5 0.00009694595563409233
-602.5 -267.5 0.0000308907846928839
-397.5 -257.5 0.000001930811012108094
592.5 -277.5 0.00016024654249282747
-577.5 -292.5 0.0001235294344237606
417.5 -112.5 0.00012662672917066638
507.5 -322.5 0.00009692976318232146
-427.5 -107.5 0.00000193138496652102
607.5 -142.5 0.00007122939328916455
407.5 -272.5 0.00000197836544803056
-382.5 -222.5 0.00009464592007885737
572.5 -102.5 0.00009694784114958363
-612.5 -242.5 0.00009462663941483302
-537.5 -312.5 0.000048242320288612706
-467.5 -317.5 0.00006946771714921595
-582.5 -287.5 0.00012353534453035878
-402.5 -272.5 0.0000945971923014571
-442.5 -302.5 0.000007719564644004628
522.5 -317.5 0.00009693018877065176
382.5 -222.5 0.00009695105842059375
-417.5 -112.5 0.00012361163657332441
-437.5 -302.5 0.00009456640618759573
557.5 -302.5 0.000007912918038763158
-382.5 -172.5 0.00006954563369452377
-382.5 -167.5 0.0000946578208861558
607.5 -257.5 0.00007122393373942465
-587.5 -112.5 0.0000019314472604134916
-587.5 -117.5 0.00015644867027888218
-432.5 -302.5 0.0000308795519048643
-512.5 -322.5 0.0000019295764761048774
387.5 -237.5 0.00004946315821509597
617.5 -232.5 0.00009694902550229873
382.5 -167.5 0.00009695317402719331
-387.5 -152.5 0.00009465305260785558
382.5 -212.5 0.00001780768516603661
-537.5 -87.5 0.00004828141703813509
617.5 -172.5 0.00007123119205230347
597.5 -127.5 0.00009694987760736964
-557.5 -97.5 0.0000019313188843677257
-562.5 -97.5 0.000123605133167656
462.5 -312.5 0.00004945463452033545
-482.5 -317.5 0.00009455005138738302
612.5 -237.5 0.00004946315821509597
-487.5 -317.5 0.00004823952764873776
-397.5 -142.5 0.0000019316155503687894
-382.5 -232.5 0.00009463653681894315
-387.5 -237.5 0.00004828104520059437
-582.5 -107.5 0.0000019314167177380798
-492.5 -77.5 0.00009462968639415787
-617.5 -167.5 0.00009465782088615583
-462.5 -82.5 0.000007725005484168188
622.5 -202.5 0.00009695533028488489
617.5 -222.5 0.00009695105842059373
617.5 -182.5 0.00009695439369411434
602.5 -137.5 0.00012662946438869315
-557.5 -92.5 0.00006952717979232411
-487.5 -322.5 0.0000019295764761048774
567.5 -297.5 0.00003165208197233797
562.5 -97.5 0.00012662504091460008
557.5 -92.5 0.00007122640181682588
-392.5 -147.5 0.00012362632750359404
417.5 -287.5 0.00012661163068126955
487.5 -317.5 0.00004945401169014154
-617.5 -232.5 0.00009463653681894316
497.5 -77.5 0.00007122552476448514
557.5 -307.5 0.00007121602333571261
397.5 -262.5 0.00012661884018377775
-547.5 -307.5 0.0000019297889381860538
407.5 -127.5 0.0000019785648545731654
-452.5 -92.5 0.0000019312874097793097
387.5 -242.5 0.00009694687438020248
427.5 -107.5 0.0000019785304800720243
392.5 -252.5 0.0001266216579895555
587.5 -112.5 0.000001978546651095458
-592.5 -277.5 0.00015636618568160086
-422.5 -107.5 0.00015644345067348668
-512.5 -77.5 0.00001738097985682576
-442.5 -92.5 0.00006952717979232412
-407.5 -277.5 0.00015636618568160091
412.5 -287.5 0.0000019783173533329296
547.5 -307.5 0.0000019782067844653417
-622.5 -212.5 0.00003090849262084821
-382.5 -182.5 0.00009466251998961682
-407.5 -272.5 0.0000019305061253607006
382.5 -187.5 0.00001780800657627795
567.5 -97.5 0.000031656325781176887
547.5 -87.5 0.00009694665170131049
-467.5 -82.5 0.00006952484943311038
-462.5 -317.5 0.000007718704768338337
-537.5 -82.5 0.000007725005484168187
392.5 -257.5 0.00007122393373942465
-397.5 -137.5 0.00012362217352837772
377.5 -202.5 0.0000969553302848849
417.5 -107.5 0.0000019785387224928417
-487.5 -77.5 0.000017380979856825764
572.5 -292.5 0.00000791310191505514
-617.5 -187.5 0.00001738721197881289
-527.5 -82.5 0.00009463065069351438
612.5 -247.5 0.00009694581905900999
612.5 -157.5 0.00009695234269921515
-392.5 -257.5 0.00006951088327388471
382.5 -217.5 0.00009695216206918358
522.5 -82.5 0.00009694602883296172
-377.5 -212.5 0.00003090849262084821
387.5 -157.5 0.00009695234269921515
382.5 -172.5 0.00007123119205230346
402.5 -267.5 0.00003165425912076267
587.5 -282.5 0.00016024469647981765
-617.5 -217.5 0.00009465102633678692
-397.5 -262.5 0.00012356811395135566
-512.5 -82.5 0.000017380993719127224
402.5 -127.5 0.00009694987760736961
617.5 -162.5 0.000007914522789701445
-582.5 -292.5 0.0000019301926835560894
-552.5 -307.5 0.00009456095935751471
-497.5 -322.5 0.00009454880984104732
-382.5 -217.5 0.0000946510263367869
447.5 -92.5 0.00009694686061304783
-377.5 -197.5 0.00006955139563412995
507.5 -77.5 0.00009694587075826553
432.5 -302.5 0.00003165195925763939
537.5 -82.5 0.00000791398319393005
-592.5 -127.5 0.0000019315173853692538
-542.5 -312.5 0.00009455646992190959
402.5 -132.5 0.00003165719422277352
587.5 -117.5 0.00016026265311364887
557.5 -97.5 0.000001978513325251393
-607.5 -142.5 0.00006953870374355612
-607.5 -257.5 0.00006951088327388471
382.5 -162.5 0.000007914522789701445
-427.5 -292.5 0.000007720393787461092
-597.5 -267.5 0.000030889972532757975
-442.5 -97.5 0.0000019313188843677257
382.5 -232.5 0.00009694902550229873
562.5 -302.5 0.00009693363219778916
-412.5 -287.5 0.0000019302878646277967
377.5 -192.5 0.00009695519854506851
512.5 -82.5 0.000017806392450081356
-592.5 -272.5 0.0000019305061253607006
452.5 -312.5 0.00009693186202273334
492.5 -322.5 0.00009692976318232144
577.5 -107.5 0.0001602612981516891
452.5 -307.5 0.0000019782067844653417
612.5 -152.5 0.00009695193636301577
492.5 -77.5 0.00009694587075826557
602.5 -132.5 0.000031657262095071156
-572.5 -292.5 0.000007720393787461092
397.5 -257.5 0.0000019784323515640567
-397.5 -267.5 0.0000308907846928839
-457.5 -312.5 0.00009455646992190962
447.5 -307.5 0.00009693242190891902
-502.5 -77.5 0.00006952380140199749
472.5 -317.5 0.00009693043700703557
-622.5 -197.5 0.00006955139563412993
472.5 -82.5 0.0000969461210999091
597.5 -267.5 0.000031654259120762674
397.5 -137.5 0.0001266294643886932
512.5 -322.5 0.000001978159434088836
477.5 -317.5 0.00009693018877065175
-612.5 -157.5 0.00009465461805791642
622.5 -187.5 0.000017808040702102553
397.5 -142.5 0.0000019785903360960934
382.5 -237.5 0.000007914149266561235
-512.5 -317.5 0.00004823952764873776
407.5 -277.5 0.00016024654249282755
-517.5 -82.5 0.00009463001332943663
-547.5 -87.5 0.0000946326945572211
592.5 -272.5 0.00000197836544803056
-597.5 -132.5 0.000030904881250991764
617.5 -187.5 0.00001780800657627795
-617.5 -162.5 0.000007727084181473948
377.5 -187.5 0.000017808040702102553
-567.5 -102.5 0.000030901713009781975
-397.5 -132.5 0.00003090514272187982
457.5 -312.5 0.00009693142275174252
552.5 -307.5 0.00009693242190891899
-622.5 -187.5 0.000017387343461706993
547.5 -312.5 0.00009693186202273336
567.5 -302.5 0.00003165195925763939
377.5 -212.5 0.00003165828787891412
407.5 -122.5 0.00016026335178908707
462.5 -317.5 0.000007912726708385276
397.5 -267.5 0.000031654437366982846
602.5 -257.5 0.0000019784323515640567
-597.5 -127.5 0.00009464512132436452
-392.5 -142.5 0.00006953870374355612
437.5 -97.5 0.00012662504091460005
412.5 -112.5 0.000001978546651095458
-462.5 -87.5 0.00004828141703813509
477.5 -82.5 0.00009694602883296175
442.5 -92.5 0.00007122640181682588
-507.5 -322.5 0.00009454902744885372
402.5 -272.5 0.00009694043290454342
-572.5 -102.5 0.00009463727639371237
-602.5 -137.5 0.00012362217352837772
-387.5 -157.5 0.00009465461805791642
-477.5 -317.5 0.00009455093433167458
607.5 -252.5 0.0001266216579895555
-417.5 -107.5 0.0000019314167177380798
412.5 -282.5 0.00016024469647981756
597.5 -272.5 0.00009694043290454343
-377.5 -192.5 0.00009466562098824145
-522.5 -317.5 0.00009455093433167456
442.5 -307.5 0.00007121602333571263
572.5 -107.5 0.0000019785304800720243
532.5 -82.5 0.00007122579684339786
-572.5 -297.5 0.0000945727577846831
-432.5 -102.5 0.000030901713009781975
-552.5 -92.5 0.00009463349928851224
-617.5 -212.5 0.00001738555507962346
-417.5 -292.5 0.0000019301926835560894
512.5 -317.5 0.00004945401169014155
-567.5 -302.5 0.000030879551904864306
622.5 -207.5 0.00007123172943152543
-462.5 -312.5 0.00004824232028861271
-412.5 -282.5 0.00015635780841346327
-612.5 -247.5 0.00009462179556738464
417.5 -292.5 0.0000019782963274292785
622.5 -192.5 0.00009695519854506851
427.5 -297.5 0.00009693504083739319
-492.5 -322.5 0.00009454902744885372
602.5 -142.5 0.0000019785903360960934
432.5 -297.5 0.00003165208197233797
-517.5 -317.5 0.00009455005138738302
-432.5 -97.5 0.000030901535805785056
377.5 -197.5 0.00007123268754800986
552.5 -92.5 0.00009694686061304784
537.5 -87.5 0.00004946242942808903
-382.5 -187.5 0.000017387211978812892
517.5 -82.5 0.00009694595563409233
392.5 -142.5 0.00007122939328916456
612.5 -162.5 0.00004946566125720121
-472.5 -317.5 0.00009455204711638566
387.5 -162.5 0.00004946566125720121
-602.5 -257.5 0.000001930811012108094
617.5 -167.5 0.0000969531740271933
422.5 -292.5 0.00012661032415235997
-452.5 -312.5 0.00009455844286281624
597.5 -132.5 0.00003165719422277351
377.5 -207.5 0.00007123172943152543
-377.5 -202.5 0.00009466573288453049
-452.5 -87.5 0.00009463269455722107
-522.5 -82.5 0.00009463029528658279
-532.5 -317.5 0.00006946771714921594
-392.5 -252.5 0.00012358099490701258
-447.5 -92.5 0.00009463349928851225
442.5 -97.5 0.000001978513325251393
-607.5 -147.5 0.00012362632750359407
-447.5 -307.5 0.00009456095935751472
452.5 -87.5 0.00009694665170131051
467.5 -317.5 0.00007121440087774268
-602.5 -142.5 0.0000019316155503687894
607.5 -147.5 0.0001266305426472643
592.5 -122.5 0.0001602633517890871
567.5 -102.5 0.000031656371783055605
-572.5 -107.5 0.00000193138496652102
-417.5 -287.5 0.00012353534453035878
-487.5 -82.5 0.000017380993719127224
