-500 1387.7322016569738 0.9971066219711114
-510.9942615395478 1387.671588585943 0.9971066547390339
-521.9809936162545 1387.4898385922193 0.9971067529921509
-532.9526719127322 1387.1872191674465 0.9971069165786186
-543.9017823989929 1386.7641755765162 0.9971071452457237
-554.8208264673289 1386.2213300261371 0.9971074386404235
-565.702326057071 1385.5594805020853 0.9971077963100979
-576.5388287649758 1384.7795992761721 0.997108217703517
-587.3229129385704 1383.882831084229 0.9971087021720166
-598.0471927485203 1382.8704909771254 0.9971092489708846
-608.7043232367108 1381.7440618468195 0.9971098572609514
-619.2870053366607 1380.505191630268 0.9971105261103832
-629.7879908629258 1379.1556901938513 0.9971112544966745
-644.9594609347126 1388.4702926152252 0.9971062229207343
-655.6258352803338 1386.771124344061 0.9971071414898758
-666.1856444283115 1384.9581736225916 0.9971081212202865
-676.6316564970585 1383.033954879612 0.9971091606861546
-686.9567173278002 1381.001130456035 0.997110258379853
-697.1537553739175 1378.8625056063172 0.9971114127151189
-707.2157865346214 1376.6210232128205 0.997112622030399
-717.1359189292533 1374.2797582197186 0.9971138845923523
-726.9073576092362 1371.8419117954043 0.9971151985995041
-736.5234092048125 1369.310805232109 0.9971165621860405
-754.0532429590307 1375.701485092017 0.9971131179765842
-763.6440313530288 1372.7697337893887 0.9971146985771057
-773.0543012995466 1369.7470421928092 0.9971163272214852
-782.2776061529192 1366.6372992257373 0.9971180017267011
-791.3076269327322 1363.4444853402035 0.9971197198633313
-800.1381766481826 1360.1726649846757 0.9971214793601274
-818.5778971456414 1364.3688801874373 0.9971192225368618
-827.2594255807606 1360.6797302706975 0.9971212067506262
-835.7168903460596 1356.9168917478298 0.9971232290671713
-843.9444948594814 1353.0848704990865 0.9971252869780478
-862.7787338678361 1355.601197794468 0.9971239358149983
-870.7692981972338 1351.3447506166824 0.9971262209462881
-878.5060232738812 1347.0263600071535 0.9971285373151664
-897.518957343878 1348.1458896377526 0.9971279369986069
-904.9486320401542 1343.3995436427124 0.9971304811574067
-924.0589606783435 1343.4527166930072 0.9971304526689165
-931.1295490925378 1338.2748052235725 0.9971332253921645
-950.2530577613987 1337.2365237605609 0.99713378103137
-956.9123814331641 1331.6260274508104 0.9971367814780151
-975.9637876927476 1329.4754910529616 0.9971379306609929
-995.0292468014978 1326.5878707003105 0.9971394729307012
NaN NaN NaN
NaN NaN NaN
NaN NaN NaN
NaN NaN NaN
NaN NaN NaN
NaN NaN NaN
NaN NaN NaN
NaN NaN NaN
NaN NaN NaN
NaN NaN NaN
NaN NaN NaN
NaN NaN NaN
NaN NaN NaN
NaN NaN NaN
NaN NaN NaN
NaN NaN NaN
-1502.6122601137286 -1570.512977048308 0.9970865157169582
-1489.7180776268901 -1575.0762536928414 0.9970890126517907
-1476.439307992085 -1580.1793665885152 0.9970918022437907
-1463.8270971795234 -1585.3606205814663 0.9970946316046013
-1451.5929832767233 -1590.6466083578716 0.997097515101638
-1439.5547887524078 -1596.0482324482903 0.9971004584924713
-1427.5901376370912 -1601.568160445675 0.9971034630251328
-1415.6132534949743 -1607.204327924674 0.9971065273657793
-1403.5570039338252 -1612.9539509582328 0.9971096497911491
-1403.7363035292396 -1617.5076623572145 0.9971121201799696
-1391.084954666541 -1623.707803713303 0.997115480098449
-1378.232928885608 -1630.0042585470849 0.9971188878974571
-1365.1738872063413 -1636.3800968607484 0.9971223342379872
-1363.5939056201196 -1642.3192630990518 0.997125540544892
-1349.907994672455 -1649.0240302441987 0.9971291555389141
-1335.9899820753405 -1655.7717684180745 0.9971327887517647
-1332.9975184809628 -1662.7054213078768 0.997136516901933
-1318.4083343299292 -1669.7200088531602 0.9971402832495327
-1314.3843313445764 -1677.3570177025806 0.9971443777187494
-1299.1020183543544 -1684.5967111441119 0.9971482533339661
-1294.0175879924443 -1692.9033409983201 0.997152693120476
-1278.023822505374 -1700.323922162401 0.9971566530178988
-1271.854084645376 -1709.2595422683419 0.9971614135104949
-1265.0427429670508 -1718.6214252885939 0.9971663918701378
-1257.5802681853174 -1728.3984069984963 0.9971715809069813
-1239.9213082845397 -1736.2510950090152 0.9971757412150744
-1231.3174606910466 -1746.558734914265 0.9971811921165862
-1222.0380738028869 -1757.2392625196358 0.9971868282265943
-1212.0724373932069 -1768.2765053018325 0.9971926397897071
-1210.1433987629262 -1783.0199576548368 0.9972003826014356
-1198.5617258383668 -1794.9736958475003 0.997206643404078
-1186.26048516422 -1807.2250790522992 0.9972130444030125
-1181.3209762540089 -1823.9344897827214 0.9972217490518928
-1167.3207667848817 -1836.9638077373743 0.9972285161887998
-1160.2052088321418 -1854.9460598607855 0.9972378265132473
-1151.8562794547897 -1873.6608487270532 0.9972474802008285
-1142.247859642661 -1893.0666466283367 0.9972574518015735
-1131.3553157041945 -1913.1187111271643 0.9972677144353043
-1119.1550434895275 -1933.7691575657973 0.9972782398909463
-1112.0315831216333 -1961.1399069673532 0.9972921230599574
-1103.0270049878334 -1989.5639919666392 0.9973064593653252
-1098.021687141295 -2025.7858865334224 0.9973246096040409
-1085.0508359976022 -2056.447057505144 0.9973398698507959
-1081.0496099330805 -2102.946044121187 0.9973628328101288
-1068.9360748801744 -2143.678433830823 0.9973827713046024
-1064.1379793944352 -2202.0805752882543 0.9974110740458033
-1055.6738753559973 -2262.9805322573434 0.9974402333759425
-1047.8008761004953 -2335.1265807160376 0.9974743159034914
-1039.5530293259724 -2419.3826706382856 0.9975134950215966
-1033.7384082675685 -2526.35379778436 0.9975622846929714
-1028.4076949742657 -2658.0333336596195 0.9976209131563378
-973.2940612472388 -2658.463095173389 0.9976211019584249
-918.5917101412416 -2657.6435568612774 0.9976207419060855
-866.8244037405494 -2666.0465135793656 0.9976244307964766
-812.6980653594089 -2662.8246007499315 0.9976230171201245
-760.8717214695132 -2668.959270931852 0.9976257080328886
-707.460383522717 -2663.3890482878505 0.9976232648488718
-655.7052162594301 -2667.269143948387 0.9976249670082301
-603.8558530949546 -2670.0435513880266 0.9976261832950053
-551.9436449468544 -2671.7093596905806 0.9976269132496964
-500 -2672.264823060318 0.9976271565982807
-448.0563550531468 -2671.7093596905806 0.9976269132496964
-396.14414690504685 -2670.0435513880266 0.9976261832950053
-344.2947837405704 -2667.269143948387 0.9976249670082301
-292.5396164772843 -2663.3890482878505 0.9976232648488718
-239.12827853048705 -2668.959270931852 0.9976257080328886
-187.30193464059212 -2662.8246007499315 0.9976230171201245
-133.17559625945185 -2666.0465135793656 0.9976244307964766
-81.40828985875892 -2657.6435568612774 0.9976207419060855
-26.705938752759817 -2658.463095173389 0.9976211019584249
28.407694974266118 -2658.0333336596195 0.9976209131563378
83.89231223377193 -2656.331360702441 0.997620165287426
139.71109718359455 -2653.342768235672 0.9976188514386612
195.8227017021473 -2649.0492718359587 0.9976169625368934
252.18947325188884 -2643.439627518319 0.9976144921315421
314.0109504172303 -2646.255465241585 0.9976157325354055
371.092756050442 -2637.8413189532175 0.9976120239243813
434.2062074750717 -2637.5723927011604 0.9976119052886673
498.0532894637172 -2635.653679988513 0.9976110586692705
562.57846939304 -2632.0505146704027 0.9976094679087723
627.7248217349403 -2626.7307319272954 0.9976071171605032
693.4340964693324 -2619.664772837409 0.9976039908871425
759.6467895748768 -2610.825795207969 0.99760007386585
834.1031896008394 -2608.7755743035596 0.9975991643036226
909.5409558836565 -2604.5439868211183 0.9975972858053599
985.8800996996977 -2598.0835436384446 0.9975944147664871
1063.0371866707605 -2589.3505803226612 0.9975905278495197
1069.3232037081314 -2516.1170525429156 0.9975576612191253
1072.2808525588448 -2445.015879557902 0.9975252826655547
1081.3822539583316 -2383.18726498764 0.9974967458856713
1087.7999280119632 -2323.0468350711344 0.9974686439093211
1091.631683806329 -2264.697656255382 0.997441050352669
1102.9328942867508 -2214.203528126709 0.9974169072664056
1102.0825337737108 -2159.355722831307 0.9973904016604994
1109.2623485892777 -2111.8211632670627 0.9973671911866333
1125.0868039404427 -2070.628292938615 0.9973468959867604
1128.8505451252993 -2025.6102320061045 0.9973245219067721
1130.9713470532306 -1982.0936805870122 0.997302699533985
1142.4788984077245 -1944.0185341689855 0.9972834476526125
1152.8343286180784 -1906.820098766203 0.9972644952937552
1162.1408243905453 -1870.509983290662 0.9972458574417267
1170.236051426289 -1835.188483317797 0.9972275951744979
1176.8721168995062 -1801.018218672246 0.9972098034785313
1182.103970513282 -1768.0703080238852 0.9971925313372915
1197.9147990779277 -1738.218665475118 0.9971767825869224
1200.680706555103 -1707.546602470361 0.9971605016008412
1214.472984956979 -1679.3776046016633 0.9971454599681482
1227.420038571897 -1651.961456162856 0.9971307377593317
1239.5827297023973 -1625.3539898461333 0.9971163714749621
1251.0379650478017 -1599.6060067541919 0.9971023953966872
1261.8762303351316 -1574.7665773158146 0.9970888432759368
1272.2090477798456 -1550.8810319779768 0.9970757471586974
1282.1797123997733 -1527.9882836494166 0.9970631358089286
1305.1932376288896 -1504.8615443280128 0.9970503360722107
1315.1936685560013 -1483.7342779298285 0.9970385904694133
1339.1121019314971 -1461.8225404026507 0.9970263555553431
1350.515071479424 -1442.705523708789 0.9970156367126809
1376.4558324385548 -1423.010235136539 0.997004550160612
1402.2420099400483 -1406.061144269923 0.9969949739966452
1432.4603405884484 -1390.0065335926427 0.9969858728527798
1458.9177210512778 -1379.0612342674297 0.9969796511271374
NaN NaN NaN
NaN NaN NaN
943.2693792488877 1106.4783310961857 0.9972544107397117
684.2705442111551 1166.4169622201048 0.9972236189073382
524.9268898529488 1204.1648251127576 0.9972040337857986
408.25942227257184 1230.9286955965404 0.9971900563794169
319.97745811219147 1250.5754622785896 0.9971797474208974
259.8651865419111 1265.3633308456324 0.9971719608285899
213.73226578668755 1277.3248835220427 0.9971656453132677
167.64423807061792 1286.9904789905943 0.9971605308105947
135.35690639911883 1295.3547954834328 0.9971560967642622
103.06446880544735 1302.1941386031228 0.9971524655278634
70.82481517667658 1307.5199947837923 0.9971496343577962
52.0069653966678 1313.4270125956332 0.9971464906649402
33.08131429958376 1318.5702965530293 0.9971437503557012
14.078554722797536 1322.955175482319 0.9971414118587385
-4.970753198516679 1326.5878707003105 0.9971394729307012
-24.036212307230443 1329.4754910529616 0.9971379306609929
-43.08761856681332 1331.6260274508104 0.9971367814780151
-49.746942238615304 1337.2365237605607 0.99713378103137
-68.87045090743982 1338.2748052235725 0.9971332253921645
-75.9410393216553 1343.4527166930072 0.9971304526689165
-95.05136795982315 1343.3995436427124 0.9971304811574067
-102.48104265614455 1348.1458896377526 0.9971279369986069
-121.49397672611883 1347.0263600071535 0.9971285373151664
-129.230701802783 1351.3447506166824 0.9971262209462881
-137.22126613218666 1355.601197794468 0.9971239358149983
-156.05550514053638 1353.0848704990863 0.9971252869780478
-164.28310965394053 1356.9168917478298 0.9971232290671713
-172.74057441922068 1360.6797302706975 0.9971212067506262
-181.42210285435863 1364.3688801874373 0.9971192225368618
-199.86182335181428 1360.1726649846757 0.9971214793601274
-208.69237306728775 1363.4444853402035 0.9971197198633313
-217.72239384708092 1366.637299225737 0.9971180017267011
-226.94569870045325 1369.7470421928092 0.9971163272214852
-236.3559686469485 1372.7697337893887 0.9971146985771057
-245.94675704096997 1375.701485092017 0.9971131179765842
-263.4765907952102 1369.310805232109 0.9971165621860405
-273.0926423907638 1371.8419117954043 0.9971151985995041
-282.8640810707693 1374.2797582197186 0.9971138845923523
-292.7842134653556 1376.6210232128205 0.997112622030399
-302.8462446260827 1378.8625056063172 0.9971114127151189
-313.0432826721998 1381.001130456035 0.997110258379853
-323.3683435029185 1383.033954879612 0.9971091606861546
-333.81435557166554 1384.9581736225916 0.9971081212202865
-344.3741647196434 1386.771124344061 0.9971071414898758
-355.0405390652645 1388.4702926152252 0.9971062229207343
-370.2120091370742 1379.1556901938513 0.9971112544966745
-380.7129946633621 1380.505191630268 0.9971105261103832
-391.295676763312 1381.7440618468195 0.9971098572609514
-401.95280725147956 1382.8704909771254 0.9971092489708846
-412.67708706140655 1383.882831084229 0.9971087021720166
-423.4611712350013 1384.7795992761721 0.997108217703517
-434.29767394292895 1385.5594805020853 0.9971077963100979
-445.1791735326711 1386.2213300261371 0.9971074386404235
-456.0982176010293 1386.7641755765162 0.9971071452457237
-467.0473280872677 1387.1872191674465 0.9971069165786186
-478.01900638373155 1387.4898385922193 0.9971067529921509
-489.0057384604522 1387.671588585943 0.9971066547390339
500 1387.7322016569738 0.9971066219711114
489.0057384604522 1387.671588585943 0.9971066547390339
478.01900638373155 1387.4898385922193 0.9971067529921509
467.0473280872679 1387.1872191674465 0.9971069165786186
456.0982176010294 1386.7641755765162 0.9971071452457237
445.1791735326711 1386.2213300261371 0.9971074386404235
434.29767394292895 1385.5594805020853 0.9971077963100979
423.4611712350013 1384.7795992761721 0.997108217703517
412.67708706140655 1383.882831084229 0.9971087021720166
401.95280725147956 1382.8704909771254 0.9971092489708846
391.29567676331203 1381.7440618468195 0.9971098572609514
380.7129946633621 1380.505191630268 0.9971105261103832
370.2120091370742 1379.1556901938513 0.9971112544966745
355.0405390652645 1388.4702926152252 0.9971062229207343
344.37416471964343 1386.771124344061 0.9971071414898758
333.81435557166554 1384.9581736225916 0.9971081212202865
323.36834350291855 1383.033954879612 0.9971091606861546
313.0432826721998 1381.001130456035 0.997110258379853
302.8462446260827 1378.8625056063172 0.9971114127151189
292.7842134653556 1376.6210232128205 0.997112622030399
282.8640810707693 1374.2797582197186 0.9971138845923523
273.09264239076384 1371.8419117954043 0.9971151985995041
263.47659079521026 1369.310805232109 0.9971165621860405
245.94675704096997 1375.701485092017 0.9971131179765842
236.3559686469485 1372.7697337893887 0.9971146985771057
226.94569870045325 1369.7470421928092 0.9971163272214852
217.72239384708098 1366.6372992257373 0.9971180017267011
208.6923730672878 1363.4444853402035 0.9971197198633313
199.8618233518144 1360.1726649846757 0.9971214793601274
181.42210285435863 1364.3688801874373 0.9971192225368618
172.74057441922068 1360.6797302706975 0.9971212067506262
164.28310965394053 1356.9168917478298 0.9971232290671713
156.05550514053655 1353.0848704990865 0.9971252869780478
137.22126613218666 1355.601197794468 0.9971239358149983
129.2307018027831 1351.3447506166824 0.9971262209462881
121.49397672611883 1347.0263600071535 0.9971285373151664
102.48104265614455 1348.1458896377526 0.9971279369986069
95.05136795982315 1343.3995436427124 0.9971304811574067
75.94103932165541 1343.4527166930072 0.9971304526689165
68.87045090743982 1338.2748052235725 0.9971332253921645
49.74694223861542 1337.2365237605609 0.99713378103137
43.08761856681332 1331.6260274508104 0.9971367814780151
24.036212307230443 1329.4754910529616 0.9971379306609929
4.970753198516679 1326.5878707003105 0.9971394729307012
-14.078554722797476 1322.9551754823192 0.9971414118587385
-33.081314299583646 1318.5702965530295 0.9971437503557012
-52.006965396667745 1313.4270125956332 0.9971464906649402
-70.82481517667658 1307.5199947837923 0.9971496343577962
-103.06446880544735 1302.1941386031228 0.9971524655278634
-135.35690639911883 1295.3547954834328 0.9971560967642622
-167.6442380706164 1286.9904789905945 0.9971605308105947
-213.73226578668755 1277.324883522043 0.9971656453132677
-259.86518654191104 1265.363330845633 0.9971719608285899
-319.97745811219147 1250.5754622785896 0.9971797474208974
-408.25942227257184 1230.9286955965404 0.9971900563794169
-524.9268898529488 1204.1648251127576 0.9972040337857986
-684.2705442111549 1166.4169622201057 0.9972236189073381
-943.2693792488877 1106.4783310961857 0.9972544107397117
NaN NaN NaN
NaN NaN NaN
-1458.9177210512778 -1379.0612342674297 0.9969796511271374
-1432.4603405884484 -1390.0065335926427 0.9969858728527798
-1402.2420099400483 -1406.061144269923 0.9969949739966452
-1376.4558324385548 -1423.010235136539 0.997004550160612
-1350.515071479424 -1442.705523708789 0.9970156367126809
-1339.1121019314971 -1461.8225404026507 0.9970263555553431
-1315.1936685560013 -1483.7342779298285 0.9970385904694133
-1305.1932376288914 -1504.8615443280112 0.9970503360722107
-1282.1797123997737 -1527.9882836494157 0.9970631358089286
-1272.2090477798456 -1550.8810319779764 0.9970757471586974
-1261.8762303351318 -1574.7665773158144 0.9970888432759368
-1251.0379650478017 -1599.6060067541919 0.9971023953966872
-1239.5827297023973 -1625.3539898461333 0.9971163714749621
-1227.4200385718975 -1651.9614561628557 0.9971307377593317
-1214.472984956979 -1679.3776046016633 0.9971454599681482
-1200.680706555104 -1707.54660247036 0.9971605016008412
-1197.9147990779281 -1738.2186654751176 0.9971767825869224
-1182.103970513282 -1768.0703080238852 0.9971925313372915
-1176.8721168995062 -1801.018218672246 0.9972098034785313
-1170.2360514262884 -1835.1884833177978 0.9972275951744979
-1162.1408243905448 -1870.509983290662 0.9972458574417267
-1152.8343286180798 -1906.820098766202 0.9972644952937552
-1142.4788984077263 -1944.0185341689842 0.9972834476526125
-1130.9713470532306 -1982.0936805870122 0.997302699533985
-1128.8505451252993 -2025.6102320061045 0.9973245219067721
-1125.0868039404431 -2070.6282929386143 0.9973468959867604
-1109.262348589278 -2111.8211632670627 0.9973671911866333
-1102.0825337737108 -2159.355722831307 0.9973904016604994
-1102.9328942867508 -2214.203528126709 0.9974169072664056
-1091.6316838063294 -2264.697656255382 0.997441050352669
-1087.7999280119632 -2323.0468350711344 0.9974686439093211
-1081.3822539583336 -2383.1872649876386 0.9974967458856713
-1072.2808525588462 -2445.0158795579 0.9975252826655547
-1069.3232037081314 -2516.1170525429156 0.9975576612191253
-1063.0371866707612 -2589.3505803226612 0.9975905278495197
-985.8800996996981 -2598.0835436384446 0.9975944147664871
-909.5409558836565 -2604.5439868211183 0.9975972858053599
-834.1031896008415 -2608.775574303558 0.9975991643036226
-759.6467895748773 -2610.8257952079684 0.99760007386585
-693.4340964693324 -2619.664772837409 0.9976039908871425
-627.7248217349405 -2626.730731927295 0.9976071171605032
-562.5784693930412 -2632.0505146704027 0.9976094679087723
-498.0532894637172 -2635.653679988513 0.9976110586692705
-434.2062074750728 -2637.5723927011595 0.9976119052886673
-371.0927560504429 -2637.841318953217 0.9976120239243813
-314.0109504172303 -2646.255465241585 0.9976157325354055
-252.1894732518895 -2643.439627518319 0.9976144921315421
-195.8227017021479 -2649.0492718359587 0.9976169625368934
-139.71109718359455 -2653.342768235672 0.9976188514386612
-83.89231223377288 -2656.3313607024406 0.997620165287426
-28.407694974266864 -2658.0333336596195 0.9976209131563378
26.705938752759817 -2658.463095173389 0.9976211019584249
81.40828985875828 -2657.6435568612774 0.9976207419060855
133.17559625945066 -2666.0465135793656 0.9976244307964766
187.30193464059212 -2662.8246007499315 0.9976230171201245
239.12827853048626 -2668.959270931852 0.9976257080328886
292.53961647728346 -2663.3890482878505 0.9976232648488718
344.2947837405704 -2667.269143948387 0.9976249670082301
396.14414690504606 -2670.0435513880266 0.9976261832950053
448.0563550531457 -2671.7093596905806 0.9976269132496964
500 -2672.264823060318 0.9976271565982807
551.9436449468541 -2671.7093596905806 0.9976269132496964
603.8558530949538 -2670.0435513880266 0.9976261832950053
655.7052162594301 -2667.269143948387 0.9976249670082301
707.4603835227158 -2663.3890482878505 0.9976232648488718
760.8717214695123 -2668.959270931852 0.9976257080328886
812.6980653594089 -2662.8246007499315 0.9976230171201245
866.8244037405485 -2666.0465135793656 0.9976244307964766
918.5917101412409 -2657.6435568612774 0.9976207419060855
973.2940612472388 -2658.463095173389 0.9976211019584249
1028.4076949742653 -2658.0333336596195 0.9976209131563378
1033.7384082675674 -2526.3537977843603 0.9975622846929714
1039.5530293259724 -2419.3826706382856 0.9975134950215966
1047.8008761004944 -2335.1265807160376 0.9974743159034914
1055.673875355997 -2262.9805322573434 0.9974402333759425
1064.1379793944352 -2202.0805752882543 0.9974110740458033
1068.936074880174 -2143.6784338308235 0.9973827713046024
1081.0496099330796 -2102.9460441211872 0.9973628328101288
1085.0508359976022 -2056.447057505144 0.9973398698507959
1098.0216871412943 -2025.7858865334224 0.9973246096040409
1103.0270049878332 -1989.5639919666394 0.9973064593653252
1112.0315831216333 -1961.1399069673532 0.9972921230599574
1119.1550434895273 -1933.7691575657975 0.9972782398909463
1131.3553157041938 -1913.1187111271645 0.9972677144353043
1142.247859642661 -1893.0666466283367 0.9972574518015735
1151.8562794547895 -1873.6608487270532 0.9972474802008285
1160.2052088321416 -1854.9460598607857 0.9972378265132473
1167.3207667848817 -1836.9638077373743 0.9972285161887998
1181.320976254008 -1823.9344897827214 0.9972217490518928
1186.260485164219 -1807.2250790522992 0.9972130444030125
1198.5617258383668 -1794.9736958475003 0.997206643404078
1210.1433987629264 -1783.0199576548368 0.9972003826014356
1212.0724373932067 -1768.2765053018325 0.9971926397897071
1222.0380738028866 -1757.2392625196358 0.9971868282265943
1231.317460691046 -1746.558734914265 0.9971811921165862
1239.9213082845388 -1736.2510950090157 0.9971757412150744
1257.5802681853174 -1728.3984069984963 0.9971715809069813
1265.0427429670508 -1718.6214252885939 0.9971663918701378
1271.8540846453755 -1709.2595422683423 0.9971614135104949
1278.0238225053733 -1700.3239221624015 0.9971566530178988
1294.0175879924443 -1692.9033409983201 0.997152693120476
1299.1020183543542 -1684.5967111441119 0.9971482533339661
1314.3843313445764 -1677.3570177025806 0.9971443777187494
1318.4083343299292 -1669.7200088531602 0.9971402832495327
1332.997518480963 -1662.7054213078768 0.997136516901933
1335.9899820753408 -1655.771768418075 0.9971327887517647
1349.907994672455 -1649.0240302441987 0.9971291555389141
1363.5939056201203 -1642.319263099052 0.997125540544892
1365.1738872063413 -1636.3800968607484 0.9971223342379872
1378.232928885608 -1630.0042585470849 0.9971188878974571
1391.084954666541 -1623.7078037133035 0.997115480098449
1403.7363035292394 -1617.5076623572145 0.9971121201799696
1403.5570039338252 -1612.9539509582332 0.9971096497911491
1415.6132534949738 -1607.2043279246743 0.9971065273657793
1427.5901376370912 -1601.568160445675 0.9971034630251328
1439.5547887524078 -1596.0482324482903 0.9971004584924713
1451.5929832767233 -1590.6466083578716 0.997097515101638
1463.8270971795234 -1585.3606205814663 0.9970946316046013
1476.439307992085 -1580.1793665885152 0.9970918022437907
1489.7180776268901 -1575.0762536928414 0.9970890126517907
1502.6122601137286 -1570.512977048308 0.9970865157169582
NaN NaN NaN
NaN NaN NaN
NaN NaN NaN
NaN NaN NaN
NaN NaN NaN
NaN NaN NaN
NaN NaN NaN
NaN NaN NaN
NaN NaN NaN
NaN NaN NaN
NaN NaN NaN
NaN NaN NaN
NaN NaN NaN
NaN NaN NaN
NaN NaN NaN
NaN NaN NaN
995.0292468014978 1326.5878707003105 0.9971394729307012
975.9637876927476 1329.4754910529616 0.9971379306609929
956.9123814331641 1331.6260274508104 0.9971367814780151
950.2530577613987 1337.2365237605607 0.99713378103137
931.1295490925378 1338.2748052235725 0.9971332253921645
924.0589606783435 1343.4527166930072 0.9971304526689165
904.9486320401542 1343.3995436427124 0.9971304811574067
897.518957343878 1348.1458896377526 0.9971279369986069
878.5060232738812 1347.0263600071535 0.9971285373151664
870.7692981972338 1351.3447506166824 0.9971262209462881
862.7787338678363 1355.601197794468 0.9971239358149983
843.9444948594814 1353.0848704990863 0.9971252869780478
835.7168903460596 1356.9168917478298 0.9971232290671713
827.2594255807606 1360.6797302706975 0.9971212067506262
818.5778971456414 1364.3688801874373 0.9971192225368618
800.1381766481826 1360.1726649846757 0.9971214793601274
791.3076269327322 1363.4444853402035 0.9971197198633313
782.2776061529192 1366.637299225737 0.9971180017267011
773.0543012995466 1369.7470421928092 0.9971163272214852
763.6440313530288 1372.7697337893887 0.9971146985771057
754.0532429590307 1375.701485092017 0.9971131179765842
736.5234092048128 1369.310805232109 0.9971165621860405
726.9073576092362 1371.8419117954043 0.9971151985995041
717.1359189292535 1374.2797582197186 0.9971138845923523
707.2157865346214 1376.6210232128205 0.997112622030399
697.1537553739175 1378.8625056063172 0.9971114127151189
686.9567173278002 1381.001130456035 0.997110258379853
676.6316564970585 1383.033954879612 0.9971091606861546
666.1856444283115 1384.9581736225916 0.9971081212202865
655.6258352803338 1386.771124344061 0.9971071414898758
644.9594609347126 1388.4702926152252 0.9971062229207343
629.7879908629258 1379.1556901938513 0.9971112544966745
619.2870053366607 1380.505191630268 0.9971105261103832
608.7043232367109 1381.7440618468195 0.9971098572609514
598.0471927485204 1382.8704909771254 0.9971092489708846
587.3229129385704 1383.882831084229 0.9971087021720166
576.5388287649758 1384.7795992761721 0.997108217703517
565.702326057071 1385.5594805020853 0.9971077963100979
554.8208264673289 1386.2213300261371 0.9971074386404235
543.9017823989929 1386.7641755765162 0.9971071452457237
532.9526719127323 1387.1872191674465 0.9971069165786186
521.9809936162545 1387.4898385922193 0.9971067529921509
510.9942615395478 1387.671588585943 0.9971066547390339
