0 277.3763903255087
-4.2874236716507985 277.3369564693659
-8.571914698248346 277.2186913410413
-12.850542428974473 277.0217042152586
-17.12038020015858 276.7461770641926
-21.3785073255388 276.39236432924577
-25.845051867244337 277.1047579330884
-30.10781866437544 276.58885013014947
-34.3499915709334 275.9948512164362
-38.90151049018687 276.44472883402074
-43.12998863747316 275.6866944643456
-47.73390881361007 275.9527327606693
-51.93616730542553 275.0294865059088
-56.578839190360895 275.1069123827268
-61.25317988872084 275.0817288446194
-65.40970335085912 273.9026586246834
-70.10141175813874 273.68207723548346
-74.81337695033511 273.35449254952704
-79.54156175154131 272.9183315659551
-84.28187216273454 272.37212959231897
-89.0301607239565 271.7145316760609
-93.78222994118359 270.9442939158745
-99.31036755337227 270.9830646091093
-104.08826689327265 269.9626467143592
-109.69458470932193 269.7043849909442
-114.47876772283529 268.426832716677
-120.14120833316314 267.8618000241612
-125.8375832526512 267.1276682762829
-131.56151368071806 266.2216944452195
-137.3065252779947 265.1413215103027
-143.06605425255458 263.8841811786455
-149.86767815734453 263.1473022277323
-156.7211339802681 262.1722776965722
-163.6174650820924 260.95526018626447
-170.5475848772401 259.4926772949733
-177.5022858277828 257.78123563455
-185.6257379092318 256.3674405004766
-194.9731613362834 255.1530838898832
-203.2033736602059 253.06617744367216
-212.67346886640897 251.10478472760568
-223.42855714522864 249.16500875338372
-234.25558138098677 246.75542801005136
-246.40743958290537 244.2208415917975
-259.91603949927645 241.45142483490503
-274.80788332080954 238.33531291322748
-291.10399859522073 234.7588480673532
-310.1509575806011 230.8150355278498
-331.9974480104493 226.27798308824487
-355.3250868827769 220.78385547123008
-384.22827574780763 214.50644052556856
-417.4087430876888 206.9290229900589
-457.6682675402819 197.75065617452668
-507.85806661809386 186.36812633651735
-570.860216055495 171.87513460261678
-653.7941552449339 152.79660153834638
-766.6665499982629 126.66088338596887
-930.880303014937 88.67572934021986
NaN NaN
NaN NaN
NaN NaN
-1109.474100871234 -246.71175249845794
-1097.007983194408 -264.1241124559506
-1085.7209631749092 -285.0971398014905
-1076.3944164515106 -306.2364728321844
-1068.1568031648465 -327.6862776213159
-1061.3637082664359 -349.7525027562762
-1055.7690414732906 -372.4018590325283
-1050.1729402021379 -395.5361803496308
-1045.6939364717214 -418.75626677979795
-1040.9947356897046 -442.32274951738003
-1037.2117938073968 -466.0619526584642
-1034.2632501903145 -490.0864923872134
-1030.8421856949187 -514.5337470446619
-1028.113531945985 -539.386731152378
-1024.7880722801076 -564.6802204756516
-1022.0309910705398 -590.4906209026087
-1019.7747240030418 -616.9164426639043
-1016.754309605771 -643.8409924892693
-1015.2961639531325 -671.7297102447883
-1012.947955939747 -700.2017431498402
-1010.8265718912515 -729.5496022772625
-1008.8504060165872 -759.849819166685
-1006.9338508038189 -791.1734344379202
-1004.9873888548773 -823.5856930526442
-1004.0039671573558 -857.6588973481736
-1002.7595703127498 -893.0125196615182
-1001.1505504441441 -929.6895360650534
-981.7138614000825 -957.05019247969
-958.5245391326707 -981.9978037838621
-934.7343959031136 -1006.2990798261552
-910.4040365100818 -1029.9447510717034
-885.5588167672267 -1052.930836168
-860.2048564741538 -1075.2523694760764
-834.3498281507142 -1096.902888840674
-808.0028058807205 -1117.874795396575
-781.1740928660919 -1138.1596379693628
-753.8751571153525 -1157.748366431848
-726.1184280795252 -1176.631497283183
-697.9173151920924 -1194.7993066298998
-669.2860190824694 -1212.2419249203008
-640.2395976727043 -1228.9495111286208
-610.79373763004 -1244.912261825735
-580.9648254111864 -1260.1205587847237
-550.7698271602907 -1274.5649943456744
-520.2263089161929 -1288.2364825521736
-489.35228366597755 -1301.126215131069
-458.1662982529739 -1313.225818517798
-426.68726461316527 -1324.5272582268924
-394.9345522706589 -1335.0230081587151
-362.9278681255539 -1344.705985334683
-330.6872461877253 -1353.5695927924867
-298.23302949061934 -1361.6077616323619
-265.58582607527234 -1368.8149488498968
-232.76647943487154 -1375.186145471466
-199.79605382401985 -1380.7169217120259
-166.69579427894806 -1385.403414241637
-133.4870970229784 -1389.2423157884293
-100.1914980125303 -1392.2309416392065
-66.8306319659512 -1394.3671851276115
-33.426211351888945 -1395.6495397121566
0 -1396.0770914810107
33.42621135188841 -1395.6495397121566
66.83063196595072 -1394.3671851276115
100.1914980125303 -1392.2309416392065
133.48709702297782 -1389.2423157884293
166.69579427894755 -1385.403414241637
199.79605382401985 -1380.7169217120259
232.76647943487114 -1375.186145471466
265.5858260752716 -1368.8149488498968
298.23302949061934 -1361.6077616323619
330.68724618772484 -1353.5695927924867
362.9278681255536 -1344.705985334683
394.9345522706589 -1335.0230081587151
426.6872646131649 -1324.5272582268929
458.1662982529734 -1313.2258185177982
489.35228366597755 -1301.126215131069
520.2263089161925 -1288.2364825521738
550.7698271602902 -1274.564994345675
580.9648254111864 -1260.1205587847237
610.7937376300399 -1244.912261825735
640.2395976727043 -1228.9495111286208
669.2860190824694 -1212.2419249203008
697.9173151920924 -1194.7993066298998
726.1184280795252 -1176.631497283183
753.8751571153525 -1157.748366431848
781.1740928660917 -1138.1596379693628
808.0028058807204 -1117.8747953965749
834.3498281507142 -1096.902888840674
860.2048564741528 -1075.2523694760769
885.558816767226 -1052.9308361680014
910.4040365100818 -1029.9447510717034
934.7343959031128 -1006.2990798261561
958.5245391326703 -981.9978037838625
981.7138614000822 -957.0501924796902
1001.1505504441438 -929.6895360650536
1002.7595703127502 -893.0125196615181
1004.0039671573558 -857.6588973481736
1004.9873888548773 -823.5856930526442
1006.9338508038188 -791.1734344379206
1008.8504060165872 -759.849819166685
1010.826571891251 -729.5496022772629
1012.947955939747 -700.2017431498402
1015.2961639531325 -671.7297102447883
1016.754309605771 -643.8409924892693
1019.7747240030418 -616.9164426639044
1022.0309910705402 -590.4906209026083
1024.7880722801076 -564.6802204756516
1028.1135319459845 -539.3867311523792
1030.8421856949187 -514.5337470446619
1034.2632501903145 -490.0864923872134
1037.2117938073961 -466.0619526584655
1040.9947356897042 -442.3227495173818
1045.6939364717214 -418.75626677979756
1050.172940202137 -395.53618034963336
1055.7690414732906 -372.4018590325283
1061.3637082664359 -349.7525027562762
1068.1568031648465 -327.6862776213159
1076.3944164515106 -306.2364728321844
1085.7209631749092 -285.0971398014905
1097.007983194408 -264.1241124559506
1109.474100871234 -246.71175249845794
NaN NaN
NaN NaN
NaN NaN
930.8803030149372 88.67572934021806
766.6665499982629 126.66088338596887
653.7941552449339 152.79660153834638
570.860216055495 171.87513460261678
507.8580666180939 186.36812633651687
457.668267540282 197.75065617452654
417.4087430876888 206.9290229900587
384.22827574780763 214.50644052556856
355.3250868827769 220.78385547123008
331.9974480104493 226.27798308824487
310.1509575806011 230.81503552784974
291.10399859522073 234.75884806735323
274.8078833208096 238.33531291322737
259.91603949927645 241.45142483490503
246.40743958290537 244.2208415917975
234.25558138098677 246.75542801005136
223.42855714522875 249.16500875338352
212.673468866409 251.1047847276056
203.2033736602059 253.06617744367207
194.9731613362834 255.1530838898832
185.6257379092318 256.3674405004766
177.5022858277828 257.78123563455
170.54758487724018 259.4926772949732
163.61746508209242 260.95526018626447
156.7211339802681 262.17227769657217
149.86767815734453 263.1473022277323
143.06605425255458 263.8841811786455
137.3065252779947 265.1413215103027
131.56151368071818 266.22169444521944
125.83758325265124 267.1276682762822
120.14120833316316 267.8618000241612
114.47876772283529 268.426832716677
109.69458470932193 269.7043849909442
104.08826689327265 269.9626467143592
99.31036755337234 270.9830646091092
93.78222994118362 270.9442939158745
89.03016072395651 271.7145316760609
84.28187216273454 272.37212959231897
79.54156175154131 272.9183315659551
74.81337695033511 273.35449254952704
70.10141175813881 273.68207723548346
65.40970335085916 273.9026586246834
61.253179888720865 275.08172884461936
56.578839190360895 275.1069123827268
51.93616730542553 275.0294865059088
47.73390881361007 275.9527327606693
43.12998863747321 275.6866944643455
38.901510490186915 276.44472883402074
34.349991570933454 275.9948512164362
30.10781866437544 276.58885013014947
25.845051867244337 277.1047579330884
21.3785073255388 276.39236432924577
17.12038020015862 276.7461770641926
12.850542428974515 277.0217042152586
8.57191469824839 277.2186913410413
4.2874236716507985 277.3369564693659
