0 296.9273903255097
-4.403905014306141 296.8876094788392
-8.804797553065146 296.76830429311536
-13.199667189676765 296.56958678349133
-17.58550759407466 296.29164348245655
-21.95931857758638 295.93473520100866
-26.54114891840353 296.64336202589294
-30.918724444497993 296.1230261510577
-35.275150325703315 295.5239495642458
-39.9402881620066 295.96811332412875
-44.28167330001434 295.20374402205346
-48.99771115973316 295.462843078909
-53.31122118813055 294.53207166325836
-58.06420221640239 294.6014064177337
-62.84783406447586 294.5675872824653
-67.11255578001095 293.37935995228344
-71.91129539069107 293.14912432117694
-76.72905138245287 292.8114140036042
-81.56171407565802 292.3646830383364
-86.40511786735595 291.8074950037996
-91.25504464253595 291.1385243796444
-96.10722724941786 290.3565577847964
-101.7338848142432 290.38327504833666
-106.60864314910704 289.3505115923972
-112.31009262012873 289.0796454890242
-117.18761475014061 287.78926409248095
-122.94153796852437 287.2112122874131
-128.72747629001637 286.46390677379276
-134.53898953175127 285.5446403530377
-140.3695433294783 284.45089223096636
-146.21251526491488 283.18033064162717
-153.09542570337365 282.4300210915008
-160.02795592302738 281.4415934508721
-167.0010950910034 280.21123715350285
-174.00570398130847 278.7354165298649
-181.03252400491328 277.01087472145696
-189.22567571051667 275.58415324815786
-198.640331544174 274.3570799236888
-206.93526297942014 272.25770169551686
-216.46751964642166 270.2841168243884
-227.28216913315032 268.3324623048222
-238.1661135036551 265.9113497972576
-250.37221175693682 263.36561065825606
-263.9323344678679 260.58545148183083
-278.8729485160103 257.4590376016547
-295.2150480243996 253.8727402296222
-314.30517373582904 249.91959229150316
-336.1919837994837 245.37372791568072
-359.55706758030567 239.87133671878408
-388.4948009656581 233.58622992601673
-421.70688876259067 226.00171406282954
-461.99508793788937 216.81686256821897
-512.2105963518339 205.42848010859984
-575.2354721188987 190.93028444142982
-658.189139056051 171.84721093279998
-771.0782494547225 145.70762874852045
-935.3056945582994 107.71929808895945
NaN NaN
NaN NaN
NaN NaN
-1127.9554994435932 -282.0000260674017
-1114.3614883595626 -298.612818215081
-1101.874119364186 -318.6845883628419
-1091.4813263391407 -338.9785094739813
-1082.2832206055568 -359.6291199016364
-1074.6087673119741 -380.9286179196783
-1068.2039482906375 -402.84364432947143
-1061.8636173159962 -425.27752735689563
-1056.70853401206 -447.8403303826346
-1051.385809610319 -470.7817269492475
-1047.0292304762897 -493.93004724315637
-1043.5486161469896 -517.3923319148107
-1039.6301305191287 -541.3007221088544
-1036.435632616997 -565.6371329049722
-1032.6724614284878 -590.4342347734046
-1029.502391366935 -615.7657955344313
-1026.854832356712 -641.7276790628403
-1023.4645753600668 -668.2046257486992
-1021.6521021707094 -695.6537141827534
-1018.9679658059478 -723.7002819252671
-1016.525570585904 -752.6319693397418
-1014.2422416425891 -782.5243069037903
-1012.0315172727817 -813.4475748923405
-1009.8031925887096 -845.4664623872603
-1008.5469832762782 -879.1468540768659
-1007.0412032825675 -914.1137538079809
-1005.1818665419925 -950.4101411349527
-1002.8622387132312 -988.0718700290489
-1001.9924330784252 -1028.4486823010009
-993.744223525462 -1065.510549076231
-967.9591469032125 -1090.602624897275
-941.6173035763596 -1115.004363627982
-914.7258552501482 -1138.708987931634
-887.2935477005055 -1161.708324226179
-859.3305595178005 -1183.993154048901
-830.8483293885648 -1205.5534914579723
-801.8594913991981 -1226.3788305917417
-772.3776711184876 -1246.458306426915
-742.4175035501166 -1265.7808837849677
-711.9944435936111 -1284.3354487507545
-681.1248314116795 -1302.110980162646
-649.8256629379811 -1319.0965563955804
-618.1146600612636 -1335.281501159378
-586.0101495004176 -1350.6554073340078
-553.5310820176836 -1365.208246916993
-520.6968783114958 -1378.9303259521412
-487.5275148803691 -1391.8124408421854
-454.0433539909637 -1403.8457819956218
-420.2652350559905 -1415.0221027435525
-386.2143531107359 -1425.3336536255174
-351.91224728140406 -1434.7732250092524
-317.3807813991703 -1443.3341889407163
-282.64209863505914 -1451.0104968058688
-247.7185905803714 -1457.7966873515238
-212.63288118288415 -1463.6879318003714
-177.40778535153314 -1468.6800210528984
-142.06627793662406 -1472.7693552477201
-106.6314808528504 -1475.9530103060767
-71.12662064517613 -1478.228693371639
-35.575006022299696 -1479.5947649070704
0 -1480.050231192607
35.575006022299114 -1479.5947649070704
71.12662064517559 -1478.228693371639
106.6314808528504 -1475.9530103060767
142.06627793662344 -1472.7693552477201
177.40778535153262 -1468.6800210528984
212.63288118288415 -1463.6879318003714
247.718590580371 -1457.7966873515238
282.6420986350584 -1451.0104968058688
317.3807813991703 -1443.3341889407163
351.91224728140355 -1434.7732250092524
386.21435311073554 -1425.3336536255174
420.2652350559905 -1415.0221027435525
454.04335399096334 -1403.8457819956222
487.5275148803686 -1391.8124408421857
520.6968783114958 -1378.9303259521412
553.5310820176832 -1365.2082469169932
586.0101495004171 -1350.6554073340083
618.1146600612636 -1335.281501159378
649.8256629379808 -1319.0965563955804
681.1248314116795 -1302.110980162646
711.9944435936111 -1284.3354487507545
742.4175035501166 -1265.7808837849677
772.3776711184876 -1246.458306426915
801.8594913991981 -1226.3788305917417
830.8483293885646 -1205.5534914579723
859.3305595178003 -1183.9931540489008
887.2935477005055 -1161.708324226179
914.7258552501471 -1138.7089879316345
941.6173035763587 -1115.0043636279834
967.9591469032125 -1090.602624897275
993.7442235254612 -1065.5105490762323
1001.9924330784246 -1028.4486823010013
1002.862238713231 -988.071870029049
1005.1818665419922 -950.4101411349529
1007.0412032825678 -914.1137538079807
1008.5469832762782 -879.1468540768659
1009.8031925887096 -845.4664623872603
1012.0315172727816 -813.447574892341
1014.2422416425891 -782.5243069037903
1016.5255705859033 -752.6319693397422
1018.9679658059478 -723.7002819252671
1021.6521021707094 -695.6537141827534
1023.4645753600668 -668.2046257486992
1026.854832356712 -641.7276790628404
1029.5023913669352 -615.7657955344308
1032.6724614284878 -590.4342347734046
1036.4356326169966 -565.6371329049733
1039.6301305191287 -541.3007221088544
1043.5486161469896 -517.3923319148107
1047.029230476289 -493.93004724315756
1051.3858096103186 -470.7817269492493
1056.70853401206 -447.84033038263425
1061.863617315995 -425.27752735689813
1068.2039482906375 -402.84364432947143
1074.6087673119741 -380.9286179196783
1082.2832206055568 -359.6291199016364
1091.4813263391407 -338.9785094739813
1101.874119364186 -318.6845883628419
1114.3614883595626 -298.612818215081
1127.9554994435932 -282.0000260674017
NaN NaN
NaN NaN
NaN NaN
935.3056945582996 107.71929808895764
771.0782494547225 145.70762874852045
658.189139056051 171.84721093279998
575.2354721188987 190.93028444142982
512.210596351834 205.42848010859936
461.9950879378895 216.81686256821882
421.70688876259067 226.00171406282934
388.4948009656581 233.58622992601673
359.55706758030567 239.87133671878408
336.1919837994837 245.37372791568072
314.30517373582904 249.9195922915031
295.2150480243996 253.87274022962222
278.87294851601035 257.4590376016546
263.9323344678679 260.58545148183083
250.37221175693682 263.36561065825606
238.1661135036551 265.9113497972576
227.28216913315043 268.332462304822
216.4675196464217 270.28411682438826
206.93526297942014 272.2577016955168
198.640331544174 274.3570799236888
189.22567571051667 275.58415324815786
181.03252400491328 277.01087472145696
174.00570398130856 278.7354165298648
167.00109509100344 280.21123715350285
160.02795592302738 281.44159345087206
153.09542570337365 282.4300210915008
146.21251526491488 283.18033064162717
140.3695433294783 284.45089223096636
134.53898953175138 285.54464035303766
128.72747629001643 286.463906773792
122.9415379685244 287.2112122874131
117.18761475014061 287.78926409248095
112.31009262012873 289.0796454890242
106.60864314910704 289.3505115923972
101.73388481424327 290.38327504833654
96.10722724941789 290.3565577847964
91.25504464253596 291.1385243796444
86.40511786735595 291.8074950037996
81.56171407565802 292.3646830383364
76.72905138245287 292.8114140036042
71.91129539069114 293.14912432117694
67.112555780011 293.37935995228344
62.84783406447589 294.56758728246524
58.06420221640239 294.6014064177337
53.31122118813055 294.53207166325836
48.99771115973316 295.462843078909
44.28167330001439 295.2037440220534
39.940288162006645 295.96811332412875
35.27515032570337 295.5239495642458
30.918724444497993 296.1230261510577
26.54114891840353 296.64336202589294
21.95931857758638 295.93473520100866
17.585507594074702 296.29164348245655
13.199667189676807 296.56958678349133
8.80479755306519 296.76830429311536
4.403905014306141 296.8876094788392
