-1382.125 -3692.375 0.0000000000000017031239861698456
-1184.125 -2269.625 0.0000000000000022957208237365253
1863.875 -2659.625 0.0000000000000031205510190591075
1024.625 -2806.625 0.000000000000001260063456403651
1017.875 -2942.375 0.0000000000000012898218337374417
813.875 -3701.375 0.0000000000000013404135898267894
1286.375 -1788.875 0.0000000000000010314338248477597
1667.375 -3140.375 0.0000000000000032714832478525233
1052.375 -2709.125 0.0000000000000012410722086343233
1001.375 -3056.375 0.000000000000001308315994492514
1155.875 -2369.375 0.0000000000000011703039450338484
1815.875 -2789.375 0.0000000000000031639976965719096
1809.125 -2808.125 0.00000000000000317011045833391
1692.875 -3084.875 0.000000000000003255660939508443
1623.125 -3231.875 0.0000000000000032968508334409905
-1565.125 -3351.875 0.0000000000000016662705312137523
1875.875 -3902.375 0.0000000000000013839275781914841
963.875 -3294.875 0.0000000000000013342517420871382
1172.375 -2309.375 0.0000000000000011569365779012595
1932.875 -2455.625 0.000000000000003048646853633138
907.625 -3535.625 0.0000000000000013420759074168906
-1843.375 -2715.125 0.0000000000000015697000514638847
-1623.625 -3231.875 0.0000000000000016484254167204947
573.875 -3897.125 0.0000000000000013400721058873787
-929.875 -3465.125 0.000000000000002684180754704804
1270.625 -3846.875 0.000000000000003414217165356716
1586.375 -3304.625 0.0000000000000033162852321459953
1147.625 -3990.125 0.0000000000000034288696524204636
-1281.625 -1809.125 0.0000000000000020725277103997196
1065.125 -2668.625 0.0000000000000012333019669493427
-2072.125 -1946.375 0.0000000000000014148272232301358
-992.125 -3150.125 0.0000000000000026424976520691363
1645.625 -3951.125 0.0000000000000015855881115617682
-1651.375 -3946.625 0.0000000000000031741138760679377
-1791.625 -3773.375 0.0000000000000031199372333441727
1437.875 -3596.375 0.0000000000000033831214763646526
-1836.625 -2733.875 0.000000000000001572803523683495
1271.375 -1848.125 0.0000000000000010459127971627211
-1024.375 -2806.625 0.0000000000000025201268005964214
-1577.125 -3321.875 0.0000000000000016606219084751703
1363.625 -3723.875 0.000000000000003413539243589665
1245.125 -1998.875 0.000000000000001083319659002145
-997.375 -3093.875 0.0000000000000026274776357779493
-848.875 -3669.875 0.000000000000002684117633315602
-1757.125 -2937.875 0.0000000000000016056380919973973
1889.375 -3951.875 0.00000000000000134850111685593
1902.125 -2548.625 0.0000000000000030817868449662783
-1266.625 -1867.625 0.000000000000002101459865933953
-701.125 -3816.125 0.0000000000000026782208081094304
-410.875 -3993.875 0.0000000000000026741705870866043
-1995.625 -2237.375 0.000000000000001477675427812429
-1004.875 -3019.625 0.000000000000002605067796770607
2027.375 -2126.375 0.0000000000000029128153678095596
1023.125 -2823.125 0.0000000000000012640368339486051
1392.875 -3676.625 0.000000000000003402655165307766
1309.625 -1638.875 0.0000000000000009937765488589533
1137.875 -2429.375 0.0000000000000011834590154777938
-1612.375 -3999.875 0.0000000000000031620128853813955
1382.375 -3692.375 0.0000000000000034062479723396944
-1920.625 -2492.375 0.0000000000000015309974045286687
-962.875 -3314.375 0.0000000000000026716250302215284
-1864.375 -3858.875 0.000000000000002828159935713121
1830.125 -2752.625 0.0000000000000031517767371531464
1678.625 -3906.125 0.0000000000000015891266144699455
1773.875 -3781.625 0.0000000000000015721740804511647
2205.875 929.875 0.000000000057727012137652694
-1259.875 -3861.875 0.0000000000000017086408177249468
1725.875 -3011.375 0.000000000000003233824479460007
-1172.875 -2309.375 0.000000000000002313873155802519
913.625 -3514.625 0.0000000000000013415690122301423
-1645.375 -3951.125 0.0000000000000031711762231235364
-1932.625 -2455.625 0.0000000000000015243234268165649
-1772.125 -2900.375 0.000000000000001599877589077717
-1222.375 -3908.375 0.0000000000000017130320832347699
1261.625 -1887.875 0.0000000000000010555421191051572
1208.375 -2137.625 0.0000000000000011162699886595051
1731.125 -3832.625 0.00000000000000158647051707574
1173.875 -3960.125 0.0000000000000034233686714726803
-901.375 -3556.625 0.0000000000000026850664006681083
-1462.375 -3559.625 0.0000000000000016927320712814387
-1126.375 -2469.125 0.000000000000002384196076200254
1255.625 -1959.875 0.000000000000001073808938516093
-1586.125 -3304.625 0.0000000000000016581426160729994
-1187.875 -3945.125 0.0000000000000017103007955738262
1302.125 -3809.375 0.0000000000000034190782180971632
922.625 -3472.625 0.0000000000000013404046478321455
1989.875 -2256.125 0.000000000000002962367767511328
1641.125 -3195.125 0.0000000000000032868470044047594
1537.625 -3402.875 0.000000000000003338087917112519
-1701.625 -3066.875 0.0000000000000016251255780493726
-1877.875 -3911.375 0.0000000000000027541261182035878
2011.625 -2181.875 0.0000000000000029341865129358763
1780.625 -3779.375 0.0000000000000015680207678081906
-1392.625 -3676.625 0.000000000000001701327582653883
-1762.375 -3796.625 0.000000000000003155145402378333
-1065.625 -2668.625 0.0000000000000024666039338986855
1571.375 -3336.875 0.0000000000000033269374608591997
1756.625 -3804.875 0.0000000000000015799868169284583
1002.125 -3038.375 0.0000000000000013054229122232478
-1773.625 -3781.625 0.0000000000000031443481609023293
1833.875 -3778.625 0.0000000000000015008292650524864
-550.375 -3914.375 0.000000000000002681035672130179
793.625 -3723.125 0.0000000000000013408375046563694
-1838.125 -3783.125 0.0000000000000029805480417551826
-1702.375 -3872.375 0.0000000000000031786013662586565
-2000.875 -2219.375 0.000000000000001474157063664189
1206.125 -2190.125 0.0000000000000011294629061667822
1020.875 -2873.375 0.000000000000001275540451037555
1711.625 -3858.125 0.0000000000000015886889837456462
-1219.375 -2097.875 0.0000000000000022138263078377364
-1849.375 -3809.375 0.0000000000000029194827156462843
1016.375 -2977.625 0.0000000000000012964800705130855
1194.875 -2229.875 0.0000000000000011386961896016657
-894.625 -3577.625 0.000000000000002685899009610853
1827.125 -3768.875 0.0000000000000015132145454866516
1260.875 -1939.625 0.0000000000000010690122550440762
918.125 -3493.625 0.000000000000001341016371367384
2062.625 -1983.125 0.000000000000002844268270475593
2076.875 -1927.625 0.000000000000002822314830219101
-1046.125 -2728.625 0.00000000000000248979212148283
1161.125 -3975.125 0.0000000000000034261372460673566
-1348.375 -1393.625 0.0000000000000018889128538577567
2006.375 -2200.625 0.000000000000002941258630849316
-1018.375 -2942.375 0.0000000000000025796436674748834
-1314.625 -1619.375 0.000000000000001977868821662462
-2016.625 -2163.875 0.0000000000000014635393431369188
980.375 -3176.375 0.0000000000000013228321575073775
-1973.125 -2325.875 0.0000000000000015005117747235229
1801.625 -2826.875 0.000000000000003176113075920915
-1786.375 -2877.125 0.0000000000000016023601494225326
1120.625 -2488.625 0.0000000000000011963787291718938
-1950.625 -2400.125 0.0000000000000015141978585225257
-917.875 -3493.625 0.000000000000002682032742734768
432.875 -3986.375 0.0000000000000013396319594902372
1862.375 -3852.125 0.0000000000000014204029705285644
-1344.625 -3745.625 0.0000000000000017029647208674527
1650.125 -3177.125 0.000000000000003281792254636455
-1899.625 -3987.875 0.000000000000002651196528997069
-1291.375 -3825.125 0.0000000000000017111352972167756
1531.625 -3417.125 0.000000000000003343503398209116
-1914.625 -2511.125 0.0000000000000015343116602223903
2032.625 -2108.375 0.0000000000000029056622457232967
550.625 -3914.375 0.0000000000000013405178360650896
1979.375 -2307.125 0.0000000000000029941162274491647
-617.875 -3870.875 0.0000000000000026838332011268037
1741.625 -2974.625 0.0000000000000032226825248172317
-1895.875 -2566.625 0.000000000000001544160662931766
-1147.375 -3990.125 0.0000000000000017144348262102318
-1001.125 -3056.375 0.000000000000002616631935191122
-950.875 -3342.125 0.000000000000002672050417646671
718.625 -3795.125 0.0000000000000013392733630110203
-1355.125 -3729.875 0.000000000000001701274690187918
1286.375 -1737.125 0.0000000000000010179604071407289
976.625 -3215.375 0.0000000000000013270947670411245
-526.375 -3931.625 0.0000000000000026818974317455955
1564.625 -3351.875 0.0000000000000033325410624275093
-942.625 -3382.625 0.000000000000002677014881051216
1768.625 -3789.125 0.0000000000000015749410806639713
-1816.375 -3768.875 0.0000000000000030643932501323944
-1304.875 -1658.375 0.0000000000000019972336892471353
-1144.375 -2409.125 0.0000000000000023581985781637434
-1828.375 -3776.375 0.0000000000000030220911966722533
1899.875 -3987.875 0.0000000000000013255982644985345
-1240.375 -2019.125 0.0000000000000021761221547674662
-1026.625 -2788.625 0.0000000000000025122346730594603
-2037.625 -2089.625 0.000000000000001449240293484468
-1632.625 -3971.375 0.000000000000003168823221345472
1896.125 -2566.625 0.000000000000003088321325863532
1938.875 -2436.875 0.0000000000000030419244211530073
-1827.625 -3768.875 0.0000000000000030264290909733032
-1823.125 -2771.375 0.0000000000000015789534119984978
-1444.375 -3591.875 0.0000000000000016969235052327374
-1532.125 -3417.125 0.0000000000000016717516991045574
885.125 -3586.625 0.0000000000000013410060159554983
1818.875 -3768.875 0.0000000000000015275909744723383
-1892.125 -3963.875 0.000000000000002682064372877833
-1979.125 -2307.125 0.0000000000000014970581137245824
-1850.875 -2696.375 0.0000000000000015665769297459766
-1815.625 -2789.375 0.0000000000000015819988482859554
1218.875 -2097.875 0.0000000000000011069134456153551
-996.625 -3111.875 0.000000000000002632720824240749
1577.375 -3321.875 0.0000000000000033212435399292156
1224.125 -2078.375 0.0000000000000011022165240883417
877.625 -3607.625 0.0000000000000013413012127955792
1956.125 -2381.375 0.000000000000003021589769711695
1444.625 -3591.875 0.0000000000000033938472806214167
1016.375 -2959.625 0.0000000000000012931583353118166
1290.875 -1769.375 0.0000000000000010266010629863712
-1856.875 -2678.375 0.0000000000000015634354697855664
1188.125 -3945.125 0.000000000000003420601591147651
1944.875 -2418.125 0.0000000000000030351734831639276
-1295.875 -1697.375 0.0000000000000020165905167521995
1864.625 -3858.875 0.0000000000000014140799678565605
-1001.875 -3038.375 0.000000000000002610845824446495
-1693.375 -3084.875 0.0000000000000016278304697542215
2047.625 -2052.875 0.0000000000000028840827925167112
-1023.625 -2838.875 0.0000000000000025360520542652777
-922.375 -3472.625 0.0000000000000026808090569074535
1662.875 -3927.125 0.0000000000000015877483101560638
-1863.625 -2659.625 0.0000000000000015602755095295533
-999.625 -3075.125 0.000000000000002622140850414918
1290.875 -3825.125 0.000000000000003422270594433553
-1632.625 -3213.875 0.0000000000000016459523307928514
1266.125 -1867.625 0.0000000000000010507299329669765
-1166.875 -2329.625 0.000000000000002322831447322606
1722.875 -3844.625 0.0000000000000015877501577797397
-1768.375 -3789.125 0.0000000000000031498821613279426
1077.875 -2628.875 0.0000000000000012253790976922387
-869.125 -3628.625 0.000000000000002683136454450068
1259.375 -3861.875 0.0000000000000034172816354498936
1880.375 -3921.125 0.0000000000000013700973002311378
-1033.375 -2769.125 0.0000000000000025048409357362
1453.625 -3575.375 0.0000000000000033897875751379038
-1698.625 -3873.875 0.000000000000003177868609810491
737.375 -3786.125 0.0000000000000013415924766085863
-1235.125 -2038.625 0.0000000000000021855802680146255
-1022.125 -2856.125 0.0000000000000025436399702631077
-1990.375 -2256.125 0.000000000000001481183883755664
-1720.375 -3844.625 0.00000000000000317562145577781
1995.875 -2237.375 0.000000000000002955350855624858
-1487.125 -3511.625 0.0000000000000016861811741091977
-1902.625 -2548.625 0.0000000000000015408934224831391
-1523.875 -3433.625 0.000000000000001674187544004605
966.875 -3274.625 0.0000000000000013326040572882735
-2057.875 -2001.125 0.0000000000000014257779973281291
-1784.875 -3774.125 0.0000000000000031295537230991417
1757.375 -2937.875 0.0000000000000032112761839947895
1785.125 -3774.125 0.0000000000000015647770005188592
-940.375 -3402.875 0.0000000000000026791986286934216
1717.625 -3030.125 0.0000000000000032393875885992548
1161.125 -2349.125 0.0000000000000011658717734735747
-1161.625 -2349.125 0.0000000000000023317435469471494
-1058.875 -2688.875 0.000000000000002474414100639231
-1970.125 985.375 0.00000000003097659059680366
-1007.125 -2983.625 0.0000000000000025925917755598903
-1084.375 -2608.625 0.000000000000002442730013983857
-907.375 -3535.625 0.0000000000000026841518148337812
2057.375 -2001.125 0.0000000000000028515559946562583
1046.375 -2728.625 0.0000000000000012448960607414215
2082.125 -1908.875 0.0000000000000028149513298867613
1800.875 -3771.125 0.0000000000000015509685221323874
861.125 -3648.875 0.0000000000000013417850800589752
-664.375 -3833.375 0.000000000000002681919655474928
-1793.875 -2858.375 0.0000000000000015994250304505912
1419.875 -3628.625 0.0000000000000033911243284332782
-1663.375 -3927.125 0.0000000000000031754938671671697
1007.375 -2983.625 0.0000000000000012962958877799452
-1132.375 -2448.875 0.0000000000000023755867738113927
-2062.375 -1983.125 0.0000000000000014221341352377965
1836.875 -2733.875 0.000000000000003145607047366993
-1040.125 -2748.875 0.0000000000000024973621507378327
-913.375 -3514.625 0.0000000000000026831380244602835
1824.875 -3768.875 0.0000000000000015180969053690308
-1202.875 -2157.875 0.000000000000002241850143101173
-1250.125 -1979.375 0.000000000000002157139370911475
-832.375 -3691.625 0.0000000000000026848896704765964
-1205.875 -2190.125 0.000000000000002258926386092043
978.125 -3195.875 0.0000000000000013249977438213328
1234.625 -2038.625 0.0000000000000010927901340073169
1908.875 -2529.875 0.0000000000000030752206777094715
-1189.375 -2249.375 0.0000000000000022865728356075616
-1286.125 -1788.875 0.0000000000000020628676496955194
1733.375 -2993.375 0.000000000000003228275316457912
1822.625 -2771.375 0.0000000000000031579068239969956
894.875 -3577.625 0.0000000000000013429495048054264
-1021.375 -2906.375 0.0000000000000025658275544777604
-972.625 -3234.875 0.000000000000002658035395297638
-1650.625 -3177.125 0.0000000000000016408961273182275
950.375 -3342.125 0.0000000000000013360252088233349
1402.625 -3660.125 0.0000000000000033989805430351575
991.625 -3150.125 0.0000000000000013212488260345681
1702.625 -3872.375 0.0000000000000015892997159926385
-1309.375 -1587.125 0.000000000000001960695402368165
1020.875 -2906.375 0.000000000000001282913777238882
1308.875 -1587.125 0.0000000000000009803477011840825
1764.875 -2919.125 0.000000000000003205536187797692
700.625 -3816.125 0.0000000000000013391101940434836
-1286.125 -1737.125 0.0000000000000020359208142814578
1229.375 -2058.125 0.0000000000000010975089259765182
-2006.125 -2200.625 0.000000000000001470629315424658
-480.625 -3955.625 0.000000000000002677822478088199
1854.875 -3828.125 0.0000000000000014450148219755198
1738.625 -3821.375 0.0000000000000015849872314995672
1950.875 -2400.125 0.0000000000000030283947353340994
-1956.625 -2381.375 0.0000000000000015107948848558475
1896.125 -3975.875 0.0000000000000013334048312666736
1689.125 -3889.625 0.000000000000001589101759970345
-1402.375 -3660.125 0.000000000000001699490188984163
849.125 -3669.875 0.000000000000001342058816657801
1300.625 -1677.875 0.0000000000000010034564564179002
1847.375 -3804.875 0.0000000000000014654950381266827
-1967.875 -2344.625 0.0000000000000015039516316941358
-1494.625 -3495.875 0.0000000000000016838508961572226
-1775.875 -3785.375 0.0000000000000031422099777139133
-1261.375 -1887.875 0.0000000000000021110842382103144
-1819.375 -3768.875 0.000000000000003055181354034388
-1229.875 -2058.125 0.0000000000000021950178519530365
1197.125 -3939.125 0.0000000000000034317604715449666
-1197.625 -3939.125 0.0000000000000017158802357724833
-1195.375 -2229.875 0.0000000000000022773923792033314
1970.375 985.375 0.00000000006195318119360732
1509.125 -3465.125 0.0000000000000033580892415845063
1295.375 -1697.375 0.0000000000000010082952583760998
1968.125 -2344.625 0.000000000000003007904019950601
971.375 -3254.375 0.0000000000000013308775083476043
962.375 -3314.375 0.0000000000000013358125151107646
1544.375 -3397.625 0.000000000000003348565551924701
1795.625 -3769.625 0.0000000000000015563018449586695
1348.625 -1393.625 0.0000000000000009444564269288783
1314.875 -1619.375 0.0000000000000009889344108312307
411.125 -3993.875 0.0000000000000013370852935433021
-1007.125 -3000.875 0.0000000000000025989748010354024
1860.875 -3845.375 0.0000000000000014266549139622936
-814.375 -3701.375 0.0000000000000026808266012551164
-958.375 -3334.625 0.0000000000000026745128530333915
-2076.625 -1927.625 0.0000000000000014111574151095504
1740.875 -3822.875 0.0000000000000015846118916789863
1709.375 -3048.125 0.00000000000000324484088741466
1870.625 -2640.875 0.000000000000003114119302511037
1278.875 -3840.875 0.0000000000000034253281283024853
1858.625 -3839.375 0.0000000000000014328358796833155
-1868.875 -3877.625 0.000000000000002808003349783769
-2047.375 -2052.875 0.000000000000001442041950189508
-1641.625 -3195.125 0.0000000000000016434235022023797
993.125 -3132.125 0.0000000000000013188121025556305
930.125 -3465.125 0.000000000000001342090435232784
-2111.125 -1782.125 0.0000000000000013780469785448586
-1748.125 -3812.375 0.000000000000003165435165343146
-935.125 -3444.125 0.0000000000000026826867192137522
1096.625 -2568.875 0.0000000000000012131886209448865
-1517.125 -3448.625 0.0000000000000016766936804676734
456.125 -3971.375 0.0000000000000013392994281795354
1876.625 -2622.875 0.0000000000000031077219044894086
1845.875 -3801.125 0.0000000000000014711770174041314
-1613.875 -3249.875 0.0000000000000016508991214587565
-1709.875 -3048.125 0.0000000000000016224200986134928
1033.625 -2769.125 0.0000000000000012524204678681
1611.875 -3999.875 0.0000000000000015810076725010005
-1679.125 -3906.125 0.000000000000003178253754809269
1143.875 -2409.125 0.0000000000000011790992890818711
1372.625 -3708.125 0.0000000000000034099255294675175
1059.125 -2688.875 0.0000000000000012372070503196178
-1102.375 -2548.625 0.000000000000002418063152436672
776.375 -3744.125 0.0000000000000013411167757722278
1323.875 -3777.875 0.000000000000003412617014160179
1632.125 -3213.875 0.0000000000000032919046615857004
-1756.375 -3804.875 0.0000000000000031599736338569166
1814.375 -3762.875 0.0000000000000015340814784391097
-1301.875 -3809.375 0.0000000000000017095391090485816
1114.625 -2508.875 0.0000000000000012006252368372573
1920.875 -2492.375 0.0000000000000030619948090573375
-1725.625 -3011.375 0.0000000000000016169122397300035
2001.125 -2218.625 0.0000000000000029483130842377918
-976.375 -3215.375 0.00000000000000265418953408225
1698.875 -3873.875 0.0000000000000015889333262277312
1804.625 -3768.125 0.0000000000000015469223575798306
901.625 -3556.625 0.0000000000000013425332003340532
-1801.375 -2826.875 0.0000000000000015880565379604605
1889.375 -2585.375 0.0000000000000030948213795998754
-1260.625 -1939.625 0.0000000000000021380245100881524
1108.625 -2529.125 0.0000000000000012048456300962671
-947.125 -3362.375 0.000000000000002674631893900437
-1108.375 -2529.125 0.000000000000002409691260192531
1089.875 -2589.125 0.0000000000000012173095114373089
-967.375 -3274.625 0.0000000000000026652081145765463
1839.125 -3791.375 0.0000000000000014878285833541512
-1071.625 -2649.125 0.0000000000000024587217808381138
1962.125 -2362.625 0.0000000000000030147597282918532
-1300.375 -1677.875 0.0000000000000020069129128358003
-1138.375 -2429.375 0.0000000000000023669180309555876
1794.125 -2858.375 0.0000000000000031988500609011824
1883.375 -3930.875 0.0000000000000013630210301777473
1853.375 -3822.875 0.000000000000001450986731129212
1772.375 -2900.375 0.000000000000003199755178155434
-1778.875 -2895.125 0.0000000000000016052744950133431
1843.625 -2715.125 0.0000000000000031393994681169056
1411.625 -3644.375 0.00000000000000339510413204016
1701.125 -3066.875 0.000000000000003250251156098744
-2067.625 -1964.375 0.0000000000000014184865305203334
-2027.125 -2126.375 0.0000000000000014564080887609832
-1604.875 -3268.625 0.000000000000001653326655976978
617.375 -3870.875 0.0000000000000013419166005634014
1126.625 -2469.125 0.000000000000001192098364773509
-1155.625 -2369.375 0.000000000000002340607193229059
972.875 -3234.875 0.000000000000001329017697648819
1478.375 -3527.375 0.0000000000000033767316076288092
1039.625 -2748.875 0.0000000000000012486810753689185
-1255.375 -1959.875 0.000000000000002147617877032186
1883.375 -2604.125 0.0000000000000031012892821177828
-1870.375 -2640.875 0.0000000000000015570596512555163
-1016.875 -2959.625 0.000000000000002586316670623633
-1733.875 -2993.375 0.0000000000000016141373915156705
-1224.625 -2078.375 0.0000000000000022044330481766834
-1749.625 -2956.625 0.0000000000000016084866227742345
1234.625 -3893.375 0.000000000000003423127343643965
947.375 -3362.375 0.0000000000000013373159469502193
-1938.625 -2436.875 0.0000000000000015209622105765037
-1291.375 -1769.375 0.0000000000000020532021259727423
1838.375 -3783.125 0.000000000000001490274020877593
1843.625 -3797.375 0.0000000000000014768106473412975
-1021.375 -2889.875 0.0000000000000025585339308727553
1676.375 -3122.375 0.0000000000000032662216685677565
1659.125 -3159.125 0.000000000000003276638483724176
-964.375 -3294.875 0.0000000000000026685033712641568
-1508.875 -3465.125 0.0000000000000016790446207922531
957.875 -3334.625 0.000000000000001337256426516696
1132.625 -2448.875 0.000000000000001187793386905699
1779.125 -2895.125 0.0000000000000032105482223364364
-1090.375 -2589.125 0.0000000000000024346190228746177
-1544.875 -3397.625 0.0000000000000016742827759623505
-1984.375 -2274.875 0.0000000000000014846812999871777
1914.875 -2511.125 0.0000000000000030686233204447806
-1684.375 -3103.625 0.0000000000000016304814951930687
940.625 -3402.875 0.0000000000000013395993143467108
-1120.375 -2488.625 0.0000000000000023927574583437876
-1363.375 -3723.875 0.0000000000000017067696650815365
1614.125 -3249.875 0.000000000000003301798242917513
2022.125 -2145.125 0.000000000000002919954555725929
-641.875 -3852.875 0.000000000000002682828879020222
1851.125 -3818.375 0.0000000000000014568883342203133
1754.375 -3802.625 0.0000000000000015806738789406996
1026.875 -2788.625 0.0000000000000012561173365297298
-1178.125 -2289.875 0.0000000000000023048264245298518
1886.375 -3941.375 0.0000000000000013558245759560142
-1889.125 -3951.875 0.0000000000000026970012706069184
1239.875 -2019.125 0.0000000000000010880610773837331
-1021.375 -2873.375 0.000000000000002551080902075111
756.125 -3765.125 0.000000000000001341483591143831
1312.625 -3793.625 0.000000000000003415827054682322
-455.875 -3971.375 0.000000000000002678598856359071
-2042.875 -2071.625 0.0000000000000014456439396647018
1149.875 -2388.875 0.000000000000001174715018368024
-860.875 -3648.875 0.0000000000000026835700162445905
2037.875 -2089.625 0.000000000000002898480586968936
1815.875 -3768.875 0.0000000000000015321969492305643
-1824.625 -3768.875 0.0000000000000030361938107380617
935.375 -3444.125 0.0000000000000013413431926684721
-1213.375 -2118.125 0.0000000000000022231957230457978
1873.625 -3894.125 0.0000000000000013907301308916055
-1814.875 -3762.875 0.000000000000003068163632088206
-1883.125 -2604.125 0.0000000000000015506446410588914
1892.375 -3963.875 0.0000000000000013410311324148157
1102.625 -2548.625 0.0000000000000012090316528807149
-1674.625 -3908.375 0.0000000000000031765135677879936
2016.875 -2163.875 0.0000000000000029270786862738377
999.125 -3075.125 0.000000000000001311070425207459
1849.625 -3809.375 0.0000000000000014597413931674302
-1738.375 -3821.375 0.000000000000003169972838626038
-1811.125 -3764.375 0.0000000000000030769211780998353
1786.625 -2877.125 0.000000000000003204719523027965
-432.625 -3986.375 0.0000000000000026792639189804744
-1312.375 -3793.625 0.0000000000000017079134680525031
-992.875 -3132.125 0.00000000000000263762420511126
-1077.625 -2628.875 0.000000000000002450758195384473
-1926.625 -2474.375 0.0000000000000015276675873281142
1344.875 -3745.625 0.0000000000000034059294417349053
-1688.875 -3889.625 0.000000000000003178205552055109
1878.125 -3911.375 0.0000000000000013770630591017935
1674.125 -3908.375 0.000000000000001588257848755646
-1334.125 -3762.125 0.0000000000000017046215401958243
2111.375 -1782.125 0.0000000000000027560939570897172
831.875 -3691.625 0.0000000000000013424448352382986
1808.375 -3765.875 0.0000000000000015427516771194032
2072.375 -1946.375 0.0000000000000028296544464602728
-1558.375 -3366.875 0.0000000000000016690296211647432
-2052.625 -2019.875 0.0000000000000014294140591448994
-1419.625 -3628.625 0.0000000000000016955622552913676
1183.625 -2269.625 0.0000000000000011478604118682626
-1808.875 -2808.125 0.00000000000000158505522916695
-1023.625 -2823.125 0.0000000000000025280736678972118
-884.875 -3586.625 0.0000000000000026820120319109966
-1821.625 -3768.125 0.0000000000000030458136706379118
-504.625 -3939.125 0.000000000000002677058287663787
-1787.125 -3777.875 0.000000000000003126982967676388
-1208.125 -2137.625 0.0000000000000022325399773190103
1178.375 -2289.875 0.0000000000000011524132122649259
-793.375 -3723.125 0.0000000000000026816745853313547
1200.875 -2209.625 0.0000000000000011340891834364627
1487.375 -3511.625 0.0000000000000033723624339307067
-1877.125 -2622.875 0.0000000000000015538609522447043
-1161.625 -3975.125 0.0000000000000017130686622117653
-1279.375 -3840.875 0.0000000000000017126640090718375
-1908.625 -2529.875 0.0000000000000015376103388547358
1071.875 -2649.125 0.000000000000001229361168350409
-574.375 -3897.125 0.0000000000000026801442117747574
-1667.875 -3140.375 0.0000000000000016357416239262606
1290.875 -1717.625 0.0000000000000010131292808086866
-1019.875 -2924.375 0.000000000000002572813180751927
-1210.375 -3923.375 0.0000000000000017144780630056785
1850.375 -2696.375 0.0000000000000031331538594919532
1651.625 -3946.625 0.0000000000000015870569380339693
-1470.625 -3543.125 0.0000000000000016906117443749429
1524.125 -3433.625 0.0000000000000033483747733155283
1083.875 -2608.625 0.0000000000000012213652268995901
1470.875 -3543.125 0.0000000000000033812234887498877
-1804.375 -3768.125 0.0000000000000030938447151596612
-1454.125 -3575.375 0.0000000000000016948937875689539
1005.125 -3019.625 0.0000000000000013025338983853043
1517.375 -3448.625 0.0000000000000033533873609353495
1020.875 -2889.875 0.0000000000000012792668367260552
-1247.125 -3877.625 0.0000000000000017101092882853505
1828.625 -3776.375 0.0000000000000015110456990414699
1167.125 -2329.625 0.000000000000001161415723661303
-1718.125 -3030.125 0.0000000000000016196937942996252
1684.625 -3103.625 0.0000000000000032609629903861374
-1676.125 -3122.375 0.0000000000000016331108342838767
1926.875 -2474.375 0.0000000000000030553351746562335
-1234.375 -3893.375 0.0000000000000017115636718219832
1821.875 -3768.125 0.0000000000000015229068353189559
1213.625 -2118.125 0.0000000000000011115978615228989
-2032.375 -2108.375 0.0000000000000014528311228616483
598.625 -3879.125 0.0000000000000013395827248900157
-1711.375 -3858.125 0.000000000000003177376106796697
1775.375 -3785.375 0.0000000000000015711048346161546
996.875 -3093.875 0.0000000000000013137388178889748
1866.875 -3870.125 0.0000000000000014105128448409499
1871.375 -3885.875 0.0000000000000013974087140179131
-938.125 -3423.125 0.0000000000000026810641178042844
-1944.625 -2418.125 0.0000000000000015175867415819638
942.875 -3382.625 0.0000000000000013385074405256078
-877.375 -3607.625 0.0000000000000026826024255911426
1494.875 -3495.875 0.000000000000003367701792314445
-1780.375 -3779.375 0.0000000000000031360418286801754
1022.375 -2856.125 0.0000000000000012718199851315538
1250.375 -1979.375 0.0000000000000010785696854557375
-1550.875 -3382.625 0.0000000000000016716157581868049
664.625 -3833.375 0.000000000000001340959827737464
1429.625 -3612.125 0.000000000000003387260271379522
-1754.125 -3802.625 0.0000000000000031613477578813973
1023.875 -2838.875 0.0000000000000012680260271326389
1314.125 -1566.875 0.0000000000000009754973982214094
504.875 -3939.125 0.0000000000000013385292043345294
-776.125 -3744.125 0.0000000000000026822335515444555
938.375 -3423.125 0.0000000000000013405320589021422
-1808.125 -3765.875 0.0000000000000030855033542388028
-1244.875 -1998.875 0.00000000000000216663931800429
-1795.375 -3769.625 0.000000000000003112603689917339
-1276.375 -1828.625 0.000000000000002082181467926088
-737.875 -3786.125 0.000000000000002683184953217172
-1961.875 -2362.625 0.0000000000000015073798641459266
1632.875 -3971.375 0.000000000000001584410426754462
642.125 -3852.875 0.0000000000000013414145671862846
-1271.125 -1848.125 0.0000000000000020918255943254422
-1200.625 -2209.625 0.0000000000000022681783668729254
-1723.375 -3844.625 0.0000000000000031755003155594534
1619.375 -3993.125 0.0000000000000015831782289470763
1355.375 -3729.875 0.000000000000003402549380375836
-1595.125 -3286.625 0.0000000000000016557466121177807
-1313.875 -1566.875 0.000000000000001950994796442819
996.125 -3111.875 0.0000000000000013163604052380325
1841.375 -3794.375 0.0000000000000014823463813967224
-1149.625 -2388.875 0.0000000000000023494307283084466
1247.375 -3877.625 0.000000000000003420218576570701
-1730.875 -3832.625 0.000000000000003172942729515769
1857.125 -3833.375 0.0000000000000014389723558643211
1189.625 -2249.375 0.0000000000000011432864178037814
480.875 -3955.625 0.0000000000000013389111165672602
1551.125 -3382.625 0.0000000000000033432315163736133
-2021.875 -2145.125 0.0000000000000014599772778629646
-1096.375 -2568.875 0.000000000000002426377393732159
1830.875 -3777.125 0.0000000000000015059697138509398
-1741.375 -3822.875 0.0000000000000031692237833579726
1857.125 -2678.375 0.000000000000003126871587082147
-1290.625 -1717.625 0.0000000000000020262585616173346
-2011.375 -2181.875 0.0000000000000014670932564679382
-1741.375 -2974.625 0.0000000000000016113409928808584
989.375 -3169.625 0.0000000000000013235580593790185
-971.125 -3254.375 0.000000000000002661755145788423
-1323.625 -3777.875 0.0000000000000017063085840813912
1836.125 -3780.875 0.0000000000000014955812768505562
-1411.375 -3644.375 0.0000000000000016975520660200796
1558.625 -3366.875 0.0000000000000033380592423294863
-2205.625 929.875 0.000000000028863506068826347
1749.125 -2956.625 0.000000000000003216973245548468
-1114.375 -2508.875 0.0000000000000024012504736745145
1305.125 -1658.375 0.0000000000000009986168446235676
1210.625 -3923.375 0.0000000000000034289561260113527
1501.625 -3480.125 0.0000000000000033629297130883254
1973.375 -2325.875 0.0000000000000030010235494470457
-1829.875 -2752.625 0.0000000000000015758883685765732
-977.875 -3195.875 0.000000000000002649995420702712
2067.125 -1964.375 0.0000000000000028369730610406668
-1571.125 -3336.875 0.0000000000000016634687304295999
-1800.625 -3771.125 0.000000000000003101937044264773
-1478.875 -3527.375 0.0000000000000016883658038144044
-1052.875 -2709.125 0.000000000000002482144417268646
-1256.125 -1907.375 0.000000000000002120696817690851
-1883.125 -3930.875 0.0000000000000027260420603554947
1869.125 -3877.625 0.0000000000000014040016748918835
-1619.125 -3993.125 0.000000000000003166356457894151
-1889.875 -2585.375 0.0000000000000015474106897999377
1276.625 -1828.625 0.000000000000001041090733963044
-1429.375 -3612.125 0.000000000000001693630135689761
1281.125 -1809.125 0.0000000000000010362639590701687
-755.875 -3765.125 0.0000000000000026829671822876667
1333.625 -3762.125 0.000000000000003409242955699068
1203.125 -2157.875 0.0000000000000011209246930079848
2042.375 -2071.625 0.0000000000000028912878793294036
-1373.125 -3708.125 0.000000000000001704962835475135
-2081.875 -1908.875 0.0000000000000014074756649433806
1786.625 -3777.875 0.0000000000000015634914838381939
-1310.125 -1638.875 0.0000000000000019875530977179066
-1174.375 -3960.125 0.0000000000000017116843357363404
-1799.125 -3765.875 0.000000000000003104991239835747
-1502.125 -3480.125 0.000000000000001681464719896725
1222.625 -3908.375 0.000000000000003426064166469541
1595.375 -3286.625 0.0000000000000033114932242355653
-989.125 -3169.625 0.000000000000002647116118758037
1006.625 -3000.875 0.0000000000000012994874005177012
869.375 -3628.625 0.0000000000000013415682992109227
1020.125 -2924.375 0.0000000000000012864065903759636
-1764.625 -2919.125 0.000000000000001602768093898846
1605.125 -3268.625 0.000000000000003306653311953956
-1658.875 -3159.125 0.000000000000001638319241862088
1461.875 -3559.625 0.0000000000000033854641425628774
-1016.125 -2977.625 0.00000000000000259296014102617
