0 196.08539032550945
-3.803106510083848 196.04739921945057
-7.603612301904807 195.93345854031216
-11.398918423949153 195.74366616839112
-15.186429457033997 195.47818511457373
-18.963555277551485 195.13724333613138
-22.95075360189822 195.8652988103749
-26.736157789129035 195.367802464273
-30.503278853731835 194.79491598080165
-34.58238227577852 195.2685512172609
-38.34140504059142 194.53685682966034
-42.47915169025619 194.83174775324653
-46.218838003652 193.93979032534997
-50.40285608208309 194.05085823717704
-54.62277568426573 194.06158060304972
-58.32942219807126 192.92058468360955
-62.57610612805274 192.7401446160211
-66.84820431152971 192.45466124046925
-71.1419810354771 192.06244912815913
-75.45364002246657 191.56192603932053
-79.77932758881036 190.95161464537162
-84.11513587010424 190.23014414508842
-89.23363788975107 190.3190317302221
-93.60880772427701 189.34994537935916
-98.81957813280945 189.1440913410272
-103.2156669250921 187.91988120676095
-108.49773248087168 187.40898061379227
-113.82171220255303 186.72962399716303
-119.18148251063025 185.87891935481156
-124.5708186428796 184.85415904017486
-129.98340056958278 183.6528228852016
-136.44704362385502 182.97178695206952
-142.97171642879528 182.05249113922002
-149.5486876766203 180.8909349014312
-156.16908965506107 179.48339310778604
-162.8239270912929 177.82642048371977
-170.65757547231044 176.4663717074862
-179.72545362979093 175.30488985459274
-187.6865707013677 173.26983976494935
-196.8982050968825 171.35914074624614
-207.40564414281744 169.46875451319212
-217.99600044989208 167.10712163166752
-229.92233422772196 164.61890705230928
-243.21670778775942 161.89415614505717
-257.9057701407643 158.82087868239853
-274.01068781074014 155.28529644528737
-292.87816409307425 151.38029951055424
-314.55700972972744 146.87988617416949
-337.7289566141045 141.42011765245294
-366.48851299990304 135.17468459738936
-399.53750580783355 127.62678116117056
-439.6778037818086 118.47537695864825
-489.7607061462265 107.11718170522786
-552.6683618971325 92.64582737807837
-635.520275188184 73.58617300351528
-748.3231680477204 47.46652108904112
-912.479990808325 9.49457506914568
-954.7274546075191 -19.975676229741975
-956.6218341276507 -44.97759141024079
-957.8619130701694 -70.02758541350772
-958.4795665932118 -100
-958.3740860012399 -120.19777365961124
-957.6448065936576 -145.28828757270267
-956.2584140645258 -170.35714794339094
-954.2153352069229 -195.38764213399762
-951.3965927533525 -220.83884897624648
-947.6711939195175 -246.8372254780694
-943.1511543148803 -272.76117144120195
-937.8970144690452 -298.4398550190949
-931.943970316335 -323.8271399316501
-925.315204336486 -348.9116239996219
-918.027741146333 -373.69082999388615
-910.0952860615663 -398.1632912889188
-901.5297308747408 -422.32620650095294
-892.3419561290856 -446.1750026373315
-882.5423157856698 -469.70344867762066
-872.1409251509046 -492.9039431828409
-861.1478586410877 -515.7677984242449
-849.57323576087 -538.2855331933421
-837.4273113037787 -560.4470770751223
-824.7205125576918 -582.2419574147367
-811.4634711744895 -603.6594406876056
-797.667041133596 -624.6886475868514
-783.342300410522 -645.3186487663578
-768.5005766455942 -665.5385301306502
-753.1534036322663 -685.3374693113014
-737.3125500876879 -704.7047698957357
-720.9900321688309 -723.6298999855304
-704.198044861657 -742.1025376526103
-686.9490044168016 -760.1125846187709
-669.2555378204772 -777.6501914412711
-651.130432040722 -794.7057761021572
-632.5866855268504 -811.2700368056086
-613.6374435881629 -827.3339632481952
-594.296018746789 -842.8888459394345
-574.5758794477673 -857.9262848073163
-554.4906392091652 -872.4381957792674
-534.0540099526731 -886.4168018412093
-513.2798878851096 -899.8546679236823
-492.1822273714973 -912.7446621664528
-470.77512250802283 -925.0799907448684
-449.0727605710248 -936.854184476496
-427.08941588829066 -948.0610981237097
-404.83944893188107 -958.6949134768865
-382.3372989728094 -968.7501389326277
-359.5974771340115 -978.2216086929006
-336.63455753526364 -987.1044791208235
-313.463164940599 -995.3942183850543
-290.09810317950837 -1003.0867886629961
-266.5553124526176 -1010.1802855214696
-242.8492286802782 -1016.6713141396077
-218.9939701737302 -1022.5560638922708
-195.00386434524592 -1027.831033469145
-170.89342348890412 -1032.4930396831505
-146.6773354536845 -1036.5392629851829
-122.37042919399704 -1039.967235157414
-97.98765073806595 -1042.7748292318972
-73.54405728112165 -1044.9603259288538
-49.054781920431886 -1046.5223694419976
-24.535018312411765 -1047.4599895163271
0 -1047.7725940329992
24.535018312411346 -1047.4599895163271
49.05478192043154 -1046.5223694419976
73.54405728112165 -1044.9603259288538
97.9876507380655 -1042.7748292318972
122.37042919399664 -1039.967235157414
146.6773354536845 -1036.5392629851829
170.8934234889038 -1032.4930396831505
195.00386434524538 -1027.831033469145
218.9939701737302 -1022.5560638922708
242.84922868027783 -1016.6713141396077
266.5553124526174 -1010.1802855214696
290.09810317950837 -1003.0867886629961
313.46316494059874 -995.3942183850545
336.6345575352633 -987.1044791208235
359.5974771340115 -978.2216086929006
382.33729897280915 -968.7501389326279
404.8394489318808 -958.6949134768869
427.08941588829066 -948.0610981237097
449.0727605710246 -936.854184476496
470.77512250802283 -925.0799907448684
492.1822273714973 -912.7446621664528
513.2798878851096 -899.8546679236823
534.0540099526731 -886.4168018412093
554.4906392091652 -872.4381957792674
574.5758794477671 -857.9262848073163
594.296018746789 -842.8888459394344
613.6374435881629 -827.3339632481952
632.5866855268496 -811.2700368056088
651.1304320407215 -794.7057761021579
669.2555378204772 -777.6501914412711
686.9490044168009 -760.1125846187715
704.198044861657 -742.1025376526104
720.9900321688308 -723.6298999855305
737.3125500876877 -704.7047698957359
753.1534036322664 -685.3374693113014
768.5005766455942 -665.5385301306502
783.342300410522 -645.3186487663578
797.6670411335958 -624.6886475868519
811.4634711744895 -603.6594406876056
824.7205125576914 -582.241957414737
837.4273113037787 -560.4470770751223
849.57323576087 -538.2855331933421
861.1478586410877 -515.7677984242449
872.1409251509046 -492.90394318284103
882.5423157856699 -469.7034486776203
892.3419561290856 -446.17500263733154
901.5297308747404 -422.3262065009541
910.0952860615663 -398.1632912889188
918.027741146333 -373.69082999388615
925.3152043364856 -348.9116239996234
931.9439703163349 -323.82713993165197
937.8970144690452 -298.43985501909447
943.1511543148799 -272.7611714412042
947.6711939195175 -246.8372254780694
951.3965927533525 -220.83884897624648
954.2153352069229 -195.38764213399762
956.2584140645258 -170.35714794339094
957.6448065936576 -145.28828757270267
958.3740860012399 -120.19777365961124
958.4795665932118 -100
957.8619130701694 -70.02758541350772
956.6218341276508 -44.97759141024036
954.7274546075191 -19.975676229741975
912.4799908083253 9.494575069143883
748.3231680477204 47.46652108904112
635.520275188184 73.58617300351528
552.6683618971325 92.64582737807837
489.76070614622654 107.1171817052274
439.67780378180873 118.47537695864811
399.53750580783355 127.62678116117034
366.48851299990304 135.17468459738936
337.7289566141045 141.42011765245294
314.55700972972744 146.87988617416949
292.87816409307425 151.38029951055418
274.01068781074014 155.2852964452874
257.90577014076433 158.82087868239842
243.21670778775942 161.89415614505717
229.92233422772196 164.61890705230928
217.99600044989208 167.10712163166752
207.40564414281755 169.46875451319193
196.89820509688252 171.35914074624606
187.6865707013677 173.26983976494927
179.72545362979093 175.30488985459274
170.65757547231044 176.4663717074862
162.8239270912929 177.82642048371977
156.16908965506116 179.48339310778593
149.54868767662032 180.8909349014312
142.97171642879528 182.05249113922
136.44704362385502 182.97178695206952
129.98340056958278 183.6528228852016
124.5708186428796 184.85415904017486
119.18148251063036 185.8789193548115
113.82171220255307 186.7296239971623
108.4977324808717 187.40898061379224
103.2156669250921 187.91988120676095
98.81957813280945 189.1440913410272
93.60880772427701 189.34994537935916
89.23363788975114 190.31903173022198
84.11513587010427 190.23014414508842
79.77932758881038 190.95161464537162
75.45364002246657 191.56192603932053
71.1419810354771 192.06244912815913
66.84820431152971 192.45466124046925
62.57610612805281 192.74014461602107
58.32942219807131 192.92058468360955
54.62277568426576 194.06158060304966
50.40285608208309 194.05085823717704
46.218838003652 193.93979032534997
42.47915169025619 194.83174775324653
38.34140504059147 194.5368568296603
34.58238227577856 195.2685512172609
30.50327885373189 194.79491598080162
26.736157789129035 195.367802464273
22.95075360189822 195.8652988103749
18.963555277551485 195.13724333613138
15.186429457034041 195.4781851145737
11.398918423949196 195.74366616839112
7.603612301904851 195.93345854031216
3.803106510083848 196.04739921945057
