0 701.7322016569717
-6.907196884975394 701.6837636921534
-13.809665377076078 701.5385069404622
-20.702680309151845 701.2966027381938
-27.581522963330126 700.9583363392414
-34.44148429023075 700.524106455532
-41.27786812167507 699.9944246141955
-48.08599437472509 699.369914332082
-54.86120224490091 698.6513101084073
-61.59885338642601 697.8394562365389
-68.29433507734555 696.9353054359714
-74.94306336741529 695.9399173060107
-81.54048620660338 694.8544566026487
-92.84146002100448 704.4529580536137
-99.6730571836805 703.0567931915847
-106.43643638792204 701.5651445839939
-113.12696763557916 699.979671171069
-119.74007058683492 698.3021320673499
-126.27121768562894 696.5343837683993
-132.71593724966561 694.6783771959334
-139.0698165229488 692.7361545852206
-145.32850468873193 690.7098462191398
-151.48771584090915 688.6016670136395
-165.61898836835027 695.4255244591279
-171.8718239563104 692.9360321023386
-178.00703718355902 690.3634851471131
-184.02042596479416 687.7105531466888
-189.90787123570016 684.9799766556478
-195.66533976980745 682.174562955932
-211.10357954974847 686.8400829711912
-216.85728479619502 683.6218543766275
-222.46259048537766 680.3302649489585
-227.91565476262414 676.9685282429836
-244.05487390604625 679.9528831545474
-249.4317857737536 676.1609178134235
-254.63801705878774 672.3021815191672
-271.20535028125073 673.8752669121059
-276.27599316683404 669.5751214039631
-293.1154757936103 670.0659008388184
-298.0049603201963 665.3157842838295
-315.03860204481754 664.6942938855263
-319.70072800624996 659.4884208821582
-336.8489745688479 657.7292080193296
-354.1066163245494 655.2185146678279
-371.4446882245386 651.9472916778452
-388.83396590737755 647.907413666388
-406.2449950377939 643.0916875551644
-423.6481208246389 637.4938604878107
-454.5739180149144 632.45795447841
-485.6542671763336 625.8885007308635
-516.8321091266967 617.7732483670866
-561.9140062215704 608.3351854977635
-607.1448450072087 596.5789879655651
-666.4597015014448 581.9737135483039
-754.049463987769 562.4862607034541
-870.1304176965438 535.8579702863718
NaN NaN
NaN NaN
NaN NaN
NaN NaN
-1329.992410248988 -820.5392107495782
-1310.141585982732 -831.2783068480232
-1289.4163813989944 -844.7929786458703
-1271.2668205620773 -858.6486912638795
-1254.620450036694 -872.9449299244184
-1238.3712007807446 -888.1265233460872
-1235.3186398665032 -901.8027231976644
-1219.4038755674264 -918.5073011713184
-1203.689947457795 -935.5102185128831
-1200.73610561435 -951.489375400215
-1184.9642656030992 -969.2655500411225
-1181.540274476687 -986.6422975480176
-1165.36214128461 -1005.0493692761995
-1161.1727979094187 -1023.6997202750817
-1156.4545578889592 -1043.125307965151
-1151.1572021864338 -1063.292881718841
-1145.2328123249165 -1084.1686600284645
-1126.9353700322154 -1104.0770589352207
-1131.3342780701792 -1127.8975896351828
-1123.2852545960982 -1150.6723798121134
-1114.4563918517808 -1174.000240983264
-1104.818869449834 -1197.8380285926328
-1105.233350072642 -1225.6448807523686
-1093.7063338716152 -1250.726165142169
-1091.7916612598433 -1280.416820340559
-1078.2498972108565 -1306.537448840251
-1073.8528407014023 -1337.8774543292725
-1068.0542647407908 -1370.1285986331136
-1070.485955009132 -1408.9030837081189
-1061.7852271290628 -1443.0988080301613
-1061.0821462529836 -1484.3956895621081
-1049.5279848365349 -1520.2930922784806
-1045.4457780604612 -1563.8624211066801
-1048.1433807952508 -1616.0747077211745
-1039.9620778312626 -1662.3011280657831
-1037.9589212036499 -1717.676148391543
-1033.3556572222296 -1774.6386852558337
-1026.0650896379875 -1833.0641963583194
-1023.4921885755781 -1901.9563898068943
-1024.7691413218652 -1982.1622955737275
-1022.0227800063177 -2064.6740952642185
-1015.1300040696511 -2149.274302029174
-965.6897935710195 -2173.430932604065
-903.5415496520841 -2175.4230875751605
-842.1242376128513 -2175.604337956343
-786.855170440784 -2184.7551740889307
-726.7272665649435 -2181.5532634344568
-672.1631734387772 -2187.6285858311157
-617.8491796705074 -2192.260889647296
-563.8249522313077 -2195.463653271819
-510.1338378672917 -2197.2577494687384
-456.8145426747847 -2197.6594548474377
-403.9092542897769 -2196.6940825728184
-354.00186247655597 -2205.8774631366177
-301.6754533316209 -2202.2856043733445
-251.6989756315919 -2208.9881929629
-200.0968338363999 -2202.829633217512
-150.1873881745539 -2207.0688683879084
-100.17959968639012 -2210.099502721143
-50.10620716908702 -2211.918926721659
0 -2212.525575260334
50.10620716908619 -2211.918926721659
100.17959968638932 -2210.099502721143
150.1873881745539 -2207.0688683879084
200.0968338363992 -2202.829633217512
251.698975631591 -2208.9881929629
301.6754533316209 -2202.2856043733445
354.0018624765551 -2205.8774631366177
403.90925428977596 -2196.6940825728184
456.8145426747847 -2197.6594548474377
510.1338378672907 -2197.2577494687384
563.8249522313068 -2195.4636532718196
617.8491796705074 -2192.260889647296
672.1631734387764 -2187.6285858311157
726.7272665649425 -2181.5532634344568
786.855170440784 -2184.7551740889307
842.1242376128508 -2175.6043379563434
903.5415496520835 -2175.4230875751614
965.6897935710195 -2173.430932604065
1015.1300040696501 -2149.2743020291746
1022.0227800063176 -2064.6740952642185
1024.7691413218652 -1982.1622955737275
1023.492188575578 -1901.9563898068945
1026.0650896379861 -1833.0641963583198
1033.3556572222296 -1774.6386852558337
1037.9589212036494 -1717.676148391543
1039.9620778312624 -1662.3011280657834
1048.1433807952508 -1616.0747077211745
1045.4457780604605 -1563.862421106681
1049.527984836534 -1520.293092278481
1061.0821462529836 -1484.3956895621081
1061.7852271290626 -1443.0988080301613
1070.485955009132 -1408.9030837081189
1068.0542647407906 -1370.1285986331136
1073.8528407014016 -1337.8774543292727
1078.249897210856 -1306.5374488402513
1091.7916612598433 -1280.416820340559
1093.7063338716152 -1250.726165142169
1105.23335007264 -1225.6448807523693
1104.818869449833 -1197.8380285926335
1114.456391851781 -1174.000240983264
1123.2852545960982 -1150.6723798121136
1131.3342780701792 -1127.8975896351828
1126.9353700322154 -1104.0770589352207
1145.2328123249163 -1084.1686600284647
1151.1572021864336 -1063.2928817188415
1156.4545578889588 -1043.1253079651513
1161.1727979094185 -1023.6997202750821
1165.36214128461 -1005.0493692761995
1181.540274476687 -986.6422975480176
1184.9642656030992 -969.2655500411227
1200.73610561435 -951.4893754002153
1203.6899474577938 -935.5102185128835
1219.4038755674258 -918.5073011713189
1235.3186398665032 -901.8027231976644
1238.3712007807446 -888.1265233460872
1254.620450036694 -872.9449299244184
1271.2668205620773 -858.6486912638795
1289.4163813989944 -844.7929786458703
1310.141585982732 -831.2783068480232
1329.992410248988 -820.5392107495782
NaN NaN
NaN NaN
NaN NaN
NaN NaN
870.1304176965438 535.8579702863718
754.049463987769 562.4862607034541
666.4597015014448 581.9737135483039
607.1448450072088 596.5789879655646
561.9140062215704 608.3351854977633
516.8321091266968 617.7732483670864
485.6542671763336 625.8885007308635
454.5739180149144 632.45795447841
423.6481208246389 637.4938604878107
406.244995037794 643.0916875551643
388.8339659073776 647.9074136663879
371.44468822453865 651.9472916778451
354.1066163245494 655.2185146678279
336.8489745688479 657.7292080193296
319.70072800624996 659.4884208821582
315.0386020448176 664.6942938855262
298.00496032019635 665.3157842838294
293.11547579361036 670.0659008388183
276.27599316683404 669.5751214039631
271.20535028125073 673.8752669121059
254.63801705878774 672.3021815191672
249.43178577375366 676.1609178134233
244.05487390604628 679.9528831545474
227.9156547626242 676.9685282429834
222.46259048537766 680.3302649489585
216.85728479619502 683.6218543766275
211.10357954974847 686.8400829711912
195.66533976980756 682.174562955932
189.9078712357002 684.9799766556478
184.02042596479419 687.7105531466887
178.00703718355902 690.3634851471131
171.8718239563104 692.9360321023386
165.61898836835027 695.4255244591279
151.48771584090923 688.6016670136395
145.32850468873198 690.7098462191398
139.06981652294886 692.7361545852206
132.71593724966561 694.6783771959334
126.27121768562894 696.5343837683993
119.74007058683492 698.3021320673499
113.1269676355792 699.979671171069
106.43643638792209 701.5651445839939
99.67305718368054 703.0567931915847
92.84146002100448 704.4529580536137
81.54048620660338 694.8544566026487
74.94306336741529 695.9399173060107
68.2943350773456 696.9353054359714
61.59885338642606 697.8394562365389
54.86120224490195 698.6513101084073
48.08599437472509 699.369914332082
41.27786812167507 699.9944246141955
34.44148429023075 700.524106455532
27.581522963330283 700.9583363392414
20.70268030915216 701.2966027381938
13.809665377076126 701.5385069404622
6.907196884975394 701.6837636921534
