0 154.58239032551074
-3.555839098482156 154.54513581337565
-7.109246943434055 154.43340297538296
-10.657793931932007 154.2472838744199
-14.199053761177268 153.98693184071857
-17.730605075836444 153.65256131011182
-21.4730738968059 154.38861292915828
-25.014761308518 153.90051652515552
-28.539345356763686 153.33840896176375
-32.377257744371725 153.8241736154561
-35.89660075695137 153.10592706680333
-39.79634320111771 153.415548656629
-43.299863971944845 152.53956569308156
-47.24971702680202 152.66780949620096
-51.237632609417346 152.69686356832426
-54.714595111627006 151.57530642677438
-58.73407245193289 151.41536045165424
-62.78159718370105 151.1513718379545
-66.85358750533462 150.78159775696372
-70.94639914072638 150.30439595530024
-75.05632839322942 149.71822662548382
-79.17961526841394 149.02165417772443
-84.0889784412356 149.13612886800607
-88.25853532154085 148.193249761068
-93.2673595853073 148.01415238895927
-97.46530744607553 146.81717600549632
-102.5531730794908 146.33391247600846
-107.68702698288266 145.6825212217474
-112.86087587948786 144.8600341820712
-118.06862242832842 143.8636668085906
-123.30407105211617 142.69082139361242
-129.59515848228443 142.03829603073987
-135.95197160293785 141.14745243272375
-142.365894148932 140.01421186571463
-148.82817015344224 138.63477122318818
-155.32991271527905 137.00560768519455
-163.01560224502148 135.6729990325839
-171.940758977953 134.5385123091491
-179.76448986584273 132.5299374057702
-188.84416747615379 130.6451199793917
-199.22516957196615 128.77994960575253
-209.69469541756104 126.44279643426474
-221.50588803372537 123.97825692877326
-234.69088864390392 121.27631010509263
-249.27642121761883 118.22490171222847
-265.28372323300954 114.71019203064617
-284.05956488636224 110.82501234560588
-305.6528197214264 106.34330504926272
-328.7452782912802 100.9010785129085
-357.4315033269222 94.67197376485903
-390.41337200672604 87.13913870844867
-430.4927990781155 78.00150022817867
-480.52112548337436 66.65572896098429
-543.380537622188 52.19542157989605
-626.190572711953 33.14540569248326
-738.9579814822536 7.033956372044884
-771.1923215440897 -15.742371835211358
-773.2160663080103 -35.94324555064183
-774.711058218883 -56.19457418567242
-775.6759336391459 -76.48273649874568
-776.127322005506 -100
-776.0116596535728 -117.11037993503689
-775.3816061496597 -137.42505845426797
-774.2195938480019 -157.72025905763024
-772.5260761846038 -177.9823543162852
-770.3018715162698 -198.19746240057964
-767.4699083497374 -218.6033408103662
-763.9719976662917 -239.2211700968826
-759.8645331782204 -259.7840345257452
-755.1807666283851 -280.1948043120427
-749.9422522808314 -300.4139099207811
-744.164434750165 -320.42255691239353
-737.8593967570235 -340.2096251332185
-731.0373335556728 -359.7666373404532
-723.7073465788291 -379.08582868715195
-715.8779276773314 -398.1593825757144
-707.5572502099251 -416.97917779444106
-698.7533711847188 -435.53672702023573
-689.4743225650708 -453.8232408731823
-679.7282064713423 -471.82967708800334
-669.5232376041887 -489.54681937484503
-658.8677801199558 -506.9653420713854
-647.7703704891334 -524.0758697656735
-636.239723947418 -540.8690323495501
-624.2847646612136 -557.335500159984
-611.9145868173867 -573.4660377947062
-599.1384875055836 -589.2515213726142
-585.9659833160374 -604.6829642211206
-572.4067457769205 -619.7515526071802
-558.4706473892054 -634.4486521673128
-544.1677546759952 -648.765827695374
-529.508280784735 -662.6948578284677
-514.5026401183884 -676.227745119395
-499.1613866547775 -689.3567255230834
-483.4952370363699 -702.0742766932236
-467.515061818273 -714.3731261820042
-451.2318769396451 -726.2462581158333
-434.65679904352663 -737.6869047061019
-417.8011335203146 -748.6885820551531
-400.67624971337614 -759.2450523694908
-383.29366424295677 -769.3503601903057
-365.6649955996662 -778.9988204047859
-347.8019590737365 -788.1850191135073
-329.7163667379473 -796.903818387491
-311.420120773792 -805.1503575647597
-292.92520700818136 -812.9200541970189
-274.24368634706536 -820.2086021419103
-255.38768250987533 -827.0119628807155
-236.36940796607067 -833.3264029921742
-217.20111605578856 -839.1484458223484
-197.89511779810945 -844.4748944498784
-178.463782680642 -849.302844564088
-158.91951569041842 -853.6296545764088
-139.2747654421142 -857.452965949492
-119.54202041327686 -860.7707109988485
-99.73379118920322 -863.5810776071037
-79.86261879814097 -865.8825397622006
-59.94106818791767 -867.6738601309978
-39.98171847427377 -868.9540679695394
-19.997162021124026 -869.7224699714972
0 -869.9786501869012
19.997162021123682 -869.7224699714972
39.981718474273485 -868.9540679695394
59.94106818791767 -867.6738601309978
79.86261879814062 -865.8825397622006
99.7337911892029 -863.5810776071038
119.54202041327686 -860.7707109988485
139.27476544211393 -857.4529659494921
158.919515690418 -853.6296545764088
178.463782680642 -849.302844564088
197.8951177981091 -844.4748944498784
217.20111605578836 -839.1484458223484
236.36940796607067 -833.3264029921742
255.3876825098751 -827.0119628807156
274.2436863470651 -820.2086021419103
292.92520700818136 -812.9200541970189
311.4201207737918 -805.1503575647599
329.71636673794706 -796.9038183874911
347.8019590737365 -788.1850191135073
365.6649955996661 -778.9988204047859
383.2936642429567 -769.3503601903057
400.67624971337614 -759.2450523694908
417.8011335203146 -748.6885820551531
434.65679904352663 -737.6869047061019
451.2318769396451 -726.2462581158333
467.5150618182728 -714.3731261820042
483.4952370363698 -702.0742766932236
499.1613866547775 -689.3567255230834
514.5026401183883 -676.2277451193952
529.5082807847347 -662.6948578284682
544.1677546759952 -648.765827695374
558.470647389205 -634.4486521673132
572.4067457769205 -619.7515526071803
585.9659833160373 -604.6829642211208
599.1384875055834 -589.2515213726144
611.9145868173869 -573.4660377947062
624.2847646612136 -557.335500159984
636.239723947418 -540.8690323495501
647.7703704891334 -524.0758697656737
658.8677801199558 -506.9653420713854
669.5232376041884 -489.54681937484537
679.7282064713423 -471.82967708800334
689.4743225650708 -453.8232408731823
698.7533711847188 -435.53672702023573
707.5572502099251 -416.97917779444117
715.8779276773314 -398.1593825757144
723.7073465788291 -379.085828687152
731.0373335556725 -359.76663734045405
737.8593967570235 -340.2096251332185
744.164434750165 -320.42255691239353
749.9422522808312 -300.4139099207822
755.180766628385 -280.1948043120442
759.8645331782204 -259.7840345257451
763.9719976662916 -239.2211700968839
767.4699083497374 -218.6033408103662
770.3018715162698 -198.19746240057964
772.5260761846038 -177.9823543162852
774.2195938480019 -157.72025905763024
775.3816061496597 -137.42505845426797
776.0116596535728 -117.11037993503689
776.127322005506 -100
775.6759336391459 -76.48273649874568
774.7110582188831 -56.194574185672
773.2160663080103 -35.94324555064183
771.19232154409 -15.74237183521311
738.9579814822536 7.033956372044884
626.190572711953 33.14540569248326
543.380537622188 52.19542157989605
480.5211254833744 66.65572896098382
430.49279907811564 78.00150022817853
390.41337200672604 87.13913870844846
357.4315033269222 94.67197376485903
328.7452782912802 100.9010785129085
305.6528197214264 106.34330504926272
284.05956488636224 110.82501234560581
265.28372323300954 114.71019203064618
249.2764212176189 118.22490171222834
234.69088864390392 121.27631010509263
221.50588803372537 123.97825692877326
209.69469541756104 126.44279643426474
199.22516957196626 128.77994960575234
188.8441674761538 130.6451199793916
179.76448986584273 132.5299374057701
171.940758977953 134.5385123091491
163.01560224502148 135.6729990325839
155.32991271527905 137.00560768519455
148.82817015344233 138.63477122318807
142.36589414893203 140.01421186571463
135.95197160293785 141.14745243272372
129.59515848228443 142.03829603073987
123.30407105211617 142.69082139361242
118.06862242832842 143.8636668085906
112.86087587948798 144.86003418207113
107.6870269828827 145.68252122174667
102.55317307949083 146.33391247600844
97.46530744607553 146.81717600549632
93.2673595853073 148.01415238895927
88.25853532154085 148.193249761068
84.08897844123567 149.13612886800595
79.17961526841397 149.02165417772443
75.05632839322944 149.71822662548382
70.94639914072638 150.30439595530024
66.85358750533462 150.78159775696372
62.78159718370105 151.1513718379545
58.73407245193295 151.4153604516542
54.714595111627055 151.57530642677438
51.237632609417375 152.6968635683242
47.24971702680202 152.66780949620096
43.299863971944845 152.53956569308156
39.79634320111771 153.415548656629
35.89660075695142 153.1059270668033
32.37725774437177 153.8241736154561
28.53934535676374 153.33840896176372
25.014761308518 153.90051652515552
21.4730738968059 154.38861292915828
17.730605075836444 153.65256131011182
14.199053761177312 153.98693184071854
10.65779393193205 154.2472838744199
7.1092469434340995 154.43340297538296
3.555839098482156 154.54513581337565
