0 312.7053903255105
-4.49790750136133 312.6653294513966
-8.992738102566424 312.545184921105
-13.481416996559316 312.3450709613634
-17.960873561094655 312.0651777849152
-22.428043447659867 311.7057713431331
-27.102911450917965 312.41135831131413
-31.57313963547409 311.88744890477307
-36.021769671657985 311.28427454668866
-40.778599967334806 311.7238271231633
-45.21110302767915 310.9543454195019
-50.01762182502547 311.2078443883656
-54.420913795225836 310.2710000358563
-59.26291623741834 310.33380511265153
-64.13474796069922 310.2930168989725
-68.4867875649405 309.0973996201712
-73.37190323450523 308.85937284647343
-78.27503425749526 308.5134909665437
-83.19201244248904 308.05822984060904
-88.11861440091008 307.4921758621875
-93.05056499788077 306.81402726323813
-97.98354086658938 306.02259529304916
-103.68970576161271 306.03958522736224
-108.64263100469269 304.99685868695417
-114.42085339025351 304.71582062782556
-119.37370182480807 303.41508590453327
-125.20145311285098 302.82652744723043
-131.05967067104743 302.06859047353754
-136.9418647799535 301.13859669969804
-142.84145263418435 300.03405456694054
-148.75176450296004 298.7526617871913
-155.70027460016908 297.99151350787537
-162.69661924525417 296.99226932276326
-169.73174387012457 295.75114839022154
-176.79646676704786 294.2646446843388
-183.8814881478607 292.5295308266801
-192.1308886729571 291.092377570848
-201.59980223826113 289.85504163518107
-209.94696313176848 287.7455984601635
-219.5293851881863 285.76217430600246
-230.39210161463097 283.80093359194797
-241.32198153247518 281.37051474833635
-253.57185245878676 278.81577516802884
-267.17355496883647 276.026946670579
-282.15352744547056 272.89221892915737
-298.53273703742116 269.2979865360147
-317.6576990540832 265.3373047674339
-339.5770477695816 260.7843290044886
-362.9723502484868 255.27526895365222
-391.93796166778304 248.98395470532577
-425.17556772830096 241.39371036717074
-465.4869079078884 232.20362562277765
-515.7231642071305 220.81051999484185
-578.7663805209437 206.3081246622263
-661.7359680966016 187.22138693534149
-774.6385683143214 161.07868640952694
-938.8770631722409 123.08779216688964
NaN NaN
NaN NaN
NaN NaN
-1141.282270801232 -309.3140903705197
-1126.9844923963049 -325.3686084909628
-1113.7315675736163 -344.8074916980315
-1102.6442382429047 -364.50375696835994
-1092.808749614936 -384.5855424245413
-1084.5396911879407 -405.3356570825495
-1077.5801260405583 -426.72106269047356
-1070.7233216621116 -448.6465862246666
-1065.0933509194247 -470.729515885704
-1059.3279250642381 -493.212018822878
-1054.56008254627 -515.9243124973528
-1050.6946590801742 -538.9697022381059
-1046.41357655753 -562.4767484411191
-1042.8770469460544 -586.4268011068773
-1038.7903819512032 -610.8511818456807
-1035.3132532373115 -635.821870519725
-1032.3731649992858 -661.4328974532157
-1028.7049991561735 -687.5702335480964
-1026.625051643381 -714.684729434923
-1023.6862154052174 -742.4065334448399
-1020.9994582396572 -771.019669284069
-1018.4814407385109 -800.5989783032051
-1016.0451782024963 -831.214225680101
-1013.6000524039949 -862.9297345294443
-1012.1334078416019 -896.3064811612556
-1010.4254128599648 -930.9737816911074
-1008.3719018405118 -966.9746681037865
-1005.865979113758 -1004.3451063333014
-1004.8140158659204 -1044.4251539825048
-1003.238418838393 -1086.0724946695138
-1001.0564904057567 -1129.3330125699122
-986.9143672619516 -1165.1045654456482
-958.7818342532254 -1189.9281811052044
-930.0761872803638 -1214.018841769201
-900.8084960071749 -1237.3660137710697
-870.9911157094356 -1259.9584644470597
-840.637622258977 -1281.7845050414744
-809.7626077501984 -1302.8321475988328
-778.3816979687717 -1323.0892907873147
-746.5113622347952 -1342.5438086660404
-714.1689781705356 -1361.1837200255368
-681.3726014335696 -1378.9971933487177
-648.1410351940452 -1395.9726911745358
-614.49370817028 -1412.098992722179
-580.45069302501 -1427.3653029016366
-546.032551305453 -1441.7612064162483
-511.2604184478881 -1455.2768235216286
-476.15583270396206 -1467.9027131088556
-440.74082559800803 -1479.630041326411
-405.03779932519893 -1490.4505155218296
-369.06951417783165 -1500.3564266566964
-332.85906808872903 -1509.340691014727
-296.4298501546914 -1517.3968477406875
-259.8055085926388 -1524.5190667826867
-223.0099335436245 -1530.702193985353
-186.0672145103428 -1535.9417382508323
-149.0016081617532 -1540.2338610745069
-111.83752428187887 -1543.5754431334337
-74.59948212871494 -1545.9640396939249
-37.31208676690904 -1547.3979027285104
0 -1547.8759734133644
37.31208676690841 -1547.3979027285104
74.59948212871436 -1545.9640396939249
111.83752428187887 -1543.5754431334337
149.00160816175259 -1540.2338610745069
186.06721451034227 -1535.9417382508323
223.0099335436245 -1530.702193985353
259.8055085926383 -1524.5190667826867
296.42985015469066 -1517.3968477406875
332.85906808872903 -1509.340691014727
369.0695141778311 -1500.3564266566964
405.03779932519853 -1490.4505155218296
440.74082559800803 -1479.630041326411
476.1558327039617 -1467.902713108856
511.26041844788756 -1455.2768235216288
546.032551305453 -1441.7612064162483
580.4506930250095 -1427.3653029016368
614.4937081702795 -1412.0989927221794
648.1410351940452 -1395.9726911745358
681.3726014335693 -1378.9971933487177
714.1689781705356 -1361.1837200255368
746.5113622347952 -1342.5438086660404
778.3816979687717 -1323.0892907873147
809.7626077501984 -1302.8321475988328
840.637622258977 -1281.7845050414744
870.9911157094353 -1259.9584644470597
900.8084960071748 -1237.3660137710694
930.0761872803638 -1214.018841769201
958.7818342532242 -1189.9281811052049
986.9143672619506 -1165.1045654456495
1001.0564904057567 -1129.3330125699122
1003.2384188383922 -1086.0724946695154
1004.8140158659198 -1044.4251539825052
1005.8659791137578 -1004.3451063333015
1008.3719018405116 -966.9746681037867
1010.4254128599651 -930.9737816911073
1012.1334078416019 -896.3064811612556
1013.6000524039949 -862.9297345294443
1016.0451782024962 -831.2142256801014
1018.4814407385109 -800.5989783032051
1020.9994582396565 -771.0196692840694
1023.6862154052174 -742.4065334448399
1026.625051643381 -714.684729434923
1028.7049991561735 -687.5702335480964
1032.3731649992858 -661.4328974532158
1035.3132532373118 -635.8218705197247
1038.790381951203 -610.8511818456807
1042.877046946054 -586.4268011068784
1046.41357655753 -562.4767484411191
1050.6946590801742 -538.9697022381059
1054.5600825462693 -515.924312497354
1059.3279250642377 -493.2120188228797
1065.0933509194247 -470.7295158857037
1070.7233216621103 -448.64658622466897
1077.5801260405583 -426.72106269047356
1084.5396911879407 -405.3356570825495
1092.808749614936 -384.5855424245413
1102.6442382429047 -364.50375696835994
1113.7315675736163 -344.8074916980315
1126.9844923963049 -325.3686084909628
1141.282270801232 -309.3140903705197
NaN NaN
NaN NaN
NaN NaN
938.8770631722412 123.08779216688784
774.6385683143214 161.07868640952694
661.7359680966016 187.22138693534149
578.7663805209437 206.3081246622263
515.7231642071306 220.81051999484137
465.4869079078885 232.2036256227775
425.17556772830096 241.39371036717054
391.93796166778304 248.98395470532577
362.9723502484868 255.27526895365222
339.5770477695816 260.7843290044886
317.6576990540832 265.33730476743386
298.53273703742116 269.2979865360148
282.1535274454706 272.89221892915725
267.17355496883647 276.026946670579
253.57185245878676 278.81577516802884
241.32198153247518 281.37051474833635
230.3921016146311 283.8009335919478
219.52938518818632 285.76217430600235
209.94696313176848 287.7455984601634
201.59980223826113 289.85504163518107
192.1308886729571 291.092377570848
183.8814881478607 292.5295308266801
176.79646676704795 294.2646446843387
169.7317438701246 295.75114839022154
162.69661924525417 296.9922693227632
155.70027460016908 297.99151350787537
148.75176450296004 298.7526617871913
142.84145263418435 300.03405456694054
136.94186477995362 301.138596699698
131.05967067104748 302.0685904735368
125.20145311285101 302.82652744723043
119.37370182480807 303.41508590453327
114.42085339025351 304.71582062782556
108.64263100469269 304.99685868695417
103.68970576161279 306.0395852273621
97.98354086658941 306.02259529304916
93.05056499788078 306.81402726323813
88.11861440091008 307.4921758621875
83.19201244248904 308.05822984060904
78.27503425749526 308.5134909665437
73.3719032345053 308.85937284647343
68.48678756494054 309.0973996201712
64.13474796069924 310.29301689897244
59.26291623741834 310.33380511265153
54.420913795225836 310.2710000358563
50.01762182502547 311.2078443883656
45.2111030276792 310.95434541950186
40.77859996733485 311.7238271231633
36.02176967165804 311.28427454668866
31.57313963547409 311.88744890477307
27.102911450917965 312.41135831131413
22.428043447659867 311.7057713431331
17.960873561094697 312.0651777849152
13.481416996559359 312.3450709613634
8.992738102566468 312.545184921105
4.49790750136133 312.6653294513966
