0 691.4422016569719
-6.845890915156798 691.3939463187468
-13.687095453488299 691.249236965686
-20.518930435098007 691.0082434917548
-27.33671907179539 690.6712487506821
-34.135794157574146 690.2386481019729
-40.91150125264396 689.7109487758773
-47.65920185887107 689.0887690579204
-54.374276584495604 688.37283729377
-61.05212829599455 687.5639907154301
-67.68818525495541 686.6631740898086
-74.27790423787687 685.671438191147
-80.81677363675863 684.5899380987809
-92.05969000729851 694.1926980351897
-98.83376551223044 692.8010782242977
-105.54019826731594 691.3142491484149
-112.1743973026568 689.7338569154408
-118.73182088572052 688.0616470915198
-125.20797962030444 686.2994619408305
-131.5984395103911 684.4492375056801
-137.89882498685444 682.5130005307033
-144.10482189492433 680.492865235496
-150.21218044045077 678.3910299403626
-164.29247454949024 685.2213850496346
-170.4952408453593 682.7385265770326
-176.5813282218192 680.1727317914275
-182.54656826197228 677.5266519555032
-188.38687490024486 674.8030090253794
-194.09824721663165 672.0045914255006
-209.49146478581008 676.6771510129475
-215.20125268442635 673.4659862382165
-220.76377598746743 670.1814655469755
-226.17522216117146 666.8267831091418
-242.27401600661975 669.8181584349486
-247.61172308740157 666.0331603213746
-252.77999696556134 662.1813188418474
-269.31064617531166 663.761207571221
-274.3459035837339 659.4677550703818
-291.1513235203393 659.9650986010057
-296.00809148861083 655.2213989697334
-313.0103852090691 654.6061604374008
-317.6425532048459 649.4063567836282
-334.76225237198906 647.6530137738253
-351.9927768673955 645.1479743273406
-369.30518022706485 641.8821734207783
-386.6702556814946 637.8474704230886
-404.05856548241076 633.0366576795574
-421.44047040935834 627.4434684733711
-452.34655975305645 622.4119117165393
-483.4087275879919 615.8465063095748
-514.5699271925378 607.734989907734
-559.6367323280934 598.3003400273993
-604.8540398841882 586.547222822364
-664.1569351522836 571.9446873173495
-751.7363146134971 552.4596241800579
-867.808470614198 525.833367463976
NaN NaN
NaN NaN
NaN NaN
NaN NaN
-1326.835681528089 -809.0173054448674
-1307.0272631618745 -819.8261759970036
-1286.3556945962112 -833.4263951607591
-1268.2613267222157 -847.3673353858125
-1251.6719025995626 -861.7490564674914
-1235.4826424049877 -877.018949402974
-1232.485191125911 -890.7722240576824
-1216.6350465888952 -907.5689525209157
-1200.986133722867 -924.66296219361
-1198.0939029937529 -940.7250698907949
-1182.3882304780382 -958.5913699147645
-1179.0286999736516 -976.0536155208714
-1162.91699567963 -994.54897497375
-1158.7938803250406 -1013.2863157737779
-1154.142808729231 -1032.8001610251706
-1148.9132756667204 -1053.056955442336
-1143.0571011382017 -1074.0226317969177
-1124.8248687206249 -1094.01413185542
-1129.2952340146464 -1117.932301613317
-1121.3142467943205 -1140.7974255672514
-1112.5529837006209 -1164.215288163115
-1102.9824703512456 -1188.1425298214183
-1103.468335248189 -1216.0514689803192
-1092.006968754688 -1241.2214987419043
-1090.1624148030262 -1271.0149767877194
-1076.6843608644012 -1297.2226668874525
-1072.3554547998178 -1328.6649743212754
-1066.6238471961858 -1361.0180622140074
-1069.1267244926419 -1399.9116972902696
-1060.4901292020595 -1434.2081486748157
-1059.8549931071736 -1475.6232159391345
-1048.3617422112948 -1511.619054153909
-1044.3438618392659 -1555.304432850657
-1047.1086110843412 -1607.6506548224152
-1038.987400384661 -1653.9901576831269
-1037.046625254716 -1709.495574289567
-1032.5031987107234 -1766.5861861077667
-1025.2699325008991 -1825.1371411264183
-1022.755398531757 -1894.1705588362727
-1024.0910151628757 -1974.532240818994
-1021.3998816367059 -2057.1950529279193
-1014.559040189072 -2141.9412655681026
-965.1526104899774 -2166.136580208942
-903.0326162557776 -2168.130076664208
-841.643449357439 -2168.3097216068572
-786.4047153658522 -2177.474026340061
-726.3048117152389 -2174.2650570118617
-671.7707681940527 -2180.348890753017
-617.4866860199534 -2184.987383724197
-563.4922743655067 -2188.1940581820822
-509.830921616864 -2189.9898360401644
-456.5413732448348 -2190.3910288076313
-403.6658561006643 -2189.4229932437424
-353.78941391358217 -2198.6206188637707
-301.49278494765554 -2195.0220091045203
-251.54702427111758 -2201.734959831049
-199.97480624100686 -2195.565665139914
-150.09597072287775 -2199.8114541990685
-100.11870377825694 -2202.8467625103945
-50.075773912048184 -2204.6689879543856
0 -2205.2765698174912
50.07577391204735 -2204.6689879543856
100.11870377825615 -2202.8467625103945
150.09597072287775 -2199.8114541990685
199.97480624100618 -2195.565665139914
251.54702427111667 -2201.734959831049
301.49278494765554 -2195.0220091045203
353.7894139135813 -2198.6206188637707
403.66585610066335 -2189.4229932437424
456.5413732448348 -2190.3910288076313
509.830921616863 -2189.9898360401644
563.4922743655058 -2188.1940581820827
617.4866860199534 -2184.987383724197
671.7707681940519 -2180.348890753017
726.3048117152379 -2174.2650570118617
786.4047153658522 -2177.474026340061
841.6434493574385 -2168.3097216068577
903.032616255777 -2168.130076664209
965.1526104899774 -2166.136580208942
1014.559040189071 -2141.941265568103
1021.3998816367058 -2057.1950529279193
1024.0910151628757 -1974.532240818994
1022.7553985317569 -1894.170558836273
1025.2699325008978 -1825.1371411264188
1032.5031987107234 -1766.5861861077667
1037.0466252547155 -1709.495574289567
1038.9874003846608 -1653.990157683127
1047.1086110843412 -1607.6506548224152
1044.3438618392652 -1555.3044328506578
1048.3617422112939 -1511.6190541539095
1059.8549931071736 -1475.6232159391345
1060.4901292020593 -1434.2081486748157
1069.1267244926419 -1399.9116972902696
1066.6238471961856 -1361.0180622140074
1072.3554547998172 -1328.6649743212756
1076.6843608644008 -1297.2226668874528
1090.1624148030262 -1271.0149767877194
1092.006968754688 -1241.2214987419043
1103.468335248187 -1216.05146898032
1102.9824703512447 -1188.142529821419
1112.552983700621 -1164.215288163115
1121.3142467943205 -1140.7974255672516
1129.2952340146464 -1117.932301613317
1124.8248687206249 -1094.01413185542
1143.0571011382015 -1074.022631796918
1148.9132756667202 -1053.0569554423364
1154.1428087292306 -1032.8001610251708
1158.7938803250404 -1013.2863157737783
1162.91699567963 -994.54897497375
1179.0286999736516 -976.0536155208714
1182.3882304780382 -958.5913699147646
1198.0939029937529 -940.7250698907952
1200.9861337228658 -924.6629621936106
1216.6350465888945 -907.5689525209161
1232.485191125911 -890.7722240576824
1235.4826424049877 -877.018949402974
1251.6719025995626 -861.7490564674914
1268.2613267222157 -847.3673353858125
1286.3556945962112 -833.4263951607591
1307.0272631618745 -819.8261759970036
1326.835681528089 -809.0173054448674
NaN NaN
NaN NaN
NaN NaN
NaN NaN
867.808470614198 525.833367463976
751.7363146134971 552.4596241800579
664.1569351522836 571.9446873173495
604.8540398841883 586.5472228223634
559.6367323280934 598.3003400273991
514.5699271925379 607.7349899077337
483.4087275879919 615.8465063095748
452.34655975305645 622.4119117165393
421.44047040935834 627.4434684733711
404.05856548241087 633.0366576795573
386.67025568149467 637.8474704230885
369.3051802270649 641.8821734207781
351.9927768673955 645.1479743273406
334.76225237198906 647.6530137738253
317.6425532048459 649.4063567836282
313.01038520906917 654.6061604374007
296.0080914886109 655.2213989697333
291.15132352033936 659.9650986010056
274.3459035837339 659.4677550703818
269.31064617531166 663.761207571221
252.77999696556134 662.1813188418474
247.61172308740163 666.0331603213745
242.27401600661977 669.8181584349486
226.17522216117152 666.8267831091417
220.76377598746743 670.1814655469755
215.20125268442635 673.4659862382165
209.49146478581008 676.6771510129475
194.09824721663176 672.0045914255006
188.38687490024492 674.8030090253794
182.5465682619723 677.5266519555031
176.5813282218192 680.1727317914275
170.4952408453593 682.7385265770326
164.29247454949024 685.2213850496346
150.21218044045085 678.3910299403626
144.10482189492438 680.492865235496
137.8988249868545 682.5130005307033
131.5984395103911 684.4492375056801
125.20797962030444 686.2994619408305
118.73182088572052 688.0616470915198
112.17439730265684 689.7338569154408
105.54019826731599 691.3142491484149
98.83376551223049 692.8010782242977
92.05969000729851 694.1926980351897
80.81677363675863 684.5899380987809
74.27790423787687 685.671438191147
67.68818525495546 686.6631740898086
61.0521282959946 687.5639907154301
54.37427658449663 688.37283729377
47.65920185887107 689.0887690579204
40.91150125264396 689.7109487758773
34.135794157574146 690.2386481019729
27.336719071795546 690.6712487506821
20.518930435098312 691.0082434917548
13.687095453488347 691.249236965686
6.845890915156798 691.3939463187468
