0 293.1543903255095
-4.381426158705987 293.1146764419233
-8.759855247749623 292.9955719690309
-13.132292235857024 292.7971883931306
-17.495746167178574 292.5197113666512
-21.847232195612285 292.1634004713702
-26.406814399758773 292.8727542185096
-30.762233855351536 292.35327288386486
-35.09661091688807 291.75517619887904
-39.739822295515076 292.2004426330553
-44.05941836513797 291.43729586179404
-48.753819478902386 291.6977340701259
-53.04585991252081 290.7684148785067
-57.77755321137684 290.83931107764465
-62.54009378494419 290.8071584611266
-66.78393513578867 289.62069829257115
-71.5620196019529 289.39232576077995
-76.35935982537751 289.0565695124665
-81.17186011837234 288.61187836822774
-85.99536869628866 288.05681045070685
-90.82568107930132 287.3900345596546
-95.6585435583551 286.61033142412725
-101.26618850074179 286.6393747881349
-106.1222547488583 285.6089938089162
-111.80534547944671 285.3405601297456
-116.66485479750274 284.0526545287293
-122.40112347748975 283.4771151839785
-128.16977763368286 282.7323519760277
-133.9643889289203 281.8156507918798
-139.77843458270075 280.7244838462769
-145.60530349059974 279.45651232420965
-152.47252705413996 278.7087946441069
-159.38979730249488 277.72295356846337
-166.34811386121356 276.49517142298316
-173.3383476629795 275.0219054494472
-180.3512499707302 273.29989173977316
-188.53095087167222 271.87566482316674
-197.93263203037054 270.6510456013754
-206.21507381255424 268.55407420831875
-215.7353344081736 266.5828422092198
-226.5384896267093 264.6334800405095
-237.41144940980683 262.2145929611301
-249.6070802847553 259.67100610157127
-263.157260000245 256.8929200236519
-278.0884622502698 253.76849424073015
-294.4216876082423 250.18409437374572
-313.5034828988552 246.23274800378059
-335.38251198054724 241.68858417705275
-358.740369550958 236.18778770609822
-387.67143644993257 229.9041653048776
-420.8774220533991 222.32101929440012
-461.1600875102809 213.13741922908537
-511.370634473393 201.75016622275936
-574.3911244575401 187.25297482341327
-657.3409842854845 168.17077754088788
-770.2268688578619 142.03194104697542
-934.4516716288786 104.04422341815005
NaN NaN
NaN NaN
NaN NaN
-1124.5753903254388 -275.32112609759275
-1111.1737070814534 -292.0782278036973
-1098.8933092222242 -312.3130590487238
-1088.6863281412272 -332.76040042062914
-1079.6571637569687 -353.556500700903
-1072.139005413207 -374.99601814548265
-1065.8789073141 -397.0455629721438
-1059.6723933561736 -419.60813873211043
-1054.63958877812 -442.29204559873426
-1049.430223993495 -465.34891570666616
-1045.17842328627 -488.60665799235
-1041.795401776536 -512.17329945711
-1037.9684967965713 -536.18191651188
-1034.8600593313051 -560.6145979590765
-1031.1780028973833 -585.5043793748155
-1028.0846828545048 -610.9254979298299
-1025.5100297386668 -636.9742931528646
-1022.1888472874558 -663.5352193972215
-1020.4426931162984 -691.0669101578237
-1017.8215608096492 -719.193528051488
-1015.4394837751482 -748.2036178967061
-1013.2139704386417 -778.1728896373329
-1011.0587046736974 -809.1717588910006
-1008.8835979245567 -841.2650124529046
-1007.6789627855443 -875.0197433740518
-1006.2226660350159 -910.059904351597
-1004.4107761700595 -946.4284684905189
-1002.1366079231155 -984.1612685497705
-1001.3111996665981 -1024.610411428371
-982.350272072583 -1054.0837543572914
-956.8459330052569 -1078.8964004557572
-930.7929293981344 -1103.0246429047756
-904.1982220287705 -1126.4620548606242
-877.0703496383578 -1149.2007938862478
-849.4192776957985 -1171.2319549425235
-821.2562257329854 -1192.5458491379827
-792.5936027237408 -1213.1322524042625
-763.4448032741424 -1232.9805671820284
-733.8242256894398 -1252.080012191809
-703.7470825813537 -1270.4197144898787
-673.2294663773431 -1287.9888814757019
-642.2881200120042 -1304.776808113898
-610.9405072785602 -1320.7730230787981
-579.2046919028068 -1335.9673128824093
-547.099356949729 -1350.349832048876
-514.6436509420532 -1363.9110582437042
-481.85727392740887 -1376.6419487216633
-448.7603076930975 -1388.5338441111173
-415.37330736166047 -1399.578637404014
-381.7171801226068 -1409.7687083264814
-347.81317394718224 -1419.0969660098833
-313.682858455561 -1427.5568908769744
-279.3480798144937 -1435.1425323350747
-244.83093008347743 -1441.8485168175614
-210.1537314184961 -1447.6700929057986
-175.33899495251342 -1452.6031185423367
-140.40939005343145 -1456.6440505984328
-105.38773172446729 -1459.7900114091715
-70.29693845515975 -1462.0387442218837
-35.16001003843724 -1463.388635288554
0 -1463.8387063651883
35.16001003843668 -1463.388635288554
70.29693845515924 -1462.0387442218837
105.38773172446729 -1459.7900114091715
140.40939005343083 -1456.6440505984328
175.3389949525129 -1452.6031185423367
210.1537314184961 -1447.6700929057986
244.83093008347703 -1441.8485168175614
279.34807981449296 -1435.1425323350747
313.682858455561 -1427.5568908769744
347.8131739471818 -1419.0969660098833
381.71718012260646 -1409.7687083264814
415.37330736166047 -1399.578637404014
448.76030769309716 -1388.5338441111178
481.85727392740836 -1376.6419487216635
514.6436509420532 -1363.9110582437042
547.0993569497285 -1350.3498320488761
579.2046919028063 -1335.9673128824097
610.9405072785602 -1320.7730230787981
642.2881200120041 -1304.776808113898
673.2294663773431 -1287.9888814757019
703.7470825813537 -1270.4197144898787
733.8242256894398 -1252.080012191809
763.4448032741424 -1232.9805671820284
792.5936027237408 -1213.1322524042625
821.2562257329852 -1192.5458491379827
849.4192776957984 -1171.2319549425233
877.0703496383578 -1149.2007938862478
904.1982220287694 -1126.4620548606247
930.7929293981335 -1103.024642904777
956.8459330052569 -1078.8964004557572
982.3502720725822 -1054.0837543572925
1001.3111996665975 -1024.6104114283714
1002.1366079231153 -984.1612685497706
1004.4107761700593 -946.4284684905191
1006.2226660350162 -910.0599043515969
1007.6789627855443 -875.0197433740518
1008.8835979245567 -841.2650124529046
1011.0587046736973 -809.1717588910011
1013.2139704386417 -778.1728896373329
1015.4394837751476 -748.2036178967065
1017.8215608096492 -719.193528051488
1020.4426931162984 -691.0669101578237
1022.1888472874558 -663.5352193972215
1025.5100297386668 -636.9742931528647
1028.084682854505 -610.9254979298295
1031.1780028973833 -585.5043793748155
1034.8600593313047 -560.6145979590776
1037.9684967965713 -536.18191651188
1041.795401776536 -512.17329945711
1045.1784232862692 -488.6066579923512
1049.4302239934946 -465.3489157066679
1054.63958877812 -442.2920455987339
1059.6723933561725 -419.60813873211293
1065.8789073141 -397.0455629721438
1072.139005413207 -374.99601814548265
1079.6571637569687 -353.556500700903
1088.6863281412272 -332.76040042062914
1098.8933092222242 -312.3130590487238
1111.1737070814534 -292.0782278036973
1124.5753903254388 -275.32112609759275
NaN NaN
NaN NaN
NaN NaN
934.4516716288788 104.04422341814825
770.2268688578619 142.03194104697542
657.3409842854845 168.17077754088788
574.3911244575401 187.25297482341327
511.37063447339307 201.75016622275888
461.160087510281 213.13741922908522
420.8774220533991 222.32101929439992
387.67143644993257 229.9041653048776
358.740369550958 236.18778770609822
335.38251198054724 241.68858417705275
313.5034828988552 246.23274800378053
294.4216876082423 250.18409437374575
278.08846225026986 253.76849424073004
263.157260000245 256.8929200236519
249.6070802847553 259.67100610157127
237.41144940980683 262.2145929611301
226.5384896267094 264.6334800405093
215.73533440817363 266.5828422092197
206.21507381255424 268.5540742083187
197.93263203037054 270.6510456013754
188.53095087167222 271.87566482316674
180.3512499707302 273.29989173977316
173.33834766297957 275.0219054494471
166.3481138612136 276.49517142298316
159.38979730249488 277.7229535684633
152.47252705413996 278.7087946441069
145.60530349059974 279.45651232420965
139.77843458270075 280.7244838462769
133.9643889289204 281.81565079187976
128.1697776336829 282.73235197602696
122.40112347748978 283.4771151839785
116.66485479750274 284.0526545287293
111.80534547944671 285.3405601297456
106.1222547488583 285.6089938089162
101.26618850074186 286.6393747881348
95.65854355835513 286.61033142412725
90.82568107930133 287.3900345596546
85.99536869628866 288.05681045070685
81.17186011837234 288.61187836822774
76.35935982537751 289.0565695124665
71.56201960195297 289.39232576077995
66.78393513578871 289.62069829257115
62.54009378494422 290.80715846112656
57.77755321137684 290.83931107764465
53.04585991252081 290.7684148785067
48.753819478902386 291.6977340701259
44.05941836513802 291.437295861794
39.73982229551512 292.2004426330553
35.096610916888125 291.75517619887904
30.762233855351536 292.35327288386486
26.406814399758773 292.8727542185096
21.847232195612285 292.1634004713702
17.495746167178616 292.5197113666512
13.132292235857067 292.7971883931306
8.759855247749668 292.9955719690309
4.381426158705987 293.1146764419233
