0 910.9622016569687
-8.153751604620181 910.9100502847556
-16.301920490027587 910.7536630942444
-24.43892774824655 910.4932407491195
-32.55920209120311 910.1291173066139
-40.65718365424829 909.6617596445666
-48.72732779197433 909.0917666599983
-56.76410886375679 908.4198682400331
-64.76202400647544 907.6469240060329
-72.71559689186532 906.7739218324178
-80.619381465945 905.8019761412801
-88.4679656680299 904.7323259749055
-96.25597512677996 903.5663328479619
-108.73745029969245 913.0782450949015
-116.73865450316497 911.5896641930863
-124.65994484024607 910.0000184407662
-132.4958977383339 908.3112277021746
-140.24114784282813 906.5253265758953
-147.89039168056038 904.6444609289642
-155.4383912815807 902.670884231084
-162.8799777568675 900.6069536937389
-170.2100548294864 898.4551262198969
-177.42360231689622 896.2179541702692
-192.59143601850434 902.9096924521591
-199.86234721231645 900.2853111168924
-206.99645273893526 897.575470046054
-213.98886592217227 894.783210700795
-220.83479672329113 891.9116518044373
-227.52955501771532 888.9639840747022
-243.8832464164958 893.4863661221463
-250.52993773549125 890.1245065243189
-257.0051519428858 886.6891861226143
-263.30445099216166 883.1840126310983
-280.26565119438527 886.0256191197232
-286.43972706291015 882.0919868184175
-292.4177589543912 878.093055958003
-309.73100043534515 879.5278068434314
-315.5211480232036 875.0915701867816
-333.0532386834539 875.4488796743427
-338.6079598957673 870.5682856704511
-356.2790110383688 869.8196739974119
-361.55028230146564 864.4903908856003
-379.2789925716441 862.6118243445842
-397.08801862001235 859.9861682577351
-414.9480175065047 856.6046962382067
-432.82940716699727 852.4595929468106
-450.70239599725113 847.5439616925074
-468.53701260201046 841.8518314480822
-499.8635360060259 836.7274906364474
-531.313572139281 830.0757206303999
-562.8298084545941 821.8845037072565
-608.2185753889349 812.3770433951687
-653.7245491752923 800.5582125439884
-713.282617267722 785.8972469110433
-801.0835012646289 766.3612033458454
-917.3433417042414 739.6915610084213
NaN NaN
NaN NaN
NaN NaN
NaN NaN
-1386.3028860599213 -1040.834510514802
-1365.8174851169294 -1050.4541882526407
-1344.279630301582 -1062.5906370564485
-1325.283047013877 -1075.0670202830097
-1307.7524407338788 -1087.973587205043
-1290.5620988906417 -1101.7132494703512
-1286.6331666085828 -1114.1253876657954
-1269.6859397202554 -1129.3123154527077
-1252.9232069385628 -1144.8081281699272
-1248.96413144729 -1159.408906937773
-1232.1066061839815 -1175.6812357403242
-1227.6149272025377 -1191.62526644353
-1210.329415995945 -1208.5467822631351
-1205.027640258662 -1225.7273687451745
-1199.1739505571056 -1243.65571037003
-1192.7228712555668 -1262.303538296806
-1185.6309083474782 -1281.641813396195
-1166.2079513850792 -1300.1233856610315
-1169.3720264663812 -1322.2608890518898
-1160.1376462807016 -1343.4721142333071
-1150.1243617531613 -1365.2360903246506
-1139.3062818824264 -1387.5135487715227
-1138.4608272644937 -1413.532604241125
-1125.7646675954907 -1437.0535047264875
-1122.5997034836819 -1464.9292258082298
-1107.9115518858264 -1489.5071616441617
-1102.2873047206149 -1519.0276474578961
-1095.2768436053739 -1549.4583697727028
-1096.4184953652 -1586.0961313543833
-1086.5454949983628 -1618.4779320118955
-1084.5989826635987 -1657.6378451276648
-1071.9208062836565 -1691.74830870811
-1066.6504129938735 -1733.202860910246
-1068.1053154540969 -1782.9637356347835
-1058.8032088150676 -1827.1116079963597
-1055.6344975777868 -1880.0800629367104
-1049.907893059007 -1934.6688694666211
-1041.536697460907 -1990.7600076734188
-1037.8604688998553 -2057.0132970327286
-1038.0251108716252 -2134.295355414625
-1034.2264156799622 -2213.960038926208
-1026.339479269098 -2295.7959996609816
-976.2418987483182 -2319.218381131102
-913.5391029498019 -2321.185047490821
-851.5688629128235 -2321.3967745784057
-795.7057064720726 -2330.2917860967245
-735.026986134255 -2327.223947617769
-679.8735355801166 -2333.1375868440628
-624.9725077255856 -2337.652296621406
-570.3628040212327 -2340.7807435165064
-516.0870143418886 -2342.542879702608
-462.1831288931683 -2342.9543241296683
-408.69262149358286 -2342.039559716178
-358.1778341346385 -2350.9522033471712
-305.2657536801632 -2347.488663357369
-254.6859772045307 -2353.994283694717
-202.49527067078688 -2348.0397769574297
-151.98435272713175 -2352.1544405555733
-101.37669054481097 -2355.0962220216716
-50.704487278266456 -2356.862384963422
0 -2357.4512882524873
50.704487278265624 -2356.862384963422
101.37669054481017 -2355.0962220216716
151.98435272713175 -2352.1544405555733
202.4952706707862 -2348.0397769574297
254.6859772045298 -2353.994283694717
305.2657536801632 -2347.488663357369
358.17783413463764 -2350.9522033471712
408.6926214935819 -2342.039559716178
462.1831288931683 -2342.9543241296683
516.0870143418877 -2342.542879702608
570.3628040212318 -2340.780743516507
624.9725077255856 -2337.652296621406
679.8735355801158 -2333.1375868440628
735.026986134254 -2327.223947617769
795.7057064720726 -2330.2917860967245
851.5688629128231 -2321.396774578406
913.5391029498013 -2321.185047490822
976.2418987483182 -2319.218381131102
1026.3394792690972 -2295.795999660982
1034.226415679962 -2213.960038926208
1038.0251108716252 -2134.295355414625
1037.8604688998553 -2057.0132970327286
1041.5366974609055 -1990.7600076734193
1049.907893059007 -1934.6688694666211
1055.6344975777863 -1880.0800629367104
1058.8032088150674 -1827.11160799636
1068.1053154540969 -1782.9637356347835
1066.6504129938726 -1733.202860910247
1071.9208062836556 -1691.7483087081105
1084.5989826635987 -1657.6378451276648
1086.5454949983625 -1618.4779320118955
1096.4184953652 -1586.0961313543833
1095.2768436053736 -1549.4583697727028
1102.2873047206142 -1519.0276474578964
1107.911551885826 -1489.507161644162
1122.5997034836819 -1464.9292258082298
1125.7646675954907 -1437.0535047264875
1138.4608272644914 -1413.5326042411257
1139.3062818824255 -1387.5135487715233
1150.1243617531616 -1365.2360903246506
1160.1376462807018 -1343.4721142333074
1169.3720264663812 -1322.2608890518898
1166.2079513850792 -1300.1233856610315
1185.630908347478 -1281.641813396195
1192.7228712555664 -1262.3035382968064
1199.1739505571052 -1243.6557103700302
1205.0276402586617 -1225.727368745175
1210.329415995945 -1208.5467822631351
1227.6149272025377 -1191.62526644353
1232.1066061839815 -1175.6812357403244
1248.9641314472897 -1159.4089069377733
1252.9232069385616 -1144.8081281699276
1269.6859397202547 -1129.3123154527077
1286.6331666085828 -1114.1253876657954
1290.5620988906417 -1101.7132494703512
1307.7524407338788 -1087.973587205043
1325.283047013877 -1075.0670202830097
1344.279630301582 -1062.5906370564485
1365.8174851169294 -1050.4541882526407
1386.3028860599213 -1040.834510514802
NaN NaN
NaN NaN
NaN NaN
NaN NaN
917.3433417042414 739.6915610084213
801.0835012646289 766.3612033458454
713.282617267722 785.8972469110433
653.7245491752924 800.5582125439878
608.2185753889349 812.3770433951685
562.8298084545942 821.8845037072563
531.313572139281 830.0757206303999
499.8635360060259 836.7274906364474
468.53701260201046 841.8518314480822
450.70239599725124 847.5439616925073
432.8294071669973 852.4595929468105
414.94801750650475 856.6046962382065
397.08801862001235 859.9861682577351
379.2789925716441 862.6118243445842
361.55028230146564 864.4903908856003
356.2790110383689 869.8196739974118
338.60795989576735 870.568285670451
333.05323868345397 875.4488796743426
315.5211480232036 875.0915701867816
309.73100043534515 879.5278068434314
292.4177589543912 878.093055958003
286.4397270629102 882.0919868184174
280.26565119438527 886.0256191197232
263.3044509921617 883.1840126310982
257.0051519428858 886.6891861226143
250.52993773549125 890.1245065243189
243.8832464164958 893.4863661221463
227.52955501771544 888.9639840747022
220.8347967232912 891.9116518044373
213.9888659221723 894.7832107007949
206.99645273893526 897.575470046054
199.86234721231645 900.2853111168924
192.59143601850434 902.9096924521591
177.4236023168963 896.2179541702692
170.21005482948647 898.4551262198969
162.87997775686756 900.6069536937389
155.4383912815807 902.670884231084
147.89039168056038 904.6444609289642
140.24114784282813 906.5253265758953
132.49589773833392 908.3112277021746
124.65994484024611 910.0000184407662
116.73865450316501 911.5896641930863
108.73745029969245 913.0782450949015
96.25597512677996 903.5663328479619
88.4679656680299 904.7323259749055
80.61938146594504 905.8019761412801
72.71559689186537 906.7739218324178
64.76202400647689 907.6469240060329
56.76410886375679 908.4198682400331
48.72732779197433 909.0917666599983
40.65718365424829 909.6617596445666
32.55920209120327 910.1291173066139
24.43892774824708 910.4932407491195
16.301920490027634 910.7536630942444
8.153751604620181 910.9100502847556
