-500 674.2922016569721 0.9974656831286616
-506.74371429879216 674.2442506964023 0.997465705556092
-513.48281224751 674.1004536743924 0.9974657728109484
-520.2126806450038 673.8609780810232 0.9974658848109749
-526.9287125859104 673.52610276975 0.9974660414192431
-533.6263106031423 673.0962175127078 0.9974662424443983
-540.3008898042532 672.5718223786804 0.9974664876410044
-546.9478809991061 671.9535269343179 0.9974667767099855
-553.5627338171448 671.2420492693744 0.9974671092991646
-560.1409198119406 670.4382148469155 0.9974674850038984
-566.6779355509829 669.5429551795374 0.9974679033678056
-573.1693056886545 668.5573063330409 0.9974683638835903
-579.6105860203535 667.4824072590011 0.9974688659939559
-590.7567399844442 677.0922646711497 0.9974643731159005
-597.4349460598055 675.7082199454861 0.9974650207358869
-604.0464680662975 674.2294234224499 0.9974657124910008
-610.586780081114 672.6574998227272 0.9974664475817401
-617.0514047171993 670.994172131803 0.9974672251611695
-623.4359161780916 669.2412588948825 0.9974680443364115
-629.7359432782612 667.4006713552579 0.9974689041702173
-635.9471724267049 665.4744104398411 0.9974698036826148
-642.0653505719094 663.4645635960896 0.9974707418526302
-648.0862881063589 661.3733014849012 0.9974717176200786
-662.081618184729 668.2144860338124 0.997468524034824
-668.2009356604299 665.7426840348561 0.9974696784270867
-674.2051466189195 663.1881428652848 0.997470870852253
-680.0901387572693 660.5534833035273 0.9974721000282064
-685.8518810078259 657.8413963082655 0.9974733646409287
-691.4864262946666 655.0546388747817 0.9974746633467201
-706.8046068459128 659.7389310825414 0.9974724799169961
-712.4411991648057 656.5395393408647 0.9974739714335797
-717.93241849095 653.2667998770037 0.9974754961423163
-723.2745011587563 649.923874552739 0.9974770525042312
-739.3059195075864 652.9269505689506 0.9974756544137876
-744.5782852768203 649.1535645012931 0.9974774109869434
-749.6832968101841 645.3132143796478 0.9974791973523639
-766.1528059987573 646.9044420030796 0.997478457350744
-771.1290876118895 642.6221445144131 0.9974804482927927
-787.877736398221 643.1304282046513 0.9974802120700892
-792.6799767692911 638.3974234462398 0.9974824107714628
-809.6300238161629 637.792604690525 0.9974826915858268
-814.2122618691618 632.6029166194116 0.9974850997162127
-831.2843820438806 630.8593566979847 0.9974859081976939
-848.4697111054812 628.3637404265286 0.9974870649069316
-865.7393335646078 625.1069763256667 0.9974885735246827
-883.0640719716893 621.0808983509228 0.9974904371309785
-900.4145162234389 616.2782745535457 0.9974926581972317
-917.7610530505577 610.6928151159718 0.9974952385797571
-948.6342959832934 605.6685071134215 0.9974975572229012
-979.6661616074225 599.1098489407603 0.9975005803907367
NaN NaN NaN
NaN NaN NaN
NaN NaN NaN
NaN NaN NaN
NaN NaN NaN
NaN NaN NaN
NaN NaN NaN
NaN NaN NaN
NaN NaN NaN
NaN NaN NaN
-1357.392121128971 -913.8202147076444 0.996872393188422
-1345.1804773094768 -919.7070018009828 0.9968642585104333
-1332.7484193253144 -926.2558671403189 0.9968552303673512
-1321.0809509508795 -932.8697759747913 0.9968461364662249
-1309.8914131764304 -939.5833377777868 0.9968369312058668
-1298.9971112362716 -946.4108652796995 0.9968275973486835
-1288.2739308648893 -953.3560928621863 0.9968181324365119
-1277.6336607613234 -960.4167407880742 0.9968085423974489
-1267.0065901075166 -967.5896833234896 0.9967988344327999
-1268.5445358040915 -973.2062727518827 0.9967912581262968
-1257.5305452140506 -980.8926944045392 0.9967809271316672
-1246.398419035192 -988.6702825476364 0.9967705192098727
-1235.1374851696896 -996.5182979307802 0.9967600654632857
-1235.3729696195655 -1003.7839832588987 0.9967577681195088
-1223.6548566300921 -1011.9917459738491 0.9967628035502252
-1211.7710750741962 -1020.2259237557967 0.996767846780642
-1210.8922786532166 -1028.667839117743 0.9967730085193188
-1198.482089386869 -1037.1856758785584 0.996778207740704
-1196.7543384944797 -1046.460513149882 0.9967838588362798
-1183.7789490250216 -1055.2111939570152 0.9967891808415783
-1181.1525419016893 -1065.274492134112 0.9967952895058908
-1167.5771956674184 -1074.2048301044638 0.9968007000176621
-1164.0062339926578 -1085.0039969825748 0.9968072297130498
-1159.8650180212328 -1096.3075984680365 0.9968140491313456
-1155.1374516478106 -1108.100078889155 0.996821146866721
-1140.084841736432 -1117.4806204706035 0.9968267807941719
-1134.3128926770398 -1129.8818487144645 0.9968342125265345
-1127.9123720371103 -1142.7164497904314 0.9968418843360985
-1120.866364113999 -1155.9630225321112 0.9968497815133431
-1122.1209685090134 -1173.7330840132167 0.9968603422267451
-1113.529131261223 -1188.0382849168059 0.9968688162087799
-1104.2394070815185 -1202.6776372889803 0.9968774627515938
-1102.5735823796883 -1222.7174945677807 0.9968892575431323
-1091.61439848827 -1238.2315296950862 0.9968983557694919
-1087.7939103963815 -1259.7123439587142 0.996910906123699
-1082.7391544204731 -1282.0133108200916 0.9969238780257524
-1076.4155686114427 -1305.0784406028058 0.9969372329362884
-1068.7908027884932 -1328.848662896225 0.9969509309907195
-1059.8342799833688 -1353.2619984877335 0.9969649311865363
-1056.1545801205673 -1385.5909135814577 0.9969833645050828
-1050.5420776552303 -1419.0350947552515 0.9970023071722375
-1049.0818248364305 -1461.5213348079474 0.9970261869919252
-1039.3698891782412 -1497.2859140004855 0.9970461302129111
-1038.939006424797 -1551.3563722711315 0.9970760083992861
-1030.0959856794807 -1598.4378993026244 0.9971017596157563
-1028.7946481066358 -1665.624124240125 0.9971380846928422
-1023.6675304405608 -1735.2269577501595 0.997175199008002
-1019.1044236107244 -1817.1494978192995 0.997218218007391
-1014.0959925779579 -1912.1464686621084 0.9972672178021248
-1011.512627420707 -2031.816490083476 0.9973276185535135
-1009.3238156226729 -2177.849787088 0.9973993719294489
-956.0840660320265 -2178.250117868092 0.9973995657331238
-903.2583868302303 -2177.2776039170435 0.9973990949032668
-853.4337666669167 -2186.49918232267 0.9974035556872648
-801.1869874101714 -2182.889221035084 0.9974018104198942
-751.2926538715254 -2189.6195951436375 0.9974050632517244
-699.7705251008317 -2183.432250191149 0.997402073033521
-649.9429346276346 -2187.68905935963 0.997404130664565
-600.0167627539572 -2190.732226622332 0.9974056005670981
-550.0248282757801 -2192.5591624238277 0.9974064825742625
-500 -2193.1683135714256 0.9974067765875129
-449.9751717242209 -2192.5591624238277 0.9974064825742625
-399.98323724604336 -2190.732226622332 0.9974056005670981
-350.05706537236574 -2187.68905935963 0.997404130664565
-300.22947489916913 -2183.432250191149 0.997402073033521
-248.70734612847497 -2189.6195951436375 0.9974050632517244
-198.81301258982893 -2182.889221035084 0.9974018104198942
-146.56623333308463 -2186.49918232267 0.9974035556872648
-96.74161316977052 -2177.2776039170435 0.9973990949032668
-43.91593396797283 -2178.250117868092 0.9973995657331238
9.323815622672273 -2177.849787088 0.9973993719294489
62.9353424431743 -2176.0511815351406 0.9973985010149282
116.87983443533747 -2172.837930948481 0.9973969443171082
171.11383279060556 -2168.1890306062446 0.9973946903100873
225.59755694495263 -2162.090884222233 0.9973917304247454
285.65059216537054 -2165.3117235760305 0.9973932941932315
340.83852231562724 -2156.1247697629015 0.9973888310891914
402.18056965650993 -2155.9478247654 0.997388745046306
464.2532643284154 -2153.9520725394677 0.9973877743603923
526.9978312702966 -2150.0985920774824 0.9973858990110769
590.3539684751122 -2144.350604388936 0.997383098956108
654.2598967655667 -2136.6735390565746 0.997379354095783
718.652409295292 -2127.0351042218294 0.9973746442417325
791.4326311097753 -2124.914468008062 0.9973736067526819
865.1771636444615 -2120.381494598959 0.9973713875714397
939.8010433791746 -2113.381802004772 0.9973679567735577
1015.2155788634418 -2103.8640570892935 0.997363283989063
1018.2816850287984 -2022.6529929198327 0.9973230450078007
1017.87754980432 -1943.3999464117887 0.9972831336510761
1023.6790508670089 -1874.1475812796887 0.9972477307856455
1026.6737146462822 -1806.443835822172 0.9972126366992131
1026.9603767517272 -1740.4068433536463 0.99717794023227
1034.823615659969 -1682.982838730835 0.9971473898736523
1030.1986622955772 -1620.2403132756706 0.9971136015504708
1033.7293516964335 -1565.5770234785925 0.9970838122626496
1046.04569242517 -1517.9825548044396 0.9970576053873452
1045.9694653855092 -1465.6529458849116 0.9970284982654426
1044.1597067072364 -1414.7631364812328 0.9969998946898786
1051.8900794654933 -1369.996674946581 0.9969744880373753
1058.3821316121114 -1326.0030073540674 0.9969492945982382
1063.739985206295 -1282.7955593954841 0.996924331977108
1067.8093627348494 -1240.4955595955792 0.9968996811242292
1070.357894934192 -1199.3037478336198 0.9968754722804241
1071.4524011587112 -1159.3147971479323 0.996851776376137
1083.2565754468421 -1122.8538006600331 0.9968300030927868
1081.8056226071226 -1085.109594179309 0.9968072934917004
1091.4909794013952 -1050.2051246176125 0.9967861373957957
1100.2833957414823 -1015.9798885832377 0.9967652472395374
1108.2543167245187 -982.506783142786 0.9967787633336624
1115.4927604497404 -949.854895781808 0.9968229000044825
1122.1033578864165 -918.0937680588094 0.9968664859828775
1128.2137029969895 -887.2909210685925 0.9969092592844623
1133.9847677790046 -857.5083493886387 0.9969509893551356
1152.6396665087561 -827.1297414563694 0.9969938420726991
1158.4810975524404 -799.1185820584985 0.9970335385499609
1177.9861446003013 -769.759104130885 0.997075263665765
1185.36375353278 -743.8905935336969 0.9971120740572827
1207.0659452702835 -716.9454492517201 0.9971504138283747
1229.0731877743558 -693.513938943549 0.9971837166619825
1255.639322604492 -671.0805884247014 0.9972155407241816
1279.5662596339423 -655.6434069786134 0.9972373934843497
NaN NaN NaN
NaN NaN NaN
781.392441863985 411.6456240775143 0.9975853114514255
522.7825721025879 471.49375173978893 0.9975586103956238
363.9385588102966 509.12569609331615 0.9975416542229509
247.88106565638205 535.7485633077307 0.9975295800714897
160.3189912370167 555.2296435990921 0.9975207034840053
101.03603134582227 569.8276142503615 0.9975140288570202
55.84127583896325 581.5755975767921 0.9975086429520433
10.799623968937198 591.004559142146 0.9975043109131649
-20.3338383925742 599.1098489407603 0.9975005803907367
-51.36570401670552 605.6685071134215 0.9974975572229012
-82.23894694944258 610.6928151159718 0.9974952385797571
-99.58548377656159 616.2782745535455 0.9974926581972317
-116.93592802830514 621.0808983509227 0.9974904371309785
-134.26066643538732 625.1069763256666 0.9974885735246827
-151.530288894525 628.3637404265286 0.9974870649069316
-168.71561795610893 630.8593566979847 0.9974859081976939
-185.78773813082745 632.6029166194116 0.9974850997162127
-190.36997618384527 637.7926046905249 0.9974826915858268
-207.32002323069833 638.3974234462397 0.9974824107714628
-212.1222636017789 643.1304282046511 0.9974802120700892
-228.8709123880996 642.6221445144131 0.9974804482927927
-233.8471940012534 646.9044420030796 0.997478457350744
-250.31670318981594 645.3132143796478 0.9974791973523639
-255.4217147231905 649.153564501293 0.9974774109869434
-260.6940804924245 652.9269505689506 0.9974756544137876
-276.72549884125465 649.9238745527389 0.9974770525042312
-282.0675815090501 653.2667998770037 0.9974754961423163
-287.5588008351832 656.5395393408647 0.9974739714335797
-293.19539315408724 659.7389310825414 0.9974724799169961
-308.5135737053334 655.0546388747817 0.9974746633467201
-314.1481189921849 657.8413963082655 0.9974733646409287
-319.90986124273087 660.5534833035272 0.9974721000282064
-325.79485338108043 663.1881428652848 0.997470870852253
-331.79906433955927 665.7426840348561 0.9974696784270867
-337.91838181527106 668.2144860338124 0.997468524034824
-351.913711893652 661.3733014849012 0.9974717176200786
-357.93464942809055 663.4645635960896 0.9974707418526302
-364.0528275733059 665.4744104398411 0.9974698036826148
-370.2640567217277 667.4006713552579 0.9974689041702173
-376.56408382190864 669.2412588948825 0.9974680443364115
-382.94859528280074 670.994172131803 0.9974672251611695
-389.4132199188749 672.6574998227272 0.9974664475817401
-395.9535319336914 674.2294234224499 0.9974657124910008
-402.56505394018353 675.7082199454861 0.9974650207358869
-409.2432600155448 677.0922646711497 0.9974643731159005
-420.38941397964646 667.4824072590011 0.9974688659939559
-426.8306943113565 668.5573063330409 0.9974683638835903
-433.3220644490281 669.5429551795374 0.9974679033678056
-439.8590801880592 670.4382148469155 0.9974674850038984
-446.437266182844 671.2420492693744 0.9974671092991646
-453.05211900088284 671.9535269343179 0.9974667767099855
-459.69911019574675 672.5718223786804 0.9974664876410044
-466.3736893968576 673.0962175127078 0.9974662424443983
-473.07128741409997 673.52610276975 0.9974660414192431
-479.78731935499604 673.8609780810232 0.9974658848109749
-486.5171877524879 674.1004536743924 0.9974657728109484
-493.25628570120784 674.2442506964023 0.997465705556092
500 674.2922016569721 0.9974656831286616
493.25628570120784 674.2442506964023 0.997465705556092
486.5171877524879 674.1004536743924 0.9974657728109484
479.7873193549962 673.8609780810232 0.9974658848109749
473.0712874141 673.52610276975 0.9974660414192431
466.3736893968576 673.0962175127078 0.9974662424443983
459.69911019574675 672.5718223786804 0.9974664876410044
453.05211900088284 671.9535269343179 0.9974667767099855
446.437266182844 671.2420492693744 0.9974671092991646
439.8590801880592 670.4382148469155 0.9974674850038984
433.3220644490282 669.5429551795374 0.9974679033678056
426.8306943113565 668.5573063330409 0.9974683638835903
420.38941397964646 667.4824072590011 0.9974688659939559
409.2432600155448 677.0922646711497 0.9974643731159005
402.5650539401836 675.7082199454861 0.9974650207358869
395.9535319336914 674.2294234224499 0.9974657124910008
389.413219918875 672.6574998227272 0.9974664475817401
382.94859528280074 670.994172131803 0.9974672251611695
376.56408382190864 669.2412588948825 0.9974680443364115
370.2640567217277 667.4006713552579 0.9974689041702173
364.0528275733059 665.4744104398411 0.9974698036826148
357.9346494280906 663.4645635960896 0.9974707418526302
351.9137118936521 661.3733014849012 0.9974717176200786
337.91838181527106 668.2144860338124 0.997468524034824
331.79906433955927 665.7426840348561 0.9974696784270867
325.79485338108043 663.1881428652848 0.997470870852253
319.9098612427309 660.5534833035273 0.9974721000282064
314.14811899218495 657.8413963082655 0.9974733646409287
308.5135737053335 655.0546388747817 0.9974746633467201
293.19539315408724 659.7389310825414 0.9974724799169961
287.5588008351832 656.5395393408647 0.9974739714335797
282.0675815090501 653.2667998770037 0.9974754961423163
276.7254988412548 649.923874552739 0.9974770525042312
260.6940804924245 652.9269505689506 0.9974756544137876
255.4217147231906 649.1535645012931 0.9974774109869434
250.31670318981594 645.3132143796478 0.9974791973523639
233.8471940012534 646.9044420030796 0.997478457350744
228.8709123880996 642.6221445144131 0.9974804482927927
212.12226360177903 643.1304282046513 0.9974802120700892
207.32002323069833 638.3974234462398 0.9974824107714628
190.36997618384538 637.792604690525 0.9974826915858268
185.78773813082745 632.6029166194116 0.9974850997162127
168.71561795610893 630.8593566979847 0.9974859081976939
151.530288894525 628.3637404265286 0.9974870649069316
134.26066643538738 625.1069763256667 0.9974885735246827
116.93592802830526 621.0808983509228 0.9974904371309785
99.58548377656165 616.2782745535457 0.9974926581972317
82.23894694944258 610.6928151159718 0.9974952385797571
51.36570401670552 605.6685071134215 0.9974975572229012
20.3338383925742 599.1098489407603 0.9975005803907367
-10.799623968937167 591.0045591421463 0.9975043109131649
-55.841275838963234 581.5755975767923 0.9975086429520433
-101.03603134582222 569.8276142503621 0.9975140288570202
-160.3189912370167 555.2296435990921 0.9975207034840053
-247.88106565638205 535.7485633077307 0.9975295800714897
-363.9385588102966 509.12569609331615 0.9975416542229509
-522.7825721025877 471.4937517397899 0.9975586103956238
-781.392441863985 411.6456240775143 0.9975853114514255
NaN NaN NaN
NaN NaN NaN
-1279.5662596339423 -655.6434069786134 0.9972373934843497
-1255.639322604492 -671.0805884247014 0.9972155407241816
-1229.0731877743558 -693.513938943549 0.9971837166619825
-1207.0659452702835 -716.9454492517201 0.9971504138283747
-1185.36375353278 -743.8905935336969 0.9971120740572827
-1177.9861446003013 -769.759104130885 0.997075263665765
-1158.4810975524404 -799.1185820584985 0.9970335385499609
-1152.6396665087575 -827.1297414563677 0.9969938420726991
-1133.9847677790049 -857.5083493886376 0.9969509893551356
-1128.2137029969895 -887.2909210685918 0.9969092592844623
-1122.1033578864167 -918.093768058809 0.9968664859828775
-1115.4927604497404 -949.854895781808 0.9968229000044825
-1108.2543167245187 -982.506783142786 0.9967787633336624
-1100.2833957414828 -1015.9798885832371 0.9967652472395374
-1091.4909794013952 -1050.2051246176122 0.9967861373957957
-1081.8056226071235 -1085.1095941793078 0.9968072934917004
-1083.2565754468424 -1122.8538006600327 0.9968300030927868
-1071.4524011587112 -1159.3147971479323 0.996851776376137
-1070.357894934192 -1199.3037478336198 0.9968754722804241
-1067.809362734849 -1240.49555959558 0.9968996811242292
-1063.7399852062945 -1282.7955593954841 0.996924331977108
-1058.3821316121125 -1326.0030073540659 0.9969492945982382
-1051.8900794654949 -1369.9966749465796 0.9969744880373753
-1044.1597067072364 -1414.7631364812328 0.9969998946898786
-1045.9694653855092 -1465.6529458849116 0.9970284982654426
-1046.0456924251705 -1517.9825548044391 0.9970576053873452
-1033.7293516964337 -1565.577023478592 0.9970838122626496
-1030.1986622955772 -1620.2403132756706 0.9971136015504708
-1034.823615659969 -1682.982838730835 0.9971473898736523
-1026.9603767517276 -1740.4068433536463 0.99717794023227
-1026.6737146462822 -1806.443835822172 0.9972126366992131
-1023.6790508670109 -1874.1475812796868 0.9972477307856455
-1017.8775498043212 -1943.3999464117871 0.9972831336510761
-1018.2816850287984 -2022.6529929198327 0.9973230450078007
-1015.2155788634423 -2103.8640570892935 0.997363283989063
-939.8010433791751 -2113.381802004772 0.9973679567735577
-865.1771636444615 -2120.381494598959 0.9973713875714397
-791.4326311097772 -2124.914468008061 0.9973736067526819
-718.6524092952925 -2127.035104221829 0.9973746442417325
-654.2598967655667 -2136.6735390565746 0.997379354095783
-590.3539684751124 -2144.3506043889356 0.997383098956108
-526.9978312702979 -2150.0985920774824 0.9973858990110769
-464.2532643284154 -2153.9520725394677 0.9973877743603923
-402.18056965651095 -2155.947824765399 0.997388745046306
-340.8385223156281 -2156.124769762901 0.9973888310891914
-285.65059216537054 -2165.3117235760305 0.9973932941932315
-225.59755694495328 -2162.090884222233 0.9973917304247454
-171.11383279060612 -2168.1890306062446 0.9973946903100873
-116.87983443533747 -2172.837930948481 0.9973969443171082
-62.935342443175216 -2176.05118153514 0.9973985010149282
-9.323815622673001 -2177.849787088 0.9973993719294489
43.91593396797283 -2178.250117868092 0.9973995657331238
96.7416131697699 -2177.2776039170435 0.9973990949032668
146.56623333308343 -2186.49918232267 0.9974035556872648
198.81301258982893 -2182.889221035084 0.9974018104198942
248.70734612847417 -2189.6195951436375 0.9974050632517244
300.2294748991683 -2183.432250191149 0.997402073033521
350.05706537236574 -2187.68905935963 0.997404130664565
399.9832372460426 -2190.732226622332 0.9974056005670981
449.9751717242199 -2192.5591624238277 0.9974064825742625
500 -2193.1683135714256 0.9974067765875129
550.0248282757798 -2192.5591624238277 0.9974064825742625
600.0167627539564 -2190.732226622332 0.9974056005670981
649.9429346276346 -2187.68905935963 0.997404130664565
699.7705251008305 -2183.432250191149 0.997402073033521
751.2926538715245 -2189.6195951436375 0.9974050632517244
801.1869874101714 -2182.889221035084 0.9974018104198942
853.4337666669157 -2186.49918232267 0.9974035556872648
903.2583868302296 -2177.2776039170435 0.9973990949032668
956.0840660320265 -2178.250117868092 0.9973995657331238
1009.3238156226723 -2177.849787088 0.9973993719294489
1011.5126274207058 -2031.8164900834763 0.9973276185535135
1014.0959925779579 -1912.1464686621084 0.9972672178021248
1019.104423610724 -1817.1494978192995 0.997218218007391
1023.6675304405605 -1735.2269577501597 0.997175199008002
1028.7946481066358 -1665.624124240125 0.9971380846928422
1030.0959856794802 -1598.4378993026246 0.9971017596157563
1038.9390064247962 -1551.3563722711322 0.9970760083992861
1039.3698891782412 -1497.2859140004855 0.9970461302129111
1049.0818248364299 -1461.5213348079474 0.9970261869919252
1050.54207765523 -1419.0350947552517 0.9970023071722375
1056.1545801205673 -1385.5909135814577 0.9969833645050828
1059.8342799833688 -1353.2619984877338 0.9969649311865363
1068.7908027884926 -1328.8486628962253 0.9969509309907195
1076.4155686114427 -1305.0784406028058 0.9969372329362884
1082.739154420473 -1282.0133108200916 0.9969238780257524
1087.7939103963813 -1259.7123439587147 0.996910906123699
1091.61439848827 -1238.2315296950862 0.9968983557694919
1102.5735823796877 -1222.7174945677807 0.9968892575431323
1104.239407081518 -1202.6776372889806 0.9968774627515938
1113.529131261223 -1188.0382849168059 0.9968688162087799
1122.1209685090134 -1173.733084013217 0.9968603422267451
1120.8663641139988 -1155.9630225321112 0.9968497815133431
1127.9123720371101 -1142.7164497904314 0.9968418843360985
1134.3128926770396 -1129.8818487144645 0.9968342125265345
1140.0848417364311 -1117.4806204706038 0.9968267807941719
1155.1374516478106 -1108.100078889155 0.996821146866721
1159.8650180212328 -1096.3075984680365 0.9968140491313456
1164.0062339926574 -1085.0039969825752 0.9968072297130498
1167.577195667418 -1074.204830104464 0.9968007000176621
1181.1525419016893 -1065.274492134112 0.9967952895058908
1183.7789490250216 -1055.2111939570152 0.9967891808415783
1196.7543384944797 -1046.460513149882 0.9967838588362798
1198.482089386869 -1037.1856758785584 0.996778207740704
1210.8922786532166 -1028.6678391177431 0.9967730085193188
1211.771075074196 -1020.225923755797 0.996767846780642
1223.6548566300921 -1011.9917459738491 0.9967628035502252
1235.3729696195658 -1003.783983258899 0.9967577681195088
1235.1374851696896 -996.5182979307802 0.9967600654632857
1246.398419035192 -988.6702825476364 0.9967705192098727
1257.5305452140503 -980.8926944045393 0.9967809271316672
1268.5445358040915 -973.2062727518828 0.9967912581262968
1267.0065901075166 -967.5896833234898 0.9967988344327999
1277.633660761323 -960.4167407880744 0.9968085423974489
1288.2739308648893 -953.3560928621863 0.9968181324365119
1298.9971112362716 -946.4108652796995 0.9968275973486835
1309.8914131764304 -939.5833377777868 0.9968369312058668
1321.0809509508795 -932.8697759747913 0.9968461364662249
1332.7484193253144 -926.2558671403189 0.9968552303673512
1345.1804773094768 -919.7070018009828 0.9968642585104333
1357.392121128971 -913.8202147076444 0.996872393188422
NaN NaN NaN
NaN NaN NaN
NaN NaN NaN
NaN NaN NaN
NaN NaN NaN
NaN NaN NaN
NaN NaN NaN
NaN NaN NaN
NaN NaN NaN
NaN NaN NaN
979.6661616074225 599.1098489407603 0.9975005803907367
948.6342959832934 605.6685071134215 0.9974975572229012
917.7610530505577 610.6928151159718 0.9974952385797571
900.4145162234389 616.2782745535455 0.9974926581972317
883.0640719716893 621.0808983509227 0.9974904371309785
865.7393335646079 625.1069763256666 0.9974885735246827
848.4697111054812 628.3637404265286 0.9974870649069316
831.2843820438806 630.8593566979847 0.9974859081976939
814.2122618691618 632.6029166194116 0.9974850997162127
809.6300238161629 637.7926046905249 0.9974826915858268
792.6799767692911 638.3974234462397 0.9974824107714628
787.877736398221 643.1304282046511 0.9974802120700892
771.1290876118895 642.6221445144131 0.9974804482927927
766.1528059987573 646.9044420030796 0.997478457350744
749.6832968101841 645.3132143796478 0.9974791973523639
744.5782852768203 649.153564501293 0.9974774109869434
739.3059195075866 652.9269505689506 0.9974756544137876
723.2745011587563 649.9238745527389 0.9974770525042312
717.93241849095 653.2667998770037 0.9974754961423163
712.4411991648057 656.5395393408647 0.9974739714335797
706.8046068459128 659.7389310825414 0.9974724799169961
691.4864262946666 655.0546388747817 0.9974746633467201
685.8518810078259 657.8413963082655 0.9974733646409287
680.0901387572693 660.5534833035272 0.9974721000282064
674.2051466189195 663.1881428652848 0.997470870852253
668.2009356604299 665.7426840348561 0.9974696784270867
662.081618184729 668.2144860338124 0.997468524034824
648.0862881063591 661.3733014849012 0.9974717176200786
642.0653505719094 663.4645635960896 0.9974707418526302
635.9471724267052 665.4744104398411 0.9974698036826148
629.7359432782612 667.4006713552579 0.9974689041702173
623.4359161780916 669.2412588948825 0.9974680443364115
617.0514047171993 670.994172131803 0.9974672251611695
610.586780081114 672.6574998227272 0.9974664475817401
604.0464680662975 674.2294234224499 0.9974657124910008
597.4349460598055 675.7082199454861 0.9974650207358869
590.7567399844442 677.0922646711497 0.9974643731159005
579.6105860203535 667.4824072590011 0.9974688659939559
573.1693056886545 668.5573063330409 0.9974683638835903
566.677935550983 669.5429551795374 0.9974679033678056
560.1409198119408 670.4382148469155 0.9974674850038984
553.5627338171448 671.2420492693744 0.9974671092991646
546.9478809991061 671.9535269343179 0.9974667767099855
540.3008898042532 672.5718223786804 0.9974664876410044
533.6263106031423 673.0962175127078 0.9974662424443983
526.9287125859104 673.52610276975 0.9974660414192431
520.212680645004 673.8609780810232 0.9974658848109749
513.48281224751 674.1004536743924 0.9974657728109484
506.74371429879216 674.2442506964023 0.997465705556092
