0 275.3183903255086
-4.275162477687078 275.2789929946845
-8.547400713530788 275.1608373460861
-12.813792454163705 274.9640323659709
-17.071419421851623 274.6887595464806
-21.317369299007474 274.3352726585339
-25.771778493438106 275.0480627654248
-30.022460161204645 274.532621075317
-34.252606438852354 273.93915665350886
-38.792165472100585 274.38963572979884
-43.00875867299514 273.63226819511317
-47.60087698770238 273.8990369376967
-51.79142479145658 272.97658280513514
-56.422485187619685 273.0548603790419
-61.085321554430834 273.03058585116196
-65.23045572673787 271.8524795375676
-69.91089769155428 271.63291438435783
-74.61172701011219 271.306395554361
-79.32891413847639 270.8713472004413
-84.05837261487966 270.3263016542684
-88.79596241673761 269.6699008651574
-93.53749338242208 268.90089771914586
-99.0552604732806 268.9409371944538
-103.8229641295006 267.9218188324605
-109.41926808713174 267.66488388588317
-114.19362593048736 266.3886820455397
-119.8464367925988 265.82501978592416
-125.5333839855601 265.09227475022925
-131.248095170083 264.18770013913337
-136.98410232520695 263.1087351186539
-142.73484783020086 261.85300755096324
-149.52791525776252 261.11754234733564
-156.37304745997764 260.1439286698038
-163.26129350220702 258.92831524234464
-170.18357233996974 257.46712579656366
-177.13068180913749 255.7570630990861
-185.2467970880439 254.34462863229965
-194.58714341966333 253.13161062316698
-202.81054320555177 251.04601699610956
-212.27409510009184 249.08590766478645
-223.022913778079 247.1473820637586
-233.8439464207059 244.73901519034544
-245.99009514353364 242.20560274269653
-259.49327160784577 239.4373167668076
-274.3799817213147 236.3222892618141
-290.671256550044 232.7468594186933
-309.71367166952444 228.8040295527284
-331.55591792739307 224.26790468535688
-354.8796152304054 218.77464691885598
-383.77916783013916 212.49804164131086
-416.956306700857 204.92137129818832
-457.21281276158635 195.7436870804538
-507.3999055934896 184.3617733078771
-570.399662785663 169.86932935642594
-653.3315253700795 150.79127423366705
-766.2021605817935 124.65596282148968
-930.414472326162 86.67114315614201
NaN NaN
NaN NaN
NaN NaN
-1107.3750056327822 -242.89412993600644
-1095.049525400477 -260.39861845894194
-1083.9099399536058 -281.4752144910526
-1074.7124798798586 -302.7113382251807
-1066.5896916312822 -324.25227030204877
-1059.9007928748538 -346.4055557040215
-1054.4009529627942 -369.13794665592036
-1048.8911868283315 -392.35115015421206
-1044.4899850019237 -415.64497471583815
-1039.8620300029052 -439.28133203795176
-1036.1442152671407 -463.08636501442976
-1033.2557344190611 -487.17335010625277
-1029.8905324845766 -511.6802784451872
-1027.213950164858 -536.590312282634
-1023.9372088774841 -561.9384827903427
-1021.2259159348757 -587.8015058916202
-1019.0128777292256 -614.2781987608935
-1016.033188214765 -641.2517254404873
-1014.6139438692287 -669.1884521892042
-1012.3025133946807 -697.7068600250765
-1010.2161840008454 -727.1000007510112
-1008.273481073964 -757.4445223383605
-1006.3889025772731 -788.8115546249533
-1004.4730166397129 -821.2664087966725
-1003.5191313845337 -855.382086145668
-1002.3029847528425 -890.7774644722601
-997.5883035864047 -925.7173227698095
-975.1790592924642 -951.1337716034488
-952.1528607076597 -975.9208391262159
-928.5273814087736 -1000.066310308566
-904.3501480120591 -1023.559951613994
-879.6624542890462 -1046.3972444094948
-854.4703102601758 -1068.5734131144163
-828.7812754085478 -1090.0821750751718
-802.6043075333881 -1110.9161012620254
-775.9495903321283 -1131.0669014085086
-748.828469128674 -1150.5256779799954
-721.2532475667871 -1169.2830922622222
-693.237206211102 -1187.32955776265
-664.7944138389702 -1204.6553352958297
-635.9397936130516 -1221.2507074530697
-606.6888946323576 -1237.1059879158568
-577.0579630660461 -1252.2116692535349
-547.0638221579551 -1266.5584484509482
-516.7238925373224 -1280.137338171898
-486.05603939323584 -1292.939622851275
-455.0786594912168 -1304.9570157970975
-423.81051254169466 -1316.181563638797
-392.27081381163174 -1326.605815676553
-360.47911404883496 -1336.222758665278
-328.4552893472934 -1345.0258597402128
-296.2195231960667 -1353.0091084851526
-263.79226260352635 -1360.1670147844495
-231.19418868365696 -1366.494616971605
-198.44620210794693 -1371.9875269925656
-165.5693832726412 -1376.6419176799277
-132.58496285222378 -1380.454512361164
-99.51431049316841 -1383.422651355274
-66.37889399468051 -1385.5442474665824
-33.200258448111896 -1386.8178080612422
0 -1387.2424275729788
33.20025844811138 -1386.8178080612422
66.37889399468003 -1385.5442474665824
99.51431049316841 -1383.422651355274
132.5849628522232 -1380.454512361164
165.5693832726407 -1376.6419176799277
198.44620210794693 -1371.9875269925656
231.19418868365656 -1366.494616971605
263.7922626035256 -1360.1670147844495
296.2195231960667 -1353.0091084851526
328.45528934729293 -1345.0258597402128
360.4791140488346 -1336.222758665278
392.27081381163174 -1326.605815676553
423.8105125416943 -1316.1815636387973
455.0786594912163 -1304.9570157970977
486.05603939323584 -1292.939622851275
516.723892537322 -1280.1373381718981
547.0638221579547 -1266.5584484509486
577.0579630660461 -1252.2116692535349
606.6888946323575 -1237.1059879158568
635.9397936130516 -1221.2507074530697
664.7944138389702 -1204.6553352958297
693.237206211102 -1187.32955776265
721.2532475667871 -1169.2830922622222
748.828469128674 -1150.5256779799954
775.9495903321281 -1131.0669014085086
802.604307533388 -1110.9161012620252
828.7812754085478 -1090.0821750751718
854.4703102601749 -1068.5734131144168
879.6624542890454 -1046.3972444094961
904.3501480120591 -1023.559951613994
928.5273814087728 -1000.0663103085669
952.1528607076592 -975.9208391262164
975.179059292464 -951.133771603449
997.5883035864044 -925.7173227698097
1002.3029847528428 -890.77746447226
1003.5191313845337 -855.382086145668
1004.4730166397129 -821.2664087966725
1006.388902577273 -788.8115546249537
1008.273481073964 -757.4445223383605
1010.2161840008448 -727.1000007510116
1012.3025133946807 -697.7068600250765
1014.6139438692287 -669.1884521892042
1016.033188214765 -641.2517254404873
1019.0128777292256 -614.2781987608936
1021.2259159348761 -587.8015058916197
1023.9372088774841 -561.9384827903427
1027.2139501648576 -536.5903122826352
1029.8905324845766 -511.6802784451872
1033.2557344190611 -487.17335010625277
1036.14421526714 -463.0863650144311
1039.8620300029047 -439.2813320379535
1044.4899850019237 -415.64497471583775
1048.8911868283305 -392.3511501542146
1054.4009529627942 -369.13794665592036
1059.9007928748538 -346.4055557040215
1066.5896916312822 -324.25227030204877
1074.7124798798586 -302.7113382251807
1083.9099399536058 -281.4752144910526
1095.049525400477 -260.39861845894194
1107.3750056327822 -242.89412993600644
NaN NaN
NaN NaN
NaN NaN
930.4144723261622 86.6711431561402
766.2021605817935 124.65596282148968
653.3315253700795 150.79127423366705
570.399662785663 169.86932935642594
507.3999055934897 184.3617733078766
457.21281276158646 195.74368708045367
416.956306700857 204.92137129818812
383.77916783013916 212.49804164131086
354.8796152304054 218.77464691885598
331.55591792739307 224.26790468535688
309.71367166952444 228.80402955272834
290.671256550044 232.74685941869333
274.3799817213148 236.32228926181398
259.49327160784577 239.4373167668076
245.99009514353364 242.20560274269653
233.8439464207059 244.73901519034544
223.0229137780791 247.1473820637584
212.27409510009187 249.08590766478636
202.81054320555177 251.04601699610947
194.58714341966333 253.13161062316698
185.2467970880439 254.34462863229965
177.13068180913749 255.7570630990861
170.18357233996983 257.46712579656355
163.26129350220705 258.92831524234464
156.37304745997764 260.14392866980376
149.52791525776252 261.11754234733564
142.73484783020086 261.85300755096324
136.98410232520695 263.1087351186539
131.2480951700831 264.1877001391333
125.53338398556015 265.0922747502285
119.84643679259882 265.82501978592416
114.19362593048736 266.3886820455397
109.41926808713174 267.66488388588317
103.8229641295006 267.9218188324605
99.05526047328067 268.9409371944537
93.53749338242211 268.90089771914586
88.79596241673762 269.6699008651574
84.05837261487966 270.3263016542684
79.32891413847639 270.8713472004413
74.61172701011219 271.306395554361
69.91089769155435 271.63291438435783
65.23045572673792 271.8524795375676
61.08532155443086 273.0305858511619
56.422485187619685 273.0548603790419
51.79142479145658 272.97658280513514
47.60087698770238 273.8990369376967
43.00875867299519 273.6322681951131
38.79216547210063 274.38963572979884
34.25260643885241 273.93915665350886
30.022460161204645 274.532621075317
25.771778493438106 275.0480627654248
21.317369299007474 274.3352726585339
17.071419421851665 274.6887595464806
12.813792454163748 274.9640323659709
8.547400713530832 275.1608373460861
4.275162477687078 275.2789929946845
