0 190.25439032550963
-3.768366460519974 190.21650270785327
-7.534156011871726 190.10287222127252
-11.294793495318645 189.91359592874227
-15.047707251830985 189.6488354810569
-18.790330869046066 189.30881693578152
-22.743145709447234 190.03799583532793
-26.494308696811782 189.54182014224824
-30.227354312835484 188.97044805250707
-34.27257139120071 189.445787421966
-37.99792014123703 188.71598240016803
-42.102228183517724 189.01294292149035
-45.80873421407331 188.12322983982466
-49.95985307431633 188.23671089340354
-54.14717707044406 188.25000878825358
-57.821553929727855 187.11174393678147
-62.03631627273012 186.93418320449848
-66.27686281423144 186.65171975416553
-70.5394794651265 186.26266009253663
-74.8203913035444 185.76541354817718
-79.11576571835684 185.1584940144783
-83.42171562027998 184.44052158769017
-88.51083449615798 184.5330040553653
-92.85711656025623 183.5675997139794
-98.03951436993725 183.36550487668708
-102.4077651801063 182.14512097187253
-107.66254644927271 181.63810327212016
-112.95981427912827 180.9626756733443
-118.29346339716396 180.11593548756704
-123.65728694331456 179.09516426383658
-129.04498237291392 177.8978309401023
-135.48438207503932 177.2208006242794
-141.98547128797233 176.30550223004286
-148.53953486694508 175.14792422699168
-155.13772079946173 173.74433052895824
-161.7710490384645 172.0912649665716
-169.5839098122781 170.7350714143181
-178.63173619936742 169.57738226556347
-186.57355107984768 167.54605183018865
-195.7666460923173 165.63898906825833
-206.25632126922676 163.75214555925433
-216.82970139576292 161.39395197583409
-228.73985831616872 158.9090636465232
-242.01886542870534 156.18751661878116
-256.69338227552896 153.1173116700606
-272.7845853494061 149.584661940751
-291.6391873450238 145.68244924771025
-313.30600782773473 141.18466403265353
-336.4667869323854 135.72736008739298
-365.21604056650904 129.48422109199254
-398.2556027118102 121.93843470087079
-438.38734857550463 112.78896452544178
-488.46258324318114 101.43251479074736
-551.363460965942 86.96271251387097
-634.2094905427631 67.9044123069241
-747.0073980343903 41.785912823016865
-911.1601371901293 3.8149142142585144
-929.2295931218149 -22.24008143952417
-931.0667580350525 -46.574745417271174
-932.267060033418 -70.95584926826365
-932.859829750311 -100
-932.752202495684 -119.78544824440233
-932.0357412604648 -144.20492424640386
-930.6797532744848 -168.6029981847954
-928.6846721356029 -192.96338705342353
-925.9656444051273 -217.61036461506913
-922.3692705321248 -242.8220642644094
-917.9961475333876 -268.00032408733864
-912.906409876516 -292.9602568768278
-907.1349911533483 -317.6485699938982
-900.7048451624916 -342.0499087973531
-893.6327688952927 -366.15950685696475
-885.9322307367638 -389.9745433812658
-877.6148731151673 -413.49142061705646
-868.6913143109068 -436.7051171727809
-859.1716335362867 -459.6091782795101
-849.0656596306578 -482.19592745618957
-838.3831696757072 -504.4567020732962
-827.1339759072696 -526.3821140230485
-815.3280167674955 -547.9622322097833
-802.9753949706713 -569.1867543434722
-790.0864101866974 -590.0451375540911
-776.6715777907561 -610.5267057160424
-762.7416312926105 -630.6207395102532
-748.3075487170834 -650.3165375199438
-733.3805098128607 -669.6034895698602
-717.971925466497 -688.4711086226929
-702.0934508521233 -706.9090675846371
-685.7569174441571 -724.9072434545425
-668.9743760061639 -742.4557300475101
-651.7580866070336 -759.544862487392
-634.1204683753442 -776.1652353153095
-616.0741514695935 -792.3077149735908
-597.6319128952756 -807.963450896248
-578.8066972619357 -823.1238847575007
-559.6116058640953 -837.780759092725
-540.0598861663995 -851.9261239653624
-520.1648854167025 -865.5523281615707
-499.9401368313016 -878.6520542781744
-479.39923364694766 -891.2182801906534
-458.5559109301102 -903.2443141474256
-437.42399917031935 -914.7237816419126
-416.0174182798684 -925.6506250016009
-394.3501767874129 -936.019106771187
-372.43636455856284 -945.8238095947129
-350.2901458845896 -955.0596357202988
-327.9257506320218 -963.721803657251
-305.35746186288856 -971.8058381098309
-282.599641586876 -979.3076058322644
-259.6666832258678 -986.2232661964327
-236.57302854867896 -992.5492927193378
-213.33316877811217 -998.2824846071557
-189.96171060255443 -1003.4201408021254
-166.47349862924258 -1007.960547598203
-142.88284857394677 -1011.9011573634226
-119.20413596879045 -1015.2395993655244
-95.45185111061524 -1017.9738290975138
-71.6405935297772 -1020.1021947186456
-47.7850371117664 -1021.6233928667822
-23.89991513798448 -1022.5364907407509
0 -1022.8409186941938
23.899915137984078 -1022.5364907407509
47.78503711176606 -1021.6233928667822
71.6405935297772 -1020.1021947186456
95.45185111061481 -1017.9738290975138
119.20413596879006 -1015.2395993655246
142.88284857394677 -1011.9011573634226
166.47349862924227 -1007.9605475982031
189.96171060255392 -1003.4201408021254
213.33316877811217 -998.2824846071557
236.5730285486786 -992.5492927193378
259.6666832258676 -986.2232661964327
282.599641586876 -979.3076058322644
305.35746186288833 -971.805838109831
327.92575063202145 -963.721803657251
350.2901458845896 -955.0596357202988
372.4363645585626 -945.8238095947131
394.35017678741264 -936.0191067711874
416.0174182798684 -925.6506250016009
437.4239991703192 -914.7237816419126
458.5559109301102 -903.2443141474256
479.39923364694766 -891.2182801906534
499.9401368313016 -878.6520542781744
520.1648854167025 -865.5523281615707
540.0598861663995 -851.9261239653624
559.611605864095 -837.780759092725
578.8066972619357 -823.1238847575006
597.6319128952756 -807.963450896248
616.0741514695931 -792.307714973591
634.1204683753438 -776.1652353153102
651.7580866070336 -759.544862487392
668.9743760061632 -742.4557300475104
685.7569174441571 -724.9072434545426
702.0934508521232 -706.9090675846372
717.9719254664968 -688.4711086226931
733.3805098128609 -669.6034895698602
748.3075487170834 -650.3165375199438
762.7416312926105 -630.6207395102532
776.671577790756 -610.5267057160429
790.0864101866974 -590.0451375540911
802.975394970671 -569.1867543434726
815.3280167674955 -547.9622322097833
827.1339759072696 -526.3821140230485
838.3831696757072 -504.4567020732962
849.0656596306578 -482.1959274561897
859.1716335362867 -459.6091782795098
868.6913143109068 -436.70511717278094
877.6148731151668 -413.4914206170575
885.9322307367638 -389.9745433812658
893.6327688952927 -366.15950685696475
900.7048451624912 -342.04990879735453
907.1349911533482 -317.6485699939
912.906409876516 -292.96025687682743
917.9961475333872 -268.0003240873408
922.3692705321248 -242.8220642644094
925.9656444051273 -217.61036461506913
928.6846721356029 -192.96338705342353
930.6797532744848 -168.6029981847954
932.0357412604648 -144.20492424640386
932.752202495684 -119.78544824440233
932.859829750311 -100
932.267060033418 -70.95584926826365
931.0667580350527 -46.574745417270755
929.2295931218149 -22.24008143952417
911.1601371901295 3.8149142142567176
747.0073980343903 41.785912823016865
634.2094905427631 67.9044123069241
551.363460965942 86.96271251387097
488.4625832431812 101.4325147907469
438.38734857550475 112.78896452544164
398.2556027118102 121.93843470087057
365.21604056650904 129.48422109199254
336.4667869323854 135.72736008739298
313.30600782773473 141.18466403265353
291.6391873450238 145.6824492477102
272.7845853494061 149.58466194075103
256.693382275529 153.11731167006047
242.01886542870534 156.18751661878116
228.73985831616872 158.9090636465232
216.82970139576292 161.39395197583409
206.25632126922687 163.75214555925413
195.76664609231733 165.63898906825824
186.57355107984768 167.54605183018856
178.63173619936742 169.57738226556347
169.5839098122781 170.7350714143181
161.7710490384645 172.0912649665716
155.13772079946182 173.74433052895813
148.5395348669451 175.14792422699168
141.98547128797233 176.30550223004283
135.48438207503932 177.2208006242794
129.04498237291392 177.8978309401023
123.65728694331456 179.09516426383658
118.29346339716407 180.115935487567
112.95981427912831 180.96267567334357
107.66254644927274 181.63810327212013
102.4077651801063 182.14512097187253
98.03951436993725 183.36550487668708
92.85711656025623 183.5675997139794
88.51083449615805 184.53300405536518
83.42171562028001 184.44052158769017
79.11576571835685 185.1584940144783
74.8203913035444 185.76541354817718
70.5394794651265 186.26266009253663
66.27686281423144 186.65171975416553
62.03631627273018 186.93418320449845
57.821553929727905 187.11174393678147
54.14717707044409 188.25000878825352
49.95985307431633 188.23671089340354
45.80873421407331 188.12322983982466
42.102228183517724 189.01294292149035
37.99792014123708 188.715982400168
34.27257139120075 189.445787421966
30.227354312835537 188.97044805250704
26.494308696811782 189.54182014224824
22.743145709447234 190.03799583532793
18.790330869046066 189.30881693578152
15.04770725183103 189.64883548105686
11.294793495318688 189.91359592874227
7.5341560118717705 190.10287222127252
3.768366460519974 190.21650270785327
