0 204.3173903255092
-3.8521512859387292 204.27925311817617
-7.701668240775039 204.16487452013283
-11.545918323192224 203.97435356554243
-15.382272570261778 203.70785518542104
-19.208107383676783 203.36561001897823
-23.243847097123144 204.09207948102943
-27.077591801812215 203.5927186836021
-30.892819382056096 203.01769423251164
-35.01976234812367 203.4889236341478
-38.82632489850349 202.75456190659065
-43.01127899388696 203.0465310451376
-46.7978080595278 202.15140512844454
-51.02827209304793 202.2590662519161
-55.29420902142574 202.26615257687956
-59.046412694556075 201.12130103207272
-63.338162394390565 200.93679602052362
-67.6548040724214 200.64704922113333
-71.99257148773677 200.25038659021442
-76.34763821388611 199.7452377915229
-80.71612081768592 199.13013788898573
-85.09408210515025 198.4037289320036
-90.25406621011777 198.48754138884345
-94.67001877936518 197.5132569069541
-99.92084462157021 197.30209576127208
-104.35623409448381 196.0724838913093
-109.67681864312904 195.55610156674112
-115.0385092709174 194.8711981013777
-120.43515655317088 194.01489657915675
-125.86051045403025 192.9845046067701
-131.30822625899765 191.77751739593003
-137.80609522218307 191.09082647365557
-144.36406250995708 190.16588724629366
-150.97337399616177 188.9987146771105
-157.6251398041425 187.5855991014253
-164.31034316587414 185.92311062557602
-172.17333875706197 184.55761918019408
-181.26952529627118 183.3907829214576
-189.25789251998424 181.35048155519976
-198.495700162151 179.43464899752306
-209.02821761141604 177.53926127169254
-219.6425402910156 175.1727729104912
-231.5917119852089 172.67986244871315
-244.90777935348282 169.95058841744682
-259.61737653874354 166.8729732880521
-275.74165599144703 163.33325103992695
-294.62730773738076 159.42432341103986
-316.32313006195244 154.92019978572142
-339.5108432235903 149.45695186194936
-368.2849446705769 143.20828013442016
-401.34725135516067 135.6573879286529
-441.4996228965907 126.50325333493974
-491.59335024464343 115.14259381978857
-554.5105749764604 100.66904836284175
-637.3707946876017 81.60748222223225
-750.1807257135981 55.48620334695772
-914.343313563425 17.512919805456967
-990.7223373000076 -16.7671720564222
-992.6981033821914 -42.71098321215588
-993.9949565645555 -68.70521981388961
-994.6486068420129 -100
-994.5465368820107 -120.76794562309091
-993.7997862138584 -146.80583488688555
-992.371093255736 -172.82174555324588
-990.2608734904142 -198.79836078221447
-987.2921229346949 -225.4236869050473
-983.3826620894457 -252.5329300440567
-978.6533228679316 -279.5097642456928
-973.1652008468459 -306.20319243508226
-966.9538567625592 -332.57717727585487
-960.0427963533414 -358.6258938734333
-952.4493691999929 -384.3500949639034
-944.1876205803892 -409.7502244614465
-935.2698009510668 -434.82460462552683
-925.7071684577271 -459.5692954373712
-915.5104727529374 -483.9783822918197
-904.6902416559868 -508.0443708327577
-893.2569775813051 -531.7585396508791
-881.2212420926992 -555.1112784692713
-868.593744815183 -578.0923231644803
-855.3853793517962 -600.6909641450004
-841.6072539398461 -622.8962028920316
-827.2707082471755 -644.696877988317
-812.3873139148742 -666.0817688594525
-796.9688991745895 -687.0396669593878
-781.0275042766883 -707.559456647359
-764.5754093143763 -727.630152678123
-747.6251458107108 -747.240941201058
-730.1894271960839 -766.3812270258119
-712.2811904359088 -785.0406486137479
-693.9135847077264 -803.2091042029218
-675.0999199096583 -820.8767710358591
-655.8537174782512 -838.0341185580729
-636.1886451346654 -854.6719199001777
-616.118536656496 -870.781261257744
-595.657380057127 -886.3535504324544
-574.8193062588508 -901.380523249179
-553.618542024027 -915.8542343814802
-532.069495409003 -929.7670919105847
-510.1866293904413 -943.1118182622033
-487.9845431114298 -955.8814846138249
-465.4779251372253 -968.0694970874314
-442.6815471579678 -979.6695956094181
-419.6102629542075 -990.6758565332727
-396.2790009758048 -1001.0826917531205
-372.70520834429846 -1010.8874118263515
-348.9048431028717 -1020.0869664872672
-324.89146420477175 -1028.6761462480515
-300.6790191690316 -1036.6500500784541
-276.28172852908415 -1044.00402203666
-251.7140800474154 -1050.7336953992663
-226.9908152279631 -1056.8350356331252
-202.12689007284757 -1062.3043390445694
-177.13745034690288 -1067.1382415057158
-152.03782173239406 -1071.3337639203532
-126.84347484501855 -1074.888299862801
-101.57000066500513 -1077.7996054547343
-76.23310409505387 -1080.0658658012565
-50.84856814451549 -1081.68565073932
-25.432238039721916 -1082.657936910092
0 -1082.9821003318716
25.432238039721497 -1082.657936910092
50.84856814451512 -1081.68565073932
76.23310409505387 -1080.0658658012565
101.57000066500461 -1077.7996054547343
126.84347484501814 -1074.888299862801
152.03782173239406 -1071.3337639203532
177.13745034690257 -1067.1382415057158
202.12689007284703 -1062.3043390445694
226.9908152279631 -1056.8350356331252
251.71408004741502 -1050.7336953992663
276.2817285290839 -1044.00402203666
300.6790191690316 -1036.6500500784541
324.8914642047715 -1028.6761462480517
348.9048431028714 -1020.0869664872672
372.70520834429846 -1010.8874118263515
396.27900097580454 -1001.0826917531207
419.6102629542072 -990.6758565332732
442.6815471579678 -979.6695956094181
465.47792513722516 -968.0694970874314
487.9845431114298 -955.8814846138249
510.1866293904413 -943.1118182622033
532.069495409003 -929.7670919105847
553.618542024027 -915.8542343814802
574.8193062588508 -901.380523249179
595.6573800571268 -886.3535504324544
616.118536656496 -870.7812612577438
636.1886451346654 -854.6719199001777
655.8537174782504 -838.0341185580733
675.0999199096578 -820.8767710358597
693.9135847077264 -803.2091042029218
712.2811904359081 -785.0406486137484
730.1894271960839 -766.381227025812
747.6251458107107 -747.2409412010581
764.5754093143761 -727.6301526781232
781.0275042766884 -707.559456647359
796.9688991745895 -687.0396669593878
812.3873139148742 -666.0817688594525
827.2707082471754 -644.6968779883175
841.6072539398461 -622.8962028920316
855.3853793517959 -600.6909641450007
868.593744815183 -578.0923231644803
881.2212420926992 -555.1112784692713
893.2569775813051 -531.7585396508791
904.6902416559868 -508.0443708327578
915.5104727529375 -483.97838229181934
925.7071684577271 -459.56929543737124
935.2698009510664 -434.824604625528
944.1876205803892 -409.7502244614465
952.4493691999929 -384.3500949639034
960.042796353341 -358.6258938734349
966.953856762559 -332.57717727585685
973.1652008468459 -306.2031924350818
978.6533228679313 -279.50976424569535
983.3826620894457 -252.5329300440567
987.2921229346949 -225.4236869050473
990.2608734904142 -198.79836078221447
992.371093255736 -172.82174555324588
993.7997862138584 -146.80583488688555
994.5465368820107 -120.76794562309091
994.6486068420129 -100
993.9949565645555 -68.70521981388961
992.6981033821916 -42.71098321215536
990.7223373000076 -16.7671720564222
914.3433135634252 17.51291980545517
750.1807257135981 55.48620334695772
637.3707946876017 81.60748222223225
554.5105749764604 100.66904836284175
491.5933502446435 115.1425938197881
441.49962289659084 126.5032533349396
401.34725135516067 135.6573879286527
368.2849446705769 143.20828013442016
339.5108432235903 149.45695186194936
316.32313006195244 154.92019978572142
294.62730773738076 159.4243234110398
275.74165599144703 163.33325103992698
259.6173765387436 166.87297328805198
244.90777935348282 169.95058841744682
231.5917119852089 172.67986244871315
219.6425402910156 175.1727729104912
209.02821761141615 177.53926127169234
198.49570016215102 179.43464899752297
189.25789251998424 181.35048155519968
181.26952529627118 183.3907829214576
172.17333875706197 184.55761918019408
164.31034316587414 185.92311062557602
157.62513980414258 187.58559910142517
150.9733739961618 188.9987146771105
144.36406250995708 190.16588724629364
137.80609522218307 191.09082647365557
131.30822625899765 191.77751739593003
125.86051045403025 192.9845046067701
120.435156553171 194.0148965791567
115.03850927091744 194.87119810137696
109.67681864312907 195.5561015667411
104.35623409448381 196.0724838913093
99.92084462157021 197.30209576127208
94.67001877936518 197.5132569069541
90.25406621011784 198.48754138884334
85.09408210515028 198.4037289320036
80.71612081768593 199.13013788898573
76.34763821388611 199.7452377915229
71.99257148773677 200.25038659021442
67.6548040724214 200.64704922113333
63.33816239439063 200.9367960205236
59.046412694556125 201.12130103207272
55.29420902142577 202.2661525768795
51.02827209304793 202.2590662519161
46.7978080595278 202.15140512844454
43.01127899388696 203.0465310451376
38.82632489850354 202.75456190659062
35.01976234812371 203.4889236341478
30.89281938205615 203.01769423251162
27.077591801812215 203.5927186836021
23.243847097123144 204.09207948102943
19.208107383676783 203.36561001897823
15.382272570261822 203.707855185421
11.545918323192266 203.97435356554243
7.701668240775083 204.16487452013283
3.8521512859387292 204.27925311817617
