-327.5 307.5 0.0000049221063886060255
477.5 317.5 0.000013782979537551272
272.5 302.5 0.0000034472238294702186
247.5 297.5 0.000013790252167276611
-887.5 272.5 0.0000012345368447925643
-1047.5 -1197.5 0.0000010829402884218693
417.5 317.5 0.00003101383347719224
1317.5 -917.5 0.0000033809840470703115
1162.5 212.5 0.000003453812651742467
437.5 -1572.5 0.0000033415440451303737
1292.5 -942.5 0.0000033753871142271903
1422.5 -822.5 0.0000034032975167702862
1192.5 -1037.5 0.0000033523799335160953
577.5 -1567.5 0.0000010880104880849415
-667.5 312.5 0.00000492073520528265
-712.5 -1492.5 0.0000010867674526601154
357.5 312.5 0.000013784750822067858
-1017.5 -677.5 0.0000034207358279353634
1322.5 -912.5 0.0000033817765417770057
-1167.5 -1067.5 0.0000010934017728689407
-87.5 267.5 0.0000012350694254344578
717.5 -1487.5 0.0000033401380846904793
662.5 312.5 0.000013785443637645326
822.5 282.5 0.0000034485163405888968
1037.5 -597.5 0.00000119942505496364
1072.5 -452.5 0.00000122457640795568
-1062.5 232.5 0.0000012385179092750112
667.5 307.5 0.00001378639842004833
482.5 -1567.5 0.0000033414420965901005
332.5 307.5 0.00001378639842004833
1407.5 -837.5 0.0000034000805958404963
-1482.5 -772.5 0.0000011781924804325215
677.5 -1512.5 0.0000033405564238931444
-307.5 307.5 0.000001230488433618156
932.5 262.5 0.000013801082268300723
1042.5 -1202.5 0.0000033373480347066273
687.5 307.5 0.000013787248124911729
-737.5 297.5 0.0000049256712926730276
-1392.5 -852.5 0.000004613634282576064
1117.5 222.5 0.0000034531131908909052
-147.5 217.5 0.0000034536442918804845
-812.5 287.5 0.00000493156329700658
402.5 -1572.5 0.000003341640405287947
-1057.5 -522.5 0.0000034388251018600827
-1007.5 -1242.5 0.0000010828490061619353
612.5 312.5 0.00003101549838259835
-742.5 -1477.5 0.0000010864181622522522
-1152.5 -1082.5 0.0000010909624315337356
-1127.5 -1112.5 0.0000010872842409590907
-942.5 -1317.5 0.0000010835699265983418
-507.5 -1562.5 0.000001088069076155358
-177.5 282.5 0.0000012330560551179894
-632.5 -1527.5 0.000001087450644883712
-482.5 -1567.5 0.0000010882024022447883
-452.5 -1572.5 0.0000010883268811818826
-467.5 317.5 0.000011063038313780363
-1167.5 -1062.5 0.0000010941946202702834
-822.5 -1427.5 0.000001085520242792891
-737.5 82.5 0.0000034608763663781437
1017.5 -1232.5 0.0000033372541666447574
497.5 322.5 0.0000137827605753902
-677.5 -1512.5 0.0000010871150693036787
32.5 257.5 0.0000034507921330713437
1177.5 -1052.5 0.0000033497207586529163
562.5 322.5 0.000013782747880123919
122.5 222.5 0.000001239815724800333
-997.5 -1257.5 0.0000010830123287622361
1372.5 167.5 0.000003456792918816093
-1222.5 197.5 0.0000012419967207961035
-1097.5 -202.5 0.0000034707129048328565
-842.5 -1407.5 0.0000010851676700785803
-1157.5 -1077.5 0.0000010922299862754854
-952.5 257.5 0.0000012360561836869946
542.5 -1587.5 0.0000010890344259779672
-357.5 312.5 0.0000049190935441148716
-122.5 222.5 0.000003453296967003324
-1097.5 -147.5 0.000003468896943329658
-1487.5 -767.5 0.0000011793433788935006
992.5 -1262.5 0.000003337300918277305
1202.5 -1032.5 0.0000033536782976979273
947.5 -1312.5 0.000003337796031547493
187.5 287.5 0.000013793596958775724
-882.5 47.5 0.0000034620920717541198
-1062.5 -1182.5 0.000001083172588210673
387.5 312.5 0.00003101549838259835
-1197.5 -1037.5 0.0000011000494040164457
-712.5 302.5 0.000011078362404873719
-132.5 217.5 0.000003453485679932446
-1042.5 -582.5 0.000003432148746166366
572.5 317.5 0.000031012361380344615
-577.5 -1567.5 0.000003340872886112319
-172.5 212.5 0.0000034540204900224327
517.5 322.5 0.00003101148006484096
-1177.5 -1057.5 0.0000010954615732487776
382.5 312.5 0.000013785069407382681
1127.5 -1107.5 0.0000033419848494018675
1067.5 -482.5 0.0000012195322157849232
282.5 302.5 0.000013788808911318968
707.5 -1497.5 0.0000033402786836790103
907.5 267.5 0.000013799327214980805
-1092.5 -47.5 0.0000034651672862955234
-182.5 282.5 0.0000012331375106717696
1292.5 182.5 0.0000034557475945632653
137.5 272.5 0.000003449279223233352
157.5 277.5 0.00000344892593776417
-1097.5 -117.5 0.0000034677810155630985
117.5 222.5 0.0000012395553614520525
827.5 -1422.5 0.0000033391353223345276
747.5 297.5 0.000013789521546117626
727.5 297.5 0.000013789392421504606
-302.5 302.5 0.0000012307900719341878
-432.5 317.5 0.0000012291824610629198
-497.5 322.5 0.000011061652177171728
-1332.5 -902.5 0.0000011373538701792896
-127.5 272.5 0.0000012343182909762712
307.5 307.5 0.0000034466953344943426
-1372.5 167.5 0.0000012447763375765569
-907.5 267.5 0.000004939653363437166
-627.5 312.5 0.000004919061919399305
-1482.5 137.5 0.000001246866645701953
257.5 297.5 0.0000034474858209750965
-1437.5 147.5 0.0000012460346441302916
1087.5 -37.5 0.0000012561835921265803
-237.5 292.5 0.000004928226363389675
-352.5 172.5 0.0000034565180798354903
1172.5 -1062.5 0.000003348372526222868
1262.5 -972.5 0.0000033680866426344887
-1467.5 -787.5 0.0000011736263566818316
-57.5 262.5 0.0000012357294144434447
1012.5 -1237.5 0.0000033373357920425063
897.5 267.5 0.00000344973018762314
1097.5 -137.5 0.000001261531970065117
62.5 -1732.5 0.0000033539966590913083
-62.5 -1732.5 0.0000011034051130644212
802.5 287.5 0.000013792967135359263
-82.5 262.5 0.0000012352877578168123
627.5 312.5 0.000013784728360614996
917.5 262.5 0.000003450096814922409
-887.5 -1367.5 0.0000010842996857433844
-797.5 287.5 0.0000012327044051596685
-517.5 -1562.5 0.0000010880685679409287
1252.5 -977.5 0.000003366531146482842
-147.5 277.5 0.000004935489362597245
-1022.5 -647.5 0.0000034241935022650397
1122.5 -1122.5 0.000003340708340627423
1197.5 -1037.5 0.000003353023543318293
392.5 162.5 0.0000012451815689853308
487.5 322.5 0.00003101134045820461
-1087.5 -7.5 0.00000346366889154762
697.5 307.5 0.000013787207199289856
147.5 282.5 0.000003448898186296463
492.5 -1652.5 0.0000010960848909218302
-1117.5 222.5 0.0000012395553614520525
-517.5 322.5 0.000011062033746608779
1377.5 -862.5 0.0000033937380893710875
-442.5 322.5 0.00001106094054555269
-607.5 317.5 0.000004918425247077764
1017.5 -667.5 0.0000011878205498809335
322.5 312.5 0.0000034465153501926593
-502.5 322.5 0.000004916291284572812
-957.5 -1302.5 0.0000010834916663818508
-1047.5 -572.5 0.0000034332711206158553
-817.5 282.5 0.0000012331375106717696
862.5 272.5 0.000003449279223233352
1102.5 -1137.5 0.000003339403731518103
-877.5 -1372.5 0.000001084464042864285
-1132.5 -1102.5 0.0000010882367968764196
-432.5 322.5 0.00000491652932793586
712.5 -1492.5 0.0000033402764132246
832.5 282.5 0.000013794598058717774
-747.5 297.5 0.0000049258155655230496
-1357.5 -882.5 0.0000011434738621757676
792.5 287.5 0.0000034481581843296896
-362.5 312.5 0.000004920399153364538
-1252.5 -982.5 0.0000011145473789124086
-1397.5 -847.5 0.0000011550142659952132
-832.5 -1417.5 0.0000010853418296966463
-742.5 297.5 0.0000012316025346185264
-1077.5 -442.5 0.0000034474935473356203
-1387.5 -857.5 0.0000011518114656170077
-947.5 -1312.5 0.0000010836095385705033
887.5 272.5 0.0000034495652621144307
537.5 317.5 0.00003101252940867521
1037.5 -1212.5 0.000003337404722623618
-1097.5 -137.5 0.0000034685252806179293
-1162.5 212.5 0.0000012405465330987036
-1317.5 -917.5 0.000001133305789727259
-112.5 272.5 0.0000012345368447925643
-1437.5 -807.5 0.0000011668917038403372
782.5 72.5 0.0000012511593569765252
-102.5 -1722.5 0.0000011020131901825652
1417.5 -827.5 0.0000034024920975298217
1467.5 -787.5 0.000003411388588374652
1092.5 -322.5 0.0000012463788114062437
437.5 147.5 0.0000012460336565236272
-717.5 302.5 0.000004924811032667588
327.5 172.5 0.000001244010633717898
-417.5 -1567.5 0.0000010883157361805918
-382.5 -1592.5 0.000001088887706669845
92.5 227.5 0.0000012391232054035616
1342.5 -892.5 0.0000033865714989570096
1297.5 -937.5 0.0000033761738938692142
-687.5 302.5 0.0000012307957016885106
-832.5 282.5 0.000004932975952132063
-387.5 312.5 0.00001106769157294888
-32.5 -1722.5 0.0000011033845166787907
462.5 317.5 0.00003101252940867521
-117.5 272.5 0.00000493768496335935
-517.5 -1622.5 0.0000033441398244944317
-257.5 -1762.5 0.0000033554873523033443
-162.5 -1767.5 0.0000033560344309444132
1182.5 -1052.5 0.0000033503147948106787
637.5 312.5 0.000013785677799987405
537.5 -1552.5 0.000003341213855190534
-1407.5 -837.5 0.0000011581329527578525
872.5 -1382.5 0.0000033385879654686773
-932.5 -1327.5 0.0000010837020716805085
1077.5 -1172.5 0.000003337906946469411
127.5 277.5 0.0000034492723865206
592.5 -1537.5 0.0000033409637794843824
-1437.5 -812.5 0.0000011657828842151494
-1237.5 -992.5 0.000001111803265741706
1287.5 -947.5 0.000003373709431622934
782.5 292.5 0.00003103140335983043
-157.5 282.5 0.000001233454278640582
932.5 37.5 0.0000012529013640371917
-592.5 317.5 0.000004916812965444171
-207.5 292.5 0.0000012323978345500859
302.5 307.5 0.000013787207199289854
292.5 182.5 0.000001243291519749143
1207.5 -1027.5 0.0000033552395368328527
-872.5 272.5 0.0000012343182909762712
-252.5 -1662.5 0.000001094625248337073
-652.5 312.5 0.00000492058870969025
1412.5 -832.5 0.000013605142077658492
1442.5 -807.5 0.000003407335305584916
1047.5 -572.5 0.0000012044334081349202
-462.5 142.5 0.000003457990640374074
-1187.5 -1047.5 0.0000010976795942479646
1087.5 -27.5 0.0000012556478420534592
-507.5 -1642.5 0.000003345691030776227
1497.5 -757.5 0.0000034178986717650447
737.5 297.5 0.00001378941919993303
762.5 -1467.5 0.0000033398494517189185
272.5 297.5 0.000013789392421504606
-1312.5 177.5 0.0000012436370770410724
-177.5 -1697.5 0.0000010986629083731058
432.5 317.5 0.0000034457680278040226
-1202.5 -1032.5 0.000001100797255866557
-277.5 302.5 0.000004924239996518414
582.5 317.5 0.00003101383347719224
-1427.5 -822.5 0.0000011635771129487497
1307.5 -922.5 0.0000033794038612452013
1237.5 -992.5 0.0000033632556218603927
337.5 312.5 0.000013785443637645326
1087.5 -382.5 0.0000012363366543602432
1092.5 -302.5 0.0000012497136207530622
-432.5 -1722.5 0.0000033527593552690163
992.5 247.5 0.000003451244053829284
1027.5 -637.5 0.0000011927777372913707
-967.5 257.5 0.0000012362705293727657
442.5 -1572.5 0.0000033415456435513953
587.5 117.5 0.0000012484190145233746
317.5 -1637.5 0.000003344276101158779
-392.5 162.5 0.00000345707804391638
-417.5 317.5 0.000011065347113486192
1382.5 -862.5 0.0000033945393566332184
1087.5 232.5 0.0000034526419430462946
692.5 92.5 0.0000012500252311955656
-722.5 302.5 0.000004924239996518415
-762.5 297.5 0.000004927140597839439
-107.5 267.5 0.000001234741504895899
-372.5 167.5 0.000003456792918816093
807.5 -1437.5 0.0000033394232883752266
1107.5 -1132.5 0.000003339699407071581
-852.5 277.5 0.000004935489362597244
-1312.5 -927.5 0.0000011302607717941045
-1037.5 237.5 0.0000012379123644252709
92.5 267.5 0.000013799327214980805
452.5 -1572.5 0.00000334154702737525
1242.5 -987.5 0.0000033640289351805145
-802.5 -1437.5 0.0000010856964268098505
752.5 292.5 0.0000034477013989174974
567.5 322.5 0.000013782929677259878
417.5 -1567.5 0.000003341540201483209
-1217.5 202.5 0.0000012416666622976805
247.5 292.5 0.0000034477013989174974
-1172.5 -1062.5 0.0000010948204015742675
-1082.5 -1162.5 0.0000010836735176203295
1137.5 -1102.5 0.0000033428051183603563
-367.5 312.5 0.000011069371985885153
-1092.5 227.5 0.0000012391232054035616
652.5 102.5 0.0000012494697301324217
1157.5 -1077.5 0.0000033460445805013264
1097.5 -157.5 0.0000012625987207793855
822.5 62.5 0.0000012517330258148536
-1062.5 -502.5 0.0000034410183155118775
1012.5 242.5 0.0000034515736067198428
1052.5 -542.5 0.0000012094567575251142
1132.5 217.5 0.000003453485679932446
1157.5 -1082.5 0.0000033453756382347515
1432.5 -817.5 0.0000034049105720377603
202.5 287.5 0.0000034482671089049812
567.5 317.5 0.0000034457680278040226
-1352.5 172.5 0.000001244385818146518
-52.5 237.5 0.0000034522326956930786
-1442.5 -807.5 0.0000011680044505994246
652.5 312.5 0.000013785812375377154
292.5 307.5 0.0000034468550529680307
-1102.5 -1137.5 0.0000010850229738402488
822.5 -1427.5 0.000003339282612914442
-582.5 317.5 0.00001106534711348619
-1407.5 -842.5 0.0000011571704882704917
-237.5 192.5 0.0000034550537788417043
-562.5 -1547.5 0.000001087779729377872
-1022.5 -657.5 0.0000034230439353820867
-962.5 -1297.5 0.0000010833379241999152
-1007.5 -702.5 0.0000034172525692125007
1487.5 -767.5 0.0000034154543684415932
-1462.5 -792.5 0.0000011724942876120714
-1202.5 202.5 0.0000012413785111209457
662.5 -1512.5 0.0000033405616168648375
682.5 307.5 0.000031019813374286586
-1022.5 242.5 0.0000012375468813910935
-1462.5 142.5 0.0000012464535028317789
-212.5 -1687.5 0.0000010970499193720725
-392.5 317.5 0.000004918425247077764
-1092.5 -97.5 0.0000034670355489354384
547.5 317.5 0.00003101334698618255
-622.5 317.5 0.000011065896310603357
-262.5 297.5 0.0000049256712926730276
212.5 -1687.5 0.000003348802563010929
1097.5 -177.5 0.0000012636648600890476
-37.5 237.5 0.000003451952824601414
-1422.5 -822.5 0.000001162480205281366
-62.5 232.5 0.0000034523806235301066
1072.5 -1172.5 0.000003337759329732708
277.5 -1662.5 0.0000033458036164835425
1357.5 -882.5 0.0000033889650153197565
-1227.5 -1007.5 0.0000011069073679259973
842.5 277.5 0.00000344892593776417
867.5 -1387.5 0.0000033387330658148473
772.5 292.5 0.000031030532626486725
672.5 307.5 0.000013786889673190777
1237.5 192.5 0.000003455053778841704
302.5 302.5 0.0000034469094069313885
-1402.5 -842.5 0.000001156090291417852
-1312.5 -922.5 0.0000011323138169300465
-687.5 307.5 0.000004922611441488182
1227.5 -1002.5 0.0000033599829737034333
747.5 -1477.5 0.00000333999367095508
332.5 312.5 0.00001378591637845629
1017.5 -677.5 0.0000011861743793744465
-837.5 -1412.5 0.0000010851614986181554
702.5 302.5 0.000013788073713953887
207.5 292.5 0.0000034480497871213723
-517.5 132.5 0.000003458650148311127
-377.5 317.5 0.000011065896310603357
742.5 297.5 0.0000034474858209750965
-332.5 312.5 0.00000492073520528265
802.5 -1437.5 0.000003339418972532755
1337.5 -897.5 0.0000033857763138492515
-1202.5 -1027.5 0.0000011017852269709053
162.5 -1767.5 0.000001106341358844873
-692.5 92.5 0.000003460480763908313
-707.5 307.5 0.0000012307134774458527
-202.5 202.5 0.0000034543994498927095
-417.5 157.5 0.0000034573730067462253
1032.5 242.5 0.0000034518209658145944
1117.5 -1122.5 0.0000033403673050674028
-1042.5 -1202.5 0.0000010828802912112594
-92.5 267.5 0.000004939653363437167
-1062.5 -512.5 0.0000034399238064717347
237.5 292.5 0.000013791231338909733
-662.5 -1512.5 0.0000010871254709518082
1187.5 207.5 0.0000034542053446785507
-1302.5 -932.5 0.0000011282970736272033
172.5 212.5 0.000001240841164647764
657.5 -1522.5 0.000003340693269652983
-827.5 282.5 0.0000012332255556299775
-997.5 247.5 0.0000012370570746227089
-732.5 -1482.5 0.0000010865898928601495
-982.5 -1272.5 0.0000010830075790389715
-197.5 287.5 0.000004930674704089849
1047.5 -1197.5 0.00000333741624377693
-627.5 317.5 0.0000012296691352896434
-137.5 272.5 0.000001234132906653182
377.5 317.5 0.00003101422353167936
-1112.5 -1127.5 0.0000010856959330163465
-117.5 222.5 0.0000034531131908909052
882.5 -1372.5 0.000003338457133481375
1112.5 -1127.5 0.0000033400388250443446
522.5 317.5 0.000013782979537551272
1367.5 -872.5 0.0000033921388004782062
-642.5 312.5 0.0000049190935441148716
-612.5 312.5 0.00001106769157294888
-1092.5 -1152.5 0.000001084008739642042
1232.5 -997.5 0.0000033615106815211366
787.5 -1447.5 0.0000033395640969361768
1407.5 -842.5 0.000003399367746796659
1122.5 222.5 0.000003453296967003324
667.5 312.5 0.00001378591637845629
7.5 247.5 0.000001344985059862614
-257.5 297.5 0.0000012316025346185264
-462.5 -1692.5 0.0000033501488113770716
-1072.5 232.5 0.0000012387348136144126
787.5 287.5 0.000003448143078695455
912.5 267.5 0.000003449942288455062
-872.5 -1382.5 0.000001084644647077585
237.5 297.5 0.000013790461368502315
372.5 312.5 0.000013784728360614996
-1007.5 247.5 0.0000012372124839346236
17.5 252.5 0.00001380422430889912
-207.5 287.5 0.0000012325507408006466
-442.5 -1572.5 0.0000010883246170743067
-867.5 -1387.5 0.0000010848238028001564
187.5 207.5 0.0000012411032577893986
-782.5 72.5 0.000003461276081547884
-277.5 187.5 0.0000034555020329997174
112.5 272.5 0.0000034495652621144307
-1087.5 -382.5 0.000003453801789381281
467.5 317.5 0.00003101219363873555
632.5 -1527.5 0.00000334082648322633
1092.5 -57.5 0.0000012572547606447338
-1012.5 242.5 0.0000012373757702201155
-1052.5 -542.5 0.000003436615384859882
1347.5 -892.5 0.0000033873680338689892
-872.5 277.5 0.0000012341232515997331
-127.5 277.5 0.0000012341232515997331
1177.5 -1057.5 0.0000033489410454519365
587.5 317.5 0.00003101464216662394
502.5 322.5 0.00003101120901211968
-537.5 -1552.5 0.0000010879274530241078
-567.5 322.5 0.00000491652932793586
-1447.5 -802.5 0.0000011691211032012275
-1307.5 -932.5 0.0000011292764438273332
-167.5 282.5 0.000004932975952132063
717.5 302.5 0.000013788808911318966
-1102.5 -1142.5 0.0000010847478494710122
712.5 302.5 0.000031023072920015035
-1157.5 -1082.5 0.0000010915072100067572
1007.5 -1247.5 0.0000033373453963096152
1022.5 -1227.5 0.000003337342429506324
147.5 277.5 0.000013796378691453141
547.5 122.5 0.0000012479079919242824
657.5 307.5 0.0000034465911769122248
1037.5 -607.5 0.0000011977596500339884
997.5 -1252.5 0.0000033372717341075096
-1057.5 -1187.5 0.0000010830239951579938
-1092.5 -322.5 0.0000034599313877760937
-882.5 272.5 0.0000049376849633593494
1132.5 -1102.5 0.0000033423885611973086
327.5 307.5 0.000013786889673190777
-1297.5 -937.5 0.0000011273226898161974
-632.5 312.5 0.000011069371985885153
-1332.5 -907.5 0.0000011363104518084994
-1097.5 -107.5 0.0000034674084269514407
167.5 282.5 0.000013794598058717775
-997.5 22.5 0.0000034629017491614333
-1257.5 -972.5 0.0000011165842741448127
1057.5 -1187.5 0.0000033375049351444666
-707.5 -1497.5 0.0000010867727596707333
-1187.5 207.5 0.0000012411032577893986
1022.5 -657.5 0.000001189469937697892
962.5 -1287.5 0.0000033374656510451065
-692.5 307.5 0.000001230488433618156
-587.5 -1547.5 0.0000010877703847107366
-697.5 307.5 0.000004922553767507606
737.5 82.5 0.00000125058926624127
-1072.5 -1172.5 0.0000010832931245468387
372.5 167.5 0.0000012447763375765569
587.5 -1542.5 0.0000010877902078305418
477.5 -1567.5 0.0000033414415754417866
457.5 -1567.5 0.000003341439906424176
1097.5 -262.5 0.0000012563610735970296
1167.5 -1067.5 0.00000334708966523227
-87.5 232.5 0.0000034526419430462946
617.5 -1532.5 0.000003340832408365079
-1337.5 -902.5 0.0000011383623613551172
-1477.5 -777.5 0.0000011770453104692518
-912.5 267.5 0.0000012350694254344578
-807.5 -1437.5 0.0000010856973992662915
-1097.5 -282.5 0.000003463914191913564
1222.5 -1012.5 0.000003358286899769334
-992.5 -1262.5 0.0000010829388866928351
-892.5 267.5 0.000001234741504895899
-1087.5 -37.5 0.000003464792958800886
117.5 272.5 0.000013797933623755836
1427.5 -822.5 0.0000034041036837520565
1092.5 -87.5 0.0000012588603654672728
-897.5 267.5 0.0000012347697949817325
-1497.5 1997.5 NaN
652.5 307.5 0.0000034465354819441447
-1092.5 -67.5 0.0000034659153098036844
862.5 277.5 0.0000034491444989888966
957.5 257.5 0.0000034507134347348537
857.5 -1397.5 0.000003338866611592626
-1047.5 237.5 0.000001238106626528486
42.5 257.5 0.0000034507134347348537
452.5 317.5 0.00003101334698618255
197.5 287.5 0.000013792967135359265
852.5 277.5 0.000013796378691453143
1002.5 -712.5 0.000001179625017849652
-1067.5 -1182.5 0.0000010833243928873287
-842.5 282.5 0.0000012334542786405823
-1432.5 -817.5 0.0000011646780133002965
-477.5 317.5 0.000004916599527754031
-322.5 312.5 0.0000012302348716344716
-1147.5 217.5 0.0000012403079050159664
-312.5 177.5 0.000003455990952813198
-937.5 -1322.5 0.0000010837351731018613
-572.5 317.5 0.000011063274452650679
-627.5 -1532.5 0.0000010874557092006438
577.5 -1547.5 0.0000033410887358766084
742.5 -1477.5 0.0000033399948823808252
1097.5 -242.5 0.0000012596796191149875
1362.5 -872.5 0.000003391340841892279
797.5 287.5 0.0000034482671089049812
792.5 292.5 0.0000034480497871213723
-62.5 -1747.5 0.00000335528265646718
1402.5 -842.5 0.0000033985606904947433
-547.5 317.5 0.000011064662136158546
-1097.5 -272.5 0.000003464896851113238
-532.5 317.5 0.000011063038313780363
367.5 312.5 0.000031016691560866694
1192.5 -1042.5 0.0000033515394470389322
1007.5 -1242.5 0.000003337255745885857
-262.5 192.5 0.0000034552645564799737
-1147.5 -1087.5 0.0000010902940031788856
1082.5 -1162.5 0.0000033381161215152245
202.5 -1757.5 0.0000011057231046020624
-247.5 292.5 0.000001231906497143299
512.5 322.5 0.0000310113404582046
1312.5 -922.5 0.000003380193141032963
-1122.5 -1122.5 0.00000108643304567414
-997.5 -1252.5 0.000001082886316844371
-692.5 -1502.5 0.0000010869458073339994
1032.5 -617.5 0.0000011960965252763018
-1027.5 -1222.5 0.0000010828257352790714
997.5 -1257.5 0.0000033373697027684486
-1107.5 -1132.5 0.0000010853479902179075
-1277.5 -957.5 0.0000011214367905563387
1312.5 -927.5 0.0000033785449393291998
-1092.5 -87.5 0.000003466662394313421
-837.5 282.5 0.0000012335061889250823
-1077.5 -1162.5 0.0000010834724258840022
-1122.5 -1117.5 0.0000010868728641818027
-1272.5 -962.5 0.000004479766065055957
1307.5 -932.5 0.000003377752845927891
-842.5 277.5 0.0000012336341376827634
297.5 302.5 0.000013788073713953885
-802.5 287.5 0.000004930674704089849
-1277.5 187.5 0.0000012429429060688985
-797.5 -1447.5 0.0000010858760758953672
-1372.5 -867.5 0.000001148647106072976
-882.5 -1372.5 0.0000010844773363558537
352.5 172.5 0.000001244385818146518
-427.5 -1572.5 0.000001088319044494787
1092.5 -97.5 0.0000012593951777466843
-427.5 317.5 0.000011063274452650679
2.5 247.5 0.0000034513483223822787
87.5 232.5 0.0000012388879118509786
-1042.5 -587.5 0.000003431022689477952
527.5 317.5 0.00003101190674643191
-1337.5 -897.5 0.0000011393754918870135
-952.5 -1307.5 0.0000010834492401317464
-1362.5 -872.5 0.0000011465592285604653
-862.5 -1392.5 0.0000010848124766677056
-332.5 307.5 0.000004921414272819468
-1177.5 -1052.5 0.0000010963189630258445
347.5 312.5 0.000013785812375377154
-947.5 257.5 0.0000012358202291237055
-102.5 227.5 0.000003452979348332063
-1087.5 -372.5 0.0000034548360759616035
672.5 -1512.5 0.0000033405590867901613
782.5 -1452.5 0.0000033395624569985226
-1097.5 -262.5 0.0000034658744828982116
1362.5 -877.5 0.000003390544049795605
-897.5 -1357.5 0.0000010841406688435439
-312.5 302.5 0.0000012307957016885106
507.5 -1642.5 0.0000010942520223006061
132.5 217.5 0.0000012400831247031712
1092.5 -292.5 0.0000012513782501650936
-1027.5 -637.5 0.000003425339961731288
687.5 302.5 0.000003446913400629763
-1212.5 -1022.5 0.0000011033574617273013
602.5 -1517.5 0.000001088741101513776
1327.5 -912.5 0.0000033825705878643532
1202.5 -1027.5 0.0000033545601343784535
502.5 -1562.5 0.0000033413310143062564
-1022.5 -1227.5 0.0000010829243711773255
32.5 242.5 0.000001237725764235236
402.5 317.5 0.00003101281412902576
532.5 -1552.5 0.0000033412147564976747
1482.5 -772.5 0.000003414640349029212
-727.5 -1487.5 0.0000010865943814148631
917.5 -1342.5 0.000003338099265762671
312.5 307.5 0.000013787248124911729
-472.5 317.5 0.000011062634419514493
-1092.5 -292.5 0.0000034629263509013405
-42.5 257.5 0.000001236159267286512
1417.5 157.5 0.000003457376560050724
1397.5 -847.5 0.0000033977545246137708
1102.5 227.5 0.000003452979348332063
542.5 317.5 0.00003101291391262555
1187.5 -1047.5 0.0000033509215134558507
-657.5 -1522.5 0.0000010872853831897102
-822.5 62.5 0.000003461678168999723
1362.5 -882.5 0.00000338976539376601
442.5 322.5 0.00003101070348933311
-1007.5 -692.5 0.0000034184163478080176
-1082.5 -1157.5 0.0000010837699442391635
1097.5 -107.5 0.000001259929762015652
-1017.5 -667.5 0.000003421891347940241
-1392.5 162.5 0.0000012451815689853308
-1097.5 -177.5 0.0000034700104251796098
-1092.5 -57.5 0.0000034655414081930345
827.5 282.5 0.00000344863645336422
557.5 322.5 0.00003101070348933311
1077.5 -1162.5 0.0000033379342534555935
1212.5 -1017.5 0.00000335684806949972
-1377.5 -862.5 0.000001149697579136316
-492.5 137.5 0.000003458315233111481
-527.5 317.5 0.000011062634419514493
1022.5 -647.5 0.0000011911223857644433
-1342.5 -892.5 0.0000011403932344664426
-1277.5 -952.5 0.0000011223872649273283
-1032.5 -627.5 0.000003426483228077464
-12.5 242.5 0.0000034515736067198428
432.5 322.5 0.000013782929677259878
262.5 302.5 0.0000034472248839006196
-752.5 297.5 0.0000049268456328007734
-1287.5 -942.5 0.000001125388995457346
162.5 282.5 0.000003448835292074507
-447.5 322.5 0.000004915693892773431
-372.5 317.5 0.0000012296691352896434
-327.5 172.5 0.0000034562539727966766
427.5 -1572.5 0.0000033415422313830928
467.5 -1567.5 0.0000033414408454983994
1092.5 -1152.5 0.0000033384384078842
907.5 -1352.5 0.000003338212144054662
-342.5 307.5 0.0000012303416963812795
217.5 292.5 0.00003103140335983043
-587.5 117.5 0.000003459353469409204
-1237.5 192.5 0.000001242306726106445
62.5 -1747.5 0.0000011052285539193132
-727.5 297.5 0.000004925633550193099
-32.5 242.5 0.0000034518209658145944
-702.5 302.5 0.000004923774840167495
-72.5 232.5 0.000003452533821891814
-1117.5 -1122.5 0.000001086057446075827
347.5 -1622.5 0.000003343197590310225
692.5 -1502.5 0.0000033404190316998524
942.5 -1317.5 0.0000033377568514043785
997.5 -722.5 0.0000011779972951388192
1467.5 -782.5 0.0000034122008365974634
-1292.5 182.5 0.000001243291519749143
587.5 -1547.5 0.0000033410866660192317
142.5 -1707.5 0.0000033515260666066165
1052.5 -552.5 0.0000012077808944894413
382.5 -1592.5 0.0000033420191450351555
-102.5 267.5 0.0000012347697949817325
-347.5 312.5 0.00000492058870969025
1077.5 -422.5 0.000001229619788062055
967.5 -1287.5 0.000003337515164993481
1037.5 237.5 0.000003451952824601414
997.5 247.5 0.0000034513483223822787
-247.5 297.5 0.0000049268456328007734
392.5 317.5 0.00001378427624870796
-47.5 237.5 0.0000034520900818354848
607.5 317.5 0.00001378427624870796
177.5 282.5 0.0000034485163405888968
-657.5 307.5 0.0000012303416963812795
-162.5 282.5 0.0000012335061889250823
57.5 262.5 0.000003450409341505203
32.5 -1722.5 0.000003353921388949997
-652.5 102.5 0.0000034600910173517927
1167.5 -1062.5 0.0000033478169252295606
507.5 322.5 0.00003101125009439758
-922.5 262.5 0.000001235349550550795
1092.5 -1147.5 0.000003338618147902778
-1012.5 -687.5 0.0000034195774644844095
-1497.5 -757.5 0.000001182818267621227
-397.5 317.5 0.000011065272350355308
1152.5 -1082.5 0.0000033448876892087293
682.5 -1507.5 0.0000033404218228425958
642.5 -1522.5 0.0000033406978948086266
-1127.5 -1107.5 0.000001087790015516025
997.5 22.5 0.000001253479941472009
-747.5 -1477.5 0.00000108641365479804
852.5 282.5 0.000003448898186296463
1032.5 -1212.5 0.0000033372990953833023
-1327.5 -912.5 0.0000011353041352838874
677.5 312.5 0.0000034465153501926593
-187.5 287.5 0.00000493156329700658
-762.5 -1467.5 0.0000010862344989906184
-1067.5 -482.5 0.0000034431944760035328
477.5 -1672.5 0.0000010978209344470416
-1047.5 -562.5 0.000003434389735623522
1222.5 197.5 0.000003454835286400578
-67.5 262.5 0.000004942133152137779
-137.5 277.5 0.000001233942683893212
987.5 -1267.5 0.0000033374067367205107
-1052.5 237.5 0.0000012383084940164561
-1092.5 -342.5 0.0000034579086566792883
1352.5 -887.5 0.000003388165884059043
312.5 302.5 0.000003446913400629763
-537.5 317.5 0.000011063511033139436
1092.5 -342.5 0.0000012430371434875403
-272.5 297.5 0.000004925633550193099
-927.5 -1332.5 0.0000010838695380753336
-1002.5 -712.5 0.000003416086221071378
-1032.5 -1212.5 0.0000010828425795935126
812.5 -1427.5 0.0000033392775185116514
217.5 202.5 0.0000012416666622976805
-1072.5 -472.5 0.0000034442759954246876
-977.5 -1277.5 0.0000010831485299368206
-1467.5 -782.5 0.0000011747622297213816
207.5 287.5 0.0000034481581843296896
-2.5 247.5 0.0000012370570746227089
947.5 257.5 0.0000034504735941145053
-497.5 -1562.5 0.0000010880692455624093
-932.5 37.5 0.0000034624966403194068
517.5 132.5 0.0000012474176706913231
842.5 -1407.5 0.000003339003491555088
-772.5 -1457.5 0.0000010860572317917675
-642.5 -1522.5 0.000001087294636954448
-292.5 182.5 0.0000034557475945632653
1007.5 -702.5 0.0000011812567451558006
612.5 107.5 0.0000012489343919865826
237.5 192.5 0.000001242306726106445
417.5 157.5 0.0000012456008854810886
-382.5 312.5 0.000004919542241965047
1472.5 -777.5 0.000003413013561089989
137.5 277.5 0.0000034491444989888966
1312.5 177.5 0.000003455990952813198
812.5 287.5 0.000013793596958775723
-1092.5 -302.5 0.000003461933273614022
-792.5 287.5 0.0000012325507408006466
627.5 317.5 0.0000034461136764889807
-1092.5 -332.5 0.00000345892261332656
1147.5 217.5 0.0000034536442918804845
-487.5 322.5 0.000011061837216736408
-682.5 -1507.5 0.0000010869514171301745
517.5 -1622.5 0.000001092335947525167
-192.5 287.5 0.0000012329070682470138
732.5 -1482.5 0.000003340135591130096
-782.5 292.5 0.000011090106987852902
-1057.5 -1192.5 0.0000010830775844743025
447.5 322.5 0.000013782336191650105
-1382.5 -862.5 0.0000011507523741536269
807.5 287.5 0.0000034484107518524726
612.5 -1537.5 0.000003340958755433903
-1417.5 157.5 0.0000012456059375486434
-987.5 -1267.5 0.000001083073772322785
1462.5 142.5 0.00000345797254204503
-1267.5 -967.5 0.0000011184504771142686
-142.5 -1707.5 0.0000011003387158311234
107.5 267.5 0.0000034497101590013505
-317.5 307.5 0.000011073769484681708
-1142.5 -1092.5 0.0000010897838502314924
-202.5 287.5 0.0000012327044051596685
1097.5 -1142.5 0.0000033388683421312203
437.5 322.5 0.000013782747880123919
1077.5 -432.5 0.0000012279389826033626
212.5 287.5 0.000003448143078695455
1437.5 147.5 0.000003457678050981898
-587.5 317.5 0.000011066485842685944
-957.5 257.5 0.000001236159267286512
1097.5 -252.5 0.0000012580193721580492
-542.5 317.5 0.0000110640523819308
-1037.5 -607.5 0.0000034287598444634695
-312.5 -1762.5 0.000003355260880264221
-907.5 -1347.5 0.0000010839875701371869
-337.5 312.5 0.00000492006930768211
647.5 -1522.5 0.000003340695648671641
-1122.5 222.5 0.000001239815724800333
1272.5 -962.5 0.000013480446240733643
-917.5 -1342.5 0.0000010840128462606993
-1072.5 -462.5 0.000003445353055242999
-402.5 317.5 0.000011063911858914096
982.5 -1272.5 0.000003337344301279576
-1362.5 -882.5 0.0000011445097809588334
-1182.5 -1052.5 0.0000010969916202718486
182.5 282.5 0.0000034485740626317494
1042.5 -587.5 0.000001201092585490829
67.5 262.5 0.000013801082268300723
762.5 292.5 0.000013791231338909733
-1367.5 -872.5 0.0000011476009806175488
-1322.5 -912.5 0.000001134302571883066
1447.5 -802.5 0.000003408144821706477
37.5 237.5 0.0000012379123644252709
507.5 -1562.5 0.000003341330912163291
1172.5 212.5 0.0000034540204900224327
577.5 317.5 0.00003101307310732862
-522.5 322.5 0.0000012291334086802709
422.5 317.5 0.00003101307310732862
522.5 322.5 0.000003445733182739528
-982.5 252.5 0.000004946574986513557
1007.5 247.5 0.0000034514581858741322
532.5 317.5 0.00003101219363873555
-1452.5 -797.5 0.0000011702416406484792
-457.5 -1567.5 0.0000010881987932604575
-892.5 -1362.5 0.000001084317985235821
-1307.5 -922.5 0.0000011313266815869856
412.5 317.5 0.00003101464216662394
-782.5 -1452.5 0.000001085879586445234
1097.5 -272.5 0.0000012547018463023757
-1082.5 -402.5 0.0000034517183613511163
-217.5 292.5 0.000011090106987852902
-12.5 -1737.5 0.0000033547134915025232
-1052.5 -552.5 0.0000034355045152555582
-547.5 -1552.5 0.00000108792561856511
1082.5 -392.5 0.000001234658655257012
-532.5 -1607.5 0.0000033427739720190396
352.5 312.5 0.0000310168681972659
1437.5 -807.5 0.00000340652640851717
-1457.5 -792.5 0.000001171366042246534
1057.5 -532.5 0.000001211133833322396
1047.5 237.5 0.0000034520900818354848
-417.5 -1742.5 0.000003353825160671733
1437.5 -812.5 0.0000034057181555389422
-1207.5 -1027.5 0.000001102564328845598
927.5 -1332.5 0.00000333799022586782
-1192.5 -1037.5 0.0000010993155145007387
1267.5 -967.5 0.0000033688677422443514
-652.5 307.5 0.0000012302632354993768
972.5 252.5 0.0000034508765788838283
-1287.5 -947.5 0.0000011243037776030475
-1062.5 7.5 0.0000034632924917930197
342.5 307.5 0.0000034465911769122248
-637.5 312.5 0.000004920399153364538
-1292.5 -942.5 0.0000011263533209400693
457.5 317.5 0.000031012913912625544
517.5 -1562.5 0.0000033413306056870564
1137.5 -1097.5 0.0000033433592470317228
982.5 252.5 0.00001380422430889912
1492.5 -762.5 0.000013666704605040144
722.5 302.5 0.000013788403773233992
-1102.5 227.5 0.000001239365767591249
1022.5 242.5 0.0000034516945464690447
1012.5 -687.5 0.0000011845315834519166
1062.5 232.5 0.0000034523806235301066
832.5 -1417.5 0.0000033391409012394075
1237.5 -997.5 0.0000033622851386605032
1087.5 -362.5 0.00000123968944687904
642.5 312.5 0.000013784750822067858
892.5 -1362.5 0.0000033383338329978203
892.5 267.5 0.0000034497101590013505
-272.5 302.5 0.0000012312332042164852
-1032.5 -617.5 0.0000034276232167705878
547.5 -1552.5 0.000003341212752736601
-752.5 292.5 0.000001231906497143299
-697.5 302.5 0.0000012307900719341878
-492.5 322.5 0.000011061710009357046
-1232.5 -997.5 0.000001109778718251626
-1087.5 -362.5 0.000003455865346192348
-1077.5 -422.5 0.000003449615469186481
967.5 257.5 0.0000034507921330713437
-932.5 262.5 0.000004942133152137779
-602.5 317.5 0.00001106527235035531
277.5 187.5 0.0000012429429060688985
1232.5 -1002.5 0.0000033607413983010523
1332.5 -907.5 0.0000033833661483399292
-22.5 242.5 0.0000034516945464690447
-77.5 262.5 0.000001235349550550795
77.5 262.5 0.0000034501405464568884
572.5 -1547.5 0.0000033410906056848534
-27.5 252.5 0.0000012363899255176607
257.5 -1762.5 0.0000011058218796438618
-1217.5 -1012.5 0.0000011052175092876087
1087.5 -7.5 0.000001254576118180161
462.5 142.5 0.0000012464792481499383
-862.5 277.5 0.0000012339426838932122
-602.5 -1517.5 0.0000033420910454243573
-972.5 -1282.5 0.0000010830903158846528
222.5 197.5 0.0000012419967207961035
-92.5 227.5 0.0000034528080916729863
1042.5 -582.5 0.0000012027620876494487
1082.5 -1157.5 0.0000033382214336049135
1057.5 -522.5 0.000001212811972657276
-1017.5 -1232.5 0.0000010828283460440897
1062.5 -502.5 0.0000012161708499285744
-477.5 322.5 0.0000012291334086802709
47.5 257.5 0.0000034506405164578264
-1097.5 -1142.5 0.000001084458954567594
-1087.5 -17.5 0.0000034640437464383174
-282.5 302.5 0.000004924811032667588
-787.5 -1447.5 0.0000010858778480695638
-412.5 -1572.5 0.0000010884380917603525
1092.5 -47.5 0.0000012567192388067454
-437.5 322.5 0.000004916273405349904
-1097.5 -252.5 0.0000034668475298819505
-647.5 312.5 0.00001106962075349948
312.5 -1762.5 0.0000011056321870347144
942.5 262.5 0.000003450409341505203
762.5 297.5 0.000013790461368502317
697.5 302.5 0.0000034469094069313885
1097.5 -282.5 0.000001253040977231287
697.5 -1502.5 0.0000033404161073499672
-727.5 302.5 0.0000012312332042164852
-1262.5 -972.5 0.000001117514683908715
-477.5 -1567.5 0.0000010882015429231872
432.5 -1722.5 0.0000011027378184370472
-602.5 -1537.5 0.0000010876178457488703
1252.5 -982.5 0.000003365582846717807
-1087.5 -352.5 0.0000034568895542093094
1337.5 -902.5 0.0000033849825133869384
227.5 292.5 0.00003103053262648673
647.5 312.5 0.0000310168681972659
-1137.5 -1097.5 0.0000010892870376439557
1097.5 -147.5 0.0000012620654825242195
-1137.5 -1102.5 0.0000010886982574235245
767.5 -1457.5 0.000003339706227565339
1087.5 -352.5 0.0000012413639921680265
-662.5 312.5 0.00000492006930768211
177.5 -1697.5 0.000003350139046668685
1097.5 -117.5 0.000001260464099577361
62.5 232.5 0.0000012385179092750112
47.5 237.5 0.000001238106626528486
1392.5 -852.5 0.000013586188472687708
907.5 -1347.5 0.000003338072878099285
-997.5 -722.5 0.000003414917396806326
-1192.5 -1042.5 0.0000010983814414707918
-967.5 -1287.5 0.000001083236260322382
627.5 -1532.5 0.000003340829475181451
-917.5 262.5 0.0000012352877578168123
1032.5 -1222.5 0.000003337365001816049
-312.5 307.5 0.000004922611441488182
1092.5 -312.5 0.00000124804711884328
-1097.5 -242.5 0.00000346781768942687
1067.5 -1182.5 0.000003337775416915601
-1087.5 232.5 0.0000012388879118509786
262.5 192.5 0.0000012426058396115231
-617.5 312.5 0.000004919542241965047
-672.5 -1512.5 0.0000010871203867600966
1212.5 -1022.5 0.000003355929997593053
1072.5 -472.5 0.0000012212134700427538
887.5 -1367.5 0.0000033383136527745187
1122.5 -1117.5 0.000003341130776403716
-557.5 -1552.5 0.0000010879234507598514
522.5 -1562.5 0.0000033413300947355734
1332.5 -902.5 0.000003384190132722577
-1082.5 -392.5 0.000003452762534505667
727.5 -1487.5 0.0000033401368726225056
12.5 242.5 0.0000012373757702201155
882.5 272.5 0.000013797933623755836
-187.5 207.5 0.0000034542053446785507
-552.5 322.5 0.000004915693892773431
102.5 -1722.5 0.0000033528967026648283
1062.5 7.5 0.000001254038188498601
-792.5 292.5 0.0000012323978345500859
-1417.5 -827.5 0.0000011613873126781493
287.5 302.5 0.00003102307292001504
-1097.5 -167.5 0.000003469639389004034
-447.5 -1707.5 0.0000033515288439396256
727.5 302.5 0.0000034472238294702186
82.5 262.5 0.000003450096814922409
847.5 -1402.5 0.000003338856740915191
-412.5 317.5 0.000011066485842685948
1062.5 -512.5 0.000001214491027272751
-972.5 252.5 0.0000012363899255176607
-1242.5 -987.5 0.0000011127124087392601
397.5 317.5 0.00003101378039277432
347.5 307.5 0.0000034465354819441447
-1092.5 -77.5 0.000003466288976608593
1482.5 137.5 0.0000034582629425041053
1392.5 162.5 0.00000345707804391638
-452.5 317.5 0.00001106466213615855
-1092.5 -1147.5 0.0000010841840236961515
87.5 267.5 0.000003449942288455062
1062.5 -1182.5 0.0000033376389008185046
1077.5 -442.5 0.000001226257810182359
937.5 -1322.5 0.000003337889255435367
-562.5 322.5 0.000004916273405349904
-147.5 282.5 0.0000012335949626605723
1092.5 227.5 0.0000034528080916729863
632.5 312.5 0.000031016691560866694
752.5 -1467.5 0.000003339850568186573
-292.5 307.5 0.0000012307134774458527
-1012.5 -1237.5 0.000001082935685960325
-297.5 302.5 0.000004923774840167495
-52.5 257.5 0.0000012358202291237055
977.5 -1277.5 0.0000033374552878328883
872.5 277.5 0.000003449272386520599
52.5 237.5 0.0000012383084940164561
-1077.5 -1172.5 0.000001083457732423527
-482.5 322.5 0.000011062033746608779
1047.5 -1202.5 0.0000033374628051846323
-677.5 312.5 0.0000012302348716344716
1092.5 -77.5 0.0000012583253448896716
-667.5 307.5 0.000004921414272819468
-262.5 302.5 0.0000012312346886045007
407.5 317.5 0.000013783131159443132
27.5 252.5 0.0000034508765788838283
952.5 -1307.5 0.0000033376680613853635
-507.5 322.5 0.000011061710009357048
-217.5 202.5 0.0000034546026161329233
477.5 322.5 0.000003445733182739528
-822.5 282.5 0.0000012330560551179894
1057.5 -1192.5 0.000003337540461393744
-462.5 317.5 0.000011063511033139436
417.5 -1742.5 0.00000110398854541115
1127.5 -1112.5 0.0000033415034793236828
-1172.5 212.5 0.0000012408411646477643
22.5 242.5 0.0000012375468813910935
-572.5 -1547.5 0.0000010877769419205193
1097.5 -167.5 0.0000012631317459575795
-942.5 262.5 0.0000012357294144434447
172.5 282.5 0.00000344863645336422
-352.5 312.5 0.000011069620753499481
-372.5 312.5 0.000004919061919399305
1102.5 -1142.5 0.000003339131263221918
-1492.5 -762.5 0.000004724308271530181
102.5 227.5 0.000001239365767591249
-172.5 282.5 0.0000012332255556299775
1052.5 237.5 0.0000034522326956930786
-252.5 297.5 0.0000049258155655230496
-542.5 -1587.5 0.000003341552778419186
1007.5 -692.5 0.0000011828923195395838
427.5 317.5 0.00003101236138034462
-1247.5 -982.5 0.000001113627122412566
602.5 -1537.5 0.000003340961366635394
1457.5 -792.5 0.000003409765612732171
-1347.5 -892.5 0.0000011414155618322493
1092.5 -332.5 0.0000012447087861560068
1277.5 -957.5 0.0000033713534240162593
-1227.5 -1002.5 0.0000011080019537469528
707.5 307.5 0.0000034468550529680307
1477.5 -777.5 0.000003413826739299228
-277.5 -1662.5 0.0000010934359642498718
-547.5 122.5 0.0000034589945912519807
472.5 317.5 0.000031011906746431905
882.5 47.5 0.0000012523237560500851
557.5 -1552.5 0.000003341211448622057
-1132.5 217.5 0.0000012400831247031712
262.5 297.5 0.00001378941919993303
872.5 272.5 0.0000034494105068702604
-672.5 307.5 0.0000049221063886060255
1142.5 -1092.5 0.000003343806365689133
1217.5 202.5 0.0000034546026161329233
-1352.5 -887.5 0.00000114244244678074
-647.5 -1522.5 0.0000010872901307009695
-617.5 -1532.5 0.0000010874606004929975
1097.5 -127.5 0.0000012609981734832104
-752.5 -1467.5 0.0000010862389788755445
317.5 307.5 0.000031019813374286586
-577.5 -1547.5 0.000001087773826982111
962.5 -1297.5 0.0000033375874508267296
112.5 -1762.5 0.0000011060729316046367
-437.5 147.5 0.0000034576773565438536
1247.5 -982.5 0.0000033648046918638255
897.5 -1357.5 0.0000033381905853845615
277.5 302.5 0.000013788403773233992
492.5 322.5 0.00003101125009439758
147.5 217.5 0.0000012403079050159664
72.5 232.5 0.0000012387348136144126
-1072.5 -452.5 0.0000034464255929188027
-847.5 -1402.5 0.0000010849870225510956
252.5 -1662.5 0.0000033467916437834747
862.5 -1392.5 0.0000033387191045784114
1072.5 232.5 0.000003452533821891814
1087.5 -17.5 0.0000012551120101721283
1352.5 172.5 0.0000034565180798354903
952.5 257.5 0.0000034506405164578264
-907.5 -1352.5 0.000001084160681259669
-1037.5 -597.5 0.0000034298930290096685
1227.5 -1007.5 0.0000033590233310965156
-1262.5 192.5 0.0000012426058396115231
-762.5 292.5 0.000004928226363389675
362.5 312.5 0.000013785677799987405
-237.5 297.5 0.000004927140597839439
-457.5 317.5 0.0000110640523819308
-112.5 -1762.5 0.00000335591004124455
932.5 -1327.5 0.0000033378559986840753
602.5 317.5 0.00003101378039277431
1082.5 -402.5 0.0000012329797574075478
-1077.5 -432.5 0.0000034485568588233545
-17.5 252.5 0.000004946574986513557
-682.5 307.5 0.000011073769484681708
-1362.5 -877.5 0.0000011455218758190653
-7.5 247.5 0.0000013452018873078207
-1282.5 -952.5 0.0000011233429368324792
-287.5 302.5 0.00001107836240487372
1372.5 -867.5 0.00000339293789353412
-1237.5 -997.5 0.0000011106825618649752
972.5 -1282.5 0.0000033373999796726336
-557.5 322.5 0.000011060940545552694
-1057.5 -532.5 0.000003437722271078557
1462.5 -792.5 0.0000034105768393310742
102.5 267.5 0.00000344973018762314
1072.5 -462.5 0.0000012228949145610807
-227.5 292.5 0.000011088878965373331
772.5 -1457.5 0.0000033397075940530533
-47.5 257.5 0.0000012360561836869946
-992.5 247.5 0.0000012369095932391872
-627.5 -1482.5 0.0000033455883121861344
-492.5 -1652.5 0.0000033472043247188967
-1222.5 -1012.5 0.000001106055138138159
837.5 -1412.5 0.000003338994290345357
-1232.5 -1002.5 0.0000011088832440495701
-222.5 197.5 0.000003454835286400578
1097.5 -202.5 0.0000012646746579858288
-157.5 277.5 0.0000012336341376827634
1067.5 -492.5 0.0000012178512944512993
-807.5 287.5 0.0000012329070682470138
-857.5 -1397.5 0.0000010849940156625106
-1047.5 -1202.5 0.0000010830066831943018
127.5 272.5 0.0000034494105068702604
-407.5 317.5 0.000004916812965444171
-467.5 -1567.5 0.0000010882003399145992
312.5 177.5 0.0000012436370770410724
562.5 -1547.5 0.0000033410922763200578
1217.5 -1012.5 0.000003357561876398829
162.5 212.5 0.0000012405465330987036
-162.5 212.5 0.000003453812651742467
-347.5 -1622.5 0.0000010903024867132795
1452.5 -797.5 0.0000034089549321987837
192.5 287.5 0.0000034484107518524726
-437.5 -1572.5 0.000001088322004820441
752.5 297.5 0.000013790252167276611
-32.5 257.5 0.0000012362705293727657
-512.5 322.5 0.00001106183721673641
-1412.5 -832.5 0.000004639023988725142
-587.5 -1542.5 0.000003340952805239683
-402.5 -1572.5 0.0000010884340368756212
-1472.5 -777.5 0.000001175901887333941
447.5 -1707.5 0.0000011012831645672252
-597.5 317.5 0.000011063911858914095
-522.5 -1562.5 0.00000108806772093927
-1252.5 -977.5 0.00000111565927605385
-1032.5 -1222.5 0.000001082931493179728
-612.5 107.5 0.0000034597152953773542
-1162.5 -1072.5 0.000001092808804951822
-737.5 302.5 0.0000012312346886045007
-372.5 -1767.5 0.0000033551639777869205
-1067.5 -492.5 0.000003442108560922727
622.5 317.5 0.00003101422353167936
-767.5 -1457.5 0.000001086059228948796
627.5 -1482.5 0.0000010923686131237071
1387.5 -857.5 0.000003395341664300248
1162.5 -1072.5 0.000003346561188671601
-577.5 317.5 0.000011064276503307397
-1037.5 -1212.5 0.0000010829584592931607
52.5 257.5 0.0000034504735941145053
1287.5 -942.5 0.000003374602185299764
-302.5 307.5 0.000004922553767507606
-852.5 282.5 0.0000012335949626605723
492.5 137.5 0.0000012469410497836594
412.5 -1572.5 0.0000033416429124431928
1202.5 202.5 0.0000034543994498927095
1257.5 -972.5 0.000003367307762818173
1277.5 -952.5 0.0000033721367649909136
617.5 312.5 0.000013785069407382681
1147.5 -1087.5 0.000003344264841451932
552.5 322.5 0.000013782336191650105
-1097.5 -127.5 0.00000346815330320651
-772.5 292.5 0.000011088878965373333
482.5 322.5 0.00003101148006484096
877.5 -1372.5 0.000003338441610027396
462.5 -1692.5 0.0000010996409078189782
-202.5 -1757.5 0.000003355478715519154
-612.5 -1537.5 0.0000010876135009259195
12.5 -1737.5 0.0000011044342894295253
157.5 282.5 0.0000034487985156572227
597.5 317.5 0.00003101281412902576
-532.5 -1552.5 0.000001087928954056176
1027.5 -1222.5 0.0000033372682112376514
1302.5 -932.5 0.0000033769624843171726
592.5 317.5 0.000013783131159443132
922.5 -1337.5 0.0000033379603117210315
-862.5 272.5 0.000001234132906653182
-717.5 -1487.5 0.0000010865987290196133
-212.5 287.5 0.0000012325294335070642
-697.5 -1502.5 0.0000010869399728055354
1047.5 -562.5 0.0000012061063943565908
-1327.5 172.5 0.000001244010633717898
957.5 -1302.5 0.0000033377094754636463
-522.5 317.5 0.0000049165995277540314
372.5 -1767.5 0.0000011055658713252564
-1087.5 -27.5 0.0000034644184405352602
-477.5 -1672.5 0.00000334862784164151
1327.5 172.5 0.0000034562539727966766
842.5 282.5 0.0000034487985156572227
-1007.5 -1247.5 0.0000010829655797136947
1277.5 187.5 0.0000034555020329997174
-922.5 -1337.5 0.000001083840280871105
837.5 282.5 0.000003448835292074507
-422.5 317.5 0.000011064276503307397
-1097.5 -157.5 0.000003469268298520143
-1082.5 -412.5 0.0000034506693217393054
-1092.5 -312.5 0.000003460934948963077
737.5 302.5 0.0000034472248839006196
-492.5 -1567.5 0.0000010882029178496767
-1032.5 242.5 0.000001237725764235236
-317.5 -1637.5 0.0000010915983006301172
-567.5 317.5 0.0000012291824610629198
532.5 -1607.5 0.0000010906210159736166
1092.5 -67.5 0.0000012577901363598599
-347.5 307.5 0.0000012302632354993768
372.5 317.5 0.0000034461136764889807
817.5 282.5 0.0000034485740626317494
692.5 307.5 0.0000034466953344943426
1262.5 192.5 0.0000034552645564799737
-592.5 -1537.5 0.000001087621869649851
492.5 -1567.5 0.000003341442409183165
252.5 297.5 0.000013789521546117626
-1212.5 -1017.5 0.0000011043942268956835
-962.5 -1287.5 0.0000010831846162243923
-827.5 -1422.5 0.0000010853394498532132
1032.5 -627.5 0.000001194435835819345
202.5 202.5 0.0000012413785111209457
797.5 -1447.5 0.0000033395657314037104
1282.5 -952.5 0.000003372922114732848
-812.5 -1427.5 0.0000010855184309854722
1087.5 -372.5 0.0000012380136267369588
922.5 262.5 0.0000034501405464568884
-787.5 287.5 0.0000012325294335070642
1082.5 -412.5 0.0000012313000909694515
