0 297.95639032550974
-4.410035611288001 297.9165912161799
-8.817054545423925 297.79723129059295
-13.218042177082149 297.59842270813516
-17.609987983228137 297.32035224131255
-21.989887590852042 296.9632810363646
-26.577785605306644 297.67170960972476
-30.96140369608339 297.1511406784739
-35.32384289174384 296.5517968457095
-39.994960671049746 296.9956598762397
-44.34228828225335 296.23095715666966
-49.064227072687004 296.4896909903953
-53.38359244511503 295.5585235136452
-58.142379217773 295.62743241957617
-62.93176323162086 295.593158779194
-67.20217959207157 294.40444949584133
-72.0065524239833 294.17370574673976
-76.82987635256433 293.83546250118724
-81.66803788219048 293.3881752210933
-86.5168676412834 292.8304089728249
-91.3721437961454 292.1608397850962
-96.22959552879861 291.3782558831607
-101.86143835428904 291.4043387556644
-106.74129453099306 290.37092553334656
-112.44775093122382 290.0993960415547
-117.33018564631458 288.8083394280496
-123.08892373880654 288.2296024065316
-128.87957592356187 287.4816035368196
-134.6956987870688 286.5616375060808
-140.53075480587216 285.46718542679076
-146.37811847609174 284.1959174554683
-153.26530715316466 283.44490103169915
-160.2019991831726 282.4557679642563
-167.1791808809461 281.22470962546276
-174.18771024994365 279.7481922790697
-181.21832601423594 278.0229609891889
-189.4151461211106 276.59555918224635
-198.83334050248402 275.367816557047
-207.1316782067472 273.26778191929816
-216.66720652958023 271.293555355798
-227.48499081672514 269.3412756496347
-238.37193098379555 266.9195562071106
-250.5808839766227 264.37323008280646
-264.14371841358326 261.5925055158796
-279.0868993157577 258.4655494273614
-295.43141904698797 254.87873455395214
-314.52381669136736 250.92509527906387
-336.4127488410118 246.3787671171247
-359.7798034064914 240.87594099497113
-388.71935492449234 234.59042936814558
-421.93310695600655 227.00553990876483
-462.22281532723713 217.8203471152554
-512.4396768641359 206.43165662291997
-575.4657487538146 191.93318706452524
-658.4204539934782 172.84987458513964
-771.3104441629572 146.71008903076
-935.5386099026869 108.72159118099837
NaN NaN
NaN NaN
NaN NaN
-1128.8634690159347 -283.8112786301375
-1115.2187893218206 -300.3854799784286
-1102.6767350375933 -320.41360987153035
-1092.2347090287099 -340.66643311377265
-1082.9917291327242 -361.278034032709
-1075.2756689791972 -382.5399551740258
-1068.8322473818716 -404.4188490492052
-1062.4561581052067 -426.8181349997479
-1057.268346563602 -449.34835503317686
-1051.9152372461342 -472.25866025237144
-1047.5305364642377 -495.3774980488949
-1044.023698174425 -518.8116467632643
-1040.0805779106474 -542.6929981282098
-1036.862907765936 -567.0034226588721
-1033.0778765988614 -591.7754943175067
-1029.887106054143 -617.0828559105147
-1027.2198687610787 -643.0212442406607
-1023.8109547336142 -669.4754783440857
-1021.9805576609161 -696.9022173275907
-1019.279383225367 -724.9271175475778
-1016.820667462237 -753.8375754660573
-1014.5216872546719 -783.7090736587782
-1012.2959426579956 -814.6118563547315
-1010.0531983009647 -846.6105867129091
-1008.7830091617808 -880.2708222594755
-1007.2638109134941 -915.2178521729666
-1005.3916034315727 -951.4946582025617
-1003.0596397307102 -989.1371005023619
-1002.1777828795858 -1029.4942792325264
-996.8521707233604 -1068.626949058849
-970.9905291129351 -1093.7952578313168
-944.5699098719331 -1118.271611382851
-917.5975294921536 -1142.0491367156258
-890.0821902063747 -1165.1195698629867
-862.0341287264896 -1187.4736068107113
-833.4648435105403 -1209.1011805310925
-804.387030045822 -1229.9917082380346
-774.8143769019192 -1250.1342518924307
-744.7615836519246 -1269.517707000315
-714.24417129338 -1288.1308938578884
-683.278547576809 -1305.9627289007885
-651.8817774632989 -1323.0022313676498
-620.0716532628823 -1339.2386690042028
-587.8665734552246 -1354.6615818189175
-555.285561849954 -1369.2608919686882
-522.3481134178046 -1383.0268586330787
-489.0742800989175 -1395.9502342902624
-455.4845007034604 -1408.022168326545
-421.59969223000627 -1419.2343759334315
-387.44112827227747 -1429.5790723705043
-353.03042742009717 -1439.0490155713487
-318.3895338042122 -1447.63754798387
-283.5406716593053 -1455.3385942236446
-248.50631433173976 -1462.1466690892673
-213.30916814258006 -1468.0569226756024
-177.97213091683312 -1473.0651275727273
-142.5182608876852 -1477.1676684243907
-106.97076374364734 -1480.3616084751407
-71.35295011644342 -1482.6446450078429
-35.68821303689126 -1484.0151314414238
0 -1484.472069829269
35.68821303689068 -1484.0151314414238
71.35295011644288 -1482.6446450078429
106.97076374364734 -1480.3616084751407
142.51826088768456 -1477.1676684243907
177.9721309168326 -1473.0651275727273
213.30916814258006 -1468.0569226756024
248.50631433173936 -1462.1466690892673
283.54067165930456 -1455.3385942236446
318.3895338042122 -1447.63754798387
353.03042742009666 -1439.0490155713487
387.44112827227707 -1429.5790723705043
421.59969223000627 -1419.2343759334315
455.48450070346007 -1408.0221683265454
489.074280098917 -1395.9502342902626
522.3481134178046 -1383.0268586330787
555.2855618499535 -1369.2608919686884
587.8665734552242 -1354.661581818918
620.0716532628823 -1339.2386690042028
651.8817774632987 -1323.0022313676498
683.278547576809 -1305.9627289007885
714.24417129338 -1288.1308938578884
744.7615836519246 -1269.517707000315
774.8143769019192 -1250.1342518924307
804.387030045822 -1229.9917082380346
833.46484351054 -1209.1011805310925
862.0341287264895 -1187.473606810711
890.0821902063747 -1165.1195698629867
917.5975294921525 -1142.0491367156262
944.5699098719322 -1118.2716113828524
970.9905291129351 -1093.7952578313168
996.8521707233596 -1068.6269490588506
1002.1777828795853 -1029.4942792325269
1003.0596397307099 -989.137100502362
1005.3916034315724 -951.4946582025619
1007.2638109134945 -915.2178521729664
1008.7830091617808 -880.2708222594755
1010.0531983009647 -846.6105867129091
1012.2959426579955 -814.6118563547319
1014.5216872546719 -783.7090736587782
1016.8206674622363 -753.8375754660577
1019.279383225367 -724.9271175475778
1021.9805576609161 -696.9022173275907
1023.8109547336142 -669.4754783440857
1027.2198687610787 -643.0212442406608
1029.8871060541433 -617.0828559105142
1033.0778765988614 -591.7754943175067
1036.8629077659355 -567.0034226588732
1040.0805779106474 -542.6929981282098
1044.023698174425 -518.8116467632643
1047.530536464237 -495.3774980488961
1051.9152372461338 -472.2586602523732
1057.268346563602 -449.3483550331765
1062.4561581052055 -426.8181349997504
1068.8322473818716 -404.4188490492052
1075.2756689791972 -382.5399551740258
1082.9917291327242 -361.278034032709
1092.2347090287099 -340.66643311377265
1102.6767350375933 -320.41360987153035
1115.2187893218206 -300.3854799784286
1128.8634690159347 -283.8112786301375
NaN NaN
NaN NaN
NaN NaN
935.5386099026871 108.72159118099657
771.3104441629572 146.71008903076
658.4204539934782 172.84987458513964
575.4657487538146 191.93318706452524
512.439676864136 206.4316566229195
462.22281532723724 217.82034711525526
421.93310695600655 227.00553990876463
388.71935492449234 234.59042936814558
359.7798034064914 240.87594099497113
336.4127488410118 246.3787671171247
314.52381669136736 250.9250952790638
295.43141904698797 254.87873455395217
279.08689931575776 258.4655494273613
264.14371841358326 261.5925055158796
250.5808839766227 264.37323008280646
238.37193098379555 266.9195562071106
227.48499081672526 269.34127564963455
216.66720652958026 271.2935553557979
207.1316782067472 273.2677819192981
198.83334050248402 275.367816557047
189.4151461211106 276.59555918224635
181.21832601423594 278.0229609891889
174.18771024994373 279.7481922790696
167.17918088094612 281.22470962546276
160.2019991831726 282.45576796425627
153.26530715316466 283.44490103169915
146.37811847609174 284.1959174554683
140.53075480587216 285.46718542679076
134.69569878706892 286.56163750608073
128.87957592356193 287.48160353681885
123.08892373880657 288.2296024065316
117.33018564631458 288.8083394280496
112.44775093122382 290.0993960415547
106.74129453099306 290.37092553334656
101.8614383542891 291.4043387556643
96.22959552879864 291.3782558831607
91.37214379614541 292.1608397850962
86.5168676412834 292.8304089728249
81.66803788219048 293.3881752210933
76.82987635256433 293.83546250118724
72.00655242398336 294.17370574673976
67.20217959207162 294.40444949584133
62.93176323162089 295.59315877919397
58.142379217773 295.62743241957617
53.38359244511503 295.5585235136452
49.064227072687004 296.4896909903953
44.3422882822534 296.2309571566696
39.99496067104979 296.9956598762397
35.323842891743894 296.5517968457095
30.96140369608339 297.1511406784739
26.577785605306644 297.67170960972476
21.989887590852042 296.9632810363646
17.60998798322818 297.32035224131255
13.218042177082191 297.59842270813516
8.81705454542397 297.79723129059295
4.410035611288001 297.9165912161799
