0 289.7243903255093
-4.36099083543312 289.6847373174543
-8.718998606553694 289.5658153107723
-13.071042277839078 289.36773531098453
-17.414144870000314 289.09068217046456
-21.745335484726745 288.73491435351707
-26.28469211008172 289.4449289390702
-30.61996968340021 288.9262244591441
-34.93430236341966 288.32901859400016
-39.5575805987046 288.7752874593521
-43.857368424341274 288.01325207974
-48.53209976905623 288.2749076985049
-52.80462238923923 287.3469087105506
-57.51696320680816 287.4192244048364
-62.26032989446085 287.3885868053642
-66.48518909558659 286.20373314737816
-71.24449615764547 285.97705434223724
-76.02327659167264 285.64307452052316
-80.81744742993081 285.20023775903803
-85.62286944986386 284.6470972206225
-90.43535056726984 283.9823165414821
-95.2506492937526 283.2046710962462
-100.84101003392233 283.23582909704237
-105.6800834759049 282.2076140057516
-111.34648444246307 281.9413916213105
-116.18961847692286 280.65573674350054
-121.90983757654918 280.08248145358345
-127.66277885519776 279.3400294326049
-133.4420247445285 278.42566028173627
-139.24106299472118 277.33683986019554
-145.05329278667688 276.0712229447392
-151.9062555548366 275.3258615101124
-158.8096531020108 274.3423718571827
-165.7544945614046 273.11692984978345
-172.73166010086223 271.64598628543115
-179.73190993965468 269.92627084733334
-187.89938283635908 268.50431170953846
-197.28926883600377 267.28192349018144
-205.56035638813069 265.18714012904775
-215.06971146431172 263.2180471045211
-225.86241734812654 261.2707688911343
-236.72539114267204 258.8539049282869
-248.91150621913576 256.31227468640327
-262.45264684786054 253.5360732434895
-277.37529291777844 250.41345482170783
-293.7004508662811 246.83077995931257
-312.77467304706084 242.88107137857824
-334.6466285087868 238.33845350557277
-357.9979167970056 232.8391067854747
-386.92292325381845 226.55683383111477
-420.12336140867944 218.97493314128246
-460.400996212455 209.7924707389639
-510.6070327657193 198.40624450835892
-573.6235356744868 183.90996607976186
-656.5699344940605 164.82856536642234
-769.4528864970795 138.69040677284357
-933.6752871475869 100.70324644468697
NaN NaN
NaN NaN
NaN NaN
-1121.4302128953427 -269.1968776579865
-1108.2128703194755 -286.08912589868544
-1096.129956865353 -306.47648667704726
-1086.099502134136 -327.0671431836261
-1077.2302237040822 -347.99896178346967
-1069.8594806330495 -369.56891499878094
-1063.7354642578575 -391.7436027839387
-1057.6544325438156 -414.4257472686029
-1052.7360053603795 -437.2220348893114
-1047.6324408801588 -460.38593926670666
-1043.4782358591542 -483.74499893650426
-1040.1859537168775 -507.4081724650723
-1036.4440600835749 -531.5094159433723
-1033.4153915017932 -556.0309908857936
-1029.808418313641 -581.0062807795663
-1026.7860537367462 -606.5099650169689
-1024.2787261032224 -632.6388292871796
-1021.0212641380822 -659.2770713563765
-1019.3362308562295 -686.8847617293172
-1016.7731119973371 -715.0849866897306
-1014.4465298139534 -744.1671274727663
-1012.274168389432 -774.2070625733527
-1010.1698515101366 -805.2753351292284
-1008.0436028103331 -837.4368245262864
-1006.886288204362 -871.259734496446
-1005.475366871432 -906.3670553967154
-1003.7069611481659 -942.8017567325466
-1001.4744341874879 -980.5996540421505
-996.6975138469836 -1018.4622473585237
-971.9946630517039 -1043.6957667395666
-946.7455389018903 -1068.2545099921967
-920.9551095969376 -1092.1342440321325
-894.6301531936002 -1115.328860285372
-867.7790201840863 -1137.8308169944046
-840.4114822781739 -1159.631493689237
-812.5385597867739 -1180.72147116379
-784.172457068864 -1201.0907811671166
-755.3263588193962 -1220.729068933816
-726.0144482397941 -1239.625783650883
-696.2517177778296 -1257.7702710940248
-666.0540347654317 -1275.1519461064554
-635.4379122764793 -1291.760300220948
-604.4205796298672 -1307.5850481202056
-573.0198616436435 -1322.6161520319454
-541.2541982167988 -1336.843932110784
-509.14249065229774 -1350.2590217506997
-476.70418790829444 -1362.852524156848
-443.9591170363757 -1374.6159162557872
-410.9275749741732 -1385.541217752838
-377.6302075082078 -1395.620925580556
-344.0879982117577 -1404.848056617195
-310.32224954121637 -1413.2161896064345
-276.35453797161875 -1420.7194628797665
-242.2066835833609 -1427.3525824173646
-207.90073450809118 -1433.1108669768503
-173.45892605884322 -1437.9902353172497
-138.90365023936818 -1441.9871957734722
-104.25744339551257 -1445.0989127832934
-69.54294432426252 -1447.3231623438987
-34.78287234745462 -1448.658354100757
0 -1449.1035238478748
34.78287234745407 -1448.658354100757
69.54294432426202 -1447.3231623438987
104.25744339551257 -1445.0989127832934
138.90365023936758 -1441.9871957734722
173.4589260588427 -1437.9902353172497
207.90073450809118 -1433.1108669768503
242.2066835833605 -1427.3525824173646
276.354537971618 -1420.7194628797665
310.32224954121637 -1413.2161896064345
344.0879982117572 -1404.848056617195
377.63020750820743 -1395.620925580556
410.9275749741732 -1385.541217752838
443.95911703637535 -1374.6159162557876
476.70418790829393 -1362.8525241568482
509.14249065229774 -1350.2590217506997
541.2541982167984 -1336.8439321107842
573.019861643643 -1322.6161520319458
604.4205796298672 -1307.5850481202056
635.4379122764792 -1291.760300220948
666.0540347654317 -1275.1519461064554
696.2517177778296 -1257.7702710940248
726.0144482397941 -1239.625783650883
755.3263588193962 -1220.729068933816
784.172457068864 -1201.0907811671166
812.5385597867737 -1180.72147116379
840.4114822781738 -1159.6314936892368
867.7790201840863 -1137.8308169944046
894.6301531935992 -1115.3288602853725
920.9551095969367 -1092.134244032134
946.7455389018903 -1068.2545099921967
971.9946630517031 -1043.6957667395677
996.697513846983 -1018.4622473585242
1001.4744341874876 -980.5996540421506
1003.7069611481656 -942.8017567325468
1005.4753668714324 -906.3670553967153
1006.886288204362 -871.259734496446
1008.0436028103331 -837.4368245262864
1010.1698515101365 -805.2753351292289
1012.274168389432 -774.2070625733527
1014.4465298139528 -744.1671274727668
1016.7731119973371 -715.0849866897306
1019.3362308562295 -686.8847617293172
1021.0212641380822 -659.2770713563765
1024.2787261032224 -632.6388292871798
1026.7860537367465 -606.5099650169684
1029.808418313641 -581.0062807795663
1033.4153915017928 -556.0309908857947
1036.4440600835749 -531.5094159433723
1040.1859537168775 -507.4081724650723
1043.4782358591535 -483.74499893650545
1047.6324408801584 -460.3859392667084
1052.7360053603795 -437.222034889311
1057.6544325438144 -414.42574726860545
1063.7354642578575 -391.7436027839387
1069.8594806330495 -369.56891499878094
1077.2302237040822 -347.99896178346967
1086.099502134136 -327.0671431836261
1096.129956865353 -306.47648667704726
1108.2128703194755 -286.08912589868544
1121.4302128953427 -269.1968776579865
NaN NaN
NaN NaN
NaN NaN
933.6752871475871 100.70324644468516
769.4528864970795 138.69040677284357
656.5699344940605 164.82856536642234
573.6235356744868 183.90996607976186
510.60703276571934 198.40624450835844
460.40099621245514 209.79247073896377
420.12336140867944 218.97493314128226
386.92292325381845 226.55683383111477
357.9979167970056 232.8391067854747
334.6466285087868 238.33845350557277
312.77467304706084 242.88107137857818
293.7004508662811 246.8307799593126
277.3752929177785 250.41345482170772
262.45264684786054 253.5360732434895
248.91150621913576 256.31227468640327
236.72539114267204 258.8539049282869
225.86241734812666 261.27076889113414
215.06971146431175 263.21804710452096
205.56035638813069 265.1871401290477
197.28926883600377 267.28192349018144
187.89938283635908 268.50431170953846
179.73190993965468 269.92627084733334
172.7316601008623 271.64598628543104
165.75449456140464 273.11692984978345
158.8096531020108 274.3423718571826
151.9062555548366 275.3258615101124
145.05329278667688 276.0712229447392
139.24106299472118 277.33683986019554
133.44202474452862 278.4256602817362
127.6627788551978 279.3400294326042
121.90983757654921 280.08248145358345
116.18961847692286 280.65573674350054
111.34648444246307 281.9413916213105
105.6800834759049 282.2076140057516
100.8410100339224 283.23582909704226
95.25064929375263 283.2046710962462
90.43535056726985 283.9823165414821
85.62286944986386 284.6470972206225
80.81744742993081 285.20023775903803
76.02327659167264 285.64307452052316
71.24449615764554 285.97705434223724
66.48518909558663 286.20373314737816
62.26032989446088 287.3885868053641
57.51696320680816 287.4192244048364
52.80462238923923 287.3469087105506
48.53209976905623 288.2749076985049
43.857368424341324 288.01325207973997
39.55758059870464 288.7752874593521
34.93430236341972 288.32901859400016
30.61996968340021 288.9262244591441
26.28469211008172 289.4449289390702
21.745335484726745 288.73491435351707
17.414144870000356 289.09068217046456
13.07104227783912 289.36773531098453
8.718998606553738 289.5658153107723
4.36099083543312 289.6847373174543
