-500 1044.7322016569674 0.997285741723135
-508.9507292122614 1044.677676139043 0.9972857692170637
-517.8953294966658 1044.5141727663354 0.9972858516601242
-526.8276761109397 1044.2419109528255 0.997285988936218
-535.7416526811647 1043.8612559578842 0.9972861808521062
-544.6311553787776 1043.3727182408345 0.9972864271377962
-553.4900970893701 1042.776952558135 0.9972867274470839
-562.3124115698462 1042.0747568041324 0.9972870813582466
-571.0920575917312 1041.2670705963183 0.9972874883748897
-579.8230230674724 1040.3549736068321 0.9972879479269416
-588.4993291570339 1039.3396836413954 0.9972884593717986
-597.1150343520424 1038.222554468134 0.9972890219956135
-605.664238534766 1037.0050733982446 0.9972896350147301
-618.9004604778528 1046.461625334414 0.9972848695211972
-627.6494462320029 1044.9139587678176 0.997285650071793
-636.3110404081125 1043.2616591032927 0.9972864831224433
-644.879312066316 1041.5068130253405 0.9972873675686503
-653.348393957319 1039.651631261687 0.9972883022416966
-661.7124865297704 1037.6984446873582 0.9972892859109511
-669.9658618921405 1035.649700204377 0.9972903172862977
-678.102867726105 1033.507956402464 0.9972913950206795
-686.117931148983 1031.2758790072664 0.9972925177127548
-694.0055625228637 1028.9562361228686 0.9972936839096577
-709.8361156636934 1035.5635047755725 0.9972903606692463
-717.757927654664 1032.8528829458692 0.9972917245627955
-725.5306692415528 1030.0552636699667 0.9972931314437016
-733.1490160588568 1027.1739261862074 0.9972945795902317
-740.6077490842196 1024.2122309979256 0.9972960672415844
-747.9017582089922 1021.1736139703095 0.9972975926012524
-764.8407383476949 1025.6044815793143 0.9972953680293495
-772.0583551884746 1022.1507923236626 0.9972971021687439
-779.0897404157184 1018.6235783483942 0.9972988719712872
-785.9300748110559 1015.0266993710405 0.9973006754241113
-803.4168038869468 1017.7770404745077 0.9972992965386307
-810.1005419854965 1013.752834215053 0.9973013138164945
-816.5720201663345 1009.6642707631603 0.997303361668668
-834.36215381257 1011.0105782749347 0.997302687526902
-840.6123126034885 1006.4873325233377 0.9973049517390545
-858.5872182359769 1006.7593087659075 0.997304815653984
-864.5672547063615 1001.795294753701 0.9973072982479513
-882.6458299031123 1000.9654088230436 0.9973077130450164
-888.3065547197015 995.5572241664895 0.997310414475653
-906.4063811307923 993.6023495361404 0.9973113902213057
-924.5679315630283 990.9031926840693 0.997312736827733
-942.7616214736626 987.4512335800771 0.9973144579315025
-960.957640103475 983.2388551097038 0.9973165565376895
-979.125980217232 978.2593500753989 0.9973190350127727
-997.2364680006582 972.5069276357967 0.9973218950789777
NaN NaN NaN
NaN NaN NaN
NaN NaN NaN
NaN NaN NaN
NaN NaN NaN
NaN NaN NaN
NaN NaN NaN
NaN NaN NaN
NaN NaN NaN
NaN NaN NaN
NaN NaN NaN
NaN NaN NaN
-1442.3265900066415 -1275.3295619074038 0.9969199964058699
-1429.657136055499 -1280.366568340003 0.9969229221596987
-1416.6662214526148 -1285.988370135352 0.9969261840706671
-1404.3836839825567 -1291.684845935293 0.9969294855237267
-1392.521617478195 -1297.4854346702257 0.9969328434053669
-1380.8976454602378 -1303.402244828763 0.9969362645048111
-1369.388787343035 -1309.4383114901393 0.9969397503371481
-1357.9084232071618 -1315.591475535485 0.9969432994105011
-1346.3885177225789 -1321.8588115791117 0.9969469097938132
-1347.0899679841561 -1326.8001107071327 0.9969497530671099
-1335.061901850497 -1333.542896390805 0.996953628346966
-1322.869506625086 -1340.3812994647408 0.9969575531804572
-1310.5049018219534 -1347.296967444048 0.9969615168359993
-1309.6336751915587 -1353.7236397642127 0.9969651952555396
-1296.715887273805 -1360.9817138852757 0.9969693437909312
-1283.5965460492716 -1368.2778102804666 0.9969735079185382
-1281.437559287249 -1375.7689922388047 0.996977776992088
-1267.7117771761411 -1383.3403873289014 0.9969820852026928
-1264.5986391484048 -1391.5852131763438 0.9969867690972087
-1250.2382979434938 -1399.3869050855058 0.9969911940524968
-1246.134750845829 -1408.3481135873571 0.9969962680432909
-1231.1153859976353 -1416.332612257133 0.9970007812548467
-1225.988973181085 -1425.9655386916543 0.9970062165325465
-1220.2524527976013 -1436.05569760532 0.9970118984428679
-1213.8939437225235 -1446.590484491187 0.997017818356344
-1197.3005269985417 -1455.0191307850425 0.9970225456620946
-1189.8470043599434 -1466.1174273781478 0.9970287579811724
-1181.7405066641968 -1477.6135761311418 0.9970351782984284
-1172.9680082567763 -1489.4895942751496 0.9970417950903676
-1172.3314444856803 -1505.3855376423046 0.9970506267458198
-1161.9793110518845 -1518.2377760183842 0.9970577465938928
-1150.920626026916 -1531.404204802386 0.9970650213121245
-1147.3230642245867 -1549.3939709495298 0.9970749297277401
-1134.5862705085165 -1563.3819467057513 0.9970826091366088
-1128.8310811094425 -1582.7185895048194 0.9970931892244284
-1121.8474702561477 -1602.8274226543049 0.9971041479795737
-1113.6059868897732 -1623.6616334551704 0.9971154550939053
-1104.0788831685622 -1645.1711519223315 0.9971270787908786
-1093.2396724148991 -1667.3027615145138 0.9971389859589662
-1087.556573777688 -1696.634483045735 0.9971546849396883
-1079.9780429777882 -1727.0547718037221 0.9971708683942497
-1076.4619662126224 -1765.7825107258413 0.9971913277337776
-1064.876287148132 -1798.4971821008776 0.9972084859513484
-1062.3850494980763 -1848.0622136611007 0.9972342663982686
-1051.670653199735 -1891.3832673076977 0.9972565883531312
-1048.3655915921836 -1953.3926068571006 0.9972882012218147
-1041.337439280236 -2017.8951345920427 0.9973206669917493
-1034.895390713334 -2094.121186503977 0.9973584913511172
-1028.0561055744536 -2182.898612275091 0.9974018149618247
-1023.6532849573492 -2295.265665944645 0.99745554668595
-1019.7046336638871 -2433.1069129987786 0.9975198138256322
-965.4455236659855 -2433.5239800287463 0.9975200055738777
-911.5992803806322 -2432.6384400820093 0.9975195984240421
-860.7161321532429 -2441.3946976283755 0.9975236211380214
-807.4478005230644 -2438.005288157619 0.9975220648534681
-756.5017410299987 -2444.397109400529 0.9975249988378794
-703.9529625934246 -2438.5604935027945 0.9975223198551373
-653.0766335881441 -2442.603191929094 0.997524175773587
-602.1044079747006 -2445.4936318652462 0.9975255017845537
-551.0682051906418 -2447.2290147345625 0.9975262975322536
-500 -2447.8076621383857 0.9975265628049219
-448.93179480935913 -2447.2290147345625 0.9975262975322536
-397.89559202530063 -2445.4936318652462 0.9975255017845537
-346.92336641185597 -2442.603191929094 0.997524175773587
-296.0470374065769 -2438.5604935027945 0.9975223198551373
-243.49825897000184 -2444.397109400529 0.9975249988378794
-192.55219947693595 -2438.005288157619 0.9975220648534681
-139.28386784675763 -2441.3946976283755 0.9975236211380214
-88.40071961936843 -2432.6384400820093 0.9975195984240421
-34.554476334013394 -2433.5239800287463 0.9975200055738777
19.704633663886394 -2433.1069129987786 0.9975198138256322
74.3355210133681 -2431.363237078776 0.9975190119884859
129.30058039986815 -2428.2777084976683 0.9975175924015625
184.55762880287122 -2423.830895547644 0.9975155449578558
240.06817499647846 -2418.0105823062727 0.9975128623312574
301.0820721023445 -2421.0010458461757 0.9975142410529169
357.30447123431856 -2412.2536771414007 0.9975102058227437
419.6105328779608 -2412.024375920861 0.9975100999482638
482.64976415069975 -2410.0724269214215 0.997509198482669
546.3653238343869 -2406.3613417212237 0.9975074836164417
610.6989280016037 -2400.8570069263756 0.9975049377315477
675.590912557122 -2393.5277751391363 0.9975015433876679
740.9802971373957 -2384.34456151459 0.9974972833144968
814.6745748627033 -2382.2639803761454 0.9974963170378074
889.344178133875 -2377.9026356857607 0.9974942901948456
964.9071047440204 -2371.2101373993855 0.9974911765197
1041.2778060158748 -2362.139643105312 0.9974869497547222
1046.1656332572677 -2285.486657312941 0.9974509189099453
1047.6734552397745 -2210.912421352097 0.9974153250933201
1055.3576619263276 -2145.940085599763 0.9973838735761839
1060.315482894013 -2082.616147421955 0.997352819705184
1062.6464012193055 -2021.051599834657 0.9973222448741242
1072.4980384439261 -1967.677307855316 0.9972954276441832
1070.0738519842064 -1909.5699887406997 0.9972659012325108
1075.7393423556155 -1859.112440740891 0.9972399788304263
1090.1138205394377 -1815.3115050222368 0.9972172606446199
1092.3097691274254 -1767.334624801829 0.9971921443572694
1092.8402805735482 -1720.856301019399 0.9971675789138754
1102.8278070063673 -1680.1128441163835 0.9971458536610078
1111.6432278254963 -1640.2241469964501 0.9971244099195266
1119.3914759487677 -1601.2038599796485 0.9971032648374749
1125.914624618987 -1563.1617723453874 0.9970824884290909
1130.9718271323352 -1526.2763971621605 0.997062190399765
1134.6236110386146 -1490.6287236929031 0.997042428927124
1148.9176382409032 -1458.2640522229103 0.997024363464991
1150.1111890701172 -1424.9263197854568 0.9970056306741775
1162.388353646654 -1394.2412880218244 0.9969882763517391
1173.8238446912846 -1364.3046396645846 0.9969712410593264
1184.4836205728784 -1335.1796212142426 0.9969545682236983
1194.4500861526865 -1306.9246787776017 0.996938299230356
1203.8197459077896 -1279.5970660183534 0.9969224753860665
1212.7105688342829 -1253.2506151803927 0.9969071365417841
1221.2725671227236 -1227.9327233465413 0.9968923192110299
1242.8559388313997 -1202.2819900759027 0.9968772294046231
1251.516888340209 -1178.786274888562 0.9968633383939511
1274.050454388006 -1154.3429279987818 0.9968488168023227
1284.2156750024485 -1132.958946889419 0.99683605366237
1308.8898352735946 -1110.8596806199896 0.996822805387423
1333.574005181217 -1091.7879725224175 0.9968113243320609
1362.7581237306154 -1073.669968153037 0.9968003762430312
1388.5177936992013 -1061.2868829849317 0.9967928704205296
NaN NaN NaN
NaN NaN NaN
865.4439285830691 772.4241450295168 0.9974193249297294
606.6320960820362 832.319264873799 0.9973905729561824
447.5286537747511 870.0113976995677 0.9973722992579578
331.15444313017275 896.7074781499972 0.997359271769095
243.21857980681898 916.2745879134505 0.9973496782308618
183.50501577456095 930.9711594056026 0.9973424475644901
137.8231360041284 942.8300345099029 0.9973365972896738
92.23817359865566 952.3818636788403 0.9973318748865833
60.50558678772819 960.6216481071527 0.9973277937926412
28.819193410181445 967.3260465407665 0.9973244681216418
-2.7635319993422316 972.5069276357967 0.9973218950789777
-20.874019782769565 978.2593500753987 0.9973190350127727
-39.04235989651658 983.2388551097036 0.9973165565376895
-57.23837852632958 987.451233580077 0.9973144579315025
-75.43206843698205 990.9031926840693 0.997312736827733
-93.59361886919106 993.6023495361404 0.9973113902213057
-111.69344528028165 995.5572241664895 0.997310414475653
-117.35417009689894 1000.9654088230435 0.9973077130450164
-135.4327452936218 1001.7952947537009 0.9973072982479513
-141.412781764023 1006.7593087659073 0.997304815653984
-159.38768739649453 1006.4873325233377 0.9973049517390545
-165.63784618744688 1011.0105782749347 0.997302687526902
-183.42797983366552 1009.6642707631603 0.997303361668668
-189.89945801451736 1013.7528342150529 0.9973013138164945
-196.58319611307024 1017.7770404745077 0.9972992965386307
-214.0699251889591 1015.0266993710404 0.9973006754241113
-220.91025958428168 1018.6235783483942 0.9972988719712872
-227.94164481150958 1022.1507923236626 0.9972971021687439
-235.15926165230508 1025.6044815793143 0.9972953680293495
-252.09824179100752 1021.1736139703095 0.9972975926012524
-259.3922509157974 1024.2122309979256 0.9972960672415844
-266.8509839411434 1027.1739261862072 0.9972945795902317
-274.4693307584471 1030.0552636699667 0.9972931314437016
-282.24207234531906 1032.8528829458692 0.9972917245627955
-290.1638843363067 1035.5635047755725 0.9972903606692463
-305.9944374771534 1028.9562361228686 0.9972936839096577
-313.88206885101704 1031.2758790072664 0.9972925177127548
-321.8971322739119 1033.507956402464 0.9972913950206795
-330.0341381078422 1035.649700204377 0.9972903172862977
-338.2875134702298 1037.6984446873582 0.9972892859109511
-346.651606042681 1039.651631261687 0.9972883022416966
-355.1206879336668 1041.5068130253405 0.9972873675686503
-363.6889595918703 1043.2616591032927 0.9972864831224433
-372.35055376798 1044.9139587678176 0.997285650071793
-381.09953952213004 1046.461625334414 0.9972848695211972
-394.33576146523393 1037.0050733982446 0.9972896350147301
-402.8849656479748 1038.222554468134 0.9972890219956135
-411.5006708429832 1039.3396836413954 0.9972884593717986
-420.17697693252745 1040.3549736068321 0.9972879479269416
-428.9079424082515 1041.2670705963183 0.9972874883748897
-437.68758843013666 1042.0747568041324 0.9972870813582466
-446.5099029106298 1042.776952558135 0.9972867274470839
-455.3688446212223 1043.3727182408345 0.9972864271377962
-464.25834731885175 1043.8612559578842 0.9972861808521062
-473.1723238890602 1044.2419109528255 0.997285988936218
-482.10467050332596 1044.5141727663354 0.9972858516601242
-491.0492707877386 1044.677676139043 0.9972857692170637
500 1044.7322016569674 0.997285741723135
491.0492707877386 1044.677676139043 0.9972857692170637
482.10467050332596 1044.5141727663354 0.9972858516601242
473.17232388906035 1044.2419109528255 0.997285988936218
464.2583473188518 1043.8612559578842 0.9972861808521062
455.3688446212223 1043.3727182408345 0.9972864271377962
446.5099029106298 1042.776952558135 0.9972867274470839
437.68758843013666 1042.0747568041324 0.9972870813582466
428.9079424082515 1041.2670705963183 0.9972874883748897
420.17697693252745 1040.3549736068321 0.9972879479269416
411.50067084298325 1039.3396836413954 0.9972884593717986
402.8849656479748 1038.222554468134 0.9972890219956135
394.33576146523393 1037.0050733982446 0.9972896350147301
381.09953952213004 1046.461625334414 0.9972848695211972
372.35055376798005 1044.9139587678176 0.997285650071793
363.6889595918703 1043.2616591032927 0.9972864831224433
355.12068793366683 1041.5068130253405 0.9972873675686503
346.651606042681 1039.651631261687 0.9972883022416966
338.2875134702298 1037.6984446873582 0.9972892859109511
330.0341381078422 1035.649700204377 0.9972903172862977
321.8971322739119 1033.507956402464 0.9972913950206795
313.8820688510171 1031.2758790072664 0.9972925177127548
305.99443747715344 1028.9562361228686 0.9972936839096577
290.1638843363067 1035.5635047755725 0.9972903606692463
282.24207234531906 1032.8528829458692 0.9972917245627955
274.4693307584471 1030.0552636699667 0.9972931314437016
266.85098394114345 1027.1739261862074 0.9972945795902317
259.39225091579743 1024.2122309979256 0.9972960672415844
252.09824179100764 1021.1736139703095 0.9972975926012524
235.15926165230508 1025.6044815793143 0.9972953680293495
227.94164481150958 1022.1507923236626 0.9972971021687439
220.91025958428168 1018.6235783483942 0.9972988719712872
214.06992518895927 1015.0266993710405 0.9973006754241113
196.58319611307024 1017.7770404745077 0.9972992965386307
189.89945801451748 1013.752834215053 0.9973013138164945
183.42797983366552 1009.6642707631603 0.997303361668668
165.63784618744688 1011.0105782749347 0.997302687526902
159.38768739649453 1006.4873325233377 0.9973049517390545
141.41278176402312 1006.7593087659075 0.997304815653984
135.4327452936218 1001.795294753701 0.9973072982479513
117.35417009689905 1000.9654088230436 0.9973077130450164
111.69344528028165 995.5572241664895 0.997310414475653
93.59361886919106 993.6023495361404 0.9973113902213057
75.43206843698205 990.9031926840693 0.997312736827733
57.23837852632964 987.4512335800771 0.9973144579315025
39.04235989651669 983.2388551097038 0.9973165565376895
20.874019782769622 978.2593500753989 0.9973190350127727
2.7635319993422316 972.5069276357967 0.9973218950789777
-28.819193410181445 967.3260465407665 0.9973244681216418
-60.50558678772819 960.6216481071527 0.9973277937926412
-92.23817359865562 952.3818636788405 0.9973318748865833
-137.8231360041284 942.8300345099032 0.9973365972896738
-183.5050157745609 930.9711594056032 0.9973424475644901
-243.21857980681898 916.2745879134505 0.9973496782308618
-331.15444313017275 896.7074781499972 0.997359271769095
-447.5286537747511 870.0113976995677 0.9973722992579578
-606.632096082036 832.3192648738001 0.9973905729561824
-865.4439285830691 772.4241450295168 0.9974193249297294
NaN NaN NaN
NaN NaN NaN
-1388.5177936992013 -1061.2868829849317 0.9967928704205296
-1362.7581237306154 -1073.669968153037 0.9968003762430312
-1333.574005181217 -1091.7879725224175 0.9968113243320609
-1308.8898352735946 -1110.8596806199896 0.996822805387423
-1284.2156750024485 -1132.958946889419 0.99683605366237
-1274.050454388006 -1154.3429279987818 0.9968488168023227
-1251.516888340209 -1178.786274888562 0.9968633383939511
-1242.8559388314013 -1202.2819900759011 0.9968772294046231
-1221.272567122724 -1227.9327233465401 0.9968923192110299
-1212.7105688342829 -1253.2506151803923 0.9969071365417841
-1203.8197459077899 -1279.5970660183532 0.9969224753860665
-1194.4500861526865 -1306.9246787776017 0.996938299230356
-1184.4836205728784 -1335.1796212142426 0.9969545682236983
-1173.823844691285 -1364.304639664584 0.9969712410593264
-1162.388353646654 -1394.2412880218244 0.9969882763517391
-1150.1111890701184 -1424.9263197854557 0.9970056306741775
-1148.9176382409034 -1458.2640522229099 0.997024363464991
-1134.6236110386146 -1490.6287236929031 0.997042428927124
-1130.9718271323352 -1526.2763971621605 0.997062190399765
-1125.9146246189866 -1563.1617723453883 0.9970824884290909
-1119.3914759487673 -1601.2038599796485 0.9971032648374749
-1111.6432278254977 -1640.224146996449 0.9971244099195266
-1102.8278070063689 -1680.1128441163821 0.9971458536610078
-1092.8402805735482 -1720.856301019399 0.9971675789138754
-1092.3097691274254 -1767.334624801829 0.9971921443572694
-1090.1138205394382 -1815.3115050222364 0.9972172606446199
-1075.7393423556157 -1859.1124407408906 0.9972399788304263
-1070.0738519842064 -1909.5699887406997 0.9972659012325108
-1072.4980384439261 -1967.677307855316 0.9972954276441832
-1062.646401219306 -2021.051599834657 0.9973222448741242
-1060.315482894013 -2082.616147421955 0.997352819705184
-1055.3576619263297 -2145.940085599761 0.9973838735761839
-1047.6734552397759 -2210.9124213520954 0.9974153250933201
-1046.1656332572677 -2285.486657312941 0.9974509189099453
-1041.2778060158755 -2362.139643105312 0.9974869497547222
-964.9071047440209 -2371.2101373993855 0.9974911765197
-889.344178133875 -2377.9026356857607 0.9974942901948456
-814.6745748627052 -2382.263980376144 0.9974963170378074
-740.9802971373962 -2384.3445615145897 0.9974972833144968
-675.590912557122 -2393.5277751391363 0.9975015433876679
-610.6989280016039 -2400.857006926375 0.9975049377315477
-546.3653238343882 -2406.3613417212237 0.9975074836164417
-482.64976415069975 -2410.0724269214215 0.997509198482669
-419.6105328779618 -2412.02437592086 0.9975100999482638
-357.3044712343194 -2412.2536771414 0.9975102058227437
-301.0820721023445 -2421.0010458461757 0.9975142410529169
-240.06817499647912 -2418.0105823062727 0.9975128623312574
-184.55762880287182 -2423.830895547644 0.9975155449578558
-129.30058039986815 -2428.2777084976683 0.9975175924015625
-74.33552101336903 -2431.3632370787755 0.9975190119884859
-19.704633663887133 -2433.1069129987786 0.9975198138256322
34.554476334013394 -2433.5239800287463 0.9975200055738777
88.40071961936782 -2432.6384400820093 0.9975195984240421
139.28386784675644 -2441.3946976283755 0.9975236211380214
192.55219947693595 -2438.005288157619 0.9975220648534681
243.49825897000105 -2444.397109400529 0.9975249988378794
296.04703740657607 -2438.5604935027945 0.9975223198551373
346.92336641185597 -2442.603191929094 0.997524175773587
397.89559202529983 -2445.4936318652462 0.9975255017845537
448.9317948093581 -2447.2290147345625 0.9975262975322536
500 -2447.8076621383857 0.9975265628049219
551.0682051906415 -2447.2290147345625 0.9975262975322536
602.1044079746998 -2445.4936318652462 0.9975255017845537
653.0766335881441 -2442.603191929094 0.997524175773587
703.9529625934233 -2438.5604935027945 0.9975223198551373
756.5017410299978 -2444.397109400529 0.9975249988378794
807.4478005230644 -2438.005288157619 0.9975220648534681
860.716132153242 -2441.3946976283755 0.9975236211380214
911.5992803806315 -2432.6384400820093 0.9975195984240421
965.4455236659855 -2433.5239800287463 0.9975200055738777
1019.7046336638865 -2433.1069129987786 0.9975198138256322
1023.6532849573481 -2295.2656659446457 0.99745554668595
1028.0561055744536 -2182.898612275091 0.9974018149618247
1034.8953907133332 -2094.121186503977 0.9973584913511172
1041.3374392802357 -2017.8951345920427 0.9973206669917493
1048.3655915921836 -1953.3926068571006 0.9972882012218147
1051.6706531997345 -1891.383267307698 0.9972565883531312
1062.3850494980754 -1848.0622136611012 0.9972342663982686
1064.876287148132 -1798.4971821008776 0.9972084859513484
1076.4619662126217 -1765.7825107258413 0.9971913277337776
1079.978042977788 -1727.0547718037224 0.9971708683942497
1087.556573777688 -1696.634483045735 0.9971546849396883
1093.239672414899 -1667.302761514514 0.9971389859589662
1104.0788831685616 -1645.1711519223318 0.9971270787908786
1113.6059868897732 -1623.6616334551704 0.9971154550939053
1121.8474702561475 -1602.8274226543049 0.9971041479795737
1128.8310811094423 -1582.7185895048196 0.9970931892244284
1134.5862705085165 -1563.3819467057513 0.9970826091366088
1147.323064224586 -1549.39397094953 0.9970749297277401
1150.920626026915 -1531.404204802386 0.9970650213121245
1161.9793110518845 -1518.2377760183842 0.9970577465938928
1172.3314444856805 -1505.3855376423046 0.9970506267458198
1172.968008256776 -1489.4895942751496 0.9970417950903676
1181.7405066641966 -1477.6135761311418 0.9970351782984284
1189.847004359943 -1466.1174273781478 0.9970287579811724
1197.3005269985408 -1455.0191307850428 0.9970225456620946
1213.8939437225235 -1446.590484491187 0.997017818356344
1220.2524527976013 -1436.05569760532 0.9970118984428679
1225.9889731810845 -1425.9655386916547 0.9970062165325465
1231.1153859976348 -1416.3326122571332 0.9970007812548467
1246.134750845829 -1408.3481135873571 0.9969962680432909
1250.2382979434938 -1399.3869050855058 0.9969911940524968
1264.5986391484048 -1391.5852131763438 0.9969867690972087
1267.7117771761411 -1383.3403873289014 0.9969820852026928
1281.437559287249 -1375.768992238805 0.996977776992088
1283.5965460492716 -1368.277810280467 0.9969735079185382
1296.715887273805 -1360.9817138852757 0.9969693437909312
1309.6336751915592 -1353.723639764213 0.9969651952555396
1310.5049018219534 -1347.296967444048 0.9969615168359993
1322.869506625086 -1340.3812994647408 0.9969575531804572
1335.061901850497 -1333.5428963908053 0.996953628346966
1347.089967984156 -1326.800110707133 0.9969497530671099
1346.3885177225789 -1321.8588115791122 0.9969469097938132
1357.9084232071614 -1315.5914755354852 0.9969432994105011
1369.388787343035 -1309.4383114901393 0.9969397503371481
1380.8976454602378 -1303.402244828763 0.9969362645048111
1392.521617478195 -1297.4854346702257 0.9969328434053669
1404.3836839825567 -1291.684845935293 0.9969294855237267
1416.6662214526148 -1285.988370135352 0.9969261840706671
1429.657136055499 -1280.366568340003 0.9969229221596987
1442.3265900066415 -1275.3295619074038 0.9969199964058699
NaN NaN NaN
NaN NaN NaN
NaN NaN NaN
NaN NaN NaN
NaN NaN NaN
NaN NaN NaN
NaN NaN NaN
NaN NaN NaN
NaN NaN NaN
NaN NaN NaN
NaN NaN NaN
NaN NaN NaN
997.2364680006582 972.5069276357967 0.9973218950789777
979.125980217232 978.2593500753987 0.9973190350127727
960.957640103475 983.2388551097036 0.9973165565376895
942.7616214736627 987.451233580077 0.9973144579315025
924.5679315630283 990.9031926840693 0.997312736827733
906.4063811307923 993.6023495361404 0.9973113902213057
888.3065547197015 995.5572241664895 0.997310414475653
882.6458299031123 1000.9654088230435 0.9973077130450164
864.5672547063615 1001.7952947537009 0.9973072982479513
858.5872182359769 1006.7593087659073 0.997304815653984
840.6123126034885 1006.4873325233377 0.9973049517390545
834.36215381257 1011.0105782749347 0.997302687526902
816.5720201663345 1009.6642707631603 0.997303361668668
810.1005419854965 1013.7528342150529 0.9973013138164945
803.416803886947 1017.7770404745077 0.9972992965386307
785.9300748110559 1015.0266993710404 0.9973006754241113
779.0897404157184 1018.6235783483942 0.9972988719712872
772.0583551884746 1022.1507923236626 0.9972971021687439
764.8407383476949 1025.6044815793143 0.9972953680293495
747.9017582089922 1021.1736139703095 0.9972975926012524
740.6077490842196 1024.2122309979256 0.9972960672415844
733.1490160588568 1027.1739261862072 0.9972945795902317
725.5306692415528 1030.0552636699667 0.9972931314437016
717.757927654664 1032.8528829458692 0.9972917245627955
709.8361156636934 1035.5635047755725 0.9972903606692463
694.0055625228639 1028.9562361228686 0.9972936839096577
686.117931148983 1031.2758790072664 0.9972925177127548
678.1028677261053 1033.507956402464 0.9972913950206795
669.9658618921405 1035.649700204377 0.9972903172862977
661.7124865297704 1037.6984446873582 0.9972892859109511
653.348393957319 1039.651631261687 0.9972883022416966
644.879312066316 1041.5068130253405 0.9972873675686503
636.3110404081125 1043.2616591032927 0.9972864831224433
627.6494462320029 1044.9139587678176 0.997285650071793
618.9004604778528 1046.461625334414 0.9972848695211972
605.664238534766 1037.0050733982446 0.9972896350147301
597.1150343520424 1038.222554468134 0.9972890219956135
588.499329157034 1039.3396836413954 0.9972884593717986
579.8230230674725 1040.3549736068321 0.9972879479269416
571.0920575917312 1041.2670705963183 0.9972874883748897
562.3124115698462 1042.0747568041324 0.9972870813582466
553.4900970893701 1042.776952558135 0.9972867274470839
544.6311553787776 1043.3727182408345 0.9972864271377962
535.7416526811647 1043.8612559578842 0.9972861808521062
526.8276761109398 1044.2419109528255 0.997285988936218
517.8953294966658 1044.5141727663354 0.9972858516601242
508.9507292122614 1044.677676139043 0.9972857692170637
