-500 187.23220165697387 0.9976825947890249
-503.84189839404553 187.19289502181496 0.9976826114434917
-507.681169197688 187.0750082016528 0.9976826613920776
-511.5151866064585 186.8786404162458 0.9976827445903568
-515.3413283865945 186.60395691127692 0.9976828609643492
-519.1569776573996 186.25118877758283 0.9976830104106135
-522.959524670118 185.82063269828174 0.9976831927963782
-526.746368582022 185.31265062401084 0.9976834079597096
-530.5149192246331 184.72766937654094 0.9976836557097166
-534.2625988648526 184.0661801811044 0.9976839358267916
-537.9868439578416 183.32873812783998 0.9976842480628884
-541.6851068904964 182.51596156282665 0.9976845921418349
-545.3548577143666 181.62853140925012 0.9976849677596822
-553.7529593357032 191.43995713241407 0.9976808111685636
-557.7084736111756 190.27104482723647 0.9976813068101326
-561.6245303576148 189.02037280504604 0.9976818369892908
-565.4984509894595 187.68895838965628 0.9976824012486064
-569.3275855311159 186.2778832758449 0.9976829991021625
-573.1093144194027 184.78829238996022 0.997683630036153
-576.8410502859383 183.22139268326816 0.9976842935095114
-580.5202397182344 181.57845185935093 0.9976849889545719
-584.1443649983498 179.86079703695003 0.9976857157777613
-587.7109458179915 178.06981334979525 0.9976864733603208
-599.2932974253499 185.2185539844617 0.9976834478133013
-603.0426684087518 183.0607558370422 0.9976843615161585
-606.7215890965682 180.82581736283785 0.9976853074619569
-610.3275408237006 178.515493587406 0.9976862848641829
-613.858054462938 176.131595142226 0.9976872929127618
-617.3107121110162 173.6759864343713 0.9976883307750037
-630.4978413528288 178.69348505900615 0.9976862095796528
-634.0556792077595 175.82844745608 0.9976874210660074
-637.5218655898656 172.89029484981003 0.9976886627381537
-640.894024689992 169.8812715508988 0.9976899335936992
-655.0119789347236 173.21664717460138 0.9976885248572079
-658.4286514561535 169.7730432109849 0.9976899792892929
-661.7370123974678 166.2590476531726 0.9976914624048797
-676.4701449843 168.17229986786836 0.9976906550294988
-679.7715140118243 164.2068047249069 0.9976923280848737
-694.9078621300605 165.02578894817887 0.9976919826630077
-698.1615187409208 160.59651857901645 0.9976938501065314
-713.6277602573961 160.28762147925562 0.9976939802793787
-716.7919879360448 155.38521595566195 0.9976960451188239
-732.512864725904 153.9194957441081 0.9976966620654969
-748.4146434668545 151.69149764347108 0.9976975995167116
-764.4692883508507 148.69137882449124 0.9976988611758653
-780.6484546132302 144.9102515014082 0.9977004501843304
-796.9235172686368 140.34019377481906 0.9977023691127294
-813.2656000606108 134.97425976583162 0.9977046199535705
-843.2060049220174 130.15581638487635 0.9977066390527245
-873.3772877592501 123.78877966643613 0.9977093040427925
-903.7230124187522 115.86032539945452 0.9977126177730136
-948.0503115477301 106.59291197955397 0.9977164843779854
-992.6045888561835 94.99073080551388 0.997721314874559
NaN NaN NaN
NaN NaN NaN
NaN NaN NaN
NaN NaN NaN
NaN NaN NaN
NaN NaN NaN
NaN NaN NaN
-1140.2521507762276 -278.9225268480708 0.9977436315135122
-1131.525724589012 -288.6901705293955 0.9977314002430302
-1122.9208347165672 -299.38544186433774 0.9977179438539198
-1115.0728554513757 -310.0177364226127 0.9977045013541391
-1107.716825697647 -320.65099180464904 0.997690992995368
-1100.6781589118268 -331.3142021826443 0.9976773822177419
-1093.8343277491667 -342.01848274968773 0.9976636547892404
-1087.0954459331494 -352.765045627796 0.9976498090504389
-1080.3896543621388 -363.55365253557966 0.9976358452484545
-1085.2124070850157 -371.81674758590964 0.9976251074091207
-1078.2945762664015 -383.1649295090029 0.9976103006693972
-1071.2560738956802 -394.5281901489211 0.9975954057291108
-1064.079365831754 -405.8802547258903 0.9975804580100338
-1068.1771746399693 -416.2498990625668 0.9975667458715008
-1060.6050292949396 -427.9275077020046 0.9975512389661836
-1052.8396022275297 -439.53926720825376 0.9975357522525794
-1056.1052158661714 -451.35684242382825 0.997519923574559
-1047.824477077255 -463.18875124732415 0.9975040089981247
-1050.3857827633628 -476.0231307225992 0.9974866724082073
-1041.5207764937104 -488.0056775100011 0.9974704191134405
-1043.273402631137 -501.7755842384527 0.9974516634943861
-1033.765277508756 -513.8394291399313 0.9974351653394782
-1034.6157095143294 -528.4562931469607 0.9974150958186423
-1034.9209156781367 -543.6728400336335 0.997394113741755
-1034.649385992118 -559.4592423321682 0.9973722545551401
-1023.5478945890845 -571.8164934707203 0.9973550821696874
-1022.1895820664747 -588.245368886035 0.9973321730118672
-1020.1794033120176 -605.1537619981532 0.9973085079775724
-1017.4899432670296 -622.5073911971225 0.9972841357611629
-1023.6105735636436 -645.7967062391414 0.9972513087079281
-1019.2826183127894 -664.2999383350276 0.9972251446004251
-1014.1949404813349 -683.1291344999714 0.9971984573926606
-1017.2082290609808 -708.8982627944467 0.9971618567235154
-1010.302956442432 -728.597984809447 0.9971338369119661
-1010.9791523504026 -755.8575668136193 0.9970950429545643
-1010.3090682525755 -783.9452872675162 0.9970550917537789
-1008.2502268385197 -812.7804611636514 0.9970141597320161
-1004.764623605727 -842.2817943189048 0.9969724374185844
-985.1520869150573 -855.0103414367762 0.9969545033310389
-965.2310390352668 -867.2212701216839 0.9969373452007988
-945.0151401018002 -878.9081208707646 0.9969209717143055
-924.5177958325929 -890.0646018614657 0.9969053901867424
-903.7525146610277 -900.6847301309921 0.9968906064560435
-882.7329002571896 -910.7628327686874 0.9968766249853497
-861.4726443700669 -920.2935476233688 0.9968634489755094
-839.985519983983 -929.2718236116683 0.9968510804857903
-818.2853747809992 -937.6929207019074 0.996839520560906
-796.3861248995177 -945.5524096384192 0.9968287693624208
-774.3016304542889 -952.846008634632 0.9968188265241836
-752.0459327999721 -959.5698594012057 0.9968096909077783
-729.6332929109916 -965.7206876078255 0.9968013605202717
-707.0778388683901 -971.2953060427193 0.9967938333183815
-684.3937398322587 -976.2908342764767 0.9967871070321146
-661.5952013132066 -980.7046978180515 0.9967811792829022
-638.6964606358805 -984.5346272915664 0.9967760476935991
-615.7117825753733 -987.7786576573521 0.9967717099889528
-592.6554551466076 -990.4351274974074 0.9967681640852857
-569.5417855260955 -992.5026783824691 0.9967654081682858
-546.3850960849019 -993.9802543350096 0.9967634407579616
-523.1997205111448 -994.8671013997281 0.9967622607599792
-500 -995.1627673304454 0.9967618675027714
-476.8002794888554 -994.8671013997281 0.9967622607599792
-453.6149039150984 -993.9802543350096 0.9967634407579616
-430.4582144739048 -992.5026783824691 0.9967654081682858
-407.344544853393 -990.4351274974074 0.9967681640852857
-384.2882174246271 -987.7786576573524 0.9967717099889528
-361.30353936411984 -984.5346272915664 0.9967760476935991
-338.40479868679415 -980.7046978180515 0.9967811792829022
-315.60626016774165 -976.2908342764771 0.9967871070321146
-292.92216113160976 -971.2953060427193 0.9967938333183815
-270.36670708900886 -965.7206876078257 0.9968013605202717
-247.95406720002816 -959.5698594012058 0.9968096909077783
-225.6983695457111 -952.846008634632 0.9968188265241836
-203.6138751004828 -945.5524096384194 0.9968287693624208
-181.71462521900057 -937.6929207019075 0.996839520560906
-160.01448001601688 -929.2718236116683 0.9968510804857903
-138.52735562993388 -920.293547623369 0.9968634489755094
-117.26709974281079 -910.7628327686876 0.9968766249853497
-96.24748533897275 -900.6847301309921 0.9968906064560435
-75.48220416740747 -890.0646018614657 0.9969053901867424
-54.9848598981997 -878.9081208707648 0.9969209717143055
-34.768960964732955 -867.2212701216839 0.9969373452007988
-14.847913084942556 -855.0103414367766 0.9969545033310389
4.76462360572642 -842.281794318905 0.9969724374185844
24.055065969577946 -829.0424654997328 0.9969911370309488
43.01101193170433 -815.2998617694877 0.9970105895060157
61.619546544166354 -801.0615000245847 0.9970307808316661
79.86790030199522 -786.3351896669369 0.9970516952120207
97.74345860236161 -771.1290257489451 0.9970733150570582
115.23260221853792 -755.4513215520208 0.9970956210751444
132.32350868027615 -739.310898844622 0.997118591873383
149.00465627155214 -722.716731278133 0.9971422044952982
165.26415196582207 -705.677972948551 0.9971664344271113
181.08857916827188 -688.2042755487108 0.9971912552093521
196.4673820997607 -670.3052929854156 0.9972166392188068
211.38998093623442 -651.9907220795136 0.9972425576993043
225.8431350387048 -633.2711972833948 0.997268979599955
239.81743214893896 -614.1565844965392 0.997295874101518
253.3017410023554 -594.6573692350576 0.9973232087745572
266.28500389606444 -574.784280240956 0.9973509502448079
278.75743864417313 -554.5475975176299 0.9973790652910832
290.7091746961165 -533.9576165261241 0.997407520323309
302.1288654900269 -513.0256705460862 0.9974362801158756
313.0082819934794 -491.7609594149354 0.9974653123027314
323.33747373200816 -470.1735582365071 0.9974945833476737
333.1067909746589 -448.27301195692115 0.9975240605956692
342.30691312725884 -426.0679792449684 0.9975537128415465
350.92887924924526 -403.5657011055368 0.9975835110962132
358.9613847371593 -380.7750008891991 0.9976134246885859
366.3956480212284 -357.6997513344054 0.9976434299120297
373.2200469028058 -334.34502547232375 0.9976735019202908
379.420850203363 -310.71660745483257 0.9977036154958484
384.98207553536 -286.82161991243896 0.9977337443813779
389.88109965367653 -262.6807461017571 0.9977638462881127
394.082718662608 -238.35897189235146 0.9977938262716923
397.5282326974291 -214.05809041040698 0.9978234280765091
400.1395406821653 -190.30705835316206 0.9978365900875759
402.0839325214111 -166.69501437206358 0.9978273006849722
403.4089058381281 -143.04474830100924 0.9978179515544666
404.1139883105891 -119.36805612062415 0.9978085469592464
404.2260062200002 -100 0.9978008201470352
403.6651841376775 -72.06087902706106 0.9977896203414705
402.51227840477026 -48.42203974776747 0.9977800946838915
400.74199738036396 -24.830870063390776 0.9977705426001262
398.3559917515341 -1.3008468393249115 0.9977609696434423
254.03306357925473 34.62782916658418 0.9977462640017289
138.39199527417938 61.15443453363813 0.9977353376661152
51.32138404338633 80.52240200058407 0.9977273227696508
-7.395411143816335 94.99073080551335 0.997721314874559
-51.94968845227176 106.59291197955379 0.9977164843779854
-96.27698758124819 115.86032539945427 0.9977126177730136
-126.62271224074908 123.78877966643613 0.9977093040427925
-156.79399507798288 130.15581638487635 0.9977066390527245
-186.73439993938948 134.97425976583162 0.9977046199535705
-203.07648273136311 140.34019377481889 0.9977023691127294
-219.3515453867682 144.9102515014081 0.9977004501843304
-235.53071164914851 148.69137882449115 0.9976988611758653
-251.5853565331477 151.69149764347108 0.9976975995167116
-267.48713527409353 153.9194957441081 0.9976966620654969
-283.2080120639525 155.38521595566195 0.9976960451188239
-286.3722397426068 160.28762147925545 0.9976939802793787
-301.83848125907673 160.59651857901636 0.9976938501065314
-305.09213786993945 165.0257889481788 0.9976919826630077
-320.22848598817296 164.2068047249069 0.9976923280848737
-323.5298550157027 168.17229986786836 0.9976906550294988
-338.26298760253223 166.2590476531726 0.9976914624048797
-341.5713485438493 169.77304321098478 0.9976899792892929
-344.9880210652792 173.21664717460135 0.9976885248572079
-359.1059753100109 169.88127155089873 0.9976899335936992
-362.47813441013454 172.89029484981003 0.9976886627381537
-365.9443207922375 175.82844745608 0.9976874210660074
-369.5021586471712 178.69348505900615 0.9976862095796528
-382.68928788898376 173.67598643437125 0.9976883307750037
-386.14194553706477 176.13159514222596 0.9976872929127618
-389.6724591762996 178.51549358740596 0.9976862848641829
-393.2784109034317 180.82581736283785 0.9976853074619569
-396.95733159124546 183.0607558370422 0.9976843615161585
-400.70670257465014 185.2185539844617 0.9976834478133013
-412.28905418201134 178.06981334979523 0.9976864733603208
-415.85563500165017 179.86079703695 0.9976857157777613
-419.47976028176834 181.5784518593509 0.9976849889545719
-423.1589497140586 183.22139268326816 0.9976842935095114
-426.8906855805975 184.78829238996022 0.997683630036153
-430.6724144688841 186.2778832758449 0.9976829991021625
-434.5015490105375 187.68895838965628 0.9976824012486064
-438.37546964238214 189.020372805046 0.9976818369892908
-442.2915263888215 190.27104482723647 0.9976813068101326
-446.2470406642939 191.43995713241407 0.9976808111685636
-454.6451422856333 181.62853140925012 0.9976849677596822
-458.31489310950656 182.51596156282665 0.9976845921418349
-462.01315604216126 183.32873812783998 0.9976842480628884
-465.7374011351472 184.0661801811044 0.9976839358267916
-469.48508077536377 184.72766937654094 0.9976836557097166
-473.25363141797504 185.31265062401084 0.9976834079597096
-477.040475329882 185.82063269828174 0.9976831927963782
-480.84302234260036 186.25118877758283 0.9976830104106135
-484.6586716134078 186.60395691127692 0.9976828609643492
-488.48481339354134 186.8786404162458 0.9976827445903568
-492.318830802312 187.0750082016528 0.9976826613920776
-496.15810160595447 187.19289502181496 0.9976826114434917
500 187.23220165697387 0.9976825947890249
496.15810160595447 187.19289502181496 0.9976826114434917
492.318830802312 187.0750082016528 0.9976826613920776
488.4848133935415 186.8786404162458 0.9976827445903568
484.6586716134079 186.60395691127692 0.9976828609643492
480.84302234260036 186.25118877758283 0.9976830104106135
477.040475329882 185.82063269828174 0.9976831927963782
473.25363141797504 185.31265062401084 0.9976834079597096
469.48508077536377 184.72766937654094 0.9976836557097166
465.7374011351472 184.0661801811044 0.9976839358267916
462.0131560421613 183.32873812783998 0.9976842480628884
458.31489310950656 182.51596156282665 0.9976845921418349
454.6451422856333 181.62853140925012 0.9976849677596822
446.2470406642939 191.43995713241407 0.9976808111685636
442.2915263888216 190.27104482723647 0.9976813068101326
438.37546964238214 189.02037280504604 0.9976818369892908
434.50154901053753 187.68895838965628 0.9976824012486064
430.6724144688841 186.2778832758449 0.9976829991021625
426.8906855805975 184.78829238996022 0.997683630036153
423.1589497140586 183.22139268326816 0.9976842935095114
419.47976028176834 181.57845185935093 0.9976849889545719
415.8556350016502 179.86079703695003 0.9976857157777613
412.2890541820114 178.06981334979525 0.9976864733603208
400.70670257465014 185.2185539844617 0.9976834478133013
396.95733159124546 183.0607558370422 0.9976843615161585
393.2784109034317 180.82581736283785 0.9976853074619569
389.67245917629964 178.515493587406 0.9976862848641829
386.1419455370648 176.131595142226 0.9976872929127618
382.68928788898387 173.6759864343713 0.9976883307750037
369.5021586471712 178.69348505900615 0.9976862095796528
365.9443207922375 175.82844745608 0.9976874210660074
362.47813441013454 172.89029484981003 0.9976886627381537
359.10597531001105 169.8812715508988 0.9976899335936992
344.9880210652792 173.21664717460138 0.9976885248572079
341.5713485438494 169.7730432109849 0.9976899792892929
338.26298760253223 166.2590476531726 0.9976914624048797
323.5298550157027 168.17229986786836 0.9976906550294988
320.22848598817296 164.2068047249069 0.9976923280848737
305.09213786993956 165.02578894817887 0.9976919826630077
301.83848125907673 160.59651857901645 0.9976938501065314
286.3722397426069 160.28762147925562 0.9976939802793787
283.2080120639525 155.38521595566195 0.9976960451188239
267.48713527409353 153.9194957441081 0.9976966620654969
251.5853565331477 151.69149764347108 0.9976975995167116
235.53071164914857 148.69137882449124 0.9976988611758653
219.35154538676832 144.9102515014082 0.9977004501843304
203.07648273136317 140.34019377481906 0.9977023691127294
186.73439993938948 134.97425976583162 0.9977046199535705
156.79399507798288 130.15581638487635 0.9977066390527245
126.62271224074908 123.78877966643613 0.9977093040427925
96.27698758124822 115.86032539945452 0.9977126177730136
51.94968845227177 106.59291197955397 0.9977164843779854
7.395411143816367 94.99073080551388 0.997721314874559
-51.32138404338633 80.52240200058407 0.9977273227696508
-138.39199527417938 61.15443453363813 0.9977353376661152
-254.03306357925473 34.62782916658418 0.9977462640017289
-398.35599175153396 -1.3008468393239736 0.9977609696434423
-400.74199738036396 -24.830870063390762 0.9977705426001262
-402.5122784047702 -48.42203974776557 0.9977800946838915
-403.6651841376775 -72.06087902706106 0.9977896203414705
-404.2260062200002 -100 0.9978008201470352
-404.1139883105891 -119.36805612062415 0.9978085469592464
-403.4089058381281 -143.04474830100924 0.9978179515544666
-402.0839325214111 -166.69501437206358 0.9978273006849722
-400.1395406821653 -190.30705835316206 0.9978365900875759
-397.5282326974291 -214.05809041040698 0.9978234280765091
-394.082718662608 -238.35897189235146 0.9977938262716923
-389.88109965367664 -262.68074610175614 0.9977638462881127
-384.9820755353601 -286.82161991243817 0.9977337443813779
-379.42085020336305 -310.7166074548322 0.9977036154958484
-373.2200469028059 -334.34502547232336 0.9976735019202908
-366.3956480212284 -357.6997513344054 0.9976434299120297
-358.9613847371593 -380.7750008891991 0.9976134246885859
-350.9288792492453 -403.56570110553633 0.9975835110962132
-342.3069131272589 -426.0679792449682 0.9975537128415465
-333.1067909746595 -448.2730119569205 0.9975240605956692
-323.33747373200856 -470.17355823650666 0.9974945833476737
-313.0082819934794 -491.7609594149354 0.9974653123027314
-302.1288654900269 -513.0256705460862 0.9974362801158756
-290.7091746961164 -533.957616526124 0.997407520323309
-278.75743864417296 -554.5475975176302 0.9973790652910832
-266.28500389606484 -574.7842802409554 0.9973509502448079
-253.301741002356 -594.657369235057 0.9973232087745572
-239.81743214893896 -614.1565844965392 0.997295874101518
-225.8431350387048 -633.2711972833948 0.997268979599955
-211.3899809362349 -651.9907220795133 0.9972425576993043
-196.4673820997608 -670.3052929854152 0.9972166392188068
-181.08857916827193 -688.2042755487108 0.9971912552093521
-165.26415196582212 -705.677972948551 0.9971664344271113
-149.00465627155253 -722.7167312781327 0.9971422044952982
-132.32350868027615 -739.310898844622 0.997118591873383
-115.23260221853836 -755.4513215520204 0.9970956210751444
-97.74345860236188 -771.1290257489447 0.9970733150570582
-79.86790030199522 -786.3351896669369 0.9970516952120207
-61.61954654416667 -801.0615000245845 0.9970307808316661
-43.01101193170467 -815.2998617694877 0.9970105895060157
-24.055065969577946 -829.0424654997328 0.9969911370309488
-4.764623605726774 -842.2817943189048 0.9969724374185844
14.847913084942096 -855.0103414367762 0.9969545033310389
34.768960964732955 -867.2212701216839 0.9969373452007988
54.98485989819956 -878.9081208707646 0.9969209717143055
75.48220416740676 -890.0646018614657 0.9969053901867424
96.24748533897275 -900.6847301309921 0.9968906064560435
117.26709974281034 -910.7628327686874 0.9968766249853497
138.52735562993342 -920.2935476233688 0.9968634489755094
160.01448001601688 -929.2718236116683 0.9968510804857903
181.71462521900028 -937.6929207019074 0.996839520560906
203.61387510048246 -945.5524096384192 0.9968287693624208
225.6983695457111 -952.846008634632 0.9968188265241836
247.95406720002765 -959.5698594012057 0.9968096909077783
270.3667070890085 -965.7206876078255 0.9968013605202717
292.92216113160976 -971.2953060427193 0.9967938333183815
315.6062601677414 -976.2908342764767 0.9967871070321146
338.40479868679347 -980.7046978180515 0.9967811792829022
361.30353936411984 -984.5346272915664 0.9967760476935991
384.2882174246267 -987.7786576573521 0.9967717099889528
407.3445448533926 -990.4351274974074 0.9967681640852857
430.4582144739048 -992.5026783824691 0.9967654081682858
453.6149039150981 -993.9802543350096 0.9967634407579616
476.80027948885504 -994.8671013997281 0.9967622607599792
500 -995.1627673304454 0.9967618675027714
523.1997205111447 -994.8671013997281 0.9967622607599792
546.3850960849015 -993.9802543350096 0.9967634407579616
569.5417855260955 -992.5026783824691 0.9967654081682858
592.655455146607 -990.4351274974074 0.9967681640852857
615.7117825753727 -987.7786576573524 0.9967717099889528
638.6964606358805 -984.5346272915664 0.9967760476935991
661.595201313206 -980.7046978180515 0.9967811792829022
684.3937398322585 -976.2908342764771 0.9967871070321146
707.0778388683901 -971.2953060427193 0.9967938333183815
729.6332929109913 -965.7206876078257 0.9968013605202717
752.0459327999716 -959.5698594012058 0.9968096909077783
774.3016304542889 -952.846008634632 0.9968188265241836
796.3861248995172 -945.5524096384194 0.9968287693624208
818.285374780999 -937.6929207019075 0.996839520560906
839.985519983983 -929.2718236116683 0.9968510804857903
861.4726443700665 -920.293547623369 0.9968634489755094
882.732900257189 -910.7628327686876 0.9968766249853497
903.7525146610277 -900.6847301309921 0.9968906064560435
924.5177958325924 -890.0646018614657 0.9969053901867424
945.0151401018 -878.9081208707648 0.9969209717143055
965.2310390352668 -867.2212701216839 0.9969373452007988
985.1520869150572 -855.0103414367766 0.9969545033310389
1004.7646236057266 -842.281794318905 0.9969724374185844
1008.2502268385197 -812.7804611636514 0.9970141597320161
1010.3090682525751 -783.9452872675162 0.9970550917537789
1010.9791523504024 -755.8575668136195 0.9970950429545643
1010.302956442432 -728.597984809447 0.9971338369119661
1017.2082290609802 -708.8982627944469 0.9971618567235154
1014.1949404813345 -683.1291344999718 0.9971984573926606
1019.2826183127894 -664.2999383350276 0.9972251446004251
1023.6105735636436 -645.7967062391416 0.9972513087079281
1017.4899432670295 -622.5073911971225 0.9972841357611629
1020.1794033120175 -605.1537619981533 0.9973085079775724
1022.1895820664746 -588.2453688860351 0.9973321730118672
1023.5478945890837 -571.8164934707206 0.9973550821696874
1034.649385992118 -559.4592423321682 0.9973722545551401
1034.9209156781367 -543.6728400336335 0.997394113741755
1034.6157095143292 -528.4562931469612 0.9974150958186423
1033.7652775087558 -513.8394291399318 0.9974351653394782
1043.273402631137 -501.77558423845267 0.9974516634943861
1041.5207764937104 -488.0056775100012 0.9974704191134405
1050.3857827633628 -476.0231307225992 0.9974866724082073
1047.824477077255 -463.18875124732415 0.9975040089981247
1056.1052158661714 -451.35684242382854 0.997519923574559
1052.8396022275294 -439.5392672082541 0.9975357522525794
1060.6050292949396 -427.92750770200473 0.9975512389661836
1068.1771746399693 -416.249899062567 0.9975667458715008
1064.079365831754 -405.8802547258903 0.9975804580100338
1071.2560738956802 -394.5281901489211 0.9975954057291108
1078.2945762664012 -383.1649295090031 0.9976103006693972
1085.2124070850157 -371.81674758590987 0.9976251074091207
1080.3896543621388 -363.55365253558 0.9976358452484545
1087.0954459331492 -352.76504562779627 0.9976498090504389
1093.8343277491667 -342.01848274968773 0.9976636547892404
1100.6781589118268 -331.3142021826443 0.9976773822177419
1107.716825697647 -320.65099180464904 0.997690992995368
1115.0728554513757 -310.0177364226127 0.9977045013541391
1122.9208347165672 -299.38544186433774 0.9977179438539198
1131.525724589012 -288.6901705293955 0.9977314002430302
1140.2521507762276 -278.9225268480708 0.9977436315135122
NaN NaN NaN
NaN NaN NaN
NaN NaN NaN
NaN NaN NaN
NaN NaN NaN
NaN NaN NaN
NaN NaN NaN
992.6045888561836 94.99073080551335 0.997721314874559
948.0503115477302 106.59291197955379 0.9977164843779854
903.7230124187522 115.86032539945427 0.9977126177730136
873.3772877592501 123.78877966643613 0.9977093040427925
843.2060049220174 130.15581638487635 0.9977066390527245
813.2656000606108 134.97425976583162 0.9977046199535705
796.9235172686368 140.34019377481889 0.9977023691127294
780.6484546132302 144.9102515014081 0.9977004501843304
764.4692883508508 148.69137882449115 0.9976988611758653
748.4146434668545 151.69149764347108 0.9976975995167116
732.512864725904 153.9194957441081 0.9976966620654969
716.7919879360448 155.38521595566195 0.9976960451188239
713.6277602573961 160.28762147925545 0.9976939802793787
698.1615187409208 160.59651857901636 0.9976938501065314
694.9078621300605 165.0257889481788 0.9976919826630077
679.7715140118243 164.2068047249069 0.9976923280848737
676.4701449843 168.17229986786836 0.9976906550294988
661.7370123974678 166.2590476531726 0.9976914624048797
658.4286514561535 169.77304321098478 0.9976899792892929
655.0119789347239 173.21664717460135 0.9976885248572079
640.894024689992 169.88127155089873 0.9976899335936992
637.5218655898656 172.89029484981003 0.9976886627381537
634.0556792077595 175.82844745608 0.9976874210660074
630.4978413528288 178.69348505900615 0.9976862095796528
617.3107121110162 173.67598643437125 0.9976883307750037
613.858054462938 176.13159514222596 0.9976872929127618
610.3275408237006 178.51549358740596 0.9976862848641829
606.7215890965682 180.82581736283785 0.9976853074619569
603.0426684087518 183.0607558370422 0.9976843615161585
599.2932974253499 185.2185539844617 0.9976834478133013
587.7109458179917 178.06981334979523 0.9976864733603208
584.1443649983498 179.86079703695 0.9976857157777613
580.5202397182346 181.5784518593509 0.9976849889545719
576.8410502859383 183.22139268326816 0.9976842935095114
573.1093144194027 184.78829238996022 0.997683630036153
569.3275855311159 186.2778832758449 0.9976829991021625
565.4984509894595 187.68895838965628 0.9976824012486064
561.6245303576148 189.020372805046 0.9976818369892908
557.7084736111756 190.27104482723647 0.9976813068101326
553.7529593357032 191.43995713241407 0.9976808111685636
545.3548577143666 181.62853140925012 0.9976849677596822
541.6851068904964 182.51596156282665 0.9976845921418349
537.9868439578418 183.32873812783998 0.9976842480628884
534.2625988648527 184.0661801811044 0.9976839358267916
530.5149192246331 184.72766937654094 0.9976836557097166
526.746368582022 185.31265062401084 0.9976834079597096
522.959524670118 185.82063269828174 0.9976831927963782
519.1569776573996 186.25118877758283 0.9976830104106135
515.3413283865945 186.60395691127692 0.9976828609643492
511.51518660645866 186.8786404162458 0.9976827445903568
507.681169197688 187.0750082016528 0.9976826613920776
503.84189839404553 187.19289502181496 0.9976826114434917
