0 914.3922016569686
-8.174186927893047 914.3399894092245
-16.342777131223514 914.1834197525031
-24.500177706264495 913.9226938312659
-32.64080338838136 913.5581465028004
-40.759080365133826 913.0902457624196
-48.84945008165137 912.5195919394376
-56.90637303570813 911.8469166647536
-64.92433255994388 911.073081610912
-72.8978385886758 910.1990770061208
-80.82143140674171 909.2260199233343
-88.68968537787605 908.1551523465267
-96.49721265006154 906.9878390159179
-108.99804030426111 916.4983317677095
-117.01841839364832 915.0082358488486
-124.9586908804481 913.4169835859592
-132.81342118264135 911.7264991207173
-140.57723107653294 909.9388215678387
-148.24480436900188 908.0561015381538
-155.81089052800553 906.0805974611684
-163.27030826889896 904.0146717119113
-170.61794909408894 901.8607865477782
-177.84878078371568 899.6214998613615
-193.03360729145768 906.3110722553236
-200.32120824930016 903.6844796253278
-207.4716890595152 900.9723878312825
-214.4801518231129 898.1778444311902
-221.34179550177623 895.30397434786
-228.05191920210726 892.353974584846
-244.42061800447527 896.8740101082275
-251.08194843941413 893.5097959037893
-257.5714234421892 890.0721192566086
-263.88459519264586 886.5645943423789
-280.8592704941941 889.4038606929228
-287.04641462502747 885.4679059824338
-293.0370989854667 881.4666768504429
-310.3625684706582 882.8991599570597
-316.1645112175703 878.4606922979754
-333.7079561078776 878.8158137536136
-339.2735828396291 873.9330807751498
-356.95508331695163 873.182385146787
-362.2363405686003 867.8510789184436
-379.9745666372637 865.9705557597523
-397.792631772397 863.3430150378975
-415.66118683899595 859.959735657229
-433.55064390895825 855.8129073612438
-451.4312058490455 850.8956383177098
-469.27289607377065 845.201962119562
-500.6059887599786 840.076171557071
-532.0620853353948 833.4230521041628
-563.5838690993137 825.230589860374
-608.9776666867606 815.7219918852901
-654.4881508829658 803.9021342583887
-714.0502060507757 789.2402556546948
-801.8545510560529 769.7034155203108
-918.1173240650234 743.0330952825533
NaN NaN
NaN NaN
NaN NaN
NaN NaN
-1387.1246469927507 -1044.2563524761745
-1366.6314416435655 -1053.8612922065897
-1345.0834628652078 -1065.9795281874801
-1326.0761887110036 -1078.4376102040558
-1308.5342902488933 -1091.3256649826442
-1291.331808959938 -1105.0460419251378
-1287.3914176765006 -1117.4412086357906
-1270.4306360830167 -1132.6076839012364
-1253.6540074859122 -1148.0831028693294
-1249.6814665071545 -1162.6651570146564
-1232.809324649173 -1178.9169803151995
-1228.3031426800453 -1194.8414005323157
-1211.0025011837095 -1211.742507293306
-1205.685419013665 -1228.9028264882254
-1199.816015183263 -1246.8104461529224
-1193.3488775796327 -1265.4371633725414
-1186.2405725128901 -1284.7540026252661
-1166.8017386140298 -1303.2156114519437
-1169.9483825824616 -1325.3294828733658
-1160.6971423282278 -1346.5186707240528
-1150.6669245928736 -1368.2605267996369
-1139.831882332242 -1390.5158384879744
-1138.968300037307 -1416.50942615111
-1126.2551776919602 -1440.00801693962
-1123.0720581123285 -1467.8576965695518
-1108.367117811347 -1492.413418478519
-1102.7248913971266 -1521.907614367945
-1095.696595608472 -1552.3119367129702
-1096.819243146429 -1588.9185900458474
-1086.928833639518 -1621.2738798704024
-1084.9638395292413 -1660.4024436550294
-1072.2688258222456 -1694.4865963327256
-1066.9806218160925 -1735.9098999577354
-1068.4168664043816 -1785.6344044119612
-1059.0978096011277 -1829.7513165583296
-1055.911445402308 -1882.6837892862222
-1050.1677529284914 -1937.236964424545
-1041.780050230605 -1993.2929296042487
-1038.0869327255862 -2059.5063034541927
-1038.2345017490384 -2136.7439508236585
-1034.419580218446 -2216.365207132445
-1026.5172485767332 -2298.158838722674
-976.4093283695232 -2321.569949605461
-913.6977389533031 -2323.5362243340246
-851.7187247655665 -2323.748419293388
-795.846167722544 -2332.6395013197853
-735.1586959550356 -2329.573722179541
-679.9959075864606 -2335.4848776835265
-625.0855730996326 -2339.9977806783886
-570.4665827252113 -2343.1250855712283
-516.1815152224949 -2344.8867305827093
-462.26835028161025 -2345.298324636893
-408.7685512240043 -2344.384337867561
-358.2441345757684 -2353.292820575262
-305.32275122015363 -2349.8312528678252
-254.73340352581525 -2356.3338456061615
-202.53334710669247 -2350.382475341854
-152.01288291548718 -2354.4952242627596
-101.39569776833942 -2357.4356398591844
-50.713987023630665 -2359.200983981191
0 -2359.7896144472807
50.713987023629834 -2359.200983981191
101.39569776833862 -2357.4356398591844
152.01288291548718 -2354.4952242627596
202.5333471066918 -2350.382475341854
254.73340352581434 -2356.3338456061615
305.32275122015363 -2349.8312528678252
358.24413457576753 -2353.292820575262
408.7685512240033 -2344.384337867561
462.26835028161025 -2345.298324636893
516.181515222494 -2344.8867305827093
570.4665827252104 -2343.1250855712287
625.0855730996326 -2339.9977806783886
679.9959075864598 -2335.4848776835265
735.1586959550345 -2329.573722179541
795.846167722544 -2332.6395013197853
851.7187247655661 -2323.7484192933885
913.6977389533025 -2323.5362243340255
976.4093283695232 -2321.569949605461
1026.5172485767323 -2298.1588387226743
1034.4195802184458 -2216.365207132445
1038.2345017490384 -2136.7439508236585
1038.0869327255862 -2059.5063034541927
1041.7800502306036 -1993.2929296042491
1050.1677529284914 -1937.236964424545
1055.9114454023074 -1882.6837892862222
1059.0978096011274 -1829.7513165583298
1068.4168664043816 -1785.6344044119612
1066.9806218160916 -1735.9098999577363
1072.2688258222447 -1694.486596332726
1084.9638395292413 -1660.4024436550294
1086.9288336395177 -1621.2738798704024
1096.819243146429 -1588.9185900458474
1095.6965956084719 -1552.3119367129702
1102.724891397126 -1521.9076143679451
1108.3671178113466 -1492.4134184785191
1123.0720581123285 -1467.8576965695518
1126.2551776919602 -1440.00801693962
1138.9683000373047 -1416.5094261511106
1139.831882332241 -1390.515838487975
1150.6669245928738 -1368.2605267996369
1160.697142328228 -1346.518670724053
1169.9483825824616 -1325.3294828733658
1166.8017386140298 -1303.2156114519437
1186.24057251289 -1284.7540026252661
1193.3488775796322 -1265.4371633725418
1199.8160151832626 -1246.8104461529226
1205.6854190136648 -1228.9028264882259
1211.0025011837095 -1211.742507293306
1228.3031426800453 -1194.8414005323157
1232.809324649173 -1178.9169803151997
1249.6814665071543 -1162.6651570146566
1253.654007485911 -1148.0831028693299
1270.430636083016 -1132.6076839012364
1287.3914176765006 -1117.4412086357906
1291.331808959938 -1105.0460419251378
1308.5342902488933 -1091.3256649826442
1326.0761887110036 -1078.4376102040558
1345.0834628652078 -1065.9795281874801
1366.6314416435655 -1053.8612922065897
1387.1246469927507 -1044.2563524761745
NaN NaN
NaN NaN
NaN NaN
NaN NaN
918.1173240650234 743.0330952825533
801.8545510560529 769.7034155203108
714.0502060507757 789.2402556546948
654.4881508829659 803.9021342583882
608.9776666867606 815.7219918852899
563.5838690993138 825.2305898603738
532.0620853353948 833.4230521041628
500.6059887599786 840.076171557071
469.27289607377065 845.201962119562
451.4312058490456 850.8956383177097
433.5506439089583 855.8129073612437
415.661186838996 859.9597356572289
397.792631772397 863.3430150378975
379.9745666372637 865.9705557597523
362.2363405686003 867.8510789184436
356.9550833169517 873.1823851467869
339.27358283962917 873.9330807751497
333.70795610787764 878.8158137536135
316.1645112175703 878.4606922979754
310.3625684706582 882.8991599570597
293.0370989854667 881.4666768504429
287.0464146250275 885.4679059824336
280.8592704941941 889.4038606929228
263.8845951926459 886.5645943423788
257.5714234421892 890.0721192566086
251.08194843941413 893.5097959037893
244.42061800447527 896.8740101082275
228.05191920210737 892.353974584846
221.3417955017763 895.30397434786
214.48015182311292 898.1778444311901
207.4716890595152 900.9723878312825
200.32120824930016 903.6844796253278
193.03360729145768 906.3110722553236
177.84878078371577 899.6214998613615
170.617949094089 901.8607865477782
163.27030826889902 904.0146717119113
155.81089052800553 906.0805974611684
148.24480436900188 908.0561015381538
140.57723107653294 909.9388215678387
132.81342118264138 911.7264991207173
124.95869088044815 913.4169835859592
117.01841839364836 915.0082358488486
108.99804030426111 916.4983317677095
96.49721265006154 906.9878390159179
88.68968537787605 908.1551523465267
80.82143140674175 909.2260199233343
72.89783858867585 910.1990770061208
64.92433255994533 911.073081610912
56.90637303570813 911.8469166647536
48.84945008165137 912.5195919394376
40.759080365133826 913.0902457624196
32.640803388381514 913.5581465028004
24.50017770626503 913.9226938312659
16.34277713122356 914.1834197525031
8.174186927893047 914.3399894092245
