0 100.04539032551128
-3.2309174584435687 100.00910373431853
-6.4596263484187695 99.90027210906989
-9.683919599446666 99.71897986829363
-12.90159313604322 99.46536762135516
-16.110447372756347 99.13963203625022
-19.531329490940784 99.88619098607198
-22.75276097449193 99.41044657210031
-25.958639356615457 98.86250304418502
-29.479614765085106 99.36420635358036
-32.68400669828387 98.66363093214122
-36.27099981456384 98.9926093478506
-39.46418735176767 98.1376176225801
-43.106335954159945 98.28843139855469
-46.78938675073228 98.34157424170279
-49.96453307241513 97.24556061820586
-53.685449687444816 97.11254489682504
-57.43787376779476 96.87680146605497
-61.21842575911433 96.53651207084876
-65.02366112257192 96.0899555969582
-68.85007325192885 95.53551013654172
-72.69409646123412 94.87165496441142
-77.32864081880618 95.01975237963818
-81.22801208158175 94.11131089075292
-85.97146909726729 93.96737310483697
-89.90904994885541 92.80618322036345
-94.74172725453577 92.35923616272379
-99.6257464049687 91.74459278132521
-104.55528534765614 90.95918507078582
-109.52441417945539 90.00012742989885
-114.52710085974269 88.86472026003491
-120.59144164336108 88.24965920023065
-126.72767881524058 87.3962032233626
-132.9273472819697 86.30017085183914
-139.18183791577783 84.95765651533
-145.48240622117822 83.36503549539881
-152.9736704835426 82.06848452589412
-161.71128418752136 80.96947074116943
-169.35448281750826 78.99568554536123
-178.26076266874995 77.14487781468212
-188.4756203425004 75.3128423306873
-198.78636897011776 73.0078567120556
-210.44626039037448 70.57442742759989
-223.48753952098636 67.90244630051116
-237.9370288310062 64.8797749497736
-253.8160590358272 61.39249284115892
-272.4714882428316 57.53335400488874
-293.95227252043577 53.076227372733165
-316.9402795034367 47.65705187499472
-345.53014350870774 41.44940333202994
-378.4238077556839 33.93636887387961
-418.4232474426841 24.81681923524832
-468.3798583313621 13.487373702018717
-526.9701481860048 -0.8035551399740914
-529.4239791113332 -14.61874569123096
-531.5159841434413 -28.495429412796955
-533.244573028278 -42.42414929292455
-534.6084020919743 -56.39540858118671
-535.6063756326567 -70.39968719570595
-536.2376473722065 -84.42751454064434
-536.5074303571985 -100
-536.3979433773296 -112.51362018954495
-535.9265335853303 -126.55408207136392
-535.0875431006763 -140.5793019522758
-533.8813832730193 -154.5797885284929
-532.308717752676 -168.54594603883223
-530.3704628304193 -182.46817618210795
-528.0677873036589 -196.3368974417871
-525.3851560885124 -210.18165902463107
-522.2904919350316 -224.04505959884546
-518.8003659526322 -237.85796291017124
-514.9282512635335 -251.58005222716002
-510.6842856385527 -265.1874744420397
-506.0766727416517 -278.6642730922957
-501.1124458640605 -291.99849292822387
-495.7979399850839 -305.1802616140646
-490.13907917096776 -318.20082640546786
-484.14157882477286 -331.05203835148455
-477.811039625608 -343.72611562395207
-471.1530458258226 -356.2154886169196
-464.1732115873879 -368.5127363830029
-456.8772218960652 -380.6105499659963
-449.2708596002233 -392.50171850136525
-441.3600161163634 -404.17913003561665
-433.1507256762641 -415.6357661601014
-424.6491307649029 -426.86472505318943
-415.8615188941037 -437.8592153336226
-406.7943431722729 -448.6125636358182
-397.45416178237934 -459.11823627639933
-387.8476876298875 -469.36983479341694
-377.98178508278676 -479.3611072113115
-367.86342610099325 -489.0859561087314
-357.4997482279099 -498.5384435729616
-346.89799614132073 -507.71279676535846
-336.0655478297075 -516.603413264814
-325.00990878584156 -525.204867104168
-313.73870626055475 -533.5119139268992
-302.2596470642682 -541.5194814511378
-290.58060838293187 -549.2227048229615
-278.7095148663672 -556.6168884657467
-266.6544244095729 -563.6975425218395
-254.42348457087954 -570.4603711285483
-242.02492930138376 -576.9012737862583
-229.46708060468194 -583.0163507947241
-216.7583433536565 -588.8019053340053
-203.90720016445698 -594.2544452843255
-190.92220400199847 -599.3706822351671
-177.81196690953968 -604.1475237046983
-164.58518708937743 -608.5821118898505
-151.25060149223617 -612.6717759688447
-137.81700343831585 -616.4140562129529
-124.29324399976201 -619.8067179304342
-110.68820931498064 -622.8477222386621
-97.01082915273416 -625.5352474185215
-83.27007339849102 -627.8676975857311
-69.4749343399238 -629.8436678077009
-55.63443519942547 -631.4619755542898
-41.7576236158015 -632.7216638543904
-27.853561812187902 -633.6219794605397
-13.931325633662459 -634.1623841594488
0 -634.3425549518412
13.931325633662214 -634.1623841594488
27.853561812187714 -633.6219794605397
41.7576236158015 -632.7216638543904
55.63443519942523 -631.4619755542898
69.47493433992354 -629.843667807701
83.27007339849102 -627.8676975857311
97.01082915273398 -625.5352474185216
110.68820931498034 -622.8477222386621
124.29324399976201 -619.8067179304342
137.81700343831554 -616.4140562129529
151.25060149223597 -612.6717759688447
164.58518708937743 -608.5821118898505
177.8119669095395 -604.1475237046984
190.92220400199827 -599.3706822351671
203.90720016445698 -594.2544452843255
216.75834335365633 -588.8019053340053
229.4670806046818 -583.0163507947241
242.02492930138376 -576.9012737862583
254.42348457087948 -570.4603711285483
266.65442440957287 -563.6975425218395
278.7095148663672 -556.6168884657467
290.58060838293187 -549.2227048229615
302.2596470642682 -541.5194814511378
313.73870626055475 -533.5119139268992
325.00990878584133 -525.204867104168
336.06554782970744 -516.6034132648141
346.89799614132073 -507.71279676535846
357.49974822790983 -498.53844357296174
367.8634261009931 -489.08595610873164
377.98178508278676 -479.3611072113115
387.84768762988733 -469.3698347934172
397.45416178237934 -459.1182362763994
406.79434317227276 -448.6125636358184
415.8615188941036 -437.85921533362267
424.64913076490296 -426.86472505318943
433.1507256762641 -415.6357661601014
441.3600161163634 -404.17913003561665
449.2708596002231 -392.5017185013655
456.8772218960651 -380.6105499659963
464.1732115873876 -368.51273638300324
471.1530458258226 -356.2154886169196
477.811039625608 -343.72611562395207
484.14157882477286 -331.05203835148455
490.13907917096776 -318.2008264054679
495.7979399850838 -305.18026161406493
501.1124458640605 -291.9984929282239
506.0766727416515 -278.6642730922962
510.6842856385527 -265.1874744420397
514.9282512635335 -251.58005222716002
518.8003659526321 -237.85796291017198
522.2904919350316 -224.04505959884594
525.3851560885124 -210.18165902463122
528.0677873036589 -196.33689744178773
530.3704628304193 -182.46817618210795
532.308717752676 -168.54594603883223
533.8813832730193 -154.5797885284929
535.0875431006763 -140.5793019522758
535.9265335853303 -126.55408207136392
536.3979433773296 -112.51362018954495
536.5074303571985 -100
536.2376473722065 -84.42751454064434
535.6063756326569 -70.39968719570585
534.6084020919743 -56.39540858118671
533.2445730282781 -42.42414929292569
531.5159841434413 -28.495429412796955
529.4239791113332 -14.61874569123096
526.9701481860048 -0.8035551399740914
468.37985833136213 13.487373702018246
418.4232474426842 24.816819235248182
378.4238077556839 33.936368873879395
345.53014350870774 41.44940333202994
316.9402795034367 47.65705187499472
293.95227252043577 53.076227372733165
272.4714882428316 57.53335400488867
253.8160590358272 61.39249284115893
237.93702883100624 64.87977494977348
223.48753952098636 67.90244630051116
210.44626039037448 70.57442742759989
198.78636897011776 73.0078567120556
188.47562034250052 75.3128423306871
178.26076266874998 77.14487781468203
169.35448281750826 78.99568554536116
161.71128418752136 80.96947074116943
152.9736704835426 82.06848452589412
145.48240622117822 83.36503549539881
139.18183791577792 84.95765651532987
132.92734728196973 86.30017085183914
126.7276788152406 87.39620322336258
120.59144164336108 88.24965920023065
114.52710085974269 88.86472026003491
109.52441417945539 90.00012742989885
104.55528534765625 90.95918507078576
99.62574640496874 91.74459278132447
94.7417272545358 92.35923616272378
89.90904994885541 92.80618322036345
85.97146909726729 93.96737310483697
81.22801208158175 94.11131089075292
77.32864081880625 95.01975237963808
72.69409646123415 94.87165496441142
68.85007325192886 95.53551013654172
65.02366112257192 96.0899555969582
61.21842575911433 96.53651207084876
57.43787376779476 96.87680146605497
53.68544968744488 97.11254489682503
49.96453307241518 97.24556061820586
46.789386750732305 98.34157424170273
43.106335954159945 98.28843139855469
39.46418735176767 98.1376176225801
36.27099981456384 98.9926093478506
32.68400669828392 98.66363093214119
29.479614765085152 99.36420635358034
25.95863935661551 98.862503044185
22.75276097449193 99.41044657210031
19.531329490940784 99.88619098607198
16.110447372756347 99.13963203625022
12.901593136043264 99.46536762135514
9.683919599446709 99.71897986829362
6.459626348418814 99.90027210906989
3.2309174584435687 100.00910373431853
