0 186.82439032550974
-3.747931137247107 186.78656358338426
-7.493299370675796 186.6731155630139
-11.233543537300699 186.4841428465959
-14.966105954652743 186.21980628487051
-18.688434158160526 185.88033081792867
-22.621023419770182 186.61017055588854
-26.352044524860457 186.1147717175278
-30.06504575936704 185.5442904476279
-34.09032969439023 186.02063224826313
-37.79587020044033 185.29193861811373
-41.88050847367157 185.59011654986907
-45.56749669079173 184.7017236718686
-49.699263069747644 184.8166242205956
-53.86741317996072 184.83143713249115
-57.52280788952585 183.69477879158848
-61.71879282842269 183.51891178595577
-65.94077958052657 183.23822476222216
-70.18506677668498 182.85101948334693
-74.44789205711959 182.35570031809286
-78.72543520632536 181.75077599630575
-83.01382135567748 181.03486125980885
-88.08565602933852 181.12945836427306
-92.41494528730283 180.16621991081485
-97.5806533329536 179.96633636825172
-101.93252885952641 178.74820318664405
-107.17126054833214 178.2434695417248
-112.45281550064311 177.57035312992153
-117.77109921277203 176.7259449774232
-123.11991535533512 175.70752027775524
-128.49297166899106 174.51254156063212
-134.91811057573597 173.83786749028522
-141.40532708748825 172.92492051876218
-147.94591556713613 171.76968265379196
-154.53103323734447 170.3684113649419
-161.15170900738897 168.7176440741315
-168.95234177696497 167.3637183006898
-177.98837300500065 166.20826015436978
-185.91883365542412 164.17911775091764
-195.10102314845543 162.2741939635596
-205.580248990644 160.38943440987916
-216.14364312862813 158.03326394299089
-228.04428425054917 155.55033223135493
-241.3142522763206 152.8306698386188
-255.98021294303763 149.76227225103827
-272.0633486074449 146.23134752631785
-290.9103774932294 142.3307726225079
-312.5701243559743 137.83453336117356
-335.72433417843297 132.37867916676947
-364.4675273703949 126.13688961822969
-397.50154206709055 118.59234854775328
-437.62825727767876 109.44401603532033
-487.6989815355074 98.08859307634707
-550.5958721828887 83.61970377021956
-633.438440751339 64.5622001324587
-746.233415673608 38.44437854888495
-910.3837527088376 0.4739372407954733
-914.2302770268506 -23.56887439263361
-916.0339545383366 -47.51100883516708
-917.2110280920668 -71.49862807150843
-917.7893963133105 -100
-917.6806123874666 -119.53962931181165
-916.971862728129 -143.56438489362037
-915.6339308564337 -167.5678945840153
-913.6672539055627 -191.53412872138082
-911.0043624388566 -215.71863499014293
-907.4833656764964 -240.4676510590834
-903.1961505353172 -265.2073102289748
-898.2026075778696 -289.7444551320108
-892.5375145062962 -314.02158233689266
-886.2236906700822 -338.02101148581073
-879.2778001079926 -361.7366290531323
-871.7131732883415 -385.1648173472418
-863.5413077229764 -408.3015099900283
-854.7726693879106 -431.14142181213515
-845.4171779729218 -453.6779665749477
-835.4844959781783 -475.90342396543383
-824.9842277932812 -497.8091465935724
-813.9260071292236 -519.385801757139
-802.3195885481608 -540.6235411174237
-790.1748860153089 -561.5121635649297
-777.5020060437371 -582.0412395031436
-764.3112668909565 -602.2002136016871
-750.6132014217252 -621.978491510856
-736.4185838946148 -641.3654984835138
-721.7383875830068 -660.3507508613787
-706.5838145572739 -678.9238865911127
-690.9663091977825 -697.0747009898943
-674.8974905658567 -714.793190116175
-658.389195710663 -732.0695629209172
-641.4534699995714 -748.8942653219377
-624.1025171657914 -765.2579980187919
-606.3487515508488 -781.1517287812876
-588.2047341757291 -796.5667034229374
-569.6831937327896 -811.4944549957115
-550.7970158827723 -825.9268124085881
-531.5592329358199 -839.8559071335418
-511.9829776304515 -853.2741644685842
-492.0815694976633 -866.1743387330174
-471.86838901967474 -878.5494748440535
-451.3569595799103 -890.3929435576383
-430.56090114400735 -901.6984284860125
-409.4939243383907 -912.4599258448933
-388.16982970711217 -922.6717480029829
-366.6025004758116 -932.3285235331685
-344.80589566662024 -941.4251968877038
-322.79404125623904 -949.9570252236917
-300.5810177864585 -957.9195684986945
-278.18098611237764 -965.3087255096214
-255.60813980930473 -972.1206845911886
-232.87672207047623 -978.3519453062322
-210.00102675715488 -983.9993301407383
-186.99537591778454 -989.0599537397308
-163.87412832656932 -993.5312421588221
-140.65167627036163 -997.4109397318068
-117.34242850121343 -1000.697073201178
-93.96086132339096 -1003.3881853291686
-70.52140332987939 -1005.4829740224606
-47.03845872315572 -1006.980166681466
-23.52649042161763 -1007.8788524743707
0 -1008.1784749364633
23.52649042161723 -1007.8788524743707
47.03845872315539 -1006.980166681466
70.52140332987939 -1005.4829740224606
93.96086132339053 -1003.3881853291686
117.34242850121305 -1000.6970732011781
140.65167627036163 -997.4109397318068
163.874128326569 -993.5312421588222
186.99537591778403 -989.0599537397308
210.00102675715488 -983.9993301407383
232.87672207047586 -978.3519453062322
255.60813980930448 -972.1206845911886
278.18098611237764 -965.3087255096214
300.5810177864583 -957.9195684986946
322.7940412562387 -949.9570252236917
344.80589566662024 -941.4251968877038
366.6025004758114 -932.3285235331688
388.1698297071119 -922.6717480029831
409.4939243383907 -912.4599258448933
430.5609011440072 -901.6984284860125
451.35695957991027 -890.3929435576383
471.86838901967474 -878.5494748440535
492.0815694976633 -866.1743387330174
511.9829776304515 -853.2741644685842
531.5592329358199 -839.8559071335418
550.797015882772 -825.9268124085881
569.6831937327896 -811.4944549957114
588.2047341757291 -796.5667034229374
606.3487515508483 -781.1517287812878
624.1025171657909 -765.2579980187926
641.4534699995714 -748.8942653219377
658.3891957106624 -732.0695629209175
674.8974905658567 -714.7931901161751
690.9663091977824 -697.0747009898944
706.5838145572736 -678.9238865911129
721.7383875830069 -660.3507508613787
736.4185838946148 -641.3654984835138
750.6132014217252 -621.978491510856
764.3112668909564 -602.2002136016876
777.5020060437371 -582.0412395031436
790.1748860153085 -561.51216356493
802.3195885481608 -540.6235411174237
813.9260071292236 -519.385801757139
824.9842277932812 -497.8091465935724
835.4844959781783 -475.90342396543394
845.4171779729218 -453.6779665749474
854.7726693879106 -431.1414218121352
863.541307722976 -408.30150999002933
871.7131732883415 -385.1648173472418
879.2778001079926 -361.7366290531323
886.2236906700819 -338.02101148581215
892.5375145062961 -314.0215823368945
898.2026075778696 -289.7444551320104
903.196150535317 -265.2073102289768
907.4833656764964 -240.4676510590834
911.0043624388566 -215.71863499014293
913.6672539055627 -191.53412872138082
915.6339308564337 -167.5678945840153
916.971862728129 -143.56438489362037
917.6806123874666 -119.53962931181165
917.7893963133105 -100
917.2110280920668 -71.49862807150843
916.0339545383367 -47.51100883516666
914.2302770268506 -23.56887439263361
910.3837527088378 0.47393724079367683
746.233415673608 38.44437854888495
633.438440751339 64.5622001324587
550.5958721828887 83.61970377021956
487.69898153550747 98.0885930763466
437.62825727767887 109.44401603532019
397.50154206709055 118.59234854775306
364.4675273703949 126.13688961822969
335.72433417843297 132.37867916676947
312.5701243559743 137.83453336117356
290.9103774932294 142.33077262250785
272.0633486074449 146.23134752631788
255.98021294303769 149.76227225103815
241.3142522763206 152.8306698386188
228.04428425054917 155.55033223135493
216.14364312862813 158.03326394299089
205.58024899064412 160.38943440987896
195.10102314845545 162.27419396355953
185.91883365542412 164.17911775091756
177.98837300500065 166.20826015436978
168.95234177696497 167.3637183006898
161.15170900738897 168.7176440741315
154.53103323734456 170.36841136494178
147.94591556713615 171.76968265379196
141.40532708748825 172.92492051876215
134.91811057573597 173.83786749028522
128.49297166899106 174.51254156063212
123.11991535533512 175.70752027775524
117.77109921277214 176.72594497742315
112.45281550064315 177.5703531299208
107.17126054833217 178.24346954172478
101.93252885952641 178.74820318664405
97.5806533329536 179.96633636825172
92.41494528730283 180.16621991081485
88.0856560293386 181.12945836427295
83.0138213556775 181.03486125980885
78.72543520632537 181.75077599630575
74.44789205711959 182.35570031809286
70.18506677668498 182.85101948334693
65.94077958052657 183.23822476222216
61.71879282842276 183.51891178595574
57.5228078895259 183.69477879158848
53.86741317996075 184.8314371324911
49.699263069747644 184.8166242205956
45.56749669079173 184.7017236718686
41.88050847367157 185.59011654986907
37.79587020044038 185.2919386181137
34.09032969439027 186.02063224826313
30.065045759367095 185.54429044762787
26.352044524860457 186.1147717175278
22.621023419770182 186.61017055588854
18.688434158160526 185.88033081792867
14.966105954652788 186.2198062848705
11.233543537300742 186.4841428465959
7.493299370675841 186.6731155630139
3.747931137247107 186.78656358338426
