0 194.02739032550951
-3.790845316120128 193.98943574476917
-7.579098317187249 193.875604545357
-11.362168449138386 193.6859943191033
-15.137468678727052 193.4207675968619
-18.90241725102016 193.08015166541966
-22.87748022809199 193.80860364271126
-26.65079928595824 193.31157340944074
-30.40589372165077 192.73922141787415
-34.47303725769223 193.21345811303917
-38.2201750761134 192.48243056042776
-42.346119864348495 192.77805193027376
-46.07409548968305 191.88688662457633
-50.24650207934188 191.99880623349227
-54.45491734997573 192.01043760959226
-58.15017457395006 190.87040559649375
-62.38559206146829 190.69098176489547
-66.64655437130679 190.40656424530323
-70.92933342241218 190.0154647626453
-75.23014047461169 189.51609810126993
-79.54512928159147 188.9069838344681
-83.87039931134274 188.18674794835962
-88.97853080965939 188.27690431556675
-93.34350496050497 187.30911749746042
-98.54426151061926 187.104590235966
-102.93052513274417 185.88173053562386
-108.20296094030734 185.37220037555505
-113.51751293546194 184.69423047110936
-118.86806399999509 183.84492504872526
-124.24839569009194 182.82157264852606
-129.65219414722907 181.6216492575195
-136.107280724273 180.942027071673
-142.62362990850482 180.0241421124516
-149.19251609673492 178.86398995751136
-155.80507711779072 177.45784160937623
-162.45232307264757 175.8022479482557
-170.27863465112256 174.44355983930922
-179.33943571317087 173.28341658787653
-187.29374024671358 171.24967931738675
-196.49883133056537 169.3402636834269
-207.0000007756678 167.45112782356702
-217.5843654896112 165.0907088119616
-229.50498978835023 162.60366820320831
-242.79393989632857 159.88004807695975
-257.47786854126946 156.80785503098514
-273.5779457655634 153.27330779662748
-292.4408781819976 149.36929353543283
-314.1154796466712 144.8698077712815
-337.28348496173305 139.41090910007884
-366.03940508223457 133.16628571313166
-399.0850694210018 125.61912946930005
-439.2223490031131 116.46840786457538
-489.30254512162225 105.11082867658769
-552.2078086273006 90.64002213188752
-635.0576453133295 71.58084569883604
-747.858778631251 45.46160052456197
-912.0141601195501 7.489988885067859
-945.728349869302 -20.775662700221655
-947.6024948759946 -45.5420845212714
-948.8284934039673 -70.356004510759
-949.4373065310115 -100
-949.3310425449322 -120.05304750733498
-948.6062452807089 -144.90672262910368
-947.2305419420836 -169.738830952484
-945.2043618380928 -194.53281132079817
-942.4214301236477 -219.69757782536
-938.7416969973708 -245.41828667335918
-934.2736363148647 -271.0790395142603
-929.0776465182862 -296.5040443404565
-923.1888313300037 -321.64463938094383
-916.6302924973829 -346.4880276496906
-909.4189740633068 -371.030924088135
-901.5684973606526 -395.2713842113872
-893.0906657339322 -419.20632560667383
-883.9962666771064 -442.8310170265569
-874.295556664222 -466.13914844464716
-863.9985493601268 -489.1230918604034
-853.1152136942821 -511.77416828688746
-841.6555601757407 -534.0829292172269
-829.6297313999958 -556.0393532100712
-817.0480395630285 -577.6330275016398
-803.9209986224765 -598.8532855806019
-790.2593425424486 -619.6893195368125
-776.0740272340125 -640.1302738007693
-761.3762564782289 -660.1653089548918
-746.1774386716121 -679.7836771045594
-730.4892158263285 -698.9747552857852
-714.3234763122501 -717.7280834071216
-697.6922864682905 -736.0334092469047
-680.6079332351342 -753.880701797876
-663.0829138201981 -771.2601762107362
-645.1298851245872 -788.1623122164415
-626.7617154098464 -804.5778668156665
-607.9914198323108 -820.4978854883882
-588.8321809393184 -835.9137114918298
-569.2973375106702 -850.8169944742549
-549.4003738272801 -865.199697089092
-529.15487310153 -879.0540861046461
-508.57460346591137 -892.3727673642649
-487.6733919088799 -905.1486471254326
-466.4652059307843 -917.3749669834064
-444.9641070431161 -929.0452905741471
-423.18424468429555 -940.1535029805666
-401.13985534708047 -950.6938139240609
-378.8452552553718 -960.6607574523747
-356.3148334285163 -970.0491912488823
-333.5630428264614 -978.8542930968943
-310.6043879860376 -987.0715506282341
-287.45345078302205 -994.696796968967
-264.1248580870804 -1001.7261852835445
-240.6340711539073 -1008.1576091966422
-216.99571703350276 -1013.988262944478
-193.22396624949633 -1019.2146956610273
-169.33317299537487 -1023.8337692574987
-145.33786593631518 -1027.842703949723
-121.25271389246525 -1031.2390659654475
-97.09250194075065 -1034.0207574737208
-72.87212564096673 -1036.1860830240262
-48.6065559075923 -1037.7337053410606
-24.31082380265511 -1038.6626674040729
0 -1038.972385034855
24.310823802654703 -1038.6626674040729
48.60655590759196 -1037.7337053410606
72.87212564096673 -1036.1860830240262
97.0925019407502 -1034.0207574737208
121.25271389246485 -1031.2390659654475
145.33786593631518 -1027.842703949723
169.33317299537455 -1023.8337692574988
193.2239662494958 -1019.2146956610273
216.99571703350276 -1013.988262944478
240.63407115390694 -1008.1576091966422
264.12485808708016 -1001.7261852835445
287.45345078302205 -994.696796968967
310.60438798603735 -987.0715506282344
333.56304282646107 -978.8542930968943
356.3148334285163 -970.0491912488823
378.84525525537157 -960.6607574523749
401.1398553470802 -950.6938139240613
423.18424468429555 -940.1535029805666
444.9641070431159 -929.0452905741471
466.4652059307843 -917.3749669834064
487.6733919088799 -905.1486471254326
508.57460346591137 -892.3727673642649
529.15487310153 -879.0540861046461
549.4003738272801 -865.199697089092
569.29733751067 -850.8169944742549
588.8321809393184 -835.9137114918296
607.9914198323108 -820.4978854883882
626.7617154098458 -804.5778668156668
645.1298851245867 -788.1623122164422
663.0829138201981 -771.2601762107362
680.6079332351335 -753.8807017978763
697.6922864682905 -736.0334092469049
714.32347631225 -717.7280834071217
730.4892158263283 -698.9747552857855
746.1774386716122 -679.7836771045594
761.3762564782289 -660.1653089548918
776.0740272340125 -640.1302738007693
790.2593425424485 -619.689319536813
803.9209986224765 -598.8532855806019
817.0480395630282 -577.6330275016402
829.6297313999958 -556.0393532100712
841.6555601757407 -534.0829292172269
853.1152136942821 -511.77416828688746
863.9985493601268 -489.1230918604035
874.2955566642221 -466.1391484446468
883.9962666771064 -442.83101702655694
893.0906657339317 -419.2063256066749
901.5684973606526 -395.2713842113872
909.4189740633068 -371.030924088135
916.6302924973826 -346.48802764969207
923.1888313300036 -321.6446393809457
929.0776465182862 -296.5040443404561
934.2736363148643 -271.0790395142625
938.7416969973708 -245.41828667335918
942.4214301236477 -219.69757782536
945.2043618380928 -194.53281132079817
947.2305419420836 -169.738830952484
948.6062452807089 -144.90672262910368
949.3310425449322 -120.05304750733498
949.4373065310115 -100
948.8284934039673 -70.356004510759
947.6024948759947 -45.54208452127098
945.728349869302 -20.775662700221655
912.0141601195503 7.4899888850660625
747.858778631251 45.46160052456197
635.0576453133295 71.58084569883604
552.2078086273006 90.64002213188752
489.3025451216223 105.11082867658722
439.2223490031132 116.46840786457524
399.0850694210018 125.61912946929984
366.03940508223457 133.16628571313166
337.28348496173305 139.41090910007884
314.1154796466712 144.8698077712815
292.4408781819976 149.36929353543277
273.5779457655634 153.2733077966275
257.4778685412695 156.80785503098502
242.79393989632857 159.88004807695975
229.50498978835023 162.60366820320831
217.5843654896112 165.0907088119616
207.0000007756679 167.45112782356682
196.4988313305654 169.34026368342683
187.29374024671358 171.24967931738666
179.33943571317087 173.28341658787653
170.27863465112256 174.44355983930922
162.45232307264757 175.8022479482557
155.8050771177908 177.45784160937612
149.19251609673495 178.86398995751136
142.62362990850482 180.02414211245159
136.107280724273 180.942027071673
129.65219414722907 181.6216492575195
124.24839569009194 182.82157264852606
118.8680639999952 183.8449250487252
113.51751293546198 184.69423047110863
108.20296094030736 185.37220037555502
102.93052513274417 185.88173053562386
98.54426151061926 187.104590235966
93.34350496050497 187.30911749746042
88.97853080965946 188.27690431556664
83.87039931134277 188.18674794835962
79.54512928159149 188.9069838344681
75.23014047461169 189.51609810126993
70.92933342241218 190.0154647626453
66.64655437130679 190.40656424530323
62.38559206146835 190.69098176489544
58.15017457395011 190.87040559649375
54.45491734997576 192.0104376095922
50.24650207934188 191.99880623349227
46.07409548968305 191.88688662457633
42.346119864348495 192.77805193027376
38.22017507611345 192.48243056042773
34.473037257692276 193.21345811303917
30.405893721650823 192.73922141787412
26.65079928595824 193.31157340944074
22.87748022809199 193.80860364271126
18.90241725102016 193.08015166541966
15.137468678727096 193.42076759686188
11.362168449138428 193.6859943191033
7.579098317187293 193.875604545357
3.790845316120128 193.98943574476917
