0 318.1933903255108
-4.530604018597917 318.153232050547
-9.058108728479912 318.03279557431875
-13.57941692938803 317.83219589279713
-18.09143563657987 317.55162449881385
-22.591078185076732 317.19134913169813
-27.298307114401247 317.89587875841715
-31.80076231059621 317.37072638432625
-36.281463357207436 316.7661267144949
-41.07018668223157 317.20407540108835
-45.53438293295387 316.43281547078834
-50.37237336077932 316.68436658295917
-54.80689383247637 315.745409904586
-59.67986024472823 315.8059437891447
-64.58237018547256 315.7627315481924
-68.96478122926382 314.56454385247997
-73.8799407453971 314.3238071161418
-78.81276743142305 313.9750829536531
-83.75907274399549 313.51685481531257
-88.71461319518977 312.9477170303224
-93.67509381713114 312.2663760923142
-98.63617168995339 311.4716518176588
-104.36999130852385 311.48525833311027
-109.35010504141813 310.43906637201746
-115.15503104942735 310.1544902413217
-120.13407993773588 308.8501543608993
-125.9875105543559 308.25794141586255
-131.87086871662345 307.496306543014
-137.77764747498037 306.5625815159277
-143.70124717495167 305.4542849446707
-149.63498162923662 304.16912479434404
-156.60630899905445 303.4042065222665
-163.6248499660287 302.40120006081236
-170.6815347498189 301.1563349073411
-177.76716686643547 299.6661153467645
-184.87243219758153 297.9273242545838
-193.14139752945812 296.48654255265325
-202.62918334924797 295.2456370130914
-210.99451101084617 293.1326929869971
-220.5943818983653 291.1458464735204
-231.47381726036338 289.18127143094824
-242.41967475989085 286.74761560088547
-254.68477096377805 284.1897454322976
-268.3009360126516 281.3979015188392
-283.29459837745674 278.2602819995931
-299.6867158245591 274.66328959910777
-318.8237948169542 270.69998736775767
-340.7544613243983 266.14453807885656
-364.1602746548107 260.6331584266502
-393.13558278156563 254.3396850633463
-426.38206475985237 246.747448212159
-466.7014539844098 237.55554320697198
-516.9449269394075 226.16079473788255
-579.9945225738289 211.65693865206856
-662.9696477628801 192.56892641448636
-775.8769400915733 166.4251412481379
-940.1192783423076 128.43335532443055
NaN NaN
NaN NaN
NaN NaN
-1145.6454185581906 -318.5967543035975
-1131.1347988648638 -334.4725863887445
-1117.6477727655267 -353.7081466553968
-1106.345756193393 -373.21163255586396
-1096.3113458141597 -393.109219426541
-1087.8551104332257 -413.68075793167634
-1080.7195436810578 -434.8933831676283
-1073.6977104439366 -456.65248506726334
-1067.9150113910644 -478.5778039573127
-1062.0063804826732 -500.90912665226847
-1057.104796974256 -523.4773635785172
-1053.113636259876 -546.3846513398687
-1048.7135600751183 -569.7584162495407
-1045.0643387005864 -593.5798644399498
-1040.870700822449 -617.8799077252277
-1037.291694318385 -642.7299631250332
-1034.2542506317873 -668.2234761122243
-1030.4933297985633 -694.2468554622099
-1028.3238795402426 -721.2488823409841
-1025.299603826246 -748.8613396302816
-1022.5306899489638 -777.3670513691445
-1019.9336019362206 -806.8406401658942
-1017.421202365789 -837.3517093842672
-1014.9027542137258 -868.9644693678465
-1013.3648213260078 -902.2382411728364
-1011.5882104160502 -936.8038096401737
-1009.4687101783492 -972.7042335639023
-1006.8993840393387 -1009.9755256695667
-1005.7853471921449 -1049.9544503796913
-1004.1502920618912 -1091.5021086262636
-1001.9114597814313 -1134.6644190660836
-1000.8102780249361 -1181.0067758041705
-974.1175196914302 -1207.7453437736333
-944.9688790201857 -1232.216184314164
-915.2472549404147 -1255.9334522661175
-884.9653215857884 -1278.8854796117687
-854.1369825567036 -1301.0601644518895
-822.777166386236 -1322.445126558415
-790.9018438385491 -1343.027892095973
-758.5278375349878 -1362.7959814721712
-725.672886510972 -1381.7370779355256
-692.3554156771642 -1399.8390319077894
-658.5946050481998 -1417.0900048536332
-624.4102674833767 -1433.4784914885386
-589.8228667956547 -1448.9934284683386
-554.8533623569389 -1463.6241482090597
-519.5232938002612 -1477.3605344578023
-483.85460957991 -1490.1929251841902
-447.8697571046068 -1502.11228110393
-411.5915597563385 -1513.1101195046635
-375.04320394979464 -1523.1785565934645
-338.24821829878175 -1532.3103491590362
-301.23042674831214 -1540.4988920711112
-264.01391613474624 -1547.738226198374
-226.6230185909121 -1554.0230834967297
-189.0822685723942 -1559.3488741584447
-151.41637024789316 -1563.7116761413902
-113.65018303413636 -1567.108301774563
-75.80867752939746 -1569.5362531559135
-37.91691142287848 -1570.9937442775522
0 -1571.4796935235959
37.91691142287783 -1570.9937442775522
75.80867752939683 -1569.5362531559135
113.65018303413636 -1567.108301774563
151.41637024789253 -1563.7116761413902
189.08226857239364 -1559.3488741584447
226.6230185909121 -1554.0230834967297
264.0139161347458 -1547.738226198374
301.2304267483114 -1540.4988920711112
338.24821829878175 -1532.3103491590362
375.0432039497941 -1523.1785565934645
411.5915597563381 -1513.1101195046635
447.8697571046068 -1502.11228110393
483.85460957990966 -1490.1929251841907
519.5232938002606 -1477.3605344578025
554.8533623569389 -1463.6241482090597
589.8228667956542 -1448.9934284683388
624.4102674833763 -1433.478491488539
658.5946050481998 -1417.0900048536332
692.3554156771639 -1399.8390319077894
725.672886510972 -1381.7370779355256
758.5278375349878 -1362.7959814721712
790.9018438385491 -1343.027892095973
822.777166386236 -1322.445126558415
854.1369825567036 -1301.0601644518895
884.9653215857882 -1278.8854796117687
915.2472549404146 -1255.9334522661172
944.9688790201857 -1232.216184314164
974.117519691429 -1207.7453437736337
1000.8102780249351 -1181.0067758041719
1001.9114597814313 -1134.6644190660836
1004.1502920618904 -1091.5021086262652
1005.7853471921443 -1049.9544503796917
1006.8993840393384 -1009.9755256695668
1009.4687101783489 -972.7042335639026
1011.5882104160505 -936.8038096401735
1013.3648213260078 -902.2382411728364
1014.9027542137258 -868.9644693678465
1017.4212023657889 -837.3517093842677
1019.9336019362206 -806.8406401658942
1022.5306899489631 -777.367051369145
1025.299603826246 -748.8613396302816
1028.3238795402426 -721.2488823409841
1030.4933297985633 -694.2468554622099
1034.2542506317873 -668.2234761122244
1037.2916943183852 -642.7299631250329
1040.8707008224487 -617.8799077252277
1045.064338700586 -593.5798644399509
1048.7135600751183 -569.7584162495407
1053.113636259876 -546.3846513398687
1057.1047969742554 -523.4773635785183
1062.0063804826727 -500.9091266522702
1067.9150113910644 -478.57780395731237
1073.697710443935 -456.65248506726573
1080.7195436810578 -434.8933831676283
1087.8551104332257 -413.68075793167634
1096.3113458141597 -393.109219426541
1106.345756193393 -373.21163255586396
1117.6477727655267 -353.7081466553968
1131.1347988648638 -334.4725863887445
1145.6454185581906 -318.5967543035975
NaN NaN
NaN NaN
NaN NaN
940.1192783423078 128.43335532442876
775.8769400915733 166.4251412481379
662.9696477628801 192.56892641448636
579.9945225738289 211.65693865206856
516.9449269394077 226.16079473788207
466.7014539844099 237.55554320697183
426.38206475985237 246.7474482121588
393.13558278156563 254.3396850633463
364.1602746548107 260.6331584266502
340.7544613243983 266.14453807885656
318.8237948169542 270.6999873677576
299.6867158245591 274.6632895991078
283.2945983774568 278.26028199959296
268.3009360126516 281.3979015188392
254.68477096377805 284.1897454322976
242.41967475989085 286.74761560088547
231.4738172603635 289.1812714309481
220.59438189836533 291.1458464735203
210.99451101084617 293.13269298699703
202.62918334924797 295.2456370130914
193.14139752945812 296.48654255265325
184.87243219758153 297.9273242545838
177.76716686643556 299.6661153467644
170.68153474981892 301.1563349073411
163.6248499660287 302.4012000608123
156.60630899905445 303.4042065222665
149.63498162923662 304.16912479434404
143.70124717495167 305.4542849446707
137.77764747498048 306.56258151592766
131.8708687166235 307.49630654301325
125.98751055435592 308.25794141586255
120.13407993773588 308.8501543608993
115.15503104942735 310.1544902413217
109.35010504141813 310.43906637201746
104.36999130852392 311.48525833311015
98.63617168995341 311.4716518176588
93.67509381713116 312.2663760923142
88.71461319518977 312.9477170303224
83.75907274399549 313.51685481531257
78.81276743142305 313.9750829536531
73.87994074539718 314.3238071161418
68.96478122926386 314.56454385247997
64.58237018547258 315.76273154819233
59.67986024472823 315.8059437891447
54.80689383247637 315.745409904586
50.37237336077932 316.68436658295917
45.53438293295392 316.4328154707883
41.070186682231615 317.20407540108835
36.28146335720749 316.7661267144949
31.80076231059621 317.37072638432625
27.298307114401247 317.89587875841715
22.591078185076732 317.19134913169813
18.091435636579913 317.55162449881385
13.579416929388072 317.83219589279713
9.058108728479956 318.03279557431875
4.530604018597917 318.153232050547
