-627.5 512.5 0.000008359193841600991
867.5 252.5 0.0000009577358138705156
827.5 262.5 0.000000956787564336909
-267.5 497.5 0.000000930396370063649
-22.5 447.5 0.000006343603602497649
142.5 417.5 0.000000940504187294652
-47.5 442.5 0.0000015861975736839333
92.5 472.5 0.0000015845982787998072
62.5 437.5 0.0000009382613196840751
87.5 432.5 0.0000009389477966188618
-372.5 367.5 0.0000015898647616695283
-297.5 507.5 0.0000009294556780897212
147.5 477.5 0.000001584097761461804
592.5 517.5 0.000006328643091306571
517.5 517.5 0.000006327956111843589
432.5 522.5 0.000014237362226146265
922.5 467.5 0.0000015848084218714705
-347.5 512.5 0.0000037162198402928914
172.5 482.5 0.0000015837917148297058
-622.5 512.5 0.0000037145219806191454
-397.5 512.5 0.000003714927555398256
342.5 507.5 0.00001424253528537244
87.5 467.5 0.0000015847039011934699
507.5 517.5 0.000006327900578403481
47.5 442.5 0.0000009378553218038949
-132.5 477.5 0.000000932964287709415
737.5 287.5 0.0000009549768396627579
22.5 447.5 0.000003748653006181564
-17.5 457.5 0.0000009360597801468456
-252.5 497.5 0.0000009307151611255197
-257.5 497.5 0.000003722034412089285
-267.5 392.5 0.0000015887488197403041
307.5 507.5 0.000014243672972993064
-547.5 517.5 0.0000037133192639228744
-887.5 477.5 0.0000009334894357160023
982.5 457.5 0.0000015854275379271834
112.5 477.5 0.0000015843233031350428
147.5 482.5 0.0000015840088621077167
-1192.5 407.5 0.0000009416769905825927
-227.5 492.5 0.0000009311251193990882
397.5 512.5 0.000006329093765822485
652.5 512.5 0.000006329651556251316
-712.5 502.5 0.000003719910824382287
1012.5 447.5 0.0000015857672036678085
977.5 227.5 0.0000009598034993546237
457.5 517.5 0.000014238668660879482
-412.5 517.5 0.000008355154613706477
-722.5 502.5 0.0000009298880021112794
-427.5 517.5 0.000003712113107875232
-422.5 517.5 0.00000835316245813419
-202.5 487.5 0.0000009317560844143552
-697.5 502.5 0.000003719312599403196
947.5 462.5 0.000006340020014154787
857.5 482.5 0.0000015840484291390407
-112.5 477.5 0.0000009334894357160023
-907.5 472.5 0.0000009341290092543682
-1272.5 392.5 0.0000009438144420377687
-307.5 507.5 0.00000836603006318368
-827.5 262.5 0.0000015942507352739335
-152.5 482.5 0.0000009325527920429787
-97.5 432.5 0.000001586772316550642
-27.5 457.5 0.0000037432929638836856
-277.5 507.5 0.0000009297634258997681
-372.5 512.5 0.000008359193841600991
162.5 482.5 0.0000015838073149466246
-527.5 517.5 0.000003712528425356258
-142.5 417.5 0.0000015873315620985819
1412.5 362.5 0.0000015901256806530506
-147.5 482.5 0.0000009327584716550954
77.5 467.5 0.0000015848084218714705
-387.5 517.5 0.0000037132520380345034
242.5 397.5 0.0000009430268515322967
247.5 497.5 0.000006332071704297852
532.5 517.5 0.000014238284385189327
-117.5 472.5 0.0000009335514026386335
2.5 452.5 0.0000015856514801848979
372.5 512.5 0.000014240722933737885
722.5 507.5 0.0000015827185589637584
-867.5 252.5 0.0000015946509564307585
657.5 302.5 0.0000009533130702894595
262.5 502.5 0.000006331458198682036
1062.5 437.5 0.0000015863715376350305
362.5 517.5 0.0000015821894263560813
-317.5 382.5 0.0000015892677421881837
-602.5 512.5 0.0000037149275553982557
-842.5 482.5 0.0000037303542198531137
-462.5 517.5 0.000003712870694007961
112.5 427.5 0.0000009397264857499968
1207.5 407.5 0.00000158795914044441
1112.5 427.5 0.0000015869988723040132
-1212.5 402.5 0.0000009423504904065447
-917.5 467.5 0.0000009343659771019901
177.5 412.5 0.0000009414006958707114
502.5 517.5 0.00001423775373426619
672.5 512.5 0.0000015824430191441324
197.5 492.5 0.0000015834815147332013
137.5 477.5 0.0000015841399704098567
-927.5 467.5 0.0000009346252213234025
1137.5 422.5 0.0000015872011827901596
-1127.5 422.5 0.0000009399045592392304
-1412.5 362.5 0.0000009470547308580609
-42.5 457.5 0.0000009355368089925788
-62.5 462.5 0.0000009349067657124251
152.5 482.5 0.0000015839203520754477
782.5 492.5 0.000014249922709520723
-657.5 302.5 0.000001592781750474496
1022.5 447.5 0.0000063436036024976495
-507.5 517.5 0.0000037121642895214802
-707.5 507.5 0.0000037185099405715254
-687.5 507.5 0.000003717182330081169
332.5 512.5 0.000006329532515062504
927.5 462.5 0.0000015849224952731821
-567.5 522.5 0.000008351410999436423
647.5 512.5 0.00001424092332460725
547.5 517.5 0.000006328399379548823
962.5 457.5 0.0000015852313485098777
217.5 492.5 0.000014249922709520725
-597.5 517.5 0.0000009285463252679544
-1137.5 422.5 0.0000009401993526086582
532.5 332.5 0.0000009504321145271034
-217.5 492.5 0.00000838052653161589
577.5 517.5 0.000014238118725173186
-1082.5 432.5 0.0000009387086811502236
-562.5 522.5 0.0000037113885144004
-1207.5 407.5 0.0000009419725312412345
-207.5 407.5 0.00000158795914044441
-227.5 497.5 0.000000930970875795382
507.5 337.5 0.0000009497860510731508
-927.5 242.5 0.0000015950877479308137
257.5 497.5 0.0000063321595116155485
-822.5 482.5 0.0000009322392355902549
-1287.5 387.5 0.0000009443029696736513
907.5 472.5 0.0000015845982787998066
-512.5 517.5 0.000008352486187397288
-962.5 457.5 0.0000009356027225322547
-607.5 517.5 0.000003712773776834767
-837.5 482.5 0.0000009322901673400384
-1007.5 452.5 0.0000009367113286070303
192.5 407.5 0.0000009416769905825927
1042.5 212.5 0.0000009609220220846339
637.5 517.5 0.0000015821894263560813
627.5 312.5 0.0000009525550554586696
312.5 512.5 0.0000015824498825208325
-162.5 482.5 0.0000009322901673400384
-212.5 402.5 0.0000015881205639248853
-157.5 482.5 0.000003730354219853114
-182.5 487.5 0.000008386824852465884
877.5 477.5 0.000001584252713335774
-87.5 467.5 0.0000009343747673761283
1312.5 382.5 0.0000015891630656404568
-392.5 517.5 0.000003712773776834767
1107.5 197.5 0.000000962061328220241
-452.5 517.5 0.0000037133192639228744
-357.5 372.5 0.0000015896539988854158
-72.5 437.5 0.0000015864651491557824
302.5 387.5 0.0000009446011378899758
807.5 487.5 0.00000633438341444421
927.5 467.5 0.0000015848115219218675
-687.5 512.5 0.0000009291406771839463
382.5 517.5 0.00001423943822334922
417.5 357.5 0.0000009474605172002713
127.5 422.5 0.0000009399045592392304
-1112.5 427.5 0.0000009397264857499968
-302.5 502.5 0.0000037193125994031955
37.5 457.5 0.0000015852313485098777
1087.5 432.5 0.0000015866655548167756
912.5 467.5 0.0000015847039011934699
1242.5 397.5 0.000001588409312895758
602.5 512.5 0.000006329093765822485
-327.5 512.5 0.0000009291247747902243
-827.5 487.5 0.0000009320623505863932
327.5 512.5 0.0000015824430191441324
892.5 472.5 0.000006337893382973393
752.5 497.5 0.000006332071704297851
412.5 517.5 0.000014238979043724874
-82.5 432.5 0.0000015865631601835266
-327.5 507.5 0.0000037170645218195818
327.5 507.5 0.00000633001606839427
987.5 452.5 0.0000015854717876873007
697.5 292.5 0.0000009541182519852875
992.5 452.5 0.0000015856003897445396
-692.5 507.5 0.00000836603006318368
-292.5 507.5 0.0000037185099405715254
597.5 517.5 0.0000015821933309379232
742.5 497.5 0.0000063321595116155485
72.5 467.5 0.0000015848115219218675
357.5 512.5 0.0000063289574032325136
-392.5 362.5 0.0000015900763091781399
332.5 377.5 0.0000009454960141369608
-597.5 512.5 0.0000037144974328681632
17.5 457.5 0.0000015854275379271834
767.5 497.5 0.000006332561005757079
-167.5 412.5 0.0000015875697617663621
137.5 422.5 0.0000009401993526086582
442.5 517.5 0.000006328638742166312
-312.5 512.5 0.0000009291406771839463
407.5 517.5 0.0000063286430913065704
-987.5 452.5 0.0000009361628898931999
27.5 457.5 0.000006341304047950088
-62.5 437.5 0.0000015863715376350305
97.5 467.5 0.0000015846089262899674
82.5 432.5 0.0000009387086811502234
542.5 517.5 0.000014238668660879482
1142.5 417.5 0.0000015873315620985819
97.5 472.5 0.0000015845059768458654
-542.5 517.5 0.000008354435861768271
837.5 482.5 0.0000015838073149466246
72.5 437.5 0.0000009384798449930682
267.5 497.5 0.0000015829914951835873
-702.5 507.5 0.0000009294556780897212
-792.5 492.5 0.000003725324607915058
132.5 477.5 0.0000015840974178820178
-277.5 502.5 0.0000009298880021112794
-202.5 492.5 0.0000009315853411610426
-457.5 517.5 0.000008354435861768271
1227.5 402.5 0.0000015882609505287812
797.5 492.5 0.0000015835038300934551
-877.5 477.5 0.0000009333253024553521
997.5 452.5 0.0000015856514801848979
-332.5 377.5 0.0000015894621271352647
-642.5 512.5 0.000003714611666603675
-532.5 517.5 0.000008353546045451564
417.5 517.5 0.00000632823782667842
402.5 517.5 0.0000015821933309379232
-612.5 517.5 0.0000037132520380345034
372.5 367.5 0.0000009464415842402173
-557.5 517.5 0.0000037138736031962387
757.5 497.5 0.000014248566996033078
-212.5 492.5 0.0000009314942212896928
-77.5 467.5 0.0000009346180077823987
657.5 507.5 0.00001424253528537244
-937.5 462.5 0.0000009349067657124251
-382.5 517.5 0.000008356218022954292
957.5 457.5 0.0000015852030491223927
822.5 482.5 0.0000015837853890527852
862.5 477.5 0.0000015841399704098567
-752.5 497.5 0.000003721830712290887
-817.5 487.5 0.000008386824852465884
972.5 457.5 0.000006341304047950089
632.5 512.5 0.000014241542238725864
-657.5 507.5 0.000008363393181805926
-57.5 437.5 0.0000015862823409160764
172.5 487.5 0.0000015837092402925212
252.5 497.5 0.0000015831289117379502
827.5 482.5 0.0000015837917148297058
737.5 502.5 0.000006331458198682036
-282.5 502.5 0.0000009301560883261818
777.5 497.5 0.0000015831862794567238
902.5 467.5 0.0000015846089262899674
-147.5 477.5 0.0000009329650899602895
-352.5 512.5 0.000008359658071543243
1102.5 427.5 0.000001586883428280194
697.5 502.5 0.000006330985894053253
482.5 517.5 0.00000632795611184359
-467.5 517.5 0.000008353546045451564
-472.5 517.5 0.000003712528425356258
-257.5 397.5 0.0000015885655662666421
157.5 482.5 0.000006335742965260879
-767.5 497.5 0.00000372296587647356
-72.5 462.5 0.0000009348835332787263
-582.5 517.5 0.0000037129451529838753
-1242.5 397.5 0.0000009430268515322967
52.5 462.5 0.000006340020014154788
477.5 517.5 0.000014238003593031922
-402.5 517.5 0.0000009285463252679544
832.5 482.5 0.0000015838745853213315
-1312.5 382.5 0.0000009447941391010803
-482.5 342.5 0.000001591024825218088
662.5 512.5 0.0000015823241304878325
-1497.5 1997.5 NaN
-727.5 502.5 0.000008371264639557943
567.5 522.5 0.000014237362226146265
352.5 512.5 0.00001424092332460725
292.5 502.5 0.000001582734907963942
-437.5 522.5 0.0000037113885144004
282.5 502.5 0.000001582887897118446
-362.5 517.5 0.0000009285372782595887
-552.5 517.5 0.00000835556429041789
97.5 432.5 0.0000009391971586757233
-97.5 472.5 0.0000009339142857580236
1167.5 412.5 0.0000015875697617663621
742.5 502.5 0.0000015829516839637402
-922.5 467.5 0.0000009346180077823987
-562.5 322.5 0.0000015918468614383647
-697.5 292.5 0.0000015931225286862206
-137.5 477.5 0.0000009330632013736012
-977.5 227.5 0.000001595522627607495
392.5 517.5 0.000006328163818589146
-52.5 462.5 0.0000037403024882730243
-407.5 517.5 0.000003713883670109465
1257.5 397.5 0.0000015885689221121068
-522.5 517.5 0.000008352895896851038
277.5 502.5 0.000001582772289260514
227.5 497.5 0.0000015832391145267456
-1072.5 437.5 0.0000009384798449930682
-177.5 482.5 0.0000009322392355902549
-287.5 502.5 0.0000037199108243822868
787.5 492.5 0.0000015834645827201978
-717.5 502.5 0.0000009301560883261818
-632.5 512.5 0.000008361092037670398
312.5 507.5 0.000006330066904817544
47.5 462.5 0.000001585084410648117
427.5 517.5 0.000006327878474365662
357.5 372.5 0.0000009459465287396838
317.5 382.5 0.0000009450397612696881
887.5 477.5 0.0000015843233031350428
727.5 502.5 0.000014245930638861718
12.5 447.5 0.0000009368514836923382
1007.5 452.5 0.0000015857070881387016
-97.5 467.5 0.0000009341537829550761
-127.5 477.5 0.000003733172756707474
267.5 392.5 0.000000943822570935529
-1057.5 437.5 0.0000009380531355699065
-2.5 452.5 0.0000009365816966476777
212.5 492.5 0.0000015834645827201978
462.5 347.5 0.0000009485765901192327
-982.5 457.5 0.0000009360597801468456
-12.5 452.5 0.0000009361628898931999
732.5 497.5 0.0000015829914951835873
512.5 517.5 0.000014237826635588723
-652.5 512.5 0.000003716219840292891
-532.5 332.5 0.0000015915606802855609
-902.5 467.5 0.0000009341537829550761
-627.5 312.5 0.0000015924607386672327
-137.5 422.5 0.0000015872011827901596
-797.5 487.5 0.0000009317560844143555
-417.5 517.5 0.0000037129451529838753
-447.5 517.5 0.00000835556429041789
1097.5 432.5 0.000001586772316550642
-282.5 387.5 0.0000015889186772839295
722.5 502.5 0.000001582772289260514
677.5 507.5 0.000014243470884117247
572.5 517.5 0.000006327878474365661
-1107.5 197.5 0.0000015964728614639072
-377.5 512.5 0.0000037145219806191454
-47.5 462.5 0.0000009352605132085173
-332.5 512.5 0.00000371594400895507
227.5 492.5 0.0000015833055754669404
-417.5 357.5 0.000001590298299546758
797.5 487.5 0.0000015835773638294847
-492.5 517.5 0.0000037121642895214802
7.5 452.5 0.0000005504003148891211
-772.5 497.5 0.000000930970875795382
-32.5 442.5 0.0000015860413833530768
-637.5 517.5 0.0000009285372782595887
842.5 482.5 0.000006335742965260879
117.5 472.5 0.000001584349950172661
802.5 492.5 0.0000015834815147332013
1127.5 422.5 0.0000015870750682294443
582.5 517.5 0.00000632823782667842
107.5 472.5 0.000006337893382973393
-172.5 487.5 0.0000009320623505863932
817.5 487.5 0.000014252635543502359
642.5 512.5 0.0000063289574032325136
-832.5 482.5 0.0000009324464562212858
-827.5 482.5 0.000000932253928767197
937.5 462.5 0.0000015849324757367294
-242.5 397.5 0.000001588409312895758
-1177.5 412.5 0.0000009414006958707114
707.5 502.5 0.000001582734907963942
-647.5 512.5 0.000008359658071543244
202.5 492.5 0.0000015835038300934551
747.5 497.5 0.0000015831289117379502
272.5 502.5 0.000014245930638861716
772.5 497.5 0.0000015832391145267456
-127.5 422.5 0.0000015870750682294443
-1042.5 442.5 0.0000009376679063428676
-617.5 517.5 0.000008356218022954292
-742.5 502.5 0.0000009303040252492406
-742.5 497.5 0.000003722034412089285
277.5 507.5 0.0000015827185589637584
-1062.5 437.5 0.0000009382613196840753
-757.5 497.5 0.00000837738033257516
-1022.5 447.5 0.0000037486530061815643
927.5 242.5 0.0000009587715093945648
42.5 442.5 0.0000009376679063428676
-1367.5 372.5 0.000000946150289434021
-772.5 492.5 0.0000009311251193990882
587.5 517.5 0.000014238979043724875
-857.5 482.5 0.000000932850426612422
1157.5 417.5 0.0000015874288929481922
902.5 472.5 0.0000015845059768458654
-667.5 512.5 0.00000371594400895507
462.5 517.5 0.0000063282056684641695
492.5 517.5 0.000006327900578403481
-672.5 512.5 0.0000009291247747902243
-677.5 507.5 0.000008365561634594396
-42.5 442.5 0.0000015861172500107747
592.5 317.5 0.0000009518090718851929
-577.5 517.5 0.00000835316245813419
-912.5 467.5 0.0000009343747673761283
222.5 497.5 0.0000015831862794567238
-852.5 482.5 0.0000009327584716550954
437.5 352.5 0.0000009480066438183344
1272.5 392.5 0.000001588745352544812
717.5 502.5 0.000001582887897118446
497.5 517.5 0.000006327891320126451
-197.5 492.5 0.0000009315335282277941
-462.5 347.5 0.0000015907727701548632
127.5 477.5 0.000006336955597775544
617.5 517.5 0.00001423943822334922
337.5 512.5 0.0000015823241304878325
-437.5 352.5 0.0000015905305236885716
-722.5 507.5 0.0000009297634258997681
-592.5 317.5 0.0000015921446362511142
242.5 497.5 0.000014248566996033078
-487.5 517.5 0.000008352486187397288
-192.5 487.5 0.000003727196082101807
-222.5 497.5 0.0000009308482669653802
487.5 517.5 0.000014237826635588721
-1087.5 432.5 0.0000009389477966188618
-882.5 472.5 0.0000009335514026386335
1072.5 437.5 0.0000015864651491557824
-342.5 507.5 0.000008363393181805926
-867.5 477.5 0.000000932964287709415
452.5 517.5 0.000006328399379548823
212.5 402.5 0.0000009423504904065447
-852.5 477.5 0.0000009329650899602895
-1047.5 442.5 0.0000009378553218038949
-1227.5 402.5 0.0000009426792845881555
182.5 487.5 0.00001425263554350236
-517.5 517.5 0.000003712292864011387
232.5 497.5 0.00000633256100575708
-87.5 432.5 0.0000015866655548167756
522.5 517.5 0.00001423800359303192
57.5 437.5 0.0000009380531355699065
-112.5 427.5 0.0000015869988723040132
1192.5 407.5 0.0000015878328832463278
167.5 412.5 0.000000941061301597116
-1182.5 182.5 0.0000015969714666275014
82.5 467.5 0.0000015847001243757047
627.5 512.5 0.000014240722933737885
32.5 442.5 0.0000009374909159441239
-972.5 457.5 0.0000037432929638836856
207.5 407.5 0.0000009419725312412345
367.5 512.5 0.000014241542238725866
387.5 517.5 0.000006328370354973701
852.5 477.5 0.000001584097761461804
447.5 517.5 0.000014239155939777813
322.5 507.5 0.000014243470884117247
-872.5 477.5 0.0000037331727567074745
227.5 402.5 0.0000009426792845881555
62.5 462.5 0.0000015849324757367294
622.5 512.5 0.000006328918681704883
422.5 517.5 0.000014238118725173186
-952.5 462.5 0.0000009352605132085173
-507.5 337.5 0.000001591286472956231
1047.5 442.5 0.0000015861975736839333
-177.5 412.5 0.0000015877148212837638
-142.5 482.5 0.000000932850426612422
-1102.5 427.5 0.000000939456733414587
-902.5 472.5 0.0000009339142857580238
867.5 477.5 0.0000015840974178820178
257.5 397.5 0.0000009433930079962232
687.5 512.5 0.0000015824498825208325
-302.5 387.5 0.0000015890808022693156
1182.5 182.5 0.0000009632476330120633
287.5 502.5 0.000006331243898315975
-432.5 522.5 0.000008351410999436423
482.5 342.5 0.0000009491698846329315
552.5 517.5 0.000014239155939777813
562.5 322.5 0.0000009511067388168979
-782.5 492.5 0.000008380526531615889
-262.5 502.5 0.00000372040776068344
-1142.5 417.5 0.000000940504187294652
207.5 492.5 0.000006333577358516532
527.5 517.5 0.000006328057850954588
-12.5 447.5 0.0000015857672036678085
-572.5 517.5 0.000003712113107875232
-482.5 517.5 0.000003712292864011387
827.5 487.5 0.0000015837092402925212
-782.5 277.5 0.0000015938620248180324
-957.5 457.5 0.0000009355368089925788
612.5 517.5 0.000006328370354973702
-37.5 457.5 0.0000009356027225322547
917.5 467.5 0.0000015847001243757047
-1042.5 212.5 0.0000015959935787749484
122.5 477.5 0.000001584252713335774
-807.5 487.5 0.000003727196082101807
852.5 482.5 0.0000015840088621077167
-167.5 482.5 0.0000009324464562212858
-7.5 452.5 0.0000005504537691945025
782.5 277.5 0.0000009558672566567394
-82.5 467.5 0.0000009343659771019901
-737.5 287.5 0.0000015934856739290195
847.5 482.5 0.0000015839203520754477
-232.5 497.5 0.00000372296587647356
-337.5 512.5 0.0000009288493110320923
672.5 507.5 0.00000633001606839427
257.5 502.5 0.0000015829516839637402
142.5 482.5 0.0000015840484291390407
-1012.5 447.5 0.0000009368514836923382
557.5 517.5 0.000006328638742166312
-662.5 512.5 0.0000009288493110320923
-122.5 477.5 0.0000009333253024553519
1212.5 402.5 0.0000015881205639248853
-892.5 472.5 0.000003735353552554637
882.5 472.5 0.000001584349950172661
1287.5 387.5 0.0000015889536862178546
-1157.5 417.5 0.000000940731799533128
402.5 512.5 0.000006328908081298996
702.5 507.5 0.000001582585802105739
-172.5 482.5 0.000000932253928767197
-242.5 497.5 0.000008377380332575158
-207.5 492.5 0.000003725324607915058
-947.5 462.5 0.000003740302488273024
-672.5 507.5 0.0000037170645218195814
-247.5 497.5 0.000003721830712290887
-1032.5 442.5 0.0000009374909159441239
472.5 517.5 0.000006328057850954588
-72.5 467.5 0.0000009346252213234025
-847.5 482.5 0.0000009325527920429787
-227.5 402.5 0.0000015882609505287812
-737.5 502.5 0.0000037204077606834397
792.5 492.5 0.000006333577358516532
952.5 462.5 0.000001585084410648117
707.5 507.5 0.000006330639679456103
597.5 512.5 0.000006328908081298996
-477.5 517.5 0.000008352895896851036
297.5 507.5 0.000001582585802105739
1042.5 442.5 0.0000015861172500107747
-592.5 517.5 0.000003713883670109465
1337.5 377.5 0.000001589442158344637
-357.5 512.5 0.000003714611666603675
-157.5 417.5 0.0000015874288929481922
-862.5 477.5 0.0000009330632013736012
1032.5 442.5 0.0000015860413833530768
-322.5 507.5 0.000008365561634594397
-777.5 497.5 0.0000009308482669653802
42.5 457.5 0.0000015852030491223927
437.5 522.5 0.0000063275654805413704
-402.5 512.5 0.000003714497432868163
302.5 502.5 0.000006330985894053254
167.5 482.5 0.0000015838745853213315
-732.5 497.5 0.000000930396370063649
-927.5 462.5 0.0000009348835332787263
-1097.5 432.5 0.0000009391971586757235
-442.5 517.5 0.0000037138736031962387
772.5 492.5 0.0000015833055754669404
292.5 507.5 0.000006330639679456102
-747.5 497.5 0.0000009307151611255197
607.5 517.5 0.000006328163818589146
1177.5 412.5 0.0000015877148212837638
202.5 487.5 0.0000015835773638294847
712.5 502.5 0.000006331243898315975
392.5 362.5 0.0000009469386768229464
347.5 512.5 0.000006329651556251316
562.5 522.5 0.0000063275654805413704
1057.5 437.5 0.0000015862823409160764
1367.5 372.5 0.0000015897407534487349
282.5 387.5 0.0000009442208621108176
-102.5 427.5 0.000001586883428280194
157.5 417.5 0.000000940731799533128
-587.5 517.5 0.000008355154613706477
1082.5 432.5 0.0000015865631601835266
872.5 477.5 0.000006336955597775544
-1337.5 377.5 0.0000009454491418636196
-257.5 502.5 0.0000009303040252492406
-192.5 407.5 0.0000015878328832463278
-797.5 492.5 0.0000009315853411610426
102.5 427.5 0.000000939456733414587
-502.5 517.5 0.000003712142854502452
177.5 482.5 0.0000015837853890527852
692.5 507.5 0.000014243672972993063
-997.5 452.5 0.0000009365816966476777
-787.5 492.5 0.0000009314942212896928
72.5 462.5 0.0000015849224952731821
-312.5 507.5 0.0000037171823300811684
-292.5 502.5 0.0000009298013323955905
-802.5 492.5 0.0000009315335282277941
12.5 452.5 0.0000015854717876873007
377.5 512.5 0.000006328918681704883
-707.5 502.5 0.0000009298013323955905
-537.5 517.5 0.0000037128706940079607
687.5 507.5 0.000006330066904817544
-1167.5 412.5 0.000000941061301597116
192.5 487.5 0.00000633438341444421
-497.5 517.5 0.000008352317403363006
-367.5 512.5 0.000008361092037670398
-992.5 452.5 0.000000936462607726064
467.5 517.5 0.000014238284385189327
-107.5 472.5 0.000003735353552554637
-272.5 502.5 0.000008371264639557943
-1257.5 397.5 0.0000009434008732024986
537.5 517.5 0.0000063282056684641695
667.5 512.5 0.000006329532515062504
-92.5 472.5 0.000000934129009254368
