0 257.13939032550763
-4.1668552643408825 257.10031563499876
-8.33086051519236 256.98312705731547
-12.489167676668592 256.7879310305966
-16.638932546806846 256.5149048066913
-20.77731673131411 256.16429623391224
-25.124530358149734 256.880588784396
-29.26846004986262 256.3692644242971
-33.3923711054698 255.7805213476508
-37.82628447900505 256.2363133091721
-41.93789398677264 255.48483615022684
-46.425762525517754 255.75805716810538
-50.512865918064186 254.84260011496798
-55.04135816340566 254.92840101315838
-59.602572934869144 254.91215607562106
-63.64710171366695 253.74256426804476
-68.22802343672492 253.53197586608144
-72.83048587147638 253.21487209706117
-77.4505268897363 252.78965197173585
-82.08412660882817 252.25482153482145
-86.72721070297075 251.60899536884293
-91.37565378002881 250.85089798137594
-96.80181459913746 250.90214503166385
-101.47945638284757 249.8945058756883
-106.9873045911184 249.64929079117672
-111.67487343141399 248.38501778382792
-117.24262151761378 247.8334610148296
-122.84629045958879 247.1129652700885
-128.4795649928065 246.22075043537177
-134.13603290891518 245.15422199242278
-139.8091910994097 243.9109738397708
-146.52667631145474 243.18799673716603
-153.298283197412 242.2268456000162
-160.1151112132196 241.02363490438614
-166.96812826074827 239.5747542272771
-173.8481796444372 237.87687236915357
-181.89948650088428 236.47645713006972
-191.17731848951945 235.27526343384042
-199.34054085610694 233.20126637597323
-208.7462934976239 231.25249360988326
-219.4397307015904 229.3250129720702
-230.20783760489147 226.92736861627648
-242.30355259575 224.40432624230465
-255.758821900208 221.64602883194712
-270.6001842591105 218.5405803409958
-286.8487018176496 214.97429302219757
-305.8509794550142 211.04014343915597
-327.65573552706286 206.51221212651302
-350.9446156344576 201.0266380395514
-379.81204789073433 194.75718483036783
-412.95978528384296 187.18711468666476
-453.1896288831092 178.0154600828101
-503.35281654281886 166.63898822155477
-566.3314422354807 152.15138301507346
-649.244961475532 133.07754970899967
-762.1000540696468 106.94583116859015
-926.2996345753163 68.96396519678765
NaN NaN
NaN NaN
NaN NaN
-1087.2212621435065 -208.2169776853354
-1076.3954308645664 -226.60934692751232
-1066.79827128409 -248.68384348503304
-1058.9273968159584 -270.85023767556885
-1051.9667701443734 -293.26384868638286
-1046.3186150329504 -316.2474547762566
-1041.7550049256713 -339.7683978531333
-1037.0889545141167 -363.72755193053393
-1033.4412351121396 -387.71585953368685
-1029.4978426782698 -412.0078162827342
-1026.4014179329029 -436.42831103583944
-1024.082452608481 -461.09719910121834
-1021.2440098445655 -486.158505530405
-1019.0559876459484 -511.59703427057707
-1016.2342868710043 -537.4504182344796
-1013.9489230129091 -563.7984367576836
-1012.1365174943855 -590.7429003297815
-1009.5329681796331 -618.1658076201546
-1008.4719263306206 -646.5421411046319
-1006.4981657846371 -675.484380190365
-1004.7328482476493 -705.290616023295
-1003.0958427590557 -736.0386334900994
-1001.5027323005922 -767.8004405747636
-997.6481423490877 -799.6854078579701
-978.4941719164174 -825.3248956486884
-958.7078320542097 -850.4134848539833
-938.3048678459319 -874.938537893587
-917.301287383746 -898.8876452481086
-895.7132855025909 -922.2486832252029
-873.5572794618741 -945.0098362096835
-850.8498918636079 -967.1596276180087
-827.607893869965 -988.686941993969
-803.8523647816013 -1009.581675652841
-779.6293064663105 -1029.840090311225
-754.9540929535061 -1049.4570225327702
-729.8358524988945 -1068.425598080166
-704.2848472241494 -1086.7382620285557
-678.3122703117492 -1104.3869493696805
-651.9302651387706 -1121.3632821420258
-625.1517372539881 -1137.6586676323075
-597.9904212135314 -1153.264475382902
-570.4606529937514 -1168.1720486647898
-542.5774419073934 -1182.3728539876001
-514.3563515402502 -1195.8585080806936
-485.8135209660986 -1208.6208902928418
-456.9655129785761 -1220.6520996911183
-427.8294020559719 -1231.9446128543705
-398.42260688440405 -1242.4911890216647
-368.7629839832829 -1252.2850398306193
-338.86870882178295 -1261.3197645440011
-308.75826683268093 -1269.589393254953
-278.450436640438 -1277.0884291596853
-247.96424740935709 -1283.8118465888017
-217.31895066672823 -1289.7550992810575
-186.53400699895556 -1294.9141656033974
-155.6290475015716 -1299.2855359002156
-124.62384562376987 -1302.8662021543505
-93.53830715049641 -1305.6537244543053
-62.392430708007346 -1307.646186542125
-31.206288220236658 -1308.842217879955
0 -1309.240986166697
31.20628822023616 -1308.842217879955
62.392430708006906 -1307.646186542125
93.53830715049641 -1305.6537244543053
124.62384562376928 -1302.8662021543505
155.6290475015711 -1299.2855359002156
186.53400699895556 -1294.9141656033974
217.31895066672786 -1289.7550992810575
247.96424740935646 -1283.8118465888017
278.450436640438 -1277.0884291596853
308.7582668326805 -1269.589393254953
338.8687088217826 -1261.3197645440011
368.7629839832829 -1252.2850398306193
398.4226068844037 -1242.491189021665
427.82940205597146 -1231.9446128543707
456.9655129785761 -1220.6520996911183
485.81352096609817 -1208.620890292842
514.3563515402499 -1195.858508080694
542.5774419073934 -1182.3728539876001
570.4606529937513 -1168.1720486647898
597.9904212135314 -1153.264475382902
625.1517372539881 -1137.6586676323075
651.9302651387706 -1121.3632821420258
678.3122703117492 -1104.3869493696805
704.2848472241494 -1086.7382620285557
729.8358524988943 -1068.425598080166
754.954092953506 -1049.45702253277
779.6293064663105 -1029.840090311225
803.8523647816005 -1009.5816756528413
827.6078938699642 -988.6869419939701
850.8498918636079 -967.1596276180087
873.5572794618735 -945.0098362096843
895.7132855025906 -922.2486832252033
917.3012873837457 -898.8876452481087
938.3048678459317 -874.9385378935872
958.70783205421 -850.4134848539832
978.4941719164174 -825.3248956486884
997.6481423490877 -799.6854078579701
1001.5027323005921 -767.800440574764
1003.0958427590557 -736.0386334900994
1004.7328482476487 -705.2906160232955
1006.4981657846371 -675.484380190365
1008.4719263306206 -646.5421411046319
1009.5329681796331 -618.1658076201546
1012.1365174943855 -590.7429003297816
1013.9489230129094 -563.7984367576831
1016.2342868710043 -537.4504182344796
1019.055987645948 -511.5970342705782
1021.2440098445655 -486.158505530405
1024.082452608481 -461.09719910121834
1026.4014179329022 -436.4283110358408
1029.4978426782693 -412.00781628273603
1033.4412351121396 -387.71585953368646
1037.0889545141158 -363.7275519305365
1041.7550049256713 -339.7683978531333
1046.3186150329504 -316.2474547762566
1051.9667701443734 -293.26384868638286
1058.9273968159584 -270.85023767556885
1066.79827128409 -248.68384348503304
1076.3954308645664 -226.60934692751232
1087.2212621435065 -208.2169776853354
NaN NaN
NaN NaN
NaN NaN
926.2996345753165 68.96396519678585
762.1000540696468 106.94583116859015
649.244961475532 133.07754970899967
566.3314422354807 152.15138301507346
503.3528165428189 166.63898822155429
453.1896288831093 178.01546008280997
412.95978528384296 187.18711468666456
379.81204789073433 194.75718483036783
350.9446156344576 201.0266380395514
327.65573552706286 206.51221212651302
305.8509794550142 211.0401434391559
286.8487018176496 214.9742930221976
270.60018425911056 218.5405803409957
255.758821900208 221.64602883194712
242.30355259575 224.40432624230465
230.20783760489147 226.92736861627648
219.43973070159052 229.32501297207
208.74629349762392 231.25249360988317
199.34054085610694 233.20126637597315
191.17731848951945 235.27526343384042
181.89948650088428 236.47645713006972
173.8481796444372 237.87687236915357
166.96812826074836 239.574754227277
160.11511121321962 241.02363490438614
153.298283197412 242.22684560001616
146.52667631145474 243.18799673716603
139.8091910994097 243.9109738397708
134.13603290891518 245.15422199242278
128.47956499280662 246.2207504353717
122.84629045958883 247.11296527008776
117.24262151761381 247.83346101482957
111.67487343141399 248.38501778382792
106.9873045911184 249.64929079117672
101.47945638284757 249.8945058756883
96.80181459913753 250.90214503166374
91.37565378002884 250.85089798137594
86.72721070297077 251.60899536884293
82.08412660882817 252.25482153482145
77.4505268897363 252.78965197173585
72.83048587147638 253.21487209706117
68.228023436725 253.5319758660814
63.647101713667 253.74256426804476
59.60257293486917 254.912156075621
55.04135816340566 254.92840101315838
50.512865918064186 254.84260011496798
46.425762525517754 255.75805716810538
41.93789398677269 255.4848361502268
37.82628447900509 256.2363133091721
33.392371105469856 255.78052134765076
29.26846004986262 256.3692644242971
25.124530358149734 256.880588784396
20.77731673131411 256.16429623391224
16.63893254680689 256.5149048066913
12.489167676668634 256.7879310305966
8.330860515192404 256.98312705731547
4.1668552643408825 257.10031563499876
