0 299.3283903255098
-4.418209740597148 299.2885668659675
-8.833397201902297 299.1691339538964
-13.242542160289327 298.9702039409936
-17.64262850209944 298.6919639197872
-22.03064627520626 298.33467548350586
-26.626634521177465 299.0428397215005
-31.01830936486392 298.5219600483622
-35.3887663131312 297.922259887661
-40.06785734977394 298.36572194572096
-44.42310825857203 297.60057466949127
-49.152914956625466 297.8588215390437
-53.48008745442766 296.9271259808276
-58.24661521960047 296.99546708869946
-63.0436687878142 296.960587441499
-67.3216780081524 295.77123555391853
-72.13356180170626 295.53981431415684
-76.96430964604627 295.2008604979646
-81.80980295756709 294.7528314647692
-86.66586733985332 294.1942942648586
-91.52827600095799 293.5239269923652
-96.39275323463961 292.7405200143131
-102.03150974101682 292.7657570321014
-106.91816304017442 291.7314774546124
-112.63129534601728 291.45906344492874
-117.52028017454653 290.1671065421411
-123.28543809918277 289.58745589868965
-129.08237543495588 288.8385325541887
-134.90464446082552 287.9176337101382
-140.745703441064 286.8222430212233
-146.5989227576609 285.5500332072565
-153.491815752886 284.79807428529693
-160.43405686336624 283.8080006487686
-167.41662860086967 282.57600625474265
-174.43038527479055 281.09855994467614
-181.46606202666615 279.37240934616483
-189.66777333523586 277.94410042769766
-199.09068578023073 276.71546540152457
-207.39356517651663 274.61455555100656
-216.93345570712498 272.6394733976775
-227.75541972815824 270.6863601093848
-238.64635429064947 268.26383142024787
-250.8591136028705 265.71672264887366
-264.42556367453705 262.9352442279447
-279.37216704875425 259.8075651949703
-295.71991374377245 256.2200603197254
-314.8153406320851 252.2657659291448
-336.707102229716 247.7188193857167
-360.07678450807236 242.21541336322053
-389.018760202938 235.9293619576507
-422.2347312138944 228.3439743700119
-462.5264518463675 219.15832651130398
-512.7451175472052 207.76922530868015
-575.772784267036 193.2703905619858
-658.7288739100478 174.18675945492586
-771.6200371072702 148.04670274041274
-935.8491636952035 110.05798197038361
NaN NaN
NaN NaN
NaN NaN
-1130.0651225760853 -286.21955437547234
-1116.354020913492 -302.7428000358335
-1103.7401783898802 -322.71328352774725
-1093.233433626911 -342.91179380453076
-1083.931393771836 -363.4718180526416
-1076.160514996042 -384.684034416352
-1069.6661836826624 -406.5151131925335
-1063.2428943966015 -428.8685968333651
-1058.0118481048928 -451.3556639769861
-1052.6185712043389 -474.2247767296684
-1048.1966708949865 -497.3045402110601
-1044.655123297967 -520.7013873433427
-1040.6793802698062 -544.5468809750116
-1037.4310092876701 -568.8228340101688
-1033.6170032473663 -593.5616937142279
-1030.3987837525415 -618.8369381460254
-1027.7054433973633 -644.744136399768
-1024.2717725557036 -671.1682127716332
-1022.4175842274408 -698.5652700563743
-1019.6937876846195 -726.5613885757882
-1017.2133967216337 -755.4436414017991
-1014.8936250186937 -785.2874479190002
-1012.647922591227 -816.1630048574921
-1010.3860142313689 -848.1349412840455
-1009.0972420065236 -881.7683800820275
-1007.5602037322062 -916.6889899775979
-1005.6708810740106 -952.9397559288327
-1003.3225106705368 -990.5565465914319
-1002.4246233451045 -1030.887608820158
-1000.9964376621424 -1072.7821499375623
-975.0327092710862 -1098.052119213933
-948.5070545180215 -1122.6279758159314
-921.4267629355211 -1146.5027191494892
-893.8007120273611 -1169.6679646868965
-865.6392159991043 -1192.1142942969957
-836.9538530054941 -1213.8315327894438
-807.7574004060419 -1234.808994764365
-778.0636307786923 -1255.0356447808012
-747.8873297992675 -1274.5002858773319
-717.2441066090039 -1293.1916505857962
-686.1504590912793 -1311.09857209289
-654.6235442622044 -1328.2099907445443
-622.6812483479245 -1344.5150996245447
-590.3420655327334 -1360.0033682041496
-557.6251170488139 -1374.6646521456153
-524.5499969250183 -1388.489148103924
-491.13685772095613 -1401.4675499539198
-457.4062403375805 -1413.5909523501932
-423.37916525608557 -1424.8510195979015
-389.0770108514921 -1435.2399198851513
-354.5215017036212 -1444.750367870581
-319.7346890494803 -1453.375666510832
-284.73890525032095 -1461.1097047027524
-249.55673270233493 -1467.9469652914865
-214.21098760195966 -1473.8825701814378
-178.7246783743843 -1478.912267531312
-143.1209744763375 -1483.0324213101328
-107.42319334191649 -1486.2400778479318
-71.65475776632611 -1488.5329212702559
-35.839173258158596 -1489.9092955975163
0 -1490.3681972431705
35.83917325815801 -1489.9092955975163
71.65475776632557 -1488.5329212702559
107.42319334191649 -1486.2400778479318
143.12097447633687 -1483.0324213101328
178.72467837438379 -1478.912267531312
214.21098760195966 -1473.8825701814378
249.55673270233453 -1467.9469652914865
284.7389052503202 -1461.1097047027524
319.7346890494803 -1453.375666510832
354.5215017036207 -1444.750367870581
389.0770108514917 -1435.2399198851513
423.37916525608557 -1424.8510195979015
457.4062403375802 -1413.5909523501937
491.1368577209556 -1401.46754995392
524.5499969250183 -1388.489148103924
557.6251170488134 -1374.6646521456155
590.3420655327329 -1360.00336820415
622.6812483479245 -1344.5150996245447
654.6235442622042 -1328.2099907445443
686.1504590912793 -1311.09857209289
717.2441066090039 -1293.1916505857962
747.8873297992675 -1274.5002858773319
778.0636307786923 -1255.0356447808012
807.7574004060419 -1234.808994764365
836.9538530054939 -1213.8315327894438
865.6392159991042 -1192.1142942969955
893.8007120273611 -1169.6679646868965
921.42676293552 -1146.5027191494896
948.5070545180206 -1122.6279758159328
975.0327092710862 -1098.052119213933
1000.9964376621416 -1072.7821499375639
1002.4246233451039 -1030.8876088201584
1003.3225106705365 -990.556546591432
1005.6708810740104 -952.9397559288329
1007.5602037322066 -916.6889899775978
1009.0972420065236 -881.7683800820275
1010.3860142313689 -848.1349412840455
1012.6479225912269 -816.1630048574925
1014.8936250186937 -785.2874479190002
1017.213396721633 -755.4436414017996
1019.6937876846195 -726.5613885757882
1022.4175842274408 -698.5652700563743
1024.2717725557036 -671.1682127716332
1027.7054433973633 -644.7441363997681
1030.3987837525417 -618.8369381460251
1033.617003247366 -593.5616937142279
1037.4310092876697 -568.8228340101699
1040.6793802698062 -544.5468809750116
1044.655123297967 -520.7013873433427
1048.1966708949858 -497.3045402110613
1052.6185712043384 -474.22477672967017
1058.0118481048928 -451.35566397698574
1063.2428943966004 -428.8685968333676
1069.6661836826624 -406.5151131925335
1076.160514996042 -384.684034416352
1083.931393771836 -363.4718180526416
1093.233433626911 -342.91179380453076
1103.7401783898802 -322.71328352774725
1116.354020913492 -302.7428000358335
1130.0651225760853 -286.21955437547234
NaN NaN
NaN NaN
NaN NaN
935.8491636952037 110.0579819703818
771.6200371072702 148.04670274041274
658.7288739100478 174.18675945492586
575.772784267036 193.2703905619858
512.7451175472053 207.76922530867967
462.5264518463676 219.15832651130384
422.2347312138944 228.3439743700117
389.018760202938 235.9293619576507
360.07678450807236 242.21541336322053
336.707102229716 247.7188193857167
314.8153406320851 252.26576592914475
295.71991374377245 256.22006031972546
279.3721670487543 259.8075651949702
264.42556367453705 262.9352442279447
250.8591136028705 265.71672264887366
238.64635429064947 268.26383142024787
227.75541972815836 270.6863601093846
216.933455707125 272.63947339767736
207.39356517651663 274.6145555510065
199.09068578023073 276.71546540152457
189.66777333523586 277.94410042769766
181.46606202666615 279.37240934616483
174.43038527479064 281.098559944676
167.4166286008697 282.57600625474265
160.43405686336624 283.80800064876854
153.491815752886 284.79807428529693
146.5989227576609 285.5500332072565
140.745703441064 286.8222430212233
134.90464446082564 287.91763371013815
129.08237543495594 288.83853255418796
123.2854380991828 289.58745589868965
117.52028017454653 290.1671065421411
112.63129534601728 291.45906344492874
106.91816304017442 291.7314774546124
102.03150974101689 292.7657570321013
96.39275323463964 292.7405200143131
91.528276000958 293.5239269923652
86.66586733985332 294.1942942648586
81.80980295756709 294.7528314647692
76.96430964604627 295.2008604979646
72.13356180170634 295.53981431415684
67.32167800815245 295.77123555391853
63.04366878781423 296.96058744149894
58.24661521960047 296.99546708869946
53.48008745442766 296.9271259808276
49.152914956625466 297.8588215390437
44.42310825857208 297.6005746694912
40.06785734977398 298.36572194572096
35.388766313131256 297.922259887661
31.01830936486392 298.5219600483622
26.626634521177465 299.0428397215005
22.03064627520626 298.33467548350586
17.642628502099484 298.6919639197872
13.24254216028937 298.9702039409936
8.833397201902342 299.1691339538964
4.418209740597148 299.2885668659675
