0 172.76139032551018
-3.6641463118283517 172.72381317306136
-7.325787141772484 172.6111132641536
-10.98241870942712 172.42338520979573
-14.631540636221951 172.16078658050637
-18.27065764352981 171.82353773473196
-22.120322032094272 172.55608691018705
-25.768761419860024 172.06387317617393
-29.39958069014643 171.49704426762332
-33.343138737467264 171.97749603608133
-36.96746544317387 171.2533591116911
-40.97145766330233 171.5565284262218
-44.578422845337236 170.67354838324871
-48.63084405101604 170.79426886208304
-52.720381228979036 170.81529334386516
-56.29794912469763 169.68522169629722
-60.416946706762246 169.51629896993063
-64.5628383223366 169.24289529525436
-68.73197475407471 168.86329298566915
-72.92064514677787 168.37587607474714
-77.12508010699628 167.7791321217983
-81.34145487080721 167.07165391549543
-86.34242431537874 167.1749210307949
-90.60204306819388 166.22056271784015
-95.69932308132064 166.02974548366672
-99.9840599451489 164.82084026720727
-105.15698835447581 164.32547124710385
-110.37412050885398 163.66183070188814
-115.6294060567651 162.8269838858335
-120.91669184461944 161.81817993482173
-126.22972778290733 160.63285510480438
-132.5963974285922 159.96784164090906
-139.0267358655035 159.06453550251138
-145.51207643791943 157.91889220367312
-152.0436142326637 156.52714279247485
-158.61241487997933 154.88579841512708
-166.3629128321811 153.54117053481383
-175.3505839080969 152.39485949847565
-183.23449221528756 150.37468802590652
-192.37196907862173 148.47853403429488
-202.80835264845473 146.60231869744095
-213.33080423337546 144.25444300833377
-225.192430581509 141.77953342916499
-238.4253383515431 139.06759803995314
-253.05621867982305 136.00661063304676
-269.10627796540393 132.4827584271419
-287.92225710087246 128.5888984591783
-309.5530021217566 124.09899760810583
-332.68027788722804 118.64908739221309
-361.39862326632704 112.41283057580206
-394.4098934237401 104.87339531997148
-434.51598295659267 95.72972722582237
-484.5682145340451 84.37851404730586
-547.4487581723703 69.91336792124878
-630.2771366065004 50.859130217150266
-743.0600879944002 24.744088024944087
-850.4779945360507 -6.7161502316772745
-852.7286528326554 -28.992058609609586
-854.3963354900443 -51.32460057828181
-855.4794874340307 -73.6987813353544
-856.0006192216085 -100
-855.887932886452 -118.50641342775081
-855.2121285079925 -140.9128770596857
-853.949551384061 -163.29879913167414
-852.1006495218394 -185.6491932918865
-849.6485515578908 -208.01944605382494
-846.432614486197 -230.87193100687642
-842.4936880489998 -253.81357961546595
-837.8906232471693 -276.61730818562773
-832.6575460216252 -299.2083396705776
-826.8167245606834 -321.55945246642204
-820.3842846453828 -343.65900604524865
-813.3730020663746 -365.5001129007681
-805.7937933817889 -387.0767840081918
-797.6565148608076 -408.38265263819807
-788.9704478691995 -429.41059467652894
-779.7445892281728 -450.1527124840255
-769.9878519145159 -470.60042478098126
-759.7091544051548 -490.7446309010411
-748.9175139875915 -510.5758279171744
-737.6220871529928 -530.0842368851235
-725.8322045005032 -549.2599011443705
-713.557391648769 -568.0927702935899
-700.8073737701293 -586.5727731372408
-687.5921039467047 -604.6898661145244
-673.921722393122 -622.4340971326651
-659.806587669819 -639.7956303616809
-645.2572916139226 -656.7647776693132
-630.2845931138282 -673.3320387292318
-614.8994626634735 -689.48811075056
-599.1130739303458 -705.2239107595485
-582.9367549621018 -720.5305921296041
-566.3820415087989 -735.3995559854508
-549.4606141059295 -749.8224616120427
-532.184320006093 -763.7912353429798
-514.5651633452765 -777.2980790826629
-496.615295616669 -790.3354770857648
-478.3469701265391 -802.8961874145591
-459.7726290920823 -814.9732774875239
-440.90477824797887 -826.5600860177382
-421.7560693852302 -837.6502587703401
-402.3392544115176 -848.2377360955242
-382.6671797775735 -858.3167532447062
-362.7527860225369 -867.881844525031
-342.60910074987 -876.9278439694175
-322.2492318883063 -885.4498856391742
-301.6863589276695 -893.4434010716731
-280.9337205366508 -900.9041099750286
-260.0046403441342 -907.8280569577197
-238.91247916544063 -914.2115627077358
-217.67065180456063 -920.0512462956027
-196.2926279304686 -925.3440374377304
-174.7919093191658 -930.0871461600427
-153.1820381480239 -934.2780825638785
-131.4765934739701 -937.9146641404192
-109.68917380650623 -940.9949801883381
-87.83340572127895 -943.5174218874978
-65.92293769148618 -945.4806845486272
-43.971430727412304 -946.8837453400753
-21.992557838316525 -947.7258738963353
0 -948.0066320906582
21.99255783831615 -947.7258738963353
43.971430727412006 -946.8837453400753
65.92293769148618 -945.4806845486272
87.83340572127857 -943.5174218874978
109.68917380650588 -940.9949801883382
131.4765934739701 -937.9146641404192
153.18203814802362 -934.2780825638786
174.7919093191653 -930.0871461600427
196.2926279304686 -925.3440374377304
217.67065180456026 -920.0512462956027
238.9124791654404 -914.2115627077358
260.0046403441342 -907.8280569577197
280.9337205366506 -900.9041099750287
301.68635892766923 -893.4434010716731
322.2492318883063 -885.4498856391742
342.60910074986975 -876.9278439694177
362.7527860225366 -867.8818445250313
382.6671797775735 -858.3167532447062
402.33925441151746 -848.2377360955242
421.75606938523015 -837.6502587703401
440.90477824797887 -826.5600860177382
459.7726290920823 -814.9732774875239
478.3469701265391 -802.8961874145591
496.615295616669 -790.3354770857648
514.5651633452762 -777.2980790826629
532.184320006093 -763.7912353429797
549.4606141059295 -749.8224616120427
566.3820415087985 -735.399555985451
582.9367549621013 -720.5305921296048
599.1130739303458 -705.2239107595485
614.8994626634731 -689.4881107505604
630.2845931138282 -673.332038729232
645.2572916139225 -656.7647776693133
659.8065876698188 -639.7956303616811
673.9217223931221 -622.4340971326651
687.5921039467047 -604.6898661145244
700.8073737701293 -586.5727731372408
713.557391648769 -568.0927702935902
725.8322045005032 -549.2599011443705
737.6220871529924 -530.0842368851238
748.9175139875915 -510.5758279171744
759.7091544051548 -490.7446309010411
769.9878519145159 -470.60042478098126
779.7445892281728 -450.15271248402564
788.9704478691995 -429.41059467652883
797.6565148608076 -408.3826526381981
805.7937933817884 -387.07678400819276
813.3730020663746 -365.5001129007681
820.3842846453828 -343.65900604524865
826.816724560683 -321.5594524664233
832.6575460216251 -299.2083396705792
837.8906232471693 -276.61730818562745
842.4936880489996 -253.81357961546763
846.432614486197 -230.87193100687642
849.6485515578908 -208.01944605382494
852.1006495218394 -185.6491932918865
853.949551384061 -163.29879913167414
855.2121285079925 -140.9128770596857
855.887932886452 -118.50641342775081
856.0006192216085 -100
855.4794874340307 -73.6987813353544
854.3963354900444 -51.32460057828139
852.7286528326554 -28.992058609609586
850.4779945360509 -6.716150231678979
743.0600879944002 24.744088024944087
630.2771366065004 50.859130217150266
547.4487581723703 69.91336792124878
484.5682145340452 84.37851404730539
434.5159829565928 95.72972722582223
394.4098934237401 104.87339531997127
361.39862326632704 112.41283057580206
332.68027788722804 118.64908739221309
309.5530021217566 124.09899760810583
287.92225710087246 128.58889845917824
269.10627796540393 132.48275842714193
253.0562186798231 136.00661063304665
238.4253383515431 139.06759803995314
225.192430581509 141.77953342916499
213.33080423337546 144.25444300833377
202.80835264845484 146.60231869744075
192.37196907862176 148.4785340342948
183.23449221528756 150.37468802590644
175.3505839080969 152.39485949847565
166.3629128321811 153.54117053481383
158.61241487997933 154.88579841512708
152.0436142326638 156.52714279247473
145.51207643791946 157.91889220367312
139.0267358655035 159.06453550251135
132.5963974285922 159.96784164090906
126.22972778290733 160.63285510480438
120.91669184461944 161.81817993482173
115.62940605676522 162.82698388583344
110.37412050885402 163.6618307018874
105.15698835447584 164.32547124710382
99.9840599451489 164.82084026720727
95.69932308132064 166.02974548366672
90.60204306819388 166.22056271784015
86.3424243153788 167.1749210307948
81.34145487080724 167.07165391549543
77.1250801069963 167.7791321217983
72.92064514677787 168.37587607474714
68.73197475407471 168.86329298566915
64.5628383223366 169.24289529525436
60.41694670676231 169.5162989699306
56.29794912469768 169.68522169629722
52.720381228979065 170.8152933438651
48.63084405101604 170.79426886208304
44.578422845337236 170.67354838324871
40.97145766330233 171.5565284262218
36.96746544317392 171.25335911169108
33.34313873746731 171.97749603608133
29.399580690146482 171.4970442676233
25.768761419860024 172.06387317617393
22.120322032094272 172.55608691018705
18.27065764352981 171.82353773473196
14.631540636221995 172.16078658050634
10.982418709427163 172.42338520979573
7.325787141772528 172.6111132641536
3.6641463118283517 172.72381317306136
