-500 1483.7722016569755 0.9970541920150051
-511.56645059118796 1483.709884071075 0.9970542263679215
-523.1249795697394 1483.5230250234667 0.9970543293724062
-534.6676707372341 1483.2119054675404 0.9970545008657831
-546.1866187199847 1482.7769930697332 0.9970547405773164
-557.6739343721232 1482.2189413260219 0.9970550481287964
-569.1217501680272 1481.5385883263914 0.9970554230353583
-580.5222255796122 1480.7369551683432 0.9970558647065315
-591.8675524356854 1479.8152440208441 0.997056372447518
-603.1499602592137 1478.7748358408076 0.9970569454606975
-614.3617215790204 1477.6172877443382 0.9970575828473549
-625.4951572123539 1476.3443300356655 0.9970582836096284
-636.5426415148105 1474.9578628966212 0.9970590466526728
-652.2559810626334 1484.2327194538523 0.9970539381385256
-663.4592242138665 1482.4911307054092 0.997054898125114
-674.5505335539673 1480.6331976879953 0.9970559218679332
-685.5223129376665 1478.6615545988082 0.9970570078439446
-696.367047871535 1476.5789902304525 0.997058154442985
-707.0773106502787 1474.3884426636257 0.9970593599712141
-717.6457654345161 1472.0929936551847 0.9970606226547393
-728.0651732661348 1469.6958627285499 0.997061940643411
-738.3283970181071 1467.2004009760828 0.9970633120147807
-748.4284062757582 1464.6100845826963 0.9970647347782102
-766.4340386017252 1470.9401195806215 0.9970612566071588
-776.492140388571 1467.9464520255742 0.9970629020981359
-786.3609182757849 1464.860740179205 0.997064597135219
-796.0336113792567 1461.6870436768056 0.9970663393961269
-805.5035927303157 1458.4295165560413 0.9970681265099982
-814.7643738111559 1455.0923992686983 0.997069956062333
-833.6243016090664 1459.2229117977117 0.9970676913538712
-842.7157252906007 1455.4678328958673 0.9970697502952413
-851.5724923265551 1451.6390194996718 0.9970718480497837
-860.1885324730406 1447.7411584149393 0.997073981959729
-879.4000742624851 1450.1919618440568 0.9970726404482636
-887.7565499365202 1445.8704872091387 0.997075005471393
-895.8475441439942 1441.4877449954715 0.9970774019055713
-915.2028623326443 1442.5437768193415 0.997076824674279
-922.9628014824206 1437.7349627561373 0.9970794521902779
-942.3910485622062 1437.7268709125954 0.9970794566094654
-949.7669915206671 1432.4890681551365 0.997082315600357
-969.183081561719 1431.3924359430657 0.9970829137987911
-976.1220129129337 1425.72529237042 0.9970860030287686
-995.4398615300951 1423.5199706776718 0.9970872042162371
NaN NaN NaN
NaN NaN NaN
NaN NaN NaN
NaN NaN NaN
NaN NaN NaN
NaN NaN NaN
NaN NaN NaN
NaN NaN NaN
NaN NaN NaN
NaN NaN NaN
NaN NaN NaN
NaN NaN NaN
NaN NaN NaN
NaN NaN NaN
NaN NaN NaN
NaN NaN NaN
NaN NaN NaN
-1517.5068417037867 -1648.3778065206245 0.9971288073295373
-1504.5658715027346 -1652.8369854327082 0.9971312091740512
-1491.2255345513986 -1657.825969686115 0.9971338938190457
-1478.5413260443447 -1662.8937018313636 0.9971366180653858
-1466.224673935815 -1668.0661507160278 0.9971393957239718
-1454.0934460214314 -1673.3539544632226 0.997142232324945
-1442.0253964242145 -1678.7597005191562 0.9971451290586493
-1429.934929765884 -1684.2813463401762 0.9971480846284297
-1417.7551089291267 -1689.916140407614 0.9971510973597082
-1417.8120419371994 -1694.383751915361 0.9971534835976292
-1405.015683286501 -1700.4632673636813 0.9971567273207947
-1392.0094083009615 -1706.639094287865 0.9971600183468761
-1378.7872142412218 -1712.8946218798444 0.9971633476536322
-1377.0394654846527 -1718.7249910921028 0.9971664468904922
-1363.1718054504845 -1725.3061518641919 0.9971699408330331
-1349.0640812483523 -1731.931234158096 0.9971734533963019
-1345.8730739559744 -1738.740028095285 0.9971770584579202
-1331.0775564191817 -1745.6297638677877 0.9971807013228187
-1326.8357640237912 -1753.1303261117973 0.9971846613842762
-1311.3318706308828 -1760.2436843084015 0.9971884114645246
-1306.0120179287594 -1768.4030045765853 0.9971927063215752
-1289.7828129839022 -1775.696489002177 0.9971965394265467
-1283.3616953380351 -1784.4747802024647 0.9972011453783721
-1276.2909554132252 -1793.6721060775235 0.9972059624274536
-1268.5615809227131 -1803.2775964270522 0.9972109836883446
-1250.642665670576 -1810.9997263559965 0.9972150133529943
-1241.7595568418328 -1821.1279420992446 0.9972202890566807
-1232.1948815099804 -1831.6230747008933 0.9972257444889245
-1221.938450959665 -1842.4693353343937 0.9972313702789553
-1219.69607733978 -1856.9498769848024 0.99723886189474
-1207.813513925674 -1868.6981841507654 0.9972449238601059
-1195.2075199818964 -1880.7399656637647 0.9972511223172766
-1189.9406274142982 -1897.1554727860105 0.9972595478410896
-1175.6291099476264 -1909.964205914179 0.9972661027201831
-1168.1800879293437 -1927.6341154949596 0.9972751174733677
-1159.4956005476838 -1946.0265224772652 0.997284466657436
-1149.5502995895126 -1965.1010532139205 0.9972941258976034
-1138.3202817358738 -1984.814142474366 0.997304069408971
-1125.7826289890997 -2005.119097806976 0.9973142700884756
-1118.3032195898643 -2032.0309047649098 0.9973277254674389
-1108.9449417373385 -2059.9860056060375 0.9973416251211259
-1103.5707146825196 -2095.616647757789 0.9973592276006685
-1090.2535562442733 -2125.7912049983415 0.9973740357368954
-1085.8766555147638 -2171.5601910539385 0.99739632501949
-1073.4118188623559 -2211.6730573107343 0.9974156908565082
-1068.2397517091156 -2269.207145211396 0.9974431945361171
-1059.4137848006606 -2329.2347085627875 0.9974715511302497
-1051.1789646287946 -2400.386308912426 0.9975047198910645
-1042.5733884932317 -2483.5325815232445 0.9975428804311817
-1036.3989399590307 -2589.1687837683753 0.9975904468615537
-1030.7140694429468 -2719.3105356163333 0.9976476685114106
-975.3739933173979 -2719.743478440019 0.9976478563702096
-920.4447039075677 -2718.9404848699255 0.9976475079291687
-868.4435234181157 -2727.2548555246967 0.9976511130270266
-814.0896016086059 -2724.0749454787397 0.9976497349383593
-762.0301687005965 -2730.1451254285867 0.9976523648253364
-708.39000344602 -2724.6417100173576 0.9976499806239332
-656.4019903267778 -2728.481030370992 0.9976516441821558
-604.3201593206613 -2731.2263349432787 0.997652832917685
-552.1757351383186 -2732.8746904728137 0.9976535463500362
-500 -2733.424337743432 0.9976537841925761
-447.82426486168254 -2732.8746904728137 0.9976535463500362
-395.6798406793404 -2731.2263349432787 0.997652832917685
-343.59800967322315 -2728.481030370992 0.9976516441821558
-291.6099965539815 -2724.6417100173576 0.9976499806239332
-237.96983129940352 -2730.1451254285867 0.9976523648253364
-185.9103983913952 -2724.0749454787397 0.9976497349383593
-131.55647658188556 -2727.2548555246967 0.9976511130270266
-79.55529609243303 -2718.9404848699255 0.9976475079291687
-24.626006682601055 -2719.743478440019 0.9976478563702096
30.714069442947718 -2719.3105356163333 0.9976476685114106
86.42481374423235 -2717.619018913161 0.9976469343855667
142.4695903851946 -2714.6547273543015 0.997645647264352
198.8072417951455 -2710.39965829408 0.9976437983280473
255.40030619454456 -2704.8428019303424 0.9976413813367546
317.436059037822 -2707.6148909061185 0.9976425874143929
374.74457561056863 -2699.2842291080733 0.9976389608818962
438.07187882889804 -2699.0053836519137 0.9976388393882968
502.13271718847426 -2697.09500225854 0.9976380068466282
566.8718640182284 -2693.5188726129027 0.9976364475098349
632.2327105667847 -2688.2453090801596 0.997634145966167
698.1573354493929 -2681.2452600995116 0.997631087140376
764.586576300404 -2672.4924219066393 0.9976272563014793
839.2443862141504 -2670.449807795341 0.99762636133861
914.8847462115186 -2666.2506871652204 0.9976245203505615
991.428141047516 -2659.848282136757 0.9976217103847778
1068.7916308162849 -2651.1996964545124 0.997617908810081
1075.4315397362789 -2578.818453369298 0.9975858310145872
1078.754019041168 -2508.578431951279 0.9975542502434388
1088.2109191885393 -2447.5253212355437 0.9975264333736295
1094.9926935137576 -2388.166267286554 0.9974990571566155
1099.1965482798923 -2330.602178589072 0.9974721931119576
1110.856153934551 -2280.8077315572887 0.9974487014362945
1110.391320266082 -2226.7476170898985 0.9974229280890495
1117.9409434441284 -2179.9156279639506 0.9974003718528853
1134.1186231654099 -2139.346558027616 0.9973806586501225
1138.2605577249667 -2095.032609516257 0.9973589400918781
1140.7624490530936 -2052.2170131864195 0.9973377701568064
1152.6330866409598 -2014.7700240609854 0.9973191037903338
1163.3538893023708 -1978.2016514502197 0.9973007384108005
1173.0274866600623 -1942.522906974429 0.9972826883894336
1181.4904063783874 -1907.831775483531 0.9972650126255918
1188.493063493595 -1874.28714320366 0.9972478026318434
1194.089068721315 -1841.957853239051 0.9972311052583038
1210.2477026441734 -1812.6789034566832 0.9972158887703393
1213.3704758160611 -1782.6109523792682 0.997200168115736
1227.5045227632095 -1755.008959983873 0.9971856523030106
1240.789610736101 -1728.1576706560045 0.9971714532617939
1253.285417294689 -1702.1112211154552 0.9971576058985342
1265.0676061031704 -1676.9187033231485 0.9971441428941417
1276.2253410759408 -1652.6274000603385 0.9971310963337678
1286.868767113831 -1629.2808272844497 0.9971184965791462
1297.1397816497706 -1606.9161314323596 0.997106370760373
1320.4542969268864 -1584.3356733213498 0.9970940721404595
1330.7338955332655 -1563.7179543289074 0.9970827933377258
1354.9365778516815 -1542.347530574716 0.9970710529828553
1366.5910429266328 -1523.7123120610906 0.9970607737410069
1392.7849545710408 -1504.5248688293661 0.9970501492927123
1418.78860800452 -1488.0215498024531 0.9970409780224063
1449.20763482029 -1472.397872952785 0.9970322673078521
1475.798339933269 -1461.751442168004 0.9970263157676285
NaN NaN NaN
NaN NaN NaN
965.0605054353169 1200.013503194853 0.9972061950134252
706.0093096873084 1259.9643174770704 0.9971748064039265
546.5983959548428 1297.7277847884493 0.9971548374360164
429.8488164324436 1324.5106364815724 0.9971405818163864
341.46994403769577 1344.1797071008275 0.9971300631388895
281.24603435676914 1358.9931388488399 0.9971221133908555
234.9868221258041 1370.9834412454418 0.9971156611630763
188.75793612276755 1380.6808912778854 0.997110431262737
156.31527589030856 1389.0800767487906 0.9971058931945801
123.85314591612189 1395.9572043805827 0.9971021717243764
91.42955238596188 1401.3236535852316 0.9970992641262767
72.41364124691019 1407.2739581012988 0.9970960364825667
53.27594307449177 1412.4631001571609 0.9970932185332917
34.047296032553156 1416.896279214947 0.997090808754373
14.75841506825365 1420.5795805448581 0.9970888049418232
-4.560138469881491 1423.5199706776718 0.9970872042162371
-23.87798708704223 1425.72529237042 0.9970860030287686
-30.816918438295886 1431.3924359430655 0.9970829137987911
-50.233008479309014 1432.4890681551365 0.997082315600357
-57.60895143779226 1437.7268709125954 0.9970794566094654
-77.03719851755517 1437.7349627561373 0.9970794521902779
-84.7971376673799 1442.5437768193415 0.997076824674279
-104.15245585600576 1441.4877449954715 0.9970774019055713
-112.24345006349773 1445.8704872091387 0.997075005471393
-120.59992573753907 1450.1919618440568 0.9970726404482636
-139.81146752697802 1447.741158414939 0.997073981959729
-148.427507673445 1451.6390194996718 0.9970718480497837
-157.2842747093798 1455.4678328958673 0.9970697502952413
-166.37569839093362 1459.2229117977117 0.9970676913538712
-185.23562618884017 1455.0923992686983 0.997069956062333
-194.496407269705 1458.4295165560413 0.9970681265099982
-203.96638862074343 1461.6870436768054 0.9970663393961269
-213.63908172421498 1464.860740179205 0.997064597135219
-223.50785961140474 1467.9464520255742 0.9970629020981359
-233.5659613982763 1470.9401195806215 0.9970612566071588
-251.5715937242658 1464.6100845826963 0.9970647347782102
-261.6716029818929 1467.2004009760828 0.9970633120147807
-271.9348267338894 1469.6958627285499 0.997061940643411
-282.35423456545936 1472.0929936551847 0.9970606226547393
-292.9226893497215 1474.3884426636257 0.9970593599712141
-303.63295212846504 1476.5789902304525 0.997058154442985
-314.477687062309 1478.6615545988082 0.9970570078439446
-325.4494664460082 1480.6331976879953 0.9970559218679332
-336.5407757861091 1482.4911307054092 0.997054898125114
-347.74401893734216 1484.2327194538523 0.9970539381385256
-363.45735848518945 1474.9578628966212 0.9970590466526728
-374.50484278767055 1476.3443300356655 0.9970582836096284
-385.63827842100403 1477.6172877443382 0.9970575828473549
-396.85003974078614 1478.7748358408076 0.9970569454606975
-408.13244756429 1479.8152440208441 0.997056372447518
-419.4777744203634 1480.7369551683432 0.9970558647065315
-430.8782498319727 1481.5385883263914 0.9970554230353583
-442.32606562787674 1482.2189413260219 0.9970550481287964
-453.81338128003904 1482.7769930697332 0.9970547405773164
-465.3323292627658 1483.2119054675404 0.9970545008657831
-476.8750204302451 1483.5230250234667 0.9970543293724062
-488.43354940881204 1483.709884071075 0.9970542263679215
500 1483.7722016569755 0.9970541920150051
488.43354940881204 1483.709884071075 0.9970542263679215
476.8750204302451 1483.5230250234667 0.9970543293724062
465.332329262766 1483.2119054675404 0.9970545008657831
453.8133812800391 1482.7769930697332 0.9970547405773164
442.32606562787674 1482.2189413260219 0.9970550481287964
430.8782498319727 1481.5385883263914 0.9970554230353583
419.4777744203634 1480.7369551683432 0.9970558647065315
408.13244756429 1479.8152440208441 0.997056372447518
396.85003974078614 1478.7748358408076 0.9970569454606975
385.6382784210041 1477.6172877443382 0.9970575828473549
374.50484278767055 1476.3443300356655 0.9970582836096284
363.45735848518945 1474.9578628966212 0.9970590466526728
347.74401893734216 1484.2327194538523 0.9970539381385256
336.5407757861092 1482.4911307054092 0.997054898125114
325.4494664460082 1480.6331976879953 0.9970559218679332
314.47768706230903 1478.6615545988082 0.9970570078439446
303.63295212846504 1476.5789902304525 0.997058154442985
292.9226893497215 1474.3884426636257 0.9970593599712141
282.35423456545936 1472.0929936551847 0.9970606226547393
271.9348267338894 1469.6958627285499 0.997061940643411
261.67160298189293 1467.2004009760828 0.9970633120147807
251.57159372426585 1464.6100845826963 0.9970647347782102
233.5659613982763 1470.9401195806215 0.9970612566071588
223.50785961140474 1467.9464520255742 0.9970629020981359
213.63908172421498 1464.860740179205 0.997064597135219
203.9663886207435 1461.6870436768056 0.9970663393961269
194.49640726970506 1458.4295165560413 0.9970681265099982
185.23562618884029 1455.0923992686983 0.997069956062333
166.37569839093362 1459.2229117977117 0.9970676913538712
157.2842747093798 1455.4678328958673 0.9970697502952413
148.427507673445 1451.6390194996718 0.9970718480497837
139.8114675269782 1447.7411584149393 0.997073981959729
120.59992573753907 1450.1919618440568 0.9970726404482636
112.24345006349785 1445.8704872091387 0.997075005471393
104.15245585600576 1441.4877449954715 0.9970774019055713
84.7971376673799 1442.5437768193415 0.997076824674279
77.03719851755517 1437.7349627561373 0.9970794521902779
57.60895143779237 1437.7268709125954 0.9970794566094654
50.233008479309014 1432.4890681551365 0.997082315600357
30.816918438296 1431.3924359430657 0.9970829137987911
23.87798708704223 1425.72529237042 0.9970860030287686
4.560138469881491 1423.5199706776718 0.9970872042162371
-14.75841506825365 1420.5795805448581 0.9970888049418232
-34.04729603255309 1416.8962792149473 0.997090808754373
-53.27594307449166 1412.463100157161 0.9970932185332917
-72.41364124691013 1407.2739581012988 0.9970960364825667
-91.42955238596188 1401.3236535852316 0.9970992641262767
-123.85314591612189 1395.9572043805827 0.9971021717243764
-156.31527589030856 1389.0800767487906 0.9971058931945801
-188.75793612276524 1380.6808912778856 0.997110431262737
-234.9868221258041 1370.983441245442 0.9971156611630763
-281.2460343567691 1358.9931388488405 0.9971221133908555
-341.46994403769577 1344.1797071008275 0.9971300631388895
-429.8488164324436 1324.5106364815724 0.9971405818163864
-546.5983959548428 1297.7277847884493 0.9971548374360164
-706.0093096873081 1259.9643174770713 0.9971748064039265
-965.0605054353169 1200.013503194853 0.9972061950134252
NaN NaN NaN
NaN NaN NaN
-1475.798339933269 -1461.751442168004 0.9970263157676285
-1449.20763482029 -1472.397872952785 0.9970322673078521
-1418.78860800452 -1488.0215498024531 0.9970409780224063
-1392.7849545710408 -1504.5248688293661 0.9970501492927123
-1366.5910429266328 -1523.7123120610906 0.9970607737410069
-1354.9365778516815 -1542.347530574716 0.9970710529828553
-1330.7338955332655 -1563.7179543289074 0.9970827933377258
-1320.4542969268882 -1584.3356733213482 0.9970940721404595
-1297.139781649771 -1606.916131432359 0.997106370760373
-1286.868767113831 -1629.2808272844493 0.9971184965791462
-1276.225341075941 -1652.6274000603385 0.9971310963337678
-1265.0676061031704 -1676.9187033231485 0.9971441428941417
-1253.285417294689 -1702.1112211154552 0.9971576058985342
-1240.7896107361014 -1728.1576706560043 0.9971714532617939
-1227.5045227632095 -1755.008959983873 0.9971856523030106
-1213.3704758160623 -1782.6109523792672 0.997200168115736
-1210.2477026441738 -1812.6789034566827 0.9972158887703393
-1194.089068721315 -1841.957853239051 0.9972311052583038
-1188.493063493595 -1874.28714320366 0.9972478026318434
-1181.490406378387 -1907.8317754835318 0.9972650126255918
-1173.0274866600619 -1942.522906974429 0.9972826883894336
-1163.3538893023722 -1978.2016514502186 0.9973007384108005
-1152.6330866409617 -2014.770024060984 0.9973191037903338
-1140.7624490530936 -2052.2170131864195 0.9973377701568064
-1138.2605577249667 -2095.032609516257 0.9973589400918781
-1134.1186231654103 -2139.3465580276156 0.9973806586501225
-1117.9409434441286 -2179.9156279639506 0.9974003718528853
-1110.391320266082 -2226.7476170898985 0.9974229280890495
-1110.856153934551 -2280.8077315572887 0.9974487014362945
-1099.1965482798928 -2330.602178589072 0.9974721931119576
-1094.9926935137576 -2388.166267286554 0.9974990571566155
-1088.2109191885413 -2447.5253212355424 0.9975264333736295
-1078.7540190411694 -2508.5784319512773 0.9975542502434388
-1075.4315397362789 -2578.818453369298 0.9975858310145872
-1068.7916308162855 -2651.1996964545124 0.997617908810081
-991.4281410475164 -2659.848282136757 0.9976217103847778
-914.8847462115186 -2666.2506871652204 0.9976245203505615
-839.2443862141524 -2670.4498077953394 0.99762636133861
-764.5865763004044 -2672.492421906639 0.9976272563014793
-698.1573354493929 -2681.2452600995116 0.997631087140376
-632.2327105667849 -2688.245309080159 0.997634145966167
-566.8718640182296 -2693.5188726129027 0.9976364475098349
-502.13271718847426 -2697.09500225854 0.9976380068466282
-438.0718788288992 -2699.005383651913 0.9976388393882968
-374.74457561056954 -2699.284229108073 0.9976389608818962
-317.436059037822 -2707.6148909061185 0.9976425874143929
-255.4003061945452 -2704.8428019303424 0.9976413813367546
-198.80724179514613 -2710.39965829408 0.9976437983280473
-142.4695903851946 -2714.6547273543015 0.997645647264352
-86.4248137442333 -2717.6190189131607 0.9976469343855667
-30.714069442948464 -2719.3105356163333 0.9976476685114106
24.626006682601055 -2719.743478440019 0.9976478563702096
79.55529609243239 -2718.9404848699255 0.9976475079291687
131.55647658188437 -2727.2548555246967 0.9976511130270266
185.9103983913952 -2724.0749454787397 0.9976497349383593
237.96983129940273 -2730.1451254285867 0.9976523648253364
291.60999655398064 -2724.6417100173576 0.9976499806239332
343.59800967322315 -2728.481030370992 0.9976516441821558
395.6798406793396 -2731.2263349432787 0.997652832917685
447.82426486168146 -2732.8746904728137 0.9976535463500362
500 -2733.424337743432 0.9976537841925761
552.1757351383183 -2732.8746904728137 0.9976535463500362
604.3201593206605 -2731.2263349432787 0.997652832917685
656.4019903267778 -2728.481030370992 0.9976516441821558
708.3900034460188 -2724.6417100173576 0.9976499806239332
762.0301687005956 -2730.1451254285867 0.9976523648253364
814.0896016086059 -2724.0749454787397 0.9976497349383593
868.4435234181148 -2727.2548555246967 0.9976511130270266
920.444703907567 -2718.9404848699255 0.9976475079291687
975.3739933173979 -2719.743478440019 0.9976478563702096
1030.7140694429463 -2719.3105356163333 0.9976476685114106
1036.3989399590296 -2589.1687837683758 0.9975904468615537
1042.5733884932317 -2483.5325815232445 0.9975428804311817
1051.1789646287937 -2400.386308912426 0.9975047198910645
1059.4137848006603 -2329.2347085627875 0.9974715511302497
1068.2397517091156 -2269.207145211396 0.9974431945361171
1073.4118188623554 -2211.6730573107347 0.9974156908565082
1085.876655514763 -2171.560191053939 0.99739632501949
1090.2535562442733 -2125.7912049983415 0.9973740357368954
1103.5707146825189 -2095.616647757789 0.9973592276006685
1108.9449417373382 -2059.986005606038 0.9973416251211259
1118.3032195898643 -2032.0309047649098 0.9973277254674389
1125.7826289890995 -2005.1190978069762 0.9973142700884756
1138.320281735873 -1984.8141424743662 0.997304069408971
1149.5502995895126 -1965.1010532139205 0.9972941258976034
1159.4956005476834 -1946.0265224772652 0.997284466657436
1168.1800879293435 -1927.6341154949598 0.9972751174733677
1175.6291099476264 -1909.964205914179 0.9972661027201831
1189.9406274142973 -1897.1554727860105 0.9972595478410896
1195.2075199818955 -1880.7399656637647 0.9972511223172766
1207.813513925674 -1868.6981841507654 0.9972449238601059
1219.6960773397802 -1856.9498769848024 0.99723886189474
1221.9384509596648 -1842.4693353343937 0.9972313702789553
1232.1948815099802 -1831.6230747008933 0.9972257444889245
1241.7595568418324 -1821.1279420992446 0.9972202890566807
1250.642665670575 -1810.999726355997 0.9972150133529943
1268.5615809227131 -1803.2775964270522 0.9972109836883446
1276.2909554132252 -1793.6721060775235 0.9972059624274536
1283.3616953380347 -1784.4747802024651 0.9972011453783721
1289.7828129839013 -1775.6964890021775 0.9971965394265467
1306.0120179287594 -1768.4030045765853 0.9971927063215752
1311.3318706308826 -1760.2436843084015 0.9971884114645246
1326.8357640237912 -1753.1303261117973 0.9971846613842762
1331.0775564191817 -1745.6297638677877 0.9971807013228187
1345.8730739559746 -1738.740028095285 0.9971770584579202
1349.0640812483525 -1731.9312341580965 0.9971734533963019
1363.1718054504845 -1725.3061518641919 0.9971699408330331
1377.0394654846534 -1718.724991092103 0.9971664468904922
1378.7872142412218 -1712.8946218798444 0.9971633476536322
1392.0094083009615 -1706.639094287865 0.9971600183468761
1405.015683286501 -1700.4632673636818 0.9971567273207947
1417.8120419371992 -1694.383751915361 0.9971534835976292
1417.7551089291267 -1689.9161404076144 0.9971510973597082
1429.9349297658835 -1684.2813463401765 0.9971480846284297
1442.0253964242145 -1678.7597005191562 0.9971451290586493
1454.0934460214314 -1673.3539544632226 0.997142232324945
1466.224673935815 -1668.0661507160278 0.9971393957239718
1478.5413260443447 -1662.8937018313636 0.9971366180653858
1491.2255345513986 -1657.825969686115 0.9971338938190457
1504.5658715027346 -1652.8369854327082 0.9971312091740512
1517.5068417037867 -1648.3778065206245 0.9971288073295373
NaN NaN NaN
NaN NaN NaN
NaN NaN NaN
NaN NaN NaN
NaN NaN NaN
NaN NaN NaN
NaN NaN NaN
NaN NaN NaN
NaN NaN NaN
NaN NaN NaN
NaN NaN NaN
NaN NaN NaN
NaN NaN NaN
NaN NaN NaN
NaN NaN NaN
NaN NaN NaN
NaN NaN NaN
995.4398615300951 1423.5199706776718 0.9970872042162371
976.1220129129337 1425.72529237042 0.9970860030287686
969.183081561719 1431.3924359430655 0.9970829137987911
949.7669915206671 1432.4890681551365 0.997082315600357
942.3910485622062 1437.7268709125954 0.9970794566094654
922.9628014824206 1437.7349627561373 0.9970794521902779
915.2028623326443 1442.5437768193415 0.997076824674279
895.8475441439942 1441.4877449954715 0.9970774019055713
887.7565499365202 1445.8704872091387 0.997075005471393
879.4000742624853 1450.1919618440568 0.9970726404482636
860.1885324730406 1447.741158414939 0.997073981959729
851.5724923265551 1451.6390194996718 0.9970718480497837
842.7157252906007 1455.4678328958673 0.9970697502952413
833.6243016090664 1459.2229117977117 0.9970676913538712
814.7643738111559 1455.0923992686983 0.997069956062333
805.5035927303157 1458.4295165560413 0.9970681265099982
796.0336113792567 1461.6870436768054 0.9970663393961269
786.3609182757849 1464.860740179205 0.997064597135219
776.492140388571 1467.9464520255742 0.9970629020981359
766.4340386017252 1470.9401195806215 0.9970612566071588
748.4284062757584 1464.6100845826963 0.9970647347782102
738.3283970181071 1467.2004009760828 0.9970633120147807
728.065173266135 1469.6958627285499 0.997061940643411
717.6457654345161 1472.0929936551847 0.9970606226547393
707.0773106502787 1474.3884426636257 0.9970593599712141
696.367047871535 1476.5789902304525 0.997058154442985
685.5223129376665 1478.6615545988082 0.9970570078439446
674.5505335539673 1480.6331976879953 0.9970559218679332
663.4592242138665 1482.4911307054092 0.997054898125114
652.2559810626334 1484.2327194538523 0.9970539381385256
636.5426415148105 1474.9578628966212 0.9970590466526728
625.4951572123539 1476.3443300356655 0.9970582836096284
614.3617215790205 1477.6172877443382 0.9970575828473549
603.1499602592138 1478.7748358408076 0.9970569454606975
591.8675524356854 1479.8152440208441 0.997056372447518
580.5222255796122 1480.7369551683432 0.9970558647065315
569.1217501680272 1481.5385883263914 0.9970554230353583
557.6739343721232 1482.2189413260219 0.9970550481287964
546.1866187199847 1482.7769930697332 0.9970547405773164
534.6676707372342 1483.2119054675404 0.9970545008657831
523.1249795697394 1483.5230250234667 0.9970543293724062
511.56645059118796 1483.709884071075 0.9970542263679215
