0 310.3043903255104
-4.483602775070323 310.2643720642683
-8.964138453729273 310.14435526032395
-13.438542025946754 309.9444538038611
-17.903752653069873 309.66485734758453
-22.35671575003999 309.3058310606359
-27.01742584814403 310.01188061570656
-31.47355471510816 309.48851500746855
-35.9081536842301 308.88596422327345
-40.65103077956747 309.3262185015711
-45.06966806912146 308.5575147720641
-49.86241802813316 308.8118659282309
-54.25204752892873 307.875945718287
-59.08050323422026 307.9397444416858
-63.93891323736088 307.9000167399388
-68.27766533679905 306.7055240185361
-73.14963682349003 306.46868285349353
-78.03977599390186 306.12404447218336
-82.94392356057998 305.67008141417625
-87.85786492841271 305.10537660112846
-92.77733363945873 304.42862465051735
-97.69801488136763 303.63863306353244
-103.39208083483909 303.6571032435975
-108.3331111136253 302.615892824739
-114.09965066436496 302.336402671921
-119.04103640040215 301.03724345487313
-124.85755298219259 300.4502838359539
-130.70477152610792 299.6939646931416
-136.57620985087925 298.76560334259756
-142.46529252259865 297.6627037766836
-148.36535701021404 296.382959221562
-155.30388455065673 295.62346031407924
-162.2905183049153 294.6258621248668
-169.3162103602583 293.38637928898174
-176.37178547356578 291.90150126952756
-183.44795012610783 290.16799620197224
-191.6887910482379 288.7324303913082
-201.1494480022044 287.4966561573453
-209.488660934672 285.3887446046738
-219.06344912748298 283.40681773271336
-229.91885101962305 281.44703578738535
-240.84174074548082 279.0180331253461
-253.08495061285308 276.46466317741124
-266.68032576216734 273.67715392446513
-281.6543089127266 270.54369133584174
-298.0278713180483 266.9506664459115
-317.14753215782713 262.9911311297923
-339.0619293393493 258.4392375344526
-362.4526333207201 252.93119230921576
-391.41400243050316 246.6408226736918
-424.6477252769972 239.05145005998838
-464.9555439994103 229.86216167969263
-515.1886430117593 218.46977479476155
-578.2290683728064 203.96801854167032
-661.1962332426048 184.8818384132156
-774.0967806617738 158.73961241763465
-938.3335940353368 120.74910828546548
NaN NaN
NaN NaN
NaN NaN
-1139.331853258299 -305.2188094178098
-1125.1319121246554 -321.35388530445647
-1111.9861933180102 -340.88430926221304
-1100.9968170719856 -360.6672426980805
-1091.2517887878507 -380.83172307145463
-1083.0675963316644 -401.66190078999256
-1076.187613446818 -423.12467079752855
-1069.4052446649455 -445.1246195786173
-1063.8440048633177 -467.27795229960424
-1058.1428928871019 -489.82791265193737
-1053.4350018056273 -512.6044199813293
-1049.6258467112525 -535.7113107647878
-1045.3979329059785 -559.2776585437646
-1041.911685001744 -583.2848841405674
-1037.8726880211875 -607.7644974475385
-1034.4409027251156 -632.7887335837881
-1031.5440975062238 -658.4518868506742
-1027.917127000811 -684.6397379323851
-1025.876893603564 -711.8040579799582
-1022.9759347315511 -739.5742739309622
-1020.3255699943686 -768.2349434493585
-1017.8425512676482 -797.8610068013712
-1015.4399651391406 -828.5223026189769
-1013.0272491870601 -860.2832055787824
-1011.5920963416157 -893.7054243748383
-1009.9143945243902 -928.4176275270842
-1007.8900006917099 -964.4628365953602
-1005.4120394228121 -1001.8769982376708
-1004.3874386149024 -1042.0016228021411
-1002.8380384687166 -1083.6928879353366
-1000.6811701689554 -1126.9966639656166
-980.0180538319285 -1157.480290751708
-952.0743989370317 -1182.133462754664
-923.5625466431115 -1206.057890357631
-894.4934310332917 -1229.2432405055754
-864.8792678899566 -1251.6784707239133
-834.7334897279911 -1273.3520727305568
-804.0705414912253 -1294.2522299149564
-772.9058980953151 -1314.3670036444792
-741.2558743655104 -1333.6844224337237
-709.1376898962695 -1352.1926516106862
-676.569238902979 -1369.8799985536098
-643.5691598075156 -1386.7350572715732
-610.1567134023906 -1402.7467312116196
-576.3518013721718 -1417.9043424105635
-542.1748113794617 -1432.1975857219797
-507.64670220120587 -1445.616684658142
-472.7888328145808 -1458.1522945577983
-437.6230529954845 -1469.7956712518371
-402.17158088195254 -1480.5386050562379
-366.4569905602248 -1490.3734632172027
-330.502191772332 -1499.293231639883
-294.3303836099912 -1507.2915124451122
-257.9650226431937 -1514.3625319228397
-221.42980589790497 -1520.501185627895
-184.74862847262781 -1525.7030255465625
-147.9455515233937 -1529.9642496354693
-111.04478839274753 -1533.2817684028464
-74.07066115385628 -1535.6531603206129
-37.04757712746538 -1537.076693937917
0 -1537.5513203785156
37.04757712746477 -1537.076693937917
74.07066115385571 -1535.6531603206129
111.04478839274753 -1533.2817684028464
147.94555152339308 -1529.9642496354693
184.74862847262727 -1525.7030255465625
221.42980589790497 -1520.501185627895
257.96502264319327 -1514.3625319228397
294.33038360999046 -1507.2915124451122
330.502191772332 -1499.293231639883
366.45699056022426 -1490.3734632172027
402.17158088195214 -1480.5386050562379
437.6230529954845 -1469.7956712518371
472.7888328145805 -1458.1522945577988
507.6467022012053 -1445.6166846581423
542.1748113794617 -1432.1975857219797
576.3518013721714 -1417.9043424105637
610.1567134023901 -1402.74673121162
643.5691598075156 -1386.7350572715732
676.5692389029788 -1369.8799985536098
709.1376898962695 -1352.1926516106862
741.2558743655104 -1333.6844224337237
772.9058980953151 -1314.3670036444792
804.0705414912253 -1294.2522299149564
834.7334897279911 -1273.3520727305568
864.8792678899564 -1251.6784707239133
894.4934310332916 -1229.2432405055752
923.5625466431115 -1206.057890357631
952.0743989370305 -1182.1334627546644
980.0180538319274 -1157.4802907517094
1000.6811701689554 -1126.9966639656166
1002.8380384687158 -1083.6928879353381
1004.3874386149018 -1042.0016228021416
1005.4120394228119 -1001.8769982376709
1007.8900006917097 -964.4628365953604
1009.9143945243906 -928.417627527084
1011.5920963416157 -893.7054243748383
1013.0272491870601 -860.2832055787824
1015.4399651391404 -828.5223026189774
1017.8425512676482 -797.8610068013712
1020.3255699943679 -768.234943449359
1022.9759347315511 -739.5742739309622
1025.876893603564 -711.8040579799582
1027.917127000811 -684.6397379323851
1031.5440975062238 -658.4518868506743
1034.4409027251158 -632.7887335837878
1037.8726880211873 -607.7644974475385
1041.9116850017435 -583.2848841405686
1045.3979329059785 -559.2776585437646
1049.6258467112525 -535.7113107647878
1053.4350018056266 -512.6044199813305
1058.1428928871014 -489.82791265193913
1063.8440048633177 -467.2779522996039
1069.4052446649441 -445.1246195786197
1076.187613446818 -423.12467079752855
1083.0675963316644 -401.66190078999256
1091.2517887878507 -380.83172307145463
1100.9968170719856 -360.6672426980805
1111.9861933180102 -340.88430926221304
1125.1319121246554 -321.35388530445647
1139.331853258299 -305.2188094178098
NaN NaN
NaN NaN
NaN NaN
938.333594035337 120.74910828546368
774.0967806617738 158.73961241763465
661.1962332426048 184.8818384132156
578.2290683728064 203.96801854167032
515.1886430117594 218.46977479476107
464.9555439994104 229.8621616796925
424.6477252769972 239.05145005998818
391.41400243050316 246.6408226736918
362.4526333207201 252.93119230921576
339.0619293393493 258.4392375344526
317.14753215782713 262.9911311297922
298.0278713180483 266.95066644591157
281.65430891272666 270.54369133584163
266.68032576216734 273.67715392446513
253.08495061285308 276.46466317741124
240.84174074548082 279.0180331253461
229.91885101962316 281.4470357873852
219.063449127483 283.40681773271325
209.488660934672 285.3887446046737
201.1494480022044 287.4966561573453
191.6887910482379 288.7324303913082
183.44795012610783 290.16799620197224
176.37178547356586 291.90150126952744
169.31621036025834 293.38637928898174
162.2905183049153 294.6258621248667
155.30388455065673 295.62346031407924
148.36535701021404 296.382959221562
142.46529252259865 297.6627037766836
136.57620985087937 298.7656033425975
130.70477152610798 299.69396469314086
124.85755298219262 300.4502838359539
119.04103640040215 301.03724345487313
114.09965066436496 302.336402671921
108.3331111136253 302.615892824739
103.39208083483916 303.65710324359736
97.69801488136765 303.63863306353244
92.77733363945875 304.42862465051735
87.85786492841271 305.10537660112846
82.94392356057998 305.67008141417625
78.03977599390186 306.12404447218336
73.1496368234901 306.46868285349353
68.27766533679909 306.7055240185361
63.93891323736091 307.90001673993874
59.08050323422026 307.9397444416858
54.25204752892873 307.875945718287
49.86241802813316 308.8118659282309
45.06966806912151 308.55751477206405
40.65103077956751 309.3262185015711
35.90815368423016 308.88596422327345
31.47355471510816 309.48851500746855
27.01742584814403 310.01188061570656
22.35671575003999 309.3058310606359
17.903752653069915 309.66485734758453
13.438542025946797 309.9444538038611
8.964138453729317 310.14435526032395
4.483602775070323 310.2643720642683
