0 214.60739032550887
-3.9134572557573306 214.56907049158318
-7.8242381643628285 214.45414449490866
-11.729668197246061 214.26271281198157
-15.627076461796504 213.99494277398017
-19.513797516333405 213.6510683725368
-23.610213966154298 214.3755553193476
-27.50438431766619 213.87386395776346
-31.379745042461423 213.29616704714914
-35.56648743855511 213.76438915525642
-39.43247472089359 213.02669325275355
-43.67643812342543 213.31501016000146
-47.52152062937255 212.41592363231274
-51.81004210675398 212.51932627033992
-56.13350069287576 212.52186754416687
-59.94265081516209 211.3721964676517
-64.29073272731284 211.18261027615176
-68.663053773536 210.88753419696343
-73.05580955306135 210.48530841778353
-77.46513595316054 209.97437748177586
-81.88711235378037 209.35329194350336
-86.31776489895776 208.62070991564755
-91.52960161057615 208.69817846212015
-95.99653259822539 207.71739631644778
-101.29742773252116 207.49960128657818
-105.78194305622345 206.26323724699475
-111.15067634595074 205.7400027579272
-116.55950560637287 205.04816573164604
-122.00224910634668 204.18486810958825
-127.47262521796856 203.14743656501412
-132.96425837076623 201.93338553434057
-139.50490972009314 201.23962587563813
-146.10449511140934 200.30763238013571
-152.75423189558862 199.13343939670966
-159.44520249049427 197.71335659347434
-166.16836325910072 196.04397330289632
-174.06804286300138 194.67167852107895
-183.1996148793715 193.49814925503867
-191.2220447932549 191.45128379301278
-200.49256899373663 189.5290343116192
-211.0564344471643 187.62739471981806
-221.70071509241998 185.2548370090208
-233.67843418206755 182.756056694218
-247.02161881063708 180.0211287579339
-261.7568845362176 176.93809154511905
-277.90536621733065 173.39319428322642
-296.8137372927639 169.4793532866469
-318.5307804772337 164.97059180016134
-341.7382014854476 159.5029946238199
-370.5304842589193 153.25027455570867
-403.60943328931955 145.69564638800585
-443.77689679006835 136.5380988053041
-493.8841553676646 125.17435896298946
-556.8133413256202 110.69807459379598
-639.6839440618738 91.63411874562846
-752.5026727959453 65.5108061693535
-916.6724670072999 27.535850725846117
NaN NaN
NaN NaN
-1035.6653348111527 -57.72929433307651
-1021.0614309273186 -119.54701138329679
-1017.6776978580282 -140.2860698918493
-1015.0477235896134 -165.26164080899915
-1012.6816750562713 -190.22658622472932
-1010.2200660162727 -215.28029563504518
-1008.3744849365286 -240.76043574809432
-1007.067912028052 -266.62570128325075
-1005.2167561959907 -292.77322578293825
-1003.9942372908422 -318.7712752065858
-1002.1877340043976 -344.9356071722063
-1000.9799482367263 -371.0920802686018
-995.4458420038593 -397.7186773589942
-986.7693300491709 -424.2776439068727
-977.40805442728 -450.49039180573726
-967.3737577950548 -476.3537721388813
-956.6776976887606 -501.8622667049254
-945.3309312932415 -527.0085169087996
-933.344509974592 -551.7837621836699
-920.7295618756283 -576.1782348996649
-907.4973790718218 -600.1814338124323
-893.6594517527792 -623.7823591906631
-879.2274972532155 -646.9696882960145
-864.2134752934331 -669.7319150572991
-848.6295870275746 -692.0574637716413
-832.4882982683586 -713.9347676155347
-815.8022935179816 -735.3523549734483
-798.5845025454383 -756.2988909509604
-780.8481107542949 -776.763221367109
-762.606488468372 -796.7344222205871
-743.8732315045864 -816.201816256822
-724.662148818231 -835.1550002005115
-704.9872100556338 -853.5838647128243
-684.8625954923955 -871.4786080212888
-664.3026299669507 -888.8297475955941
-643.3218019097167 -905.6281295298596
-621.9347508480332 -921.8649369314111
-600.1562554773412 -937.5316960612673
-578.0011860930566 -952.6202667968574
-555.4845895131234 -967.1228767111768
-532.6215624067225 -981.0320815317172
-509.4273321441875 -994.3407989557033
-485.9184710679572 -1007.0431673327395
-462.11649817796683 -1019.1378128720143
-438.03534636826424 -1030.6192765194578
-413.68817662124485 -1041.481434341526
-389.08852666428066 -1051.7182615368906
-364.25040107681554 -1061.32399194265
-339.1881064323693 -1070.2930249109193
-313.9163472112304 -1078.6200960447209
-288.45010961518165 -1086.300213541795
-262.80465517435084 -1093.3287021316003
-236.99550663618055 -1099.7012458989677
-211.03840807516926 -1105.4138868018897
-184.9492995045581 -1110.4630332995239
-158.74430637533274 -1114.845505760939
-132.43970391610387 -1118.5585240393993
-106.0518918844718 -1121.5996973000115
-79.5973874476405 -1123.967090455653
-53.09278866961423 -1125.6591798713823
-26.554757929553375 -1126.6748754317064
0 -1127.0135130997419
26.55475792955293 -1126.6748754317064
53.09278866961386 -1125.6591798713823
79.5973874476405 -1123.967090455653
106.05189188447127 -1121.5996973000115
132.4397039161034 -1118.5585240393993
158.74430637533274 -1114.845505760939
184.94929950455779 -1110.4630332995239
211.0384080751687 -1105.4138868018897
236.99550663618055 -1099.7012458989677
262.8046551743505 -1093.3287021316003
288.4501096151814 -1086.300213541795
313.9163472112304 -1078.6200960447209
339.18810643236907 -1070.2930249109195
364.2504010768151 -1061.32399194265
389.08852666428066 -1051.7182615368906
413.6881766212445 -1041.4814343415262
438.03534636826396 -1030.6192765194583
462.11649817796683 -1019.1378128720143
485.91847106795706 -1007.0431673327395
509.4273321441875 -994.3407989557033
532.6215624067225 -981.0320815317172
555.4845895131234 -967.1228767111768
578.0011860930566 -952.6202667968574
600.1562554773412 -937.5316960612673
621.934750848033 -921.8649369314111
643.3218019097167 -905.6281295298595
664.3026299669507 -888.8297475955941
684.8625954923947 -871.4786080212891
704.9872100556333 -853.583864712825
724.662148818231 -835.1550002005115
743.8732315045858 -816.2018162568226
762.606488468372 -796.7344222205872
780.8481107542947 -776.7632213671092
798.5845025454381 -756.2988909509606
815.8022935179818 -735.3523549734483
832.4882982683586 -713.9347676155347
848.6295870275746 -692.0574637716413
864.213475293433 -669.7319150572996
879.2274972532155 -646.9696882960145
893.6594517527789 -623.7823591906634
907.4973790718218 -600.1814338124323
920.7295618756283 -576.1782348996649
933.344509974592 -551.7837621836699
945.3309312932415 -527.0085169087997
956.6776976887609 -501.862266704925
967.3737577950548 -476.35377213888137
977.4080544272796 -450.49039180573845
986.7693300491709 -424.2776439068727
995.4458420038593 -397.7186773589942
1000.9799482367259 -371.09208026860335
1002.1877340043974 -344.9356071722083
1003.9942372908422 -318.7712752065854
1005.2167561959901 -292.77322578294087
1007.067912028052 -266.62570128325075
1008.3744849365286 -240.76043574809432
1010.2200660162727 -215.28029563504518
1012.6816750562713 -190.22658622472932
1015.0477235896134 -165.26164080899915
1017.6776978580282 -140.2860698918493
1021.0614309273186 -119.54701138329679
1035.6653348111527 -57.72929433307651
NaN NaN
NaN NaN
916.6724670073002 27.53585072584432
752.5026727959453 65.5108061693535
639.6839440618738 91.63411874562846
556.8133413256202 110.69807459379598
493.8841553676647 125.17435896298899
443.77689679006846 136.53809880530395
403.60943328931955 145.69564638800566
370.5304842589193 153.25027455570867
341.7382014854476 159.5029946238199
318.5307804772337 164.97059180016134
296.8137372927639 169.47935328664684
277.90536621733065 173.39319428322645
261.7568845362177 176.93809154511894
247.02161881063708 180.0211287579339
233.67843418206755 182.756056694218
221.70071509241998 185.2548370090208
211.0564344471644 187.62739471981786
200.49256899373665 189.5290343116191
191.2220447932549 191.4512837930127
183.1996148793715 193.49814925503867
174.06804286300138 194.67167852107895
166.16836325910072 196.04397330289632
159.44520249049435 197.71335659347423
152.75423189558865 199.13343939670966
146.10449511140934 200.3076323801357
139.50490972009314 201.23962587563813
132.96425837076623 201.93338553434057
127.47262521796856 203.14743656501412
122.0022491063468 204.1848681095882
116.55950560637291 205.0481657316453
111.15067634595077 205.74000275792716
105.78194305622345 206.26323724699475
101.29742773252116 207.49960128657818
95.99653259822539 207.71739631644778
91.52960161057622 208.69817846212004
86.31776489895779 208.62070991564755
81.88711235378038 209.35329194350336
77.46513595316054 209.97437748177586
73.05580955306135 210.48530841778353
68.663053773536 210.88753419696343
64.29073272731291 211.18261027615173
59.94265081516214 211.3721964676517
56.133500692875785 212.5218675441668
51.81004210675398 212.51932627033992
47.52152062937255 212.41592363231274
43.67643812342543 213.31501016000146
39.43247472089364 213.02669325275352
35.56648743855515 213.76438915525642
31.379745042461476 213.2961670471491
27.50438431766619 213.87386395776346
23.610213966154298 214.3755553193476
19.513797516333405 213.6510683725368
15.627076461796548 213.99494277398014
11.729668197246104 214.26271281198157
7.824238164362873 214.45414449490866
3.9134572557573306 214.56907049158318
