0 219.40939032550872
-3.9420667083393446 219.37098526583978
-7.88143746203713 219.25580381647072
-11.815418138471186 219.0639471269865
-15.741318277846043 218.7955836486411
-19.65645291157316 218.4509489375308
-23.78118517170217 219.17451071056274
-27.703554158398045 218.6717317523721
-31.60697701731724 218.09278769397997
-35.82162581408978 218.55960639844045
-39.715344638008965 217.82035454762956
-43.986845717210045 218.10696708027126
-47.85925316196677 217.20603226745123
-52.17486811315014 217.30744761227103
-56.52517013955243 217.30786786223427
-60.360895271444896 216.15594767092188
-64.73526554934324 215.96399026211157
-69.13357030072282 215.66642718568414
-73.55198731687949 215.2616052706491
-77.98663489815527 214.7479760038939
-82.43357507062444 214.12409716894493
-86.88881686940127 213.3886343746814
-92.1248514641234 213.46314242964928
-96.61557238036015 212.47932804087816
-101.93983318429827 212.2584371983877
-106.44727390503529 211.01892214631462
-111.83847660726754 210.49248998048068
-117.26930389625208 209.79741729243793
-122.73355896449539 208.93085482378962
-128.22494544113982 207.890138145528
-133.73707335625824 206.67279066559882
-140.29768981911783 205.97573226323
-146.91669699208705 205.04044677592867
-153.58529891532115 203.86297759918926
-160.29456507745843 202.43964342309724
-167.03543930260645 200.76704255231246
-174.95223811243977 199.39157288015855
-184.10032335148497 198.21492021070983
-192.13864918744787 196.16499150399218
-201.42444111514325 194.2397474581974
-212.00293563718014 192.3351903289433
-222.6611966664087 189.95980025500128
-234.65223787393492 187.45828067545358
-248.00807722397573 184.7207142501612
-262.75532160170553 181.6351467317503
-278.91509765607634 178.08783446343284
-297.83407108527604 174.17170056193018
-319.5610173376983 169.6607747402333
-342.77763534098096 164.1911479126928
-371.57840273347904 157.93653861897664
-404.66511819192704 150.38016700237057
-444.8396246070246 141.22102669147412
-494.95319775840784 129.85584936314996
-557.8879656218948 115.37828683490795
-640.7634137698675 96.31321578988002
-753.5862481010406 70.18895415313828
-917.7594052811082 32.21321848869439
NaN NaN
NaN NaN
NaN NaN
-1030.6904952616624 -130.0534674349706
-1025.932107094964 -150.58417758715183
-1022.0881250163245 -175.21972034336557
-1018.8142917093979 -199.82718801660383
-1015.64414176526 -224.53472779752852
-1013.2224369442081 -249.68575512881043
-1011.4383775313146 -275.24293482157105
-1009.185992331441 -301.1047930144499
-1007.6260070854569 -326.8425924300026
-1005.528190190521 -352.7664500960616
-1004.0674749913543 -378.7017450739448
-1003.2167646822635 -404.78790207020353
-1001.7116899073966 -431.1863662974137
-997.0583910278503 -457.8175011323153
-986.8027901443273 -484.20248844575315
-975.8725166258452 -510.2235084698652
-964.2788800621146 -535.8732667029929
-952.0331934492375 -561.1429854468803
-939.146854802104 -586.0228251878955
-925.6314334347211 -610.5021759755818
-911.498703283573 -634.5699050267827
-896.7606711380157 -658.2145410341893
-881.4295911171964 -681.4244201958097
-865.5179629870825 -704.1878045489105
-849.0385547049996 -726.4929638821752
-832.0043557706128 -748.3282645889684
-814.4286031968129 -769.6822130364783
-796.3247912862566 -790.5435009320827
-777.7066003408565 -810.9010557922895
-758.5879367252378 -830.7440582198086
-738.9829200154487 -850.0619696267462
-718.905830092919 -868.8445525052834
-698.3711566618682 -887.0818842314279
-677.393532795516 -904.7643688034173
-655.9877536126897 -921.8827461971501
-634.168763464186 -938.4281006558614
-611.951643721254 -954.3918666736714
-589.3515649748782 -969.7658192615318
-566.3838717119821 -984.5421077750362
-543.0639555098157 -998.7132161240144
-519.4117753596478 -1012.2747492778445
-495.44829316565904 -1025.224591607152
-471.186079561381 -1037.5562673881816
-446.63809878868665 -1049.2632760123745
-421.81784664809254 -1060.3392702660778
-396.7392008651388 -1070.7780155986973
-371.4165109609215 -1080.5735494289902
-345.8644331041862 -1089.7200878203416
-320.0980257716825 -1098.2121960980037
-294.1326332645698 -1106.0447250611523
-267.98387902903977 -1113.212854831928
-241.66765125166168 -1119.7121376118944
-215.2000626643999 -1125.5384961402951
-188.59742484875673 -1130.6882322778456
-161.87623742581403 -1135.1580723903207
-135.05315207754523 -1138.9451548940356
-108.14494697786336 -1142.0470200617074
-81.16851935398799 -1144.4616764593356
-54.14084864516476 -1146.1875566308736
-27.078979594846487 -1147.2235391637726
0 -1147.568941242172
27.078979594846036 -1147.2235391637726
54.14084864516438 -1146.1875566308736
81.16851935398799 -1144.4616764593356
108.14494697786282 -1142.0470200617074
135.05315207754478 -1138.9451548940356
161.87623742581403 -1135.1580723903207
188.59742484875642 -1130.6882322778456
215.20006266439933 -1125.5384961402951
241.66765125166168 -1119.7121376118944
267.98387902903943 -1113.212854831928
294.13263326456956 -1106.0447250611523
320.0980257716825 -1098.2121960980037
345.86443310418593 -1089.7200878203419
371.4165109609211 -1080.5735494289902
396.7392008651388 -1070.7780155986973
421.81784664809214 -1060.339270266078
446.63809878868636 -1049.263276012375
471.186079561381 -1037.5562673881816
495.44829316565887 -1025.224591607152
519.4117753596478 -1012.2747492778445
543.0639555098157 -998.7132161240144
566.3838717119821 -984.5421077750362
589.3515649748782 -969.7658192615318
611.951643721254 -954.3918666736714
634.1687634641858 -938.4281006558614
655.9877536126897 -921.88274619715
677.393532795516 -904.7643688034173
698.3711566618674 -887.0818842314283
718.9058300929186 -868.8445525052841
738.9829200154487 -850.0619696267462
758.5879367252371 -830.7440582198092
777.7066003408565 -810.9010557922896
796.3247912862564 -790.5435009320828
814.4286031968127 -769.6822130364785
832.004355770613 -748.3282645889684
849.0385547049996 -726.4929638821752
865.5179629870825 -704.1878045489105
881.4295911171963 -681.4244201958102
896.7606711380157 -658.2145410341893
911.4987032835727 -634.5699050267831
925.6314334347211 -610.5021759755818
939.146854802104 -586.0228251878955
952.0331934492375 -561.1429854468803
964.2788800621146 -535.873266702993
975.8725166258454 -510.2235084698648
986.8027901443273 -484.2024884457532
997.0583910278499 -457.81750113231647
1001.7116899073966 -431.1863662974137
1003.2167646822635 -404.78790207020353
1004.067474991354 -378.70174507394626
1005.5281901905207 -352.7664500960635
1007.6260070854569 -326.8425924300022
1009.18599233144 -301.10479301445247
1011.4383775313146 -275.24293482157105
1013.2224369442081 -249.68575512881043
1015.64414176526 -224.53472779752852
1018.8142917093979 -199.82718801660383
1022.0881250163245 -175.21972034336557
1025.932107094964 -150.58417758715183
1030.6904952616624 -130.0534674349706
NaN NaN
NaN NaN
NaN NaN
917.7594052811085 32.21321848869259
753.5862481010406 70.18895415313828
640.7634137698675 96.31321578988002
557.8879656218948 115.37828683490795
494.9531977584079 129.85584936314947
444.8396246070247 141.22102669147398
404.66511819192704 150.38016700237037
371.57840273347904 157.93653861897664
342.77763534098096 164.1911479126928
319.5610173376983 169.6607747402333
297.83407108527604 174.17170056193012
278.91509765607634 178.08783446343287
262.7553216017056 181.63514673175018
248.00807722397573 184.7207142501612
234.65223787393492 187.45828067545358
222.6611966664087 189.95980025500128
212.00293563718026 192.3351903289431
201.42444111514328 194.23974745819731
192.13864918744787 196.1649915039921
184.10032335148497 198.21492021070983
174.95223811243977 199.39157288015855
167.03543930260645 200.76704255231246
160.29456507745851 202.43964342309712
153.58529891532118 203.86297759918926
146.91669699208705 205.04044677592864
140.29768981911783 205.97573226323
133.73707335625824 206.67279066559882
128.22494544113982 207.890138145528
122.7335589644955 208.93085482378956
117.26930389625213 209.7974172924372
111.83847660726757 210.49248998048066
106.44727390503529 211.01892214631462
101.93983318429827 212.2584371983877
96.61557238036015 212.47932804087816
92.12485146412347 213.46314242964917
86.8888168694013 213.3886343746814
82.43357507062446 214.12409716894493
77.98663489815527 214.7479760038939
73.55198731687949 215.2616052706491
69.13357030072282 215.66642718568414
64.73526554934331 215.96399026211154
60.360895271444946 216.15594767092188
56.52517013955246 217.30786786223422
52.17486811315014 217.30744761227103
47.85925316196677 217.20603226745123
43.986845717210045 218.10696708027126
39.715344638009014 217.82035454762953
35.82162581408982 218.55960639844045
31.606977017317295 218.09278769397994
27.703554158398045 218.6717317523721
23.78118517170217 219.17451071056274
19.65645291157316 218.4509489375308
15.741318277846087 218.79558364864107
11.815418138471228 219.0639471269865
7.881437462037175 219.25580381647072
3.9420667083393446 219.37098526583978
