0 112.0503903255114
-3.3024410898986036 112.01389066996003
-6.602624592604524 111.90442041297553
-9.898294452509477 111.72206565580547
-13.187197676167067 111.46696980800748
-16.46708586085574 111.13933344873571
-19.958757504810464 111.88357946410984
-23.25068557632157 111.4051160586219
-26.526719293755004 110.8540546612621
-30.117460703921783 111.35224946154042
-33.39118149107232 110.64778416933076
-37.04701879902538 110.9725016485251
-40.30851868325321 110.11288921042633
-44.01840097015034 110.25873475338248
-47.76856036742396 110.30657503687081
-51.010144213122146 109.20493862638132
-54.79678174252081 109.06599486172455
-58.614165085761556 108.82403393785675
-62.45887016865968 108.47725420301222
-66.32740848505875 108.02395190225383
-70.21623004403904 107.46252320014513
-74.12172638734289 106.79146611199604
-78.81676545267429 106.93216229846149
-82.77561153691866 106.01614020182838
-87.57748272671006 105.86446288436075
-91.572377070885 104.69539546866314
-96.46122790782776 104.24045421910704
-101.40024212966674 103.61772168330494
-106.3835599930279 102.82415185628874
-111.40521473738342 101.85688138118306
-116.4591383234727 100.71323308818104
-122.57339189092282 100.0899251692108
-128.7581835169352 99.2282392128445
-135.00501483130103 98.12401635803815
-141.30524438318824 96.77337358938674
-147.65009632994256 95.17270861893867
-155.18415860713858 93.86822042359313
-163.96305536780505 92.76139813034735
-171.6459938029907 90.77995482280974
-180.59044297226652 88.92166068112762
-190.84187331754003 87.08233135350041
-201.18757290508955 84.7702648270073
-212.8807696200429 82.32998738068837
-225.953685554333 79.65141003107941
-240.43312149472595 76.62241291635172
-256.3403876326906 73.12909329167502
-275.0223227241119 69.26422219309681
-296.52786467159723 64.80168472291281
-319.5388641422702 59.377435097177
-348.14993969510715 53.16506349019986
-381.0630200122026 45.64767040979115
-421.08006698507467 36.52413895067323
-471.0524643082201 25.191099702419876
-533.8624367123274 10.742113158617885
-581.4217330350766 -6.067603514817707
-583.7276742784676 -21.305980931847493
-585.6345986254265 -36.60194571556681
-587.1410074827014 -51.94507461890586
-588.2456742904461 -67.32491894504052
-588.9476462351231 -82.73109049527902
-589.2539473867001 -100
-589.1410567028099 -113.57809303639017
-588.6319721310703 -128.99951590537592
-587.7191320529464 -144.4046291157391
-586.4029645967153 -159.7830240600042
-584.6841750191151 -175.12416125600907
-582.5637462297035 -190.417495047603
-580.036967702913 -205.668599564145
-577.0502470083154 -220.9868954800033
-573.6130816188169 -236.29257591165714
-569.7453343210984 -251.51711731891277
-565.4609053191896 -266.6249481302262
-560.7703456830669 -281.5950221331271
-555.682277812597 -296.413030604563
-550.2041675470701 -311.06793975393316
-544.3428000159817 -325.55032663742907
-538.104568590161 -339.8515722974667
-531.4956776324307 -353.96344600855923
-524.5222362576634 -367.87793483193303
-517.190356263025 -381.58713366872803
-509.5061978664089 -395.08321308422273
-501.4760099567813 -408.35840498921345
-493.10615641136525 -421.405004979646
-484.4031260430836 -434.21538515884464
-475.3735661095037 -446.7819977626114
-466.02424694297963 -459.09740505837794
-456.3620980006175 -471.15427844373534
-446.39422768262625 -482.9454101088847
-436.1278620345938 -494.46373790685425
-425.5703936997492 -505.70234340499036
-414.7293779377638 -516.6544651468452
-403.6124880580777 -527.3135083031947
-392.2275727412958 -537.6730508841748
-380.58259693795645 -547.7268503029112
-368.68566741421597 -557.4688495074007
-356.54502633551476 -566.8931836340646
-344.16904493586844 -575.9941856415766
-331.5661807890793 -584.7663771483617
-318.7450680254023 -593.2045040312986
-305.7143939977986 -601.3034984967934
-292.48298451336166 -609.0585156206329
-279.05975982556834 -616.4649217061186
-265.45373093525865 -623.5182956807247
-251.67400084023146 -630.214434519093
-237.7297589735399 -636.5493552838715
-223.6302757240681 -642.5192968819026
-209.38489471651548 -648.1207189952224
-195.00302124601706 -653.3502942199449
-180.4941490270671 -658.2049466525674
-165.86781258601755 -662.6818041558449
-151.1336046085697 -666.7782223214932
-136.30117708962175 -670.491798275398
-121.38021847484687 -673.8203413883045
-106.3804620163579 -676.761894486696
-91.31168208537649 -679.3147424059703
-76.18367632452892 -681.4773770788112
-61.006274011775126 -683.2485288449166
-45.78932941100225 -684.6271695275508
-30.54271182455416 -685.6124905788512
-15.276304505980152 -686.2039143207521
0 -686.4010940894067
15.276304505979894 -686.2039143207521
30.542711824553948 -685.6124905788512
45.78932941100225 -684.6271695275508
61.00627401177487 -683.2485288449166
76.18367632452863 -681.4773770788113
91.31168208537649 -679.3147424059703
106.3804620163577 -676.7618944866961
121.38021847484657 -673.8203413883045
136.30117708962175 -670.491798275398
151.13360460856939 -666.7782223214932
165.86781258601735 -662.6818041558449
180.4941490270671 -658.2049466525674
195.00302124601689 -653.350294219945
209.38489471651522 -648.1207189952224
223.6302757240681 -642.5192968819026
237.7297589735397 -636.5493552838715
251.6740008402313 -630.214434519093
265.45373093525865 -623.5182956807247
279.0597598255682 -616.4649217061186
292.4829845133616 -609.0585156206329
305.7143939977986 -601.3034984967934
318.7450680254023 -593.2045040312986
331.5661807890793 -584.7663771483617
344.16904493586844 -575.9941856415766
356.54502633551454 -566.8931836340646
368.6856674142159 -557.4688495074008
380.58259693795645 -547.7268503029112
392.2275727412957 -537.673050884175
403.61248805807753 -527.313508303195
414.7293779377638 -516.6544651468452
425.57039369974905 -505.7023434049907
436.1278620345938 -494.4637379068543
446.39422768262614 -482.94541010888474
456.3620980006173 -471.1542784437354
466.0242469429797 -459.09740505837794
475.3735661095037 -446.7819977626114
484.4031260430836 -434.21538515884464
493.1061564113651 -421.4050049796462
501.47600995678124 -408.35840498921345
509.50619786640857 -395.0832130842231
517.190356263025 -381.58713366872803
524.5222362576634 -367.87793483193303
531.4956776324307 -353.96344600855923
538.104568590161 -339.8515722974668
544.3428000159817 -325.5503266374294
550.2041675470701 -311.0679397539332
555.6822778125968 -296.4130306045636
560.7703456830669 -281.5950221331271
565.4609053191896 -266.6249481302262
569.7453343210982 -251.51711731891356
573.6130816188168 -236.2925759116577
577.0502470083154 -220.98689548000343
580.036967702913 -205.66859956414578
582.5637462297035 -190.417495047603
584.6841750191151 -175.12416125600907
586.4029645967153 -159.7830240600042
587.7191320529464 -144.4046291157391
588.6319721310703 -128.99951590537592
589.1410567028099 -113.57809303639017
589.2539473867001 -100
588.9476462351231 -82.73109049527902
588.2456742904462 -67.3249189450403
587.1410074827014 -51.94507461890586
585.6345986254267 -36.601945715568135
583.7276742784676 -21.305980931847493
581.4217330350766 -6.067603514817707
533.8624367123274 10.742113158617885
471.0524643082202 25.191099702419404
421.0800669850748 36.5241389506731
381.0630200122026 45.64767040979093
348.14993969510715 53.16506349019986
319.5388641422702 59.377435097177
296.52786467159723 64.80168472291281
275.0223227241119 69.26422219309674
256.3403876326906 73.12909329167503
240.433121494726 76.62241291635159
225.953685554333 79.65141003107941
212.8807696200429 82.32998738068837
201.18757290508955 84.7702648270073
190.84187331754015 87.08233135350021
180.59044297226654 88.92166068112753
171.6459938029907 90.77995482280967
163.96305536780505 92.76139813034735
155.18415860713858 93.86822042359313
147.65009632994256 95.17270861893867
141.30524438318832 96.77337358938661
135.00501483130105 98.12401635803815
128.7581835169352 99.22823921284447
122.57339189092282 100.0899251692108
116.4591383234727 100.71323308818104
111.40521473738342 101.85688138118306
106.38355999302802 102.82415185628868
101.40024212966678 103.6177216833042
96.46122790782779 104.24045421910702
91.572377070885 104.69539546866314
87.57748272671006 105.86446288436075
82.77561153691866 106.01614020182838
78.81676545267436 106.93216229846139
74.12172638734292 106.79146611199604
70.21623004403905 107.46252320014513
66.32740848505875 108.02395190225383
62.45887016865968 108.47725420301222
58.614165085761556 108.82403393785675
54.79678174252087 109.06599486172453
51.010144213122196 109.20493862638132
47.76856036742399 110.30657503687075
44.01840097015034 110.25873475338248
40.30851868325321 110.11288921042633
37.04701879902538 110.9725016485251
33.391181491072366 110.64778416933073
30.11746070392183 111.35224946154041
26.526719293755058 110.85405466126208
23.25068557632157 111.4051160586219
19.958757504810464 111.88357946410984
16.46708586085574 111.13933344873571
13.187197676167111 111.46696980800746
9.89829445250952 111.72206565580545
6.602624592604569 111.90442041297553
3.3024410898986036 112.01389066996003
