0 282.86439032550896
-4.320120188887386 282.8248590685163
-8.637285324161834 282.70630199425506
-12.948542361803186 282.50882914669234
-17.250942275643794 282.23262377809124
-21.541542062955664 281.8779421178108
-26.04044753072762 282.58927838019144
-30.33544133949756 282.07212760970265
-34.60968525648285 281.4767033842424
-39.19309720508364 281.9249771119458
-43.45326854274788 281.165164515632
-48.08866034936392 281.4292549552629
-52.32214734267606 280.5038963746385
-56.99578319767079 280.57905105922
-61.70080211349418 280.5514434938393
-65.88769701518244 279.3698028569922
-70.60944926903062 279.1465115051518
-75.3511101242629 278.8160845366364
-80.10862205304775 278.3769565406586
-84.87787095701424 277.8276707604539
-89.65468954320687 277.166880505137
-94.4348607645476 276.39335044048414
-99.99065310028341 276.42873771485733
-104.79574092999809 275.4048543994225
-110.42876236849577 275.14305460444035
-115.2391458357631 273.861901173043
-120.92726577466804 273.2932139927933
-126.64878129822745 272.55538434575936
-132.39729637574493 271.6456792614492
-138.16631981876202 270.56155188803285
-143.94927137883116 269.30064418579826
-150.7737125562299 268.5599952421235
-157.64936470104263 267.5812084346213
-164.5672559617867 266.360446703384
-171.5182849766277 264.894147957399
-178.49322987750364 263.1790290624537
-186.6362467657328 261.7616054822819
-196.00254244727023 260.5436792677935
-204.25092153928358 258.45327197050574
-213.73846557658797 256.48845689512365
-224.51027279096104 254.545346592384
-235.35327460840244 252.13252886260048
-247.52035808789665 249.59481185606674
-261.0434205430916 246.8223796831648
-275.9489542527957 243.7033759836632
-292.25797738235866 240.12415113044625
-311.3170533434721 236.17771812817355
-333.174861565266 231.63819216261282
-356.51301128910075 226.1417449442277
-385.4258968615902 219.8621708835891
-418.6152401192402 212.28276083504716
-458.8828136168033 203.102573758721
-509.0798293503718 191.71840107955805
-572.0883581083802 177.22394859245904
-655.0278349112124 158.14414101749125
-767.9049217755147 132.00733822457988
-932.1225181850036 94.0212924977608
NaN NaN
NaN NaN
NaN NaN
-1114.9173156091229 -256.7922446168003
-1102.098949104788 -273.96670914573247
-1090.4405004990633 -294.672090557406
-1080.786943711736 -315.5609808677624
-1072.2570475949922 -336.7746582476647
-1065.1976037958 -358.6149550326978
-1059.3596263972154 -381.04850357417223
-1053.5412605251593 -403.9775067779311
-1048.8613608949033 -427.0053948556044
-1043.97770796659 -450.38951066966337
-1040.0257558023152 -473.9566928885106
-1036.9210155488413 -497.81787022092203
-1033.3544024018693 -522.1088481404809
-1030.4898448176107 -546.8122795437898
-1027.0370345710655 -571.9622929148447
-1024.1600927309396 -597.6344995306013
-1021.7905188343573 -623.9266192156883
-1018.6632334380726 -650.7223478040363
-1017.102893099576 -678.4846996978905
-1014.6579713794792 -706.8345851735762
-1012.4443193450436 -736.06310058975
-1010.3799998633225 -766.2464779116671
-1008.379139534062 -797.4555289060885
-1006.352005865472 -829.7553295482111
-1005.2906031802502 -863.7163407786703
-1003.9715727006809 -898.9596088898746
-1002.2911572025549 -935.5281030847237
-999.1224542688889 -972.829050597944
-975.497824107157 -998.2038775092915
-951.2906658574345 -1022.9198154403149
-926.5519683758025 -1046.971107533849
-901.286666755308 -1070.3541804142544
-875.5011734430992 -1093.0635610189352
-849.2034623329399 -1115.0923079184358
-822.402917582197 -1136.432368749957
-795.1101610908022 -1157.0748626501252
-767.3369880830086 -1177.0103319808052
-739.0961635892679 -1196.2289065515995
-710.401440822648 -1214.7204954818205
-681.2673721825333 -1232.4748810007611
-651.7093751481158 -1249.481891872283
-621.7435034674426 -1265.7314118200657
-591.3865179620102 -1281.2135266226041
-560.6557661395286 -1295.9185490454754
-529.5692021241873 -1309.8371296409186
-498.14523338661155 -1322.9602124295589
-466.40280736108184 -1335.2791917227366
-434.36124232842485 -1346.7858162870916
-402.04031960035763 -1357.4723585391403
-369.4601629420271 -1367.3315491518258
-336.64122795345133 -1376.3566198700062
-303.6042836214663 -1384.5413454993902
-270.37036792815513 -1391.8800416892561
-236.96075791571477 -1398.3675730338186
-203.39695461361305 -1403.999398216277
-169.70064266487245 -1408.7715572556722
-135.89366033495236 -1412.6806610965364
-101.99798766187268 -1415.7239581206557
-68.03570507801395 -1417.8992896207271
-34.02897199375712 -1419.2051118828447
0 -1419.6404886890139
34.02897199375658 -1419.2051118828447
68.03570507801345 -1417.8992896207271
101.99798766187268 -1415.7239581206557
135.89366033495176 -1412.6806610965364
169.70064266487194 -1408.7715572556722
203.39695461361305 -1403.999398216277
236.96075791571437 -1398.3675730338186
270.3703679281544 -1391.8800416892561
303.6042836214663 -1384.5413454993902
336.6412279534509 -1376.3566198700062
369.4601629420268 -1367.3315491518258
402.04031960035763 -1357.4723585391403
434.3612423284245 -1346.785816287092
466.40280736108133 -1335.2791917227369
498.14523338661155 -1322.9602124295589
529.5692021241869 -1309.8371296409189
560.6557661395282 -1295.9185490454759
591.3865179620102 -1281.2135266226041
621.7435034674425 -1265.7314118200657
651.7093751481158 -1249.481891872283
681.2673721825333 -1232.4748810007611
710.401440822648 -1214.7204954818205
739.0961635892679 -1196.2289065515995
767.3369880830086 -1177.0103319808052
795.110161090802 -1157.0748626501252
822.4029175821969 -1136.4323687499568
849.2034623329399 -1115.0923079184358
875.5011734430982 -1093.0635610189356
901.2866667553071 -1070.3541804142558
926.5519683758025 -1046.971107533849
951.2906658574337 -1022.9198154403159
975.4978241071565 -998.203877509292
999.1224542688886 -972.8290505979442
1002.2911572025547 -935.528103084724
1003.9715727006812 -898.9596088898745
1005.2906031802502 -863.7163407786703
1006.352005865472 -829.7553295482111
1008.3791395340619 -797.455528906089
1010.3799998633225 -766.2464779116671
1012.444319345043 -736.0631005897504
1014.6579713794792 -706.8345851735762
1017.102893099576 -678.4846996978905
1018.6632334380726 -650.7223478040363
1021.7905188343573 -623.9266192156884
1024.1600927309398 -597.6344995306008
1027.0370345710655 -571.9622929148447
1030.4898448176102 -546.812279543791
1033.3544024018693 -522.1088481404809
1036.9210155488413 -497.81787022092203
1040.0257558023145 -473.9566928885118
1043.9777079665896 -450.3895106696651
1048.8613608949033 -427.005394855604
1053.5412605251581 -403.9775067779337
1059.3596263972154 -381.04850357417223
1065.1976037958 -358.6149550326978
1072.2570475949922 -336.7746582476647
1080.786943711736 -315.5609808677624
1090.4405004990633 -294.672090557406
1102.098949104788 -273.96670914573247
1114.9173156091229 -256.7922446168003
NaN NaN
NaN NaN
NaN NaN
932.1225181850039 94.02129249775899
767.9049217755147 132.00733822457988
655.0278349112124 158.14414101749125
572.0883581083802 177.22394859245904
509.0798293503719 191.71840107955757
458.8828136168034 203.10257375872087
418.6152401192402 212.28276083504696
385.4258968615902 219.8621708835891
356.51301128910075 226.1417449442277
333.174861565266 231.63819216261282
311.3170533434721 236.1777181281735
292.25797738235866 240.12415113044628
275.9489542527958 243.70337598366308
261.0434205430916 246.8223796831648
247.52035808789665 249.59481185606674
235.35327460840244 252.13252886260048
224.51027279096115 254.5453465923838
213.738465576588 256.48845689512353
204.25092153928358 258.4532719705057
196.00254244727023 260.5436792677935
186.6362467657328 261.7616054822819
178.49322987750364 263.1790290624537
171.5182849766278 264.8941479573989
164.56725596178674 266.360446703384
157.64936470104263 267.58120843462126
150.7737125562299 268.5599952421235
143.94927137883116 269.30064418579826
138.16631981876202 270.56155188803285
132.39729637574504 271.6456792614491
126.64878129822749 272.5553843457586
120.92726577466807 273.2932139927933
115.2391458357631 273.861901173043
110.42876236849577 275.14305460444035
104.79574092999809 275.4048543994225
99.99065310028348 276.4287377148572
94.43486076454762 276.39335044048414
89.65468954320689 277.166880505137
84.87787095701424 277.8276707604539
80.10862205304775 278.3769565406586
75.3511101242629 278.8160845366364
70.60944926903069 279.1465115051518
65.88769701518248 279.3698028569922
61.700802113494206 280.55144349383926
56.99578319767079 280.57905105922
52.32214734267606 280.5038963746385
48.08866034936392 281.4292549552629
43.45326854274793 281.16516451563194
39.19309720508368 281.9249771119458
34.609685256482905 281.4767033842424
30.33544133949756 282.07212760970265
26.04044753072762 282.58927838019144
21.541542062955664 281.8779421178108
17.250942275643837 282.23262377809124
12.948542361803229 282.50882914669234
8.637285324161878 282.70630199425506
4.320120188887386 282.8248590685163
