0 66.08839032551093
-3.028607758042184 66.05270640207542
-6.055145600579063 65.94568119230823
-9.077545015069001 65.76739435504587
-12.093740293978623 65.51797857911002
-15.101669934989495 65.19761946950554
-18.322318823137977 65.95072071962203
-21.344345672173812 65.48266716736782
-24.35178467727788 64.94354275588128
-27.675421966661364 65.45517013392188
-30.683712284396563 64.76559748980507
-34.0759746870869 65.1066282687999
-37.075935871279995 64.26470655981502
-40.526494908929976 64.42957333775608
-44.01972423494723 64.49771484965609
-47.00694727441528 63.41760568079526
-50.5419675888013 63.301357853252135
-54.11064975411726 63.083201045815635
-57.70974014354321 62.76127003987207
-61.335918582966315 62.333794619122024
-64.98580118281717 61.79910175663488
-68.65594324166933 61.1556177183864
-73.11937399729352 61.32465003782371
-76.85051647934307 60.43765083942519
-81.42874483112917 60.31560487132692
-85.20421037511458 59.176697146601484
-89.87799683522415 58.752362231811176
-94.60645849796566 58.16059960143958
-99.383879922176 57.398279020363155
-104.20443545845897 56.462451967694804
-109.06219489090637 55.35035540327873
-114.98535380025787 54.758621173686805
-120.98425123044673 53.928444281685245
-127.05051621386131 52.855579277162185
-133.17563105081697 51.53605679156952
-139.35093991353054 49.96618866024321
-146.72114693394255 48.692088700974395
-155.34198856329033 47.6151618403519
-162.8727803157151 45.663038160578665
-171.67109552451737 43.833406278164425
-181.78250478453117 42.022001951873555
-191.99439212548327 39.737045186907025
-203.5600771407409 37.322986417435324
-216.5118693123773 34.66966317690382
-230.8766524393417 31.664884701451967
-246.67581529041408 28.19468013827
-265.2562707100672 24.351755415386155
-286.66702615000764 19.909933725082254
-309.58999723930776 14.50511076082181
-338.11986286717797 8.310821741777822
-370.9586073729596 0.8101159580158528
-376.24533768051947 -8.875729976536032
-378.52061545641635 -18.74704173990424
-380.5371550305254 -28.675528029998794
-382.29349586134913 -38.65441882704668
-383.7883540323155 -48.67690580371922
-385.02062335061356 -58.7361473672627
-385.9893763311456 -68.82527464388035
-386.69386507302255 -78.93740150083063
-387.13352210291663 -89.06566532715162
-387.3101393308985 -100
-387.21697304089156 -109.34191794616181
-386.86054020627336 -119.47675139667408
-386.23881832261367 -129.59977862424034
-385.35214832279837 -139.70412078937952
-384.20105317202314 -149.7828517197319
-382.7862378666632 -159.8290495252904
-381.10858919988044 -169.8358077536956
-379.16917538722674 -179.79624174108085
-376.96924556188884 -189.7034939149421
-374.5102291412516 -199.55073878072395
-371.7837391012838 -209.34681783169216
-368.7827217281884 -219.09222615732855
-365.514192931284 -228.76643771090696
-361.98402064133717 -238.35489629361925
-358.1973303509727 -247.84647006167475
-354.1587859331782 -257.23204526020845
-349.87278894629577 -266.5037272205837
-345.3435719325553 -275.6544162223149
-340.5752968679535 -284.67752530617247
-335.57210245924034 -293.56682780270677
-330.3381463194475 -302.3163573113379
-324.8776335101165 -310.92034771207085
-319.19482891147015 -319.37319985869675
-313.2940931296689 -327.6694505818001
-307.1798498208363 -335.8037761180779
-300.85662415883655 -343.77097088525255
-294.32906520333023 -351.5659432360449
-287.60188726809554 -359.1837277831871
-280.6799212711035 -366.61947353368987
-273.5681132698334 -373.86844919103845
-266.2714823429241 -380.92604641536053
-258.79518028873554 -387.78778087781336
-251.14443485879866 -394.44929464871666
-243.32457758292782 -400.9063589474781
-235.34103957981475 -407.1548780620448
-227.19934738331915 -413.1908927786533
-218.90508219574554 -419.0105694103059
-210.46397236116732 -424.6102340677183
-201.88177166362578 -429.9863335043007
-193.16434667932452 -435.13547089228064
-184.31763445866835 -440.0543934895277
-175.34764054765864 -444.7399935531697
-166.26044191174097 -449.1893134453007
-157.06218295297114 -453.39954746801243
-147.75907153736551 -457.3680435139169
-138.35737269863685 -461.0923019588924
-128.86339840306965 -464.56996778725073
-119.2835357796714 -467.79886948257865
-109.6242005187243 -470.776971153624
-99.891855519652 -473.5023967823792
-90.09301320620953 -475.9734442951629
-80.23421362848201 -478.1885562773019
-70.32203392087243 -480.1463415049566
-60.36308560144712 -481.8455837467944
-50.36399757336935 -483.28520679560245
-40.331425475267984 -484.4643061501056
-30.272045889240946 -485.3821522631148
-20.19254719983221 -486.03816865927973
-10.099629352647606 -486.4319433523759
0 -486.56322906365176
10.09962935264743 -486.431943352376
20.192547199832074 -486.03816865927973
30.272045889240946 -485.3821522631148
40.33142547526783 -484.4643061501056
50.36399757336919 -483.2852067956025
60.36308560144712 -481.8455837467944
70.32203392087227 -480.1463415049566
80.23421362848178 -478.1885562773019
90.09301320620953 -475.9734442951629
99.89185551965178 -473.5023967823792
109.62420051872411 -470.77697115362406
119.2835357796714 -467.79886948257865
128.86339840306948 -464.56996778725085
138.3573726986367 -461.0923019588924
147.75907153736551 -457.3680435139169
157.06218295297103 -453.39954746801243
166.26044191174086 -449.1893134453007
175.34764054765864 -444.7399935531697
184.31763445866832 -440.05439348952774
193.16434667932447 -435.1354708922807
201.88177166362578 -429.9863335043007
210.4639723611673 -424.6102340677183
218.90508219574554 -419.0105694103059
227.19934738331915 -413.1908927786533
235.34103957981455 -407.1548780620448
243.32457758292773 -400.9063589474782
251.14443485879866 -394.44929464871666
258.79518028873554 -387.7877808778134
266.2714823429241 -380.9260464153607
273.5681132698334 -373.86844919103845
280.67992127110335 -366.6194735336899
287.60188726809554 -359.1837277831872
294.3290652033301 -351.5659432360451
300.85662415883644 -343.7709708852526
307.17984982083635 -335.803776118078
313.2940931296689 -327.6694505818001
319.19482891147015 -319.37319985869675
324.87763351011637 -310.92034771207113
330.33814631944745 -302.3163573113379
335.57210245923994 -293.5668278027071
340.5752968679535 -284.67752530617247
345.3435719325553 -275.6544162223149
349.87278894629577 -266.5037272205837
354.1587859331782 -257.2320452602085
358.19733035097266 -247.84647006167503
361.98402064133717 -238.3548962936193
365.51419293128384 -228.76643771090716
368.7827217281884 -219.09222615732855
371.7837391012838 -209.34681783169216
374.5102291412515 -199.55073878072446
376.96924556188884 -189.70349391494247
379.16917538722674 -179.79624174108105
381.1085891998804 -169.83580775369583
382.7862378666632 -159.8290495252904
384.20105317202314 -149.7828517197319
385.35214832279837 -139.70412078937952
386.23881832261367 -129.59977862424034
386.86054020627336 -119.47675139667408
387.21697304089156 -109.34191794616181
387.3101393308985 -100
387.13352210291663 -89.06566532715162
386.6938650730226 -78.93740150083083
385.9893763311456 -68.82527464388035
385.0206233506137 -58.73614736726357
383.7883540323155 -48.67690580371922
382.29349586134913 -38.65441882704668
380.5371550305254 -28.675528029998794
378.5206154564164 -18.747041739904585
376.2453376805195 -8.875729976536155
370.9586073729596 0.8101159580156407
338.11986286717797 8.310821741777822
309.58999723930776 14.50511076082181
286.66702615000764 19.909933725082254
265.2562707100672 24.351755415386084
246.67581529041408 28.194680138270012
230.87665243934177 31.664884701451843
216.5118693123773 34.66966317690382
203.5600771407409 37.322986417435324
191.99439212548327 39.737045186907025
181.78250478453128 42.022001951873364
171.6710955245174 43.83340627816434
162.8727803157151 45.6630381605786
155.34198856329033 47.6151618403519
146.72114693394255 48.692088700974395
139.35093991353054 49.96618866024321
133.17563105081706 51.536056791569386
127.05051621386136 52.855579277162185
120.98425123044674 53.92844428168521
114.98535380025787 54.758621173686805
109.06219489090637 55.35035540327873
104.20443545845897 56.462451967694804
99.38387992217612 57.3982790203631
94.6064584979657 58.16059960143896
89.87799683522418 58.752362231811155
85.20421037511458 59.176697146601484
81.42874483112917 60.31560487132692
76.85051647934307 60.43765083942519
73.1193739972936 61.32465003782361
68.65594324166936 61.1556177183864
64.98580118281718 61.799101756634876
61.335918582966315 62.333794619122024
57.70974014354321 62.76127003987207
54.11064975411726 63.083201045815635
50.54196758880136 63.30135785325212
47.00694727441533 63.41760568079526
44.01972423494726 64.49771484965603
40.526494908929976 64.42957333775608
37.075935871279995 64.26470655981502
34.0759746870869 65.1066282687999
30.68371228439661 64.76559748980505
27.67542196666141 65.45517013392187
24.351784677277934 64.94354275588127
21.344345672173812 65.48266716736782
18.322318823137977 65.95072071962203
15.101669934989495 65.19761946950554
12.093740293978668 65.51797857911001
9.077545015069044 65.76739435504585
6.055145600579108 65.94568119230823
3.028607758042184 66.05270640207542
