0 229.3563903255084
-4.001329145830659 229.31780872679988
-7.999921721505327 229.2020981254207
-11.99304301672323 229.009361065211
-15.977962039662945 228.7397683175816
-19.95195337314123 228.39355867930408
-24.13533981176562 229.11520402093697
-28.116120257056888 228.6101721840614
-32.077671822375706 228.02864474812955
-36.35012673484017 228.4925564021788
-40.30128946631939 227.75008151558703
-44.629832875763896 228.03316355797298
-48.55884197948336 227.12840015452383
-52.93057912639932 227.22569896341406
-57.33648542195411 227.22172566394534
-61.22725878803071 226.06514659198155
-65.65608353783477 225.86827737588544
-70.10821167846694 225.5655626623199
-74.57978411335992 225.15536303729925
-79.06688271278722 224.63614437113844
-83.56553355551574 224.0064794216453
-88.07171023674853 223.26504932553723
-93.35786901789983 223.33342493381676
-97.89786907192502 222.34332947005538
-103.27053019155085 222.11602587285026
-107.82545923471694 220.86998372347722
-113.26320571999518 220.33692779862722
-118.73960035385903 219.635152668364
-124.24841509923199 218.76182730320673
-129.7833230462806 217.7143057051639
-135.33790439763453 216.49012986606235
-141.93987716709756 215.78623835181313
-148.5991151734909 214.84413373864265
-155.3067948847671 213.65987816146844
-162.05395900759848 212.22980899874466
-168.83152539272547 210.55054314038875
-176.78378541484787 209.16849690968058
-185.9660766151486 207.98537433317153
-194.03732971827617 205.9291003338781
-203.3547476523427 203.99765326182367
-213.96354524507012 202.0870526621313
-224.6507656410996 199.70579555024656
-236.66940266423163 197.1986017794416
-250.0514553658915 194.45556991263203
-264.8235126659305 191.36476104691502
-281.00668420776384 187.812446265289
-299.94761965547974 183.89156277501698
-321.6950794058035 179.37615368752523
-344.930748327443 173.90232258250097
-373.74909100221 167.64379989288886
-406.85189406161396 160.08381684641176
-447.0409893707196 150.92137731282634
-497.16764271066165 139.55322233491123
-560.1139730927492 125.07301219149704
-642.9994581649972 106.00563109582968
-755.8307969473095 79.87940354812105
-920.010920276854 41.90205171173713
NaN NaN
NaN NaN
NaN NaN
-1048.3858868834309 -151.49182415287746
-1041.3817568692948 -171.4740391043318
-1035.4902278640557 -195.386689079396
-1030.6392219389752 -219.28074437492543
-1026.207992410949 -243.31107139289455
-1022.7404394439683 -267.8218899685644
-1020.0752782496361 -292.77977241457825
-1017.0723220731976 -318.0846336202599
-1014.873773653611 -343.31333052971854
-1012.219411582393 -368.76512235042696
-1010.2715060000031 -394.2647280210156
-1008.988174637704 -419.9454332918385
-1007.093934729162 -445.963278255553
-1005.770455160265 -472.3071654788901
-1003.7447606804375 -499.0202840794638
-1002.1968084404377 -526.1885470694485
-1001.0715736314994 -553.9195832786189
-990.7067983430094 -580.5588049183114
-977.2560447415774 -606.4424625334186
-963.1517467329454 -631.9063812185706
-948.4062771124193 -656.939157456399
-933.0322530725307 -681.5290178661138
-917.0425490206991 -705.6639783706513
-900.450293311751 -729.3319720948324
-883.2688893209042 -752.5209382854688
-865.5119673289988 -775.2189163530277
-847.1934091866915 -797.4140930402071
-828.3273568207637 -819.0948505863095
-808.928139709253 -840.2498192223925
-789.0103138550039 -860.8678958658865
-768.5886478754205 -880.938272805246
-747.678069120886 -900.450458563671
-726.2937122999543 -919.3942920057403
-704.450852207308 -937.7599541476329
-682.1649216587494 -955.5379773988542
-659.4514980106483 -972.7192535885931
-636.3262903601135 -989.2950395665447
-612.8059277474422 -1005.2573044073881
-588.9185757940679 -1020.6041629587105
-564.6805899203417 -1035.3306827910917
-540.1038942840853 -1049.4298773987227
-515.2009780109657 -1062.8946467290261
-489.984968277106 -1075.717929362223
-464.46951263842124 -1087.892731765079
-438.66880159389336 -1099.412242477287
-412.59741839706965 -1110.2697907974282
-386.270428432287 -1120.4590056803968
-359.7032134615854 -1129.973722000644
-332.91156675760715 -1138.8081509284764
-305.9115759969598 -1146.9568158736868
-278.71961598267563 -1154.4145961566862
-251.35233362586055 -1161.1767696297652
-223.8266071138094 -1167.2390110157346
-196.15951957122473 -1172.5974004035106
-168.3683476042407 -1177.2484685826767
-140.4705246556453 -1181.1891845320301
-112.48361476608068 -1184.4169451826908
-84.4253044676777 -1186.9296418590213
-56.31336525579607 -1188.725615924074
-28.165635998931972 -1189.80368084287
0 -1190.1631147241749
28.165635998931506 -1189.80368084287
56.31336525579569 -1188.725615924074
84.4253044676777 -1186.9296418590213
112.48361476608014 -1184.4169451826908
140.47052465564482 -1181.1891845320301
168.3683476042407 -1177.2484685826767
196.1595195712244 -1172.5974004035106
223.82660711380882 -1167.2390110157346
251.35233362586055 -1161.1767696297652
278.7196159826753 -1154.4145961566862
305.9115759969596 -1146.9568158736868
332.91156675760715 -1138.8081509284764
359.7032134615851 -1129.9737220006443
386.27042843228656 -1120.4590056803968
412.59741839706965 -1110.2697907974282
438.66880159389297 -1099.4122424772872
464.46951263842095 -1087.8927317650794
489.984968277106 -1075.717929362223
515.2009780109656 -1062.8946467290261
540.1038942840853 -1049.4298773987227
564.6805899203417 -1035.3306827910917
588.9185757940679 -1020.6041629587105
612.8059277474422 -1005.2573044073881
636.3262903601135 -989.2950395665447
659.451498010648 -972.7192535885931
682.1649216587494 -955.5379773988541
704.450852207308 -937.7599541476329
726.2937122999535 -919.3942920057407
747.6780691208855 -900.4504585636719
768.5886478754205 -880.938272805246
789.0103138550032 -860.867895865887
808.9281397092527 -840.2498192223926
828.3273568207635 -819.0948505863096
847.1934091866913 -797.4140930402074
865.5119673289992 -775.2189163530277
883.2688893209042 -752.5209382854688
900.450293311751 -729.3319720948324
917.042549020699 -705.6639783706518
933.0322530725307 -681.5290178661138
948.4062771124187 -656.9391574563995
963.1517467329454 -631.9063812185706
977.2560447415774 -606.4424625334186
990.7067983430094 -580.5588049183114
1001.0715736314994 -553.919583278619
1002.1968084404381 -526.1885470694481
1003.7447606804375 -499.02028407946386
1005.7704551602645 -472.3071654788913
1007.093934729162 -445.963278255553
1008.988174637704 -419.9454332918385
1010.2715060000027 -394.26472802101705
1012.2194115823927 -368.7651223504288
1014.873773653611 -343.31333052971814
1017.0723220731967 -318.0846336202625
1020.0752782496361 -292.77977241457825
1022.7404394439683 -267.8218899685644
1026.207992410949 -243.31107139289455
1030.6392219389752 -219.28074437492543
1035.4902278640557 -195.386689079396
1041.3817568692948 -171.4740391043318
1048.3858868834309 -151.49182415287746
NaN NaN
NaN NaN
NaN NaN
920.0109202768542 41.90205171173533
755.8307969473095 79.87940354812105
642.9994581649972 106.00563109582968
560.1139730927492 125.07301219149704
497.1676427106617 139.55322233491074
447.0409893707197 150.9213773128262
406.85189406161396 160.08381684641157
373.74909100221 167.64379989288886
344.930748327443 173.90232258250097
321.6950794058035 179.37615368752523
299.94761965547974 183.89156277501692
281.00668420776384 187.81244626528903
264.82351266593054 191.3647610469149
250.0514553658915 194.45556991263203
236.66940266423163 197.1986017794416
224.6507656410996 199.70579555024656
213.96354524507024 202.0870526621311
203.35474765234272 203.9976532618236
194.03732971827617 205.929100333878
185.9660766151486 207.98537433317153
176.78378541484787 209.16849690968058
168.83152539272547 210.55054314038875
162.05395900759856 212.22980899874455
155.30679488476713 213.65987816146844
148.5991151734909 214.84413373864263
141.93987716709756 215.78623835181313
135.33790439763453 216.49012986606235
129.7833230462806 217.7143057051639
124.2484150992321 218.76182730320667
118.73960035385907 219.63515266836325
113.26320571999521 220.3369277986272
107.82545923471694 220.86998372347722
103.27053019155085 222.11602587285026
97.89786907192502 222.34332947005538
93.3578690178999 223.33342493381664
88.07171023674856 223.26504932553723
83.56553355551576 224.0064794216453
79.06688271278722 224.63614437113844
74.57978411335992 225.15536303729925
70.10821167846694 225.5655626623199
65.65608353783485 225.8682773758854
61.22725878803076 226.06514659198155
57.33648542195414 227.22172566394528
52.93057912639932 227.22569896341406
48.55884197948336 227.12840015452383
44.629832875763896 228.03316355797298
40.30128946631944 227.750081515587
36.35012673484021 228.4925564021788
32.07767182237576 228.02864474812952
28.116120257056888 228.6101721840614
24.13533981176562 229.11520402093697
19.95195337314123 228.39355867930408
15.97796203966299 228.73976831758156
11.993043016723272 229.009361065211
7.9999217215053715 229.2020981254207
4.001329145830659 229.31780872679988
