-1594.375 -2780.375 0.000000000000002155710194968144
1073.375 -3936.125 0.0000000000000012289481599661148
2035.625 -2509.625 0.000000000000002891627488989429
-1778.125 -2088.125 0.0000000000000018933716075080846
1800.875 -3219.125 0.0000000000000030826956782590725
1676.375 -2522.375 0.0000000000000010316914656965495
-2106.625 -2230.625 0.0000000000000013946344977237223
1899.875 -2950.625 0.00000000000000301642805875581
-1661.125 -2547.125 0.00000000000000000006677176808914553
1873.625 -3027.125 0.0000000000000030362143349877597
1410.125 -3339.125 0.000000000000001168101531196399
-1823.875 -3161.375 0.000000000000001534577268629525
1762.625 -2187.875 0.000000000000000966872607810846
1389.875 -3398.375 0.0000000000000011765919454543153
1819.625 -1883.375 0.0000000000000009051952918172824
1756.625 -2208.875 0.0000000000000009710733218634934
-1857.625 -3077.375 0.0000000000000015315377276940823
1404.125 -3358.625 0.0000000000000011709881511889178
-1913.125 -2912.375 0.0000000000000015031759303326489
1113.875 -3891.125 0.0000000000000012270187573392885
-1938.625 -2835.125 0.0000000000000014928120012369285
2168.375 -1956.125 0.0000000000000026741402948320007
1586.375 -3681.875 0.0000000000000031862762663612636
1785.875 -3256.625 0.000000000000003091549486149966
-1684.375 -3484.625 0.0000000000000015705217368666617
-2087.125 -2306.375 0.000000000000001406915504861485
-1761.625 -3314.375 0.0000000000000015522274616105355
-1682.875 -2500.625 0.000000000000002055383184428006
-1720.375 -2337.125 0.000000000000001991852815340096
1650.125 -2607.875 0.0000000000000010474750082345624
1518.125 -2997.875 0.000000000000001113385772764207
-1732.375 -2294.375 0.0000000000000019753689231133127
1816.625 -3180.875 0.0000000000000030737881363912845
1683.875 -3484.625 0.0000000000000031410434737333233
1423.625 -3313.625 0.0000000000000011654768822252596
-1647.625 -2589.875 0.0000000000000000000676514006859292
1822.625 -3996.875 0.0000000000000014375558788960418
1695.875 -2457.875 0.0000000000000010196415909531988
-1587.625 -2802.125 0.0000000000000021630865759317158
-1428.625 -3294.875 0.0000000000000023248506709345613
-1719.625 -3408.875 0.0000000000000015625822978079173
1670.375 -2544.125 0.000000000000001035675689954124
1335.125 -3524.375 0.0000000000000011916562769459928
-1726.375 -2315.375 0.0000000000000019836219904267044
1562.375 -3727.625 0.0000000000000032000732949075508
1864.625 -3057.875 0.0000000000000030583448942680122
-1058.125 -3954.125 0.0000000000000024612437306490292
-1073.875 -3936.125 0.0000000000000024578963199322122
-1707.625 -2379.875 0.0000000000000020082470275397392
-1623.625 -2694.125 0.0000000000000021256947211792062
-1802.875 -1947.125 0.0000000000000018359073041048543
-1795.375 -2024.375 0.000000000000001867958254216431
1660.625 -2547.125 0.000000000000000000033385884044572764
2091.875 -2287.625 0.000000000000002807727573643576
1991.375 -2662.625 0.0000000000000029370672799688356
-1509.625 -3019.625 0.0000000000000022335322311013664
1542.125 -2932.625 0.0000000000000011030671850299088
-1769.875 -3294.875 0.0000000000000015501179861928283
1473.875 -3875.375 0.000000000000003224830759377631
1811.375 -3975.125 0.0000000000000014584596363132942
1803.875 -3971.375 0.0000000000000014690842516134553
1814.375 -1904.375 0.0000000000000009094505908895851
2008.625 -2604.875 0.000000000000002920262283705466
-1820.125 -1883.375 0.0000000000000018103905836345647
1553.375 -3744.125 0.000000000000003204155310176812
1344.125 -3516.875 0.0000000000000011924530822160893
1809.125 -3199.625 0.0000000000000030782602972113396
-1819.375 -3992.375 0.0000000000000028871402310122756
1643.375 -2629.625 0.0000000000000010513502053469213
1278.875 -3643.625 0.0000000000000012057505068270816
2024.375 -2547.875 0.000000000000002903170307860312
-1154.875 -3834.875 0.000000000000002443133570876235
2097.125 -2268.875 0.000000000000002801591611688236
-2062.375 -2401.625 0.0000000000000014219991125902185
-1774.375 -3961.625 0.000000000000003002709390940735
1701.125 -2400.875 0.0000000000000010082037434209683
1043.375 -3972.125 0.0000000000000012322668739967306
-1756.375 -3969.875 0.000000000000003027384234323152
1443.125 -3922.625 0.0000000000000032356230005384616
-1375.375 -3437.375 0.0000000000000023640448339559485
1511.375 -3813.125 0.000000000000003209199225456259
-1750.375 -3976.625 0.0000000000000030334327363171342
-2096.875 -2268.875 0.000000000000001400795805844118
1526.375 -2976.125 0.000000000000001109975280522184
-2040.625 -2490.875 0.0000000000000014429050613576222
-1541.875 -2932.625 0.0000000000000022061343700598152
-2077.375 -2344.625 0.0000000000000014129882178193611
1449.875 -3218.375 0.0000000000000011499519387797098
-1214.875 -3749.375 0.0000000000000024304878738376854
-1382.875 -3417.875 0.0000000000000023586531248851533
-1343.875 -3516.875 0.0000000000000023849061644321785
2130.875 -2123.375 0.0000000000000027397037463251996
1800.875 -2003.375 0.0000000000000009297361636324334
1610.375 -3634.625 0.0000000000000031725922235782275
-2126.125 -2142.125 0.0000000000000013730016553921734
-1610.125 -3634.625 0.000000000000001586296111789114
1750.625 -2229.875 0.0000000000000009752414359949305
-1825.375 -1862.375 0.0000000000000018018776961671414
-1562.125 -3727.625 0.000000000000001600036638485043
-1670.125 -2544.125 0.000000000000002071351379908248
-1785.625 -3963.125 0.0000000000000029817481564260088
-1751.125 -2229.875 0.000000000000001950482871989861
-1414.375 -3960.875 0.0000000000000016156057115153452
-2121.625 -2160.875 0.0000000000000013761374095874145
-1893.625 -2970.125 0.0000000000000015107043548907154
1058.375 -3954.125 0.0000000000000012306218817684498
-2101.375 -2250.125 0.0000000000000013977193716116776
-1850.125 -3096.125 0.0000000000000015338836093312843
-1779.625 -3957.875 0.0000000000000029947993551269654
1906.625 -2931.125 0.000000000000003011408686377081
1299.875 -3603.125 0.0000000000000012012531190029677
-1368.625 -3456.875 0.000000000000002369433292653339
-1442.875 -3922.625 0.0000000000000016178114925081914
1403.375 -3976.625 0.000000000000003234536470577135
1656.875 -2586.875 0.0000000000000010435775786186165
1875.125 -1593.875 0.0000000000000008575761000380985
-1415.875 -3319.625 0.000000000000002330264577926853
-1760.125 -2151.875 0.000000000000001918691136141566
-1177.375 -3807.875 0.0000000000000024421710498592556
-1440.625 -3255.875 0.000000000000002312583826149069
1616.375 -3620.375 0.0000000000000031672625450289864
-1657.375 -3539.375 0.0000000000000015764984632589019
1812.875 -3985.625 0.0000000000000014551126829351848
1777.625 -2088.125 0.0000000000000009466858037540423
1434.875 -3275.375 0.000000000000001159378469119485
1710.875 -3427.625 0.0000000000000031292494392869287
1572.875 -2845.625 0.0000000000000010888466541771922
-1650.625 -3553.625 0.0000000000000015791973215684992
1726.625 -2315.375 0.0000000000000009918109952133522
2067.875 -2382.875 0.0000000000000028380189985691393
1719.875 -3408.875 0.0000000000000031251645956158346
-1565.125 -2867.375 0.0000000000000021849196345419965
-1425.625 -3945.125 0.0000000000000016139167008689605
-1453.375 -3199.625 0.0000000000000022933979142646425
1580.375 -2823.875 0.00000000000000108520957752377
1832.375 -1784.375 0.0000000000000008848965293469648
1238.375 -3710.375 0.0000000000000012111225921196757
1962.875 -2758.625 0.000000000000002964395154415912
-1463.875 -3891.125 0.0000000000000016142084598997203
1622.375 -3614.375 0.000000000000003178785825650997
-1622.125 -3614.375 0.0000000000000015893929128254985
1674.875 -3502.625 0.0000000000000031449590081686455
1980.125 -2700.875 0.0000000000000029481007844667247
1414.625 -3960.875 0.0000000000000032312114230306904
1594.625 -3666.125 0.0000000000000031819097815215542
-1475.125 -3106.625 0.0000000000000022599650156226598
1701.875 -3446.375 0.000000000000003133181160968987
-1702.375 -3446.375 0.0000000000000015665905804844923
1761.875 -3314.375 0.000000000000003104454923221071
-1845.625 -3103.625 0.0000000000000015276672222942642
2019.125 -2566.625 0.0000000000000029088974119353946
-1127.875 -3872.375 0.000000000000002450447140838852
-1396.375 -3378.875 0.0000000000000023475543388057234
-1550.125 -2910.875 0.000000000000002199143747176523
-1433.125 -3938.375 0.0000000000000016196543043223951
1452.875 -3907.625 0.000000000000003231886397792003
-2130.625 -2123.375 0.0000000000000013698518731625994
1492.625 -3844.625 0.0000000000000032169985894402344
-1463.125 -3162.125 0.0000000000000022803367322183953
2101.625 -2250.125 0.0000000000000027954387432233552
1823.375 -3161.375 0.0000000000000030691545372590454
-1553.125 -3744.125 0.0000000000000016020776550884063
1483.625 -3859.625 0.00000000000000322098401700102
1167.875 -3815.375 0.000000000000001219705938847268
1503.125 -3828.125 0.0000000000000032133181006789543
-1826.875 -1805.375 0.0000000000000017783317360089814
1440.125 -3255.875 0.0000000000000011562919130745344
1728.125 -3390.125 0.0000000000000031211468996682994
1745.375 -3351.875 0.0000000000000031128880108514802
1616.375 -2715.875 0.0000000000000010666340444692124
1425.875 -3945.125 0.000000000000003227833401737921
1695.125 -2422.625 0.0000000000000010122675563554764
1545.125 -3759.125 0.000000000000003208507416596657
-1249.375 -3690.125 0.0000000000000024180294768861243
1549.625 -2910.875 0.0000000000000010995720625250943
-1424.125 -3313.625 0.0000000000000023309537644505176
-1289.125 -3623.375 0.000000000000002407009483144539
-1637.125 -3583.625 0.0000000000000015844749637264953
-1226.125 -3729.875 0.00000000000000242635310586357
-1257.625 -3682.625 0.0000000000000024202771668492746
-1807.375 -3972.875 0.0000000000000029276644198577872
1794.875 -2024.375 0.0000000000000009339791271082156
1968.875 -2739.125 0.0000000000000029589980380756666
1790.375 -3961.625 0.0000000000000014864145507725267
-2112.625 -2199.125 0.000000000000001382385248100629
-1781.125 -3965.375 0.000000000000002990329874505824
2030.375 -2528.375 0.0000000000000028974134134017067
-2035.375 -2509.625 0.0000000000000014458137444947145
1191.125 -3788.375 0.0000000000000012191803984054277
1827.125 -1805.375 0.0000000000000008891658680044907
-1449.625 -3218.375 0.0000000000000022999041058022524
1509.875 -3019.625 0.0000000000000011167661155506828
1637.375 -2651.375 0.0000000000000010552040938728488
-1944.625 -2816.375 0.0000000000000014901856887833484
-1526.125 -2976.125 0.000000000000002219950561044368
1215.125 -3749.375 0.0000000000000012152439369188427
1938.125 -2835.125 0.00000000000000298562400247386
2117.375 -2179.625 0.000000000000002758533034319305
1392.125 -3991.625 0.000000000000003238052822779029
1527.125 -3790.625 0.0000000000000032167406958038285
1749.875 -3976.625 0.0000000000000015167163681585671
1845.875 -3103.625 0.0000000000000030553344445885285
1974.125 -2720.375 0.0000000000000029535664647519264
-1812.625 -3985.625 0.000000000000002910225573184115
1099.625 -3909.875 0.0000000000000012287928570732758
2040.875 -2490.875 0.0000000000000028858101227152445
-1168.375 -3815.375 0.0000000000000024394118198616823
1857.875 -3077.375 0.0000000000000030630750067407586
1753.625 -3333.125 0.0000000000000031086412114704487
1608.875 -2737.625 0.000000000000001070398807172727
1738.625 -2272.625 0.0000000000000009835476636039949
1825.625 -4002.125 0.0000000000000014314204337620802
-1501.375 -3041.375 0.0000000000000022402313187484638
1383.125 -3417.875 0.0000000000000011793265624425766
1578.125 -3696.875 0.0000000000000031909299176423645
-1474.375 -3875.375 0.0000000000000016124153813880092
-1535.875 -3774.875 0.0000000000000016062669653233132
1769.375 -3965.375 0.000000000000001505129331623472
1793.375 -3237.875 0.000000000000003087201096338165
1636.625 -3583.625 0.0000000000000031689499274529906
1809.125 -1925.375 0.0000000000000009137045680239752
1950.875 -2796.875 0.00000000000000297508207226349
-1601.875 -2758.625 0.000000000000002148274640227075
-1873.375 -3027.125 0.0000000000000015181071674938828
1800.125 -3969.875 0.000000000000001474180858497945
1913.375 -2912.375 0.0000000000000030063514617348863
1932.125 -2854.625 0.000000000000002990952130654506
-1997.125 -2643.125 0.0000000000000014657506145652458
-1968.625 -2739.125 0.0000000000000014794990190378333
1643.375 -3568.625 0.000000000000003163711157031478
1249.625 -3690.125 0.0000000000000012090147384430625
-1864.375 -3057.875 0.0000000000000015291724471340061
-1991.875 -2662.625 0.0000000000000014685336399844162
-1808.875 -1925.375 0.0000000000000018274091360479504
-1783.375 -2067.125 0.0000000000000018849098189366424
-1527.625 -3790.625 0.000000000000001608370347901914
1926.125 -2873.375 0.0000000000000029961234126554056
-1392.625 -3991.625 0.0000000000000016190263987714768
-1701.625 -2400.875 0.0000000000000020164074868419366
-1675.375 -3502.625 0.000000000000001572479504084321
-1730.875 -3985.625 0.00000000000000304831430820956
-1830.625 -1841.375 0.0000000000000017933605838546283
-1278.625 -3643.625 0.0000000000000024115009960261416
-1492.375 -3063.125 0.000000000000002246874083014591
-1769.125 -3965.375 0.0000000000000030102588471911416
-1663.375 -2565.125 0.0000000000000020792802773559213
-1816.375 -3180.875 0.0000000000000015368939221541386
-1517.875 -3807.125 0.000000000000001610283413214911
1141.625 -3853.625 0.0000000000000012234036036214301
-1736.875 -3371.375 0.0000000000000015584935040704962
-1763.125 -2187.875 0.000000000000001933745215621692
-1594.375 -3666.125 0.000000000000001590954890760776
-1142.125 -3853.625 0.0000000000000024468072072428583
1395.875 -3378.875 0.0000000000000011737771694028615
2013.875 -2586.125 0.0000000000000029145950443803523
1368.875 -3456.875 0.000000000000001184716624266773
1428.875 -3294.875 0.000000000000001162425335467281
1693.625 -3465.125 0.0000000000000031371790760721633
1665.875 -3521.375 0.000000000000003148842112650717
1501.625 -3041.375 0.0000000000000011201156593742384
-1577.875 -3696.875 0.000000000000001595464926053759
1533.875 -2954.375 0.0000000000000011065376054568282
1203.125 -3768.875 0.0000000000000012172346275241325
-1799.875 -3969.875 0.00000000000000294836171699589
-1484.125 -3084.875 0.0000000000000022534496804011303
-1711.375 -3427.625 0.0000000000000015646247196434671
1830.875 -1841.375 0.0000000000000008966802919273138
-1694.875 -2422.625 0.000000000000002024535774597294
2082.875 -2325.875 0.000000000000002819913615108338
-1974.625 -2720.375 0.0000000000000014767832323759632
-1831.375 -3142.625 0.0000000000000015322927009216923
-1088.875 -3918.125 0.0000000000000024545143993777498
1767.125 -3959.375 0.0000000000000015070217702893824
-1238.125 -3710.375 0.000000000000002422245184239353
-1723.375 -3995.375 0.0000000000000030523403081800716
-1689.625 -2479.625 0.0000000000000020473512202232754
1796.375 -3969.875 0.000000000000001479120152327003
1416.125 -3319.625 0.0000000000000011651322889634266
-1665.625 -3521.375 0.000000000000001574421056325359
-1785.625 -3256.625 0.0000000000000015457745637448586
-1832.125 -1784.375 0.0000000000000017697930586939297
1997.375 -2643.125 0.0000000000000029315012291304968
1850.375 -3096.125 0.0000000000000030677667796204316
2077.625 -2344.625 0.0000000000000028259764356387222
1269.875 -3662.375 0.0000000000000012079858266093134
-1790.125 -3961.625 0.0000000000000029728291015450535
1462.625 -3162.125 0.0000000000000011401683661091976
-1544.875 -3759.125 0.0000000000000016042537082983275
-1025.125 -3990.125 0.0000000000000024678289112729082
-1793.875 -3237.875 0.000000000000001543600548169078
1656.875 -3539.375 0.0000000000000031529968079645558
-2072.875 -2363.375 0.000000000000001416008851691971
1713.875 -2358.125 0.0000000000000010000311232916844
-1466.125 -3144.125 0.000000000000002273529611783025
1830.875 -3142.625 0.0000000000000030645854018433833
-1761.625 -3964.625 0.0000000000000030208671826753222
1453.625 -3199.625 0.000000000000001146698957132321
-1772.125 -2109.875 0.00000000000000190182277704975
-1458.625 -3180.875 0.000000000000002286908603725341
1766.375 -2130.875 0.0000000000000009551316013767308
-1630.375 -2672.375 0.000000000000002118075091676972
-1767.625 -3959.375 0.000000000000003014043540578765
-1838.125 -3123.125 0.000000000000001529989247665912
-1907.125 -2931.125 0.0000000000000015057043431885385
1838.375 -3123.125 0.000000000000003059978495331824
1707.875 -2379.875 0.0000000000000010041235137698696
-1801.375 -3219.125 0.0000000000000015413478391295363
1772.375 -2109.875 0.000000000000000950911388524875
1326.875 -3543.875 0.000000000000001194119394944052
-1114.375 -3891.125 0.0000000000000024540375146785743
-1654.375 -2568.875 0.00000000000000000006721266029765137
1570.625 -3712.625 0.0000000000000031955776783728337
-1753.375 -3333.125 0.000000000000001554320605735224
-1359.625 -3477.125 0.0000000000000023745956398137468
1308.125 -3583.625 0.0000000000000011989086810693345
-2082.625 -2325.875 0.000000000000001409956807554169
-1100.125 -3909.875 0.0000000000000024575857141465516
-1533.625 -2954.375 0.000000000000002213074733722555
1470.125 -3126.125 0.000000000000001133368673819488
-1808.875 -3199.625 0.0000000000000015391300057362137
1781.375 -3965.375 0.0000000000000014951649372529115
-1572.625 -2845.625 0.000000000000002177693176156479
-1816.375 -3988.625 0.0000000000000028988025624010757
1887.125 -2988.875 0.0000000000000030263510958341105
-1956.625 -2777.375 0.0000000000000014848779928310699
-1390.375 -3398.375 0.0000000000000023531838216166227
-2003.125 -2624.375 0.000000000000001462948955491908
-1962.625 -2758.625 0.000000000000001482197577207956
1492.625 -3063.125 0.0000000000000011234370415072968
-1469.875 -3126.125 0.0000000000000022667372510422737
1623.125 -2694.125 0.0000000000000010628473605896025
1629.125 -3599.375 0.0000000000000031737100144938235
-1601.875 -3651.125 0.0000000000000015885522323627596
-1043.125 -3972.125 0.0000000000000024645337163932648
1257.875 -3682.625 0.0000000000000012101385834246377
1737.125 -3371.375 0.0000000000000031169870081409924
1777.625 -3276.125 0.000000000000003095863281630708
1663.625 -2565.125 0.0000000000000010396401386779607
1783.625 -2067.125 0.0000000000000009424549094683212
-1580.125 -2823.875 0.0000000000000021704191550475376
-1403.125 -3976.625 0.0000000000000016172682282216082
-1728.625 -3390.125 0.0000000000000015605734498341497
-1637.125 -2651.375 0.0000000000000021104075818590785
-1880.125 -3007.625 0.0000000000000015156800538772559
-1269.625 -3662.375 0.000000000000002415971653218624
1986.125 -2682.125 0.000000000000002942601041676559
-1434.625 -3275.375 0.00000000000000231875693823897
1288.625 -3623.375 0.0000000000000012035047415722708
1088.375 -3918.125 0.0000000000000012272571996888749
-1744.375 -2251.625 0.0000000000000019587978318175696
-1985.875 -2682.125 0.0000000000000014713005208382795
-1797.625 -1968.125 0.0000000000000018443990963336533
1797.875 -1968.125 0.0000000000000009221995481668266
-1307.875 -3583.625 0.000000000000002397817362138669
1375.625 -3437.375 0.0000000000000011820224169779736
1650.125 -3553.625 0.0000000000000031583946431369985
-1713.625 -2358.125 0.0000000000000020000617360103716
1732.625 -2294.375 0.0000000000000009876844615566597
1731.125 -3985.625 0.0000000000000015241577860246961
1565.375 -2867.375 0.0000000000000010924597519111152
1318.625 -3563.375 0.0000000000000011965768556726098
-1796.125 -3969.875 0.000000000000002958240304654004
1155.125 -3834.875 0.0000000000000012215667854381174
1734.125 -3988.625 0.0000000000000015231707779488383
-1557.625 -2889.125 0.000000000000002192086977590929
1458.125 -3180.875 0.0000000000000011434543018626705
-1823.125 -3996.875 0.0000000000000028751117577920836
1819.625 -3992.375 0.0000000000000014435701155061378
1352.375 -3496.625 0.0000000000000011899126251444023
1466.375 -3144.125 0.0000000000000011367648058915137
1919.375 -2892.875 0.0000000000000030012561311401238
-1886.875 -2988.875 0.0000000000000015131755479170559
-1789.375 -2046.125 0.0000000000000018764376951972304
1446.125 -3236.375 0.0000000000000011531648093242402
1747.625 -3972.125 0.0000000000000015180998728185698
-1628.875 -3599.375 0.00000000000000158685500724691
1518.125 -3807.125 0.0000000000000032205668473337744
-2030.125 -2528.375 0.0000000000000014487064320922452
-1950.625 -2796.875 0.000000000000001487541036131745
-1517.875 -2997.875 0.00000000000000222677154552841
1880.375 -3007.625 0.000000000000003031360107754521
-2052.625 -2439.875 0.000000000000001427942244760419
1654.625 -2568.875 0.000000000000000000033606330148825686
-1586.125 -3681.875 0.0000000000000015931381331806318
-2139.625 -2085.125 0.0000000000000013635135215607362
-1740.625 -3980.375 0.0000000000000030414356106182046
2106.125 -2230.625 0.0000000000000027892681344598756
-1445.875 -3236.375 0.000000000000002306329618648478
1602.125 -2758.625 0.0000000000000010741376029090307
-2013.625 -2586.125 0.0000000000000014572978718645712
1629.875 -2672.375 0.0000000000000010590372455312269
-1738.375 -2272.625 0.0000000000000019670953272079897
-1874.875 -1593.875 0.000000000000001715152200076197
-2117.125 -2179.625 0.0000000000000013792665171596525
-1919.875 -2892.875 0.0000000000000015006280655700619
-1900.375 -2950.625 0.000000000000001508214029377905
-1826.125 -4002.125 0.0000000000000028628408675241605
1689.875 -2479.625 0.0000000000000010236756101116377
-1745.125 -3351.875 0.0000000000000015564440054257391
-1403.875 -3358.625 0.0000000000000023419763023778355
2057.375 -2420.375 0.0000000000000028499537002285845
-1616.125 -2715.875 0.0000000000000021332680889384248
-2047.375 -2458.625 0.0000000000000014308941455683768
1536.125 -3774.875 0.000000000000003212533930646629
-2135.125 -2103.875 0.0000000000000013666894807073036
-1502.875 -3828.125 0.0000000000000016066590503394772
1683.125 -2500.625 0.000000000000001027691592214003
1779.125 -3957.875 0.0000000000000014973997498830041
-1814.125 -1904.375 0.0000000000000018189011817791703
2052.875 -2439.875 0.000000000000002855884489520838
2121.875 -2160.875 0.000000000000002752274819174829
2087.375 -2306.375 0.0000000000000028138303907360137
-2024.875 -2547.875 0.000000000000001451585153930156
2062.625 -2401.625 0.0000000000000028439974460078398
-2008.375 -2604.875 0.000000000000001460131141852733
1774.625 -3961.625 0.0000000000000015013546133434067
1770.125 -3294.875 0.0000000000000031002359723856566
2135.375 -2103.875 0.000000000000002733378961414607
-1570.375 -3712.625 0.0000000000000015977888391864175
-1190.875 -3788.375 0.0000000000000024383608774434192
1825.625 -1862.375 0.0000000000000009009388480835707
-1777.375 -3276.125 0.0000000000000015479316408153546
-1299.625 -3603.125 0.000000000000002402506249004048
-1747.375 -3972.125 0.0000000000000030361997456371385
-1766.125 -2130.875 0.0000000000000019102632027534616
1025.375 -3990.125 0.0000000000000012339144556364541
1484.375 -3084.875 0.0000000000000011267248402005651
-1493.125 -3844.625 0.0000000000000016084992980302756
1893.875 -2970.125 0.000000000000003021408709781431
-1757.125 -2208.875 0.0000000000000019421466437269868
-1803.625 -3971.375 0.000000000000002938168503226908
1177.625 -3807.875 0.0000000000000012210855386563037
1789.625 -2046.125 0.000000000000000938218939009188
-1453.375 -3907.625 0.0000000000000016159431988960004
1128.125 -3872.375 0.000000000000001225223570419426
-2067.625 -2382.875 0.0000000000000014190094992845697
-2057.875 -2420.375 0.0000000000000014249768501142922
-1696.375 -2457.875 0.00000000000000203928368278712
-1733.875 -3988.625 0.0000000000000030463415558976766
1803.125 -1947.125 0.0000000000000009179536520524445
2072.375 -2363.375 0.000000000000002832017703383942
2002.625 -2624.375 0.000000000000002925897910983816
1225.625 -3729.875 0.000000000000001213176552931785
-1352.875 -3496.625 0.0000000000000023798252502888047
-1932.625 -2854.625 0.0000000000000014954760653272527
-1676.875 -2522.375 0.0000000000000020633829313930983
1475.375 -3106.625 0.0000000000000011299825078113307
1719.875 -2337.125 0.000000000000000995926407670048
-1609.375 -2737.625 0.0000000000000021407976143454506
-1925.875 -2873.375 0.0000000000000014980614991165455
-1410.625 -3339.125 0.000000000000002336203062392798
-1483.375 -3859.625 0.0000000000000016104920085005088
-1326.625 -3543.875 0.000000000000002388238808752145
1359.875 -3477.125 0.0000000000000011872978199068738
1744.625 -2251.625 0.0000000000000009793989159087848
1944.875 -2816.375 0.0000000000000029803713775666967
2139.875 -2085.125 0.0000000000000027270270431214723
2126.375 -2142.125 0.000000000000002746003310784347
-1794.625 -3960.875 0.0000000000000029635789408061083
1433.375 -3938.375 0.0000000000000032393086241258968
-1643.875 -3568.625 0.0000000000000015818555785157371
1594.625 -2780.375 0.000000000000001077855097484072
-1811.125 -3975.125 0.0000000000000029169191532177856
-2019.625 -2566.625 0.0000000000000014544487059676973
1464.125 -3891.125 0.0000000000000032284169197994407
-1800.625 -2003.375 0.0000000000000018594723272648668
-1693.375 -3465.125 0.0000000000000015685895380360817
-1650.625 -2607.875 0.0000000000000020949500164691247
-1979.875 -2700.875 0.0000000000000014740503922333623
1816.625 -3988.625 0.000000000000001449401131330996
1602.125 -3651.125 0.0000000000000031771043666903576
-1318.375 -3563.375 0.00000000000000239315371134522
1557.875 -2889.125 0.0000000000000010960434887954645
-2168.875 -1956.125 0.0000000000000013370701474160003
-1202.875 -3768.875 0.000000000000002434469255048265
1956.875 -2777.375 0.0000000000000029697559856621398
-2092.375 -2287.625 0.000000000000001403863786821788
-1643.875 -2629.625 0.0000000000000021027004106938426
1587.875 -2802.125 0.0000000000000010815432879658579
1723.625 -3995.375 0.0000000000000015261694814097181
1761.875 -3964.625 0.0000000000000015104335913376611
-1656.625 -2586.875 0.000000000000002087155157237233
