-232.5 92.5 0.0000064547346851457444
-617.5 -907.5 0.000006211088463219712
-107.5 67.5 0.000006461602702035889
-507.5 122.5 0.00001450306014236796
-1067.5 -697.5 0.0000015699360650534417
-222.5 -232.5 0.0000018747678660050883
587.5 117.5 0.00002994493605511846
67.5 57.5 0.0000018727899498167038
-377.5 117.5 0.00001450733021721159
767.5 92.5 0.000007488548870888581
537.5 117.5 0.000016843709590950026
-632.5 112.5 0.000014509442654651726
-1142.5 12.5 0.0000016183736194741559
102.5 -592.5 0.000006344370697376558
-52.5 -662.5 0.0000018632573818945836
-1102.5 22.5 0.0000016179893559318707
-957.5 -807.5 0.0000015633051779973836
-682.5 -892.5 0.000006217000656726784
-262.5 -877.5 0.0000015559700602614696
-447.5 122.5 0.00002578347480970564
-637.5 117.5 0.000001612036642481241
-917.5 -827.5 0.0000015617609286907413
-527.5 122.5 0.000014503735657654241
847.5 -857.5 0.000001857445792831215
902.5 67.5 0.0000018726751856302912
-47.5 -667.5 0.0000018631540081766725
-702.5 -887.5 0.0000015548183829288727
877.5 -847.5 0.0000018576994479365906
567.5 -912.5 0.0000018551499290673734
-772.5 -867.5 0.0000062288230019146705
127.5 -557.5 0.0000015898767805393297
-117.5 17.5 0.0000018734381467266118
-57.5 57.5 0.00000646416741568298
-207.5 -42.5 0.0000018740806677734955
-207.5 -347.5 0.000001872031550240648
147.5 -522.5 0.0000015935643307319287
212.5 -312.5 0.000001614698274230052
-12.5 47.5 0.000001616645666738475
-752.5 -872.5 0.0000015566129018603703
682.5 107.5 0.0000299489800957798
-382.5 -907.5 0.000006211088463219712
-52.5 -657.5 0.0000018633611255278357
47.5 -667.5 0.0000015783862944982875
-162.5 -487.5 0.000001868300439516047
287.5 -882.5 0.000007424547411083829
807.5 87.5 0.0000018722803077511377
-217.5 -87.5 0.000001874491862340067
342.5 107.5 0.000001871755686817253
-272.5 -877.5 0.0000015556653301625045
-212.5 -77.5 0.00000749755533950803
182.5 -442.5 0.0000016016052545743926
387.5 112.5 0.00000748654531039078
77.5 -632.5 0.0000015820600154052654
-2.5 42.5 0.0000018730674471903578
-347.5 -897.5 0.000001553530181624747
557.5 -912.5 0.000001855123612968075
97.5 -792.5 0.0000018591536619080793
92.5 62.5 0.0000074908404207960644
-207.5 -52.5 0.0000018741626844034337
867.5 72.5 0.000007490143990459407
127.5 17.5 0.0000016182444795955882
-67.5 -642.5 0.0000018638851514079009
-222.5 87.5 0.000001613859601453427
257.5 -877.5 0.0000018564436517336158
117.5 17.5 0.0000016181133140016452
-212.5 -62.5 0.0000018742448256788682
-182.5 82.5 0.000006457596444922304
-102.5 -592.5 0.000007461354482841843
157.5 12.5 0.000001618505468700324
772.5 -867.5 0.000007427135997122602
-1187.5 2.5 0.0000016187766982393857
202.5 -17.5 0.0000016194680946150925
-172.5 77.5 0.000001614549678318503
-662.5 107.5 0.000006449838426277284
-212.5 -67.5 0.0000018742859388338576
-147.5 -517.5 0.0000018675091866860007
697.5 102.5 0.000016847010421933576
-242.5 92.5 0.000006454246927024053
302.5 -887.5 0.0000018559865583471641
32.5 -682.5 0.0000015766163951897044
427.5 117.5 0.000029945038697282323
-182.5 2.5 0.000001873632689241619
652.5 -902.5 0.0000018555848865419915
52.5 32.5 0.0000016173913358881771
392.5 117.5 0.000029945541171886904
112.5 -577.5 0.000006350685582609994
-57.5 -652.5 0.000001863569695022997
-1047.5 -727.5 0.0000015683656626978205
-122.5 -812.5 0.000001563061310319243
972.5 52.5 0.000001872950536019971
-197.5 -2.5 0.000001873713498825854
-372.5 -902.5 0.0000015529732465023606
-147.5 -822.5 0.0000015616159060858255
-127.5 17.5 0.000001873476628073382
727.5 -877.5 0.0000018562975208730737
-92.5 -607.5 0.000007459610973495975
152.5 -827.5 0.0000018580164661704347
-177.5 82.5 0.0000016144571036702357
-292.5 102.5 0.000025806448719084638
582.5 117.5 0.0000018715389040213648
207.5 -42.5 0.000001620304407340031
-22.5 -697.5 0.0000018622414197271815
-1022.5 -757.5 0.000001566622156637783
-1087.5 -657.5 0.0000015717996046140787
-217.5 87.5 0.0000016139413459414537
-212.5 -82.5 0.0000018744506355513862
-557.5 -912.5 0.0000015519961336581274
2.5 -717.5 0.000004492435556950944
17.5 47.5 0.0000018729785654834283
357.5 -902.5 0.000001855523508840082
527.5 -917.5 0.0000018550610423758624
192.5 -407.5 0.0000016050665566339185
657.5 -897.5 0.0000018556498789581808
202.5 82.5 0.0000018722807167768287
12.5 -707.5 0.0000015742189647380838
-817.5 82.5 0.000006457596444922304
-177.5 -842.5 0.0000015598334356693974
197.5 -852.5 0.0000018572860340733185
787.5 -867.5 0.000001856920878155949
57.5 -767.5 0.0000018599942868601728
-137.5 -537.5 0.0000018669469299318558
12.5 -727.5 0.0000018612692394158737
1037.5 -737.5 0.0000018600178839580635
-972.5 52.5 0.0000016164519515185866
302.5 102.5 0.00001684701042193358
-217.5 -117.5 0.0000018747395358693632
292.5 -887.5 0.0000018560710746378349
1102.5 22.5 0.0000018734017777733105
-287.5 -882.5 0.000006220637330498441
187.5 -422.5 0.0000064141925401517154
-542.5 -917.5 0.0000015518679484988185
222.5 -192.5 0.0000016249528105333364
-222.5 -262.5 0.0000018741233704717561
1157.5 12.5 0.0000018735531902006667
-177.5 -452.5 0.000007477058826426408
117.5 67.5 0.0000018726099185428717
87.5 -787.5 0.000007437432076973814
127.5 -812.5 0.0000018585277491474215
592.5 -912.5 0.0000018552512708853236
852.5 77.5 0.0000018724696294481998
827.5 77.5 0.0000018723917609396404
222.5 -167.5 0.000006496708011688197
222.5 87.5 0.0000018721889366171128
1087.5 22.5 0.0000018733664794817123
202.5 -377.5 0.0000016081188978734593
282.5 102.5 0.00001684737072582147
-1052.5 -722.5 0.0000015687222783300856
-7.5 -722.5 0.000006289618788460399
807.5 82.5 0.0000018723062416300512
-202.5 -377.5 0.0000018712461010137256
-767.5 92.5 0.0000064547346851457444
-482.5 122.5 0.000014503299579095573
-77.5 -632.5 0.0000018642035644710184
-62.5 -772.5 0.0000015673530448039966
-142.5 -822.5 0.0000015618504140924006
-207.5 -37.5 0.000001874039710430444
527.5 122.5 0.000016843523678117354
-222.5 -132.5 0.0000018749048271894138
-917.5 62.5 0.0000016157570505975694
167.5 -472.5 0.0000015986087749119645
217.5 -87.5 0.0000016217077896973678
652.5 -897.5 0.0000018556169320397725
-92.5 62.5 0.000006462532936420672
642.5 112.5 0.000016845217135903766
-202.5 -17.5 0.0000018738355012284017
62.5 -647.5 0.0000015802015933363761
672.5 -897.5 0.0000018557541045366443
-517.5 122.5 0.000014503299579095572
357.5 112.5 0.00001684521713590377
452.5 -912.5 0.0000018551010424410676
-652.5 -902.5 0.0000015534301841549459
-217.5 -92.5 0.0000018745331068131256
-442.5 -912.5 0.0000015519961336581274
-92.5 -792.5 0.0000015651292832603598
222.5 -242.5 0.0000016212718289987646
222.5 -237.5 0.0000016217082094837167
27.5 -742.5 0.0000018608016438246105
82.5 -782.5 0.0000018594824227725804
222.5 92.5 0.000001872165015948729
207.5 -857.5 0.0000018571030114975643
122.5 67.5 0.0000018725948548668843
-27.5 37.5 0.0000018731629838021017
222.5 -267.5 0.0000064754660347540934
-147.5 -522.5 0.0000018673965048491329
437.5 122.5 0.00000748606483802475
577.5 -912.5 0.00000742075278562442
-732.5 97.5 0.00000645310771592436
-642.5 112.5 0.000014509491107313514
-217.5 -857.5 0.0000015578440411339264
367.5 -902.5 0.0000018554657632725577
862.5 -852.5 0.000001857570543603918
317.5 -892.5 0.000007423388811190686
-57.5 -767.5 0.000001567641668934481
997.5 47.5 0.0000018730370463675283
882.5 67.5 0.0000018726099185428717
182.5 2.5 0.0000016187765023120283
667.5 112.5 0.0000018717454254111849
467.5 117.5 0.000029944195201421243
222.5 -142.5 0.000001623400513016926
1062.5 -712.5 0.0000018604737461680726
-432.5 117.5 0.000014504957464585672
-202.5 -357.5 0.0000018716956723466285
362.5 -902.5 0.0000018554941809910568
-827.5 77.5 0.000001614549678318503
-867.5 72.5 0.00000646016221158532
-282.5 97.5 0.0000016131100209947407
-272.5 102.5 0.0000016131056851073193
27.5 -737.5 0.0000018608941158354036
582.5 122.5 0.000007486110395890041
977.5 -797.5 0.000001858937283857091
162.5 -487.5 0.000001596913042628278
277.5 -882.5 0.0000018562505122466475
-222.5 -237.5 0.0000018746610696459009
602.5 117.5 0.000007486270203378935
42.5 37.5 0.0000016172747914990626
727.5 102.5 0.0000018719672753340622
132.5 -547.5 0.0000015906881872712279
-217.5 -297.5 0.0000018732510934699532
-42.5 37.5 0.0000018731920863867068
-172.5 -462.5 0.0000018689809149958323
572.5 117.5 0.000029945038697282323
157.5 -492.5 0.0000015964912088490065
147.5 -517.5 0.0000015939795226750863
612.5 117.5 0.0000018716210478078045
-182.5 -427.5 0.0000018698889395174847
-1062.5 -712.5 0.0000015691701321571397
-477.5 -917.5 0.0000015517863487085741
-117.5 -567.5 0.000001866054717854733
877.5 72.5 0.0000018725644258718039
-137.5 -817.5 0.0000015620874919010365
217.5 -302.5 0.0000016155766021742462
-362.5 112.5 0.00000161207917870612
-637.5 112.5 0.00000161207917870612
-222.5 -127.5 0.0000018748634986530372
-462.5 117.5 0.000014504367432197385
272.5 -877.5 0.0000018562975208730737
167.5 -837.5 0.0000018577402788429132
1022.5 -752.5 0.0000018597969294651055
-1007.5 -767.5 0.0000015659515717756267
482.5 122.5 0.00001684339534941972
222.5 -862.5 0.00000185692715201334
797.5 -867.5 0.0000018569728493083973
-472.5 -917.5 0.0000015518023789186295
-332.5 -897.5 0.0000015538473403310203
-512.5 -917.5 0.0000015517630305748269
-222.5 -182.5 0.0000018753591629591828
212.5 -317.5 0.000006456157756908888
-852.5 72.5 0.0000016149130342481453
442.5 -912.5 0.000001855123612968075
182.5 -432.5 0.0000016024673008168098
-417.5 117.5 0.0000016116494471202402
-512.5 122.5 0.0000257833891743523
-197.5 -12.5 0.0000018737947867699838
-67.5 -647.5 0.000001863779661534632
242.5 -867.5 0.000001856650273715025
312.5 -892.5 0.000001855905542729947
717.5 -882.5 0.0000018562043600636076
957.5 -807.5 0.0000018586781885235862
777.5 87.5 0.0000018721889366171128
-927.5 62.5 0.0000016158293741800255
-267.5 97.5 0.00000645310771592436
-212.5 -857.5 0.000001558030851893414
167.5 -477.5 0.0000015981836261030626
207.5 -52.5 0.0000016205842536963184
-1017.5 -762.5 0.0000015663009654524888
-187.5 -842.5 0.000001559414129992958
437.5 117.5 0.000007486110370930606
42.5 52.5 0.0000018728970241074575
-217.5 -107.5 0.0000018746569295904408
72.5 -777.5 0.000007438772405112838
1057.5 32.5 0.0000018732610889385074
-257.5 -872.5 0.000001556285931641082
192.5 -402.5 0.0000016055014481431188
82.5 -622.5 0.000006332019427059123
-157.5 -832.5 0.0000015609278928364693
-562.5 122.5 0.000006446289302631876
-32.5 -682.5 0.0000018626429282237838
662.5 -897.5 0.000001855683724959114
207.5 -852.5 0.0000018571632287993615
912.5 -832.5 0.0000018581235032278257
-597.5 112.5 0.0000016119311780479632
457.5 117.5 0.0000074861287232869505
-102.5 22.5 0.0000018734017777733105
897.5 -842.5 0.000001857906093520799
1197.5 -12.5 0.0000018737564753383282
717.5 97.5 0.0000018719685500243487
377.5 117.5 0.00001684458138713679
1052.5 32.5 0.0000018732262914076358
402.5 -907.5 0.000001855271414510096
-192.5 -402.5 0.000001870568756620881
-172.5 -837.5 0.0000015600470641992301
-1072.5 27.5 0.0000016176205700168403
582.5 -912.5 0.0000018552137670770822
-132.5 -817.5 0.0000062497928889201974
337.5 -897.5 0.000001855683724959114
-362.5 117.5 0.000001612036642481241
-382.5 112.5 0.000006448204912432482
637.5 117.5 0.0000018716528307899993
222.5 -257.5 0.0000016199608617402032
-642.5 -902.5 0.0000015532387906700809
-122.5 -562.5 0.000007464884835790565
-1027.5 37.5 0.0000016171756374476459
457.5 -912.5 0.0000018550911638083598
917.5 62.5 0.0000018727464719616738
477.5 122.5 0.000029943915802488688
227.5 -862.5 0.0000018568701435209574
107.5 -587.5 0.0000015866819269284583
-1197.5 -7.5 0.0000016190558629255883
2.5 -712.5 0.000001573551924628781
-172.5 -467.5 0.0000018688674225125549
-667.5 107.5 0.0000016124025829006678
77.5 -627.5 0.0000015824366686843725
-542.5 117.5 0.0000064465064091681274
342.5 -897.5 0.0000018556498789581808
-42.5 -667.5 0.0000018630510112404285
1052.5 -722.5 0.0000018603370297239387
507.5 122.5 0.000016843324887042512
-12.5 -727.5 0.0000015719205217824814
222.5 -252.5 0.0000016203981397210502
2.5 47.5 0.0000018730370463675283
197.5 2.5 0.0000016189137023605159
-757.5 -867.5 0.0000015567805352292447
202.5 -372.5 0.0000016085562861672492
-332.5 107.5 0.0000016124025829006678
-427.5 117.5 0.000025787805719926933
347.5 112.5 0.000007486825925748076
132.5 72.5 0.000007490143990459407
-12.5 42.5 0.0000018730985875633413
217.5 -272.5 0.000001618209275947837
-1057.5 32.5 0.0000016175099054787858
-282.5 -882.5 0.0000015553717818344844
202.5 -27.5 0.0000016197462817238754
192.5 -847.5 0.000001857348613337903
212.5 -332.5 0.0000016125023333005403
-347.5 112.5 0.000006448876023925768
-732.5 -877.5 0.000001555816299975993
-177.5 -447.5 0.0000018694349920563185
-197.5 -387.5 0.000001871020672300607
587.5 -912.5 0.0000018552320546201476
-752.5 92.5 0.0000064541095214204425
432.5 117.5 0.00001684388321872556
-22.5 37.5 0.0000018731304417391022
-467.5 -917.5 0.000001551821322653998
-737.5 97.5 0.000006453147923058506
747.5 97.5 0.000007488191100007468
-227.5 -862.5 0.000001557478588261156
-902.5 -832.5 0.0000015612892110890083
-1037.5 -737.5 0.0000015676702986473863
-222.5 -202.5 0.0000018754995048202961
707.5 102.5 0.000029950522927316696
202.5 -37.5 0.0000016200250679960507
12.5 -702.5 0.0000015745555239702481
492.5 -917.5 0.000001855045973117345
-207.5 -57.5 0.000001874203740305779
-352.5 112.5 0.000006449103714579098
387.5 -907.5 0.0000018553373949299358
632.5 112.5 0.000016845202878122775
-12.5 -702.5 0.0000018620432663017872
187.5 -847.5 0.0000018574119711243776
-462.5 -917.5 0.000001551843179384744
-52.5 32.5 0.0000018732262914076358
-542.5 122.5 0.0000016113844776147158
-1082.5 -672.5 0.0000015713108428970969
-317.5 -892.5 0.000006217000656726783
982.5 47.5 0.0000018729785654834283
-717.5 102.5 0.00001451681283919185
422.5 -912.5 0.00000742075278562442
157.5 -502.5 0.0000015956502136047883
-27.5 52.5 0.0000016164519515185866
52.5 -762.5 0.0000018601697109762184
187.5 -417.5 0.000001604198127712732
-157.5 -502.5 0.0000018679608659498144
977.5 -792.5 0.0000018590258015541942
-1052.5 32.5 0.0000016173913358881771
-612.5 117.5 0.0000016119286184360217
242.5 92.5 0.000007488405472654081
-907.5 62.5 0.0000064625329364206726
-1172.5 7.5 0.0000016186398906541304
-207.5 -337.5 0.0000018722547677713114
-597.5 117.5 0.000006447544800893322
222.5 -177.5 0.0000016245297375629062
517.5 122.5 0.00001684339534941972
-142.5 -522.5 0.0000018672839315421406
72.5 27.5 0.0000016176205700168403
-62.5 -647.5 0.000001863674507102623
-27.5 -737.5 0.0000015706536477506933
1202.5 -17.5 0.0000018737979056283499
222.5 -172.5 0.0000016243886697585516
-852.5 77.5 0.000001614814670746922
-147.5 77.5 0.000001614814670746922
102.5 -797.5 0.000007436132499991446
222.5 -147.5 0.0000016235417169670646
-52.5 -762.5 0.000001568225881990948
-217.5 -97.5 0.0000018745743672945708
-612.5 -907.5 0.000001552659515565009
-52.5 52.5 0.0000016161830934933296
442.5 122.5 0.000016843524680544618
-222.5 -222.5 0.0000018749807041554533
-627.5 112.5 0.000014508369062311069
-607.5 -907.5 0.000001552588299918613
192.5 -412.5 0.0000016046321091822467
202.5 -852.5 0.0000018572242377666935
137.5 -537.5 0.0000015919141342137854
-27.5 -687.5 0.000007449966484208001
-222.5 -217.5 0.0000075005587251674405
787.5 87.5 0.000007488882405871027
-277.5 -882.5 0.0000015555171558216313
-772.5 87.5 0.0000016138024274525986
-787.5 87.5 0.000006455869286125811
-517.5 -917.5 0.0000015517732324718668
222.5 -222.5 0.0000016230153904426085
82.5 27.5 0.0000016177439641913687
532.5 -917.5 0.000001855067162635264
682.5 -892.5 0.000007423388811190685
-22.5 -737.5 0.000001570967118849147
-87.5 -612.5 0.0000018647403151646182
37.5 -752.5 0.0000018605274712734576
-97.5 67.5 0.000001615514350800822
-497.5 122.5 0.000025783138698890708
-232.5 -862.5 0.0000015572999590703061
-42.5 -752.5 0.0000015691194171173608
-962.5 -802.5 0.0000015635797844817558
-887.5 -842.5 0.0000015606028385705096
-452.5 122.5 0.000014502717191858772
697.5 -887.5 0.0000018559865583471641
-852.5 -852.5 0.0000015595407205904076
492.5 122.5 0.000016843324887042515
447.5 122.5 0.00002994376426111624
842.5 77.5 0.000007489785927477108
132.5 -542.5 0.000001591095679219543
-807.5 82.5 0.0000016142586859183403
817.5 82.5 0.000007489390049514956
207.5 -337.5 0.0000016120632918531955
-82.5 27.5 0.000001873329774453074
-207.5 -342.5 0.000001872143232687496
757.5 -867.5 0.000001856650273715025
-132.5 72.5 0.00000646016221158532
-992.5 -782.5 0.0000015650360031653443
-2.5 47.5 0.0000016167466128641833
-262.5 97.5 0.000006453147923058506
147.5 77.5 0.0000018724696294481998
-497.5 -917.5 0.000006207002568438707
197.5 -2.5 0.0000016190520382632227
87.5 22.5 0.0000016178690538025505
477.5 -917.5 0.0000018550558629606855
1067.5 -697.5 0.000001860705053198695
947.5 52.5 0.0000018728715910810313
422.5 122.5 0.000007486051844331135
392.5 -907.5 0.0000018553144780593061
42.5 -752.5 0.0000018604371826427807
-1022.5 -752.5 0.0000015669474962876286
222.5 -212.5 0.0000016243208692922567
522.5 122.5 0.000029943915802488685
-562.5 -912.5 0.0000015520354526144114
197.5 -392.5 0.000006426362058181212
272.5 102.5 0.0000018719672753340622
97.5 -602.5 0.0000015851172813507542
-882.5 -847.5 0.0000015603731434810933
-187.5 -422.5 0.0000074802361996003444
812.5 -867.5 0.0000018570842115344098
257.5 97.5 0.0000018720520502099582
-742.5 -872.5 0.000001556285931641082
127.5 -552.5 0.0000015902818806619395
1197.5 -7.5 0.0000018737146204376884
-432.5 -912.5 0.0000015520776785408122
-222.5 -247.5 0.0000018744467245726683
-557.5 122.5 0.00001450373905071502
942.5 57.5 0.000007491320459498971
-1062.5 -707.5 0.0000015695481677811568
-427.5 -912.5 0.0000015521228102415603
-32.5 -747.5 0.000001570033287857423
-987.5 47.5 0.000001616645666738475
137.5 -532.5 0.0000015923250546432275
222.5 -162.5 0.0000016239652829630422
217.5 -102.5 0.0000016221304179584013
172.5 -462.5 0.000001599461372280013
-1012.5 42.5 0.0000016169562515347634
-707.5 102.5 0.00002580644871908465
42.5 -672.5 0.0000015776727621283694
-167.5 77.5 0.000006458462782272945
-567.5 -912.5 0.0000015520776785408122
-312.5 102.5 0.000006450971280076038
852.5 -852.5 0.0000018575122798117735
262.5 97.5 0.000007488082342222136
-127.5 -552.5 0.0000018664995226172175
547.5 122.5 0.000016843223964735898
-747.5 -872.5 0.0000015564480321255781
1072.5 27.5 0.000001873293564858978
-17.5 -732.5 0.00000628576665464595
7.5 -722.5 0.000007445648296976048
842.5 -857.5 0.0000018573801010748041
-267.5 -877.5 0.000001555816299975993
-1002.5 42.5 0.0000016168501700458616
-357.5 -902.5 0.0000015532387906700809
-157.5 77.5 0.0000064589435789512
237.5 92.5 0.0000018721351935302713
617.5 -907.5 0.0000074214944474969135
1042.5 -732.5 0.0000018601226665574138
-147.5 -512.5 0.0000018676219703682908
-572.5 -912.5 0.0000015521228102415603
-67.5 -772.5 0.0000015670667593564003
57.5 -657.5 0.000001579470169717339
162.5 -832.5 0.0000018578768903076981
-447.5 -912.5 0.00000155195972278316
472.5 -917.5 0.0000018550610423758624
-137.5 -532.5 0.0000018670591373519557
197.5 -382.5 0.0000016076818009577174
812.5 82.5 0.0000018723076783594005
-77.5 -627.5 0.000001864310326879701
-112.5 -802.5 0.000001563818179706324
447.5 -912.5 0.0000018551118590831828
-222.5 -227.5 0.0000018748744100568164
-507.5 -917.5 0.000001551755743302216
-982.5 -787.5 0.0000015647234150817323
-977.5 -797.5 0.000001564145027606921
-477.5 122.5 0.000025783989787480696
-172.5 7.5 0.000001873592555338149
-1082.5 27.5 0.0000016177439641913687
72.5 -632.5 0.0000015816849930868966
-602.5 117.5 0.0000064469872013415626
7.5 -707.5 0.000001573884426259948
307.5 107.5 0.0000074873861157522705
1202.5 -22.5 0.0000018738396656298435
742.5 -872.5 0.0000018564940521528932
17.5 -732.5 0.00000744451065768208
-327.5 -897.5 0.0000015539587712391434
92.5 -792.5 0.000001859234889747082
142.5 12.5 0.0000016183736194741559
137.5 -817.5 0.0000018583043523674664
-1497.5 1997.5 NaN
877.5 67.5 0.0000018725948548668843
-737.5 -877.5 0.0000015559700602614696
202.5 -362.5 0.0000016094318502628042
-342.5 107.5 0.0000016123862741462423
197.5 -12.5 0.000001619329240157151
222.5 -247.5 0.000001620835134256274
-192.5 -412.5 0.0000018703423626631832
232.5 -867.5 0.0000018567585678958385
1027.5 37.5 0.0000018731629838021017
382.5 112.5 0.000007486628484559924
-552.5 -912.5 0.00000155195972278316
-237.5 -867.5 0.0000015569509264892676
-217.5 -272.5 0.000001873797905278806
237.5 -867.5 0.0000018567040086814309
-622.5 -907.5 0.0000015528904880284444
-857.5 72.5 0.00000161494930754314
-757.5 92.5 0.000006454246927024052
172.5 7.5 0.00000161863967083856
-272.5 97.5 0.0000016131738680524692
-332.5 112.5 0.0000016123513892755447
-537.5 -917.5 0.000001551843179384744
-827.5 -862.5 0.0000015587346367806671
322.5 -892.5 0.0000018557906331180399
522.5 -917.5 0.0000018550558629606855
152.5 -507.5 0.0000015948129268741963
-677.5 -892.5 0.0000015540730521804355
-202.5 -22.5 0.0000018738762604116494
1062.5 -707.5 0.0000018605879849329715
-587.5 117.5 0.00002578745686891019
-237.5 92.5 0.0000016136767867177422
-232.5 -867.5 0.000001557124069769602
-82.5 -782.5 0.0000015659452541833248
497.5 122.5 0.000016843312445987907
-302.5 102.5 0.000014515587704209458
-82.5 62.5 0.0000016157570505975694
887.5 -842.5 0.0000018578418312270961
-247.5 92.5 0.0000064541095214204425
-1022.5 37.5 0.0000016170647699797835
362.5 112.5 0.0000018716653450987183
407.5 117.5 0.000016844284320615625
727.5 97.5 0.0000018719873250328762
-522.5 122.5 0.000025783989787480696
-577.5 122.5 0.00000644624514099616
-592.5 117.5 0.000014506320598791656
-207.5 -352.5 0.000001871919725771386
-257.5 97.5 0.0000016133939922204396
-577.5 -912.5 0.0000062087852639683655
-22.5 -692.5 0.0000018623411567549102
762.5 92.5 0.0000018721351935302713
767.5 -872.5 0.0000018567016563939
222.5 -202.5 0.0000016251505997606984
-72.5 -632.5 0.0000018640971098019215
312.5 102.5 0.0000074874422408244566
162.5 -477.5 0.0000015977592731625204
-222.5 -192.5 0.0000018754416584352542
-137.5 -542.5 0.0000018668348579663369
1142.5 12.5 0.0000018735145128822937
1002.5 -772.5 0.0000018593976439576478
-972.5 -797.5 0.0000015638606630143158
122.5 -812.5 0.0000018586036120846115
-217.5 -277.5 0.0000018736889677461133
352.5 107.5 0.000001871743057852567
-422.5 122.5 0.00000644624514099616
247.5 92.5 0.000007488365073848138
212.5 -67.5 0.0000016210048732274305
-217.5 -112.5 0.0000018746982280651777
-162.5 -482.5 0.0000018684137507343376
-47.5 -757.5 0.0000062746814644350394
-117.5 67.5 0.0000016152921678252395
337.5 107.5 0.000007487109031380798
-492.5 -917.5 0.000001551755743302216
212.5 -322.5 0.0000016133806260399767
32.5 -747.5 0.0000018607097081668154
107.5 -802.5 0.000001858913907679518
1022.5 -757.5 0.0000018596977190894366
-672.5 107.5 0.000025800522435022378
-252.5 -872.5 0.0000015564480321255781
-132.5 -547.5 0.0000018666111475116042
962.5 -802.5 0.0000018587629602283815
942.5 -817.5 0.00000185851424485447
117.5 -567.5 0.000001588668929520605
137.5 -542.5 0.0000015915043352929494
-487.5 122.5 0.0000257833891743523
-637.5 -902.5 0.0000015531474004090811
192.5 82.5 0.0000018723062416300512
197.5 -387.5 0.0000016072450171285571
-142.5 72.5 0.00000161494930754314
-107.5 -587.5 0.0000018655030398588758
-417.5 -912.5 0.0000015522756267534797
412.5 -912.5 0.0000018552320546201476
747.5 -872.5 0.000001856545291724516
622.5 117.5 0.00001684458138713679
147.5 -512.5 0.0000015943957286062114
-842.5 77.5 0.000006458943578951201
-72.5 27.5 0.000001873293564858978
562.5 122.5 0.00000748606483802475
327.5 107.5 0.00002994877990535786
712.5 -882.5 0.000007424547411083829
702.5 -887.5 0.0000018560283803851452
-222.5 -142.5 0.000001874987485801785
-727.5 -877.5 0.0000015556653301625045
1117.5 17.5 0.0000018734381467266118
-417.5 122.5 0.000006446444115012187
-997.5 47.5 0.0000016167466128641833
-502.5 -917.5 0.0000015517513708573484
-72.5 -777.5 0.0000062665681473363365
-597.5 -907.5 0.000001552454543962232
-167.5 -832.5 0.0000015604822322756426
-277.5 97.5 0.0000016131760901043874
-107.5 -582.5 0.0000018656129540312862
897.5 -837.5 0.0000018579799803056373
597.5 117.5 0.000007486434267711681
487.5 -917.5 0.0000018550483280644526
-387.5 117.5 0.0000016119286184360217
-1072.5 -692.5 0.0000015703364115910523
832.5 -857.5 0.0000018573247121650995
-222.5 -187.5 0.0000018754004085011314
512.5 -917.5 0.0000018550483280644526
-777.5 92.5 0.0000016137782291490378
-957.5 52.5 0.0000016162697055757766
172.5 77.5 0.0000018723917609396404
-142.5 -527.5 0.0000018671714734688915
532.5 117.5 0.000029944195201421247
-222.5 -167.5 0.000007500858847018015
67.5 -647.5 0.0000015805699021546346
37.5 -677.5 0.000006308570783013321
397.5 -907.5 0.0000018552924840661186
-932.5 -822.5 0.000001562252258146979
-532.5 -917.5 0.000001551821322653998
667.5 107.5 0.0000018717604845498085
-217.5 -282.5 0.0000018735798131473635
-532.5 117.5 0.000025784939235304805
502.5 122.5 0.00002994366534177941
-222.5 -162.5 0.000001875152763734425
217.5 -277.5 0.0000016177708559029507
-297.5 -887.5 0.0000015548183829288727
1127.5 17.5 0.000001873476628073382
-37.5 -747.5 0.0000015697264276678554
687.5 -892.5 0.000001855905542729947
642.5 -902.5 0.000001855523508840082
472.5 122.5 0.000016843523678117354
-152.5 -827.5 0.0000015611546364146232
-822.5 82.5 0.0000016144571036702359
1042.5 37.5 0.0000018731920863867068
-727.5 97.5 0.0000016131738680524692
192.5 -397.5 0.0000016059367618084229
637.5 -902.5 0.0000018554941809910568
-1117.5 17.5 0.0000016181133140016452
927.5 62.5 0.0000018727677135278895
-242.5 -867.5 0.0000015567805352292447
212.5 -77.5 0.0000064854243185862706
-1042.5 37.5 0.0000016172747914990626
-467.5 117.5 0.0000257849392353048
-1082.5 -682.5 0.0000015708643301039357
-367.5 112.5 0.00001450944265465173
267.5 97.5 0.0000074880705185340275
-717.5 97.5 0.0000016131100209947407
227.5 87.5 0.0000018721721292349185
732.5 -877.5 0.0000018563453826052222
-567.5 117.5 0.000014504957464585674
-202.5 -32.5 0.0000018739579061585186
692.5 -887.5 0.0000018559456114931043
452.5 122.5 0.000016843223964735895
-207.5 -857.5 0.0000015582203766958778
282.5 -882.5 0.0000018562043600636076
132.5 -817.5 0.000007433661389991814
-342.5 -897.5 0.0000015536330422450158
-817.5 -862.5 0.000006233840537312432
687.5 102.5 0.0000074874422408244566
-122.5 67.5 0.0000016152408914427437
-162.5 -832.5 0.000001560703755234957
12.5 47.5 0.000001873007410667786
222.5 -232.5 0.0000016221442644958088
-527.5 -917.5 0.0000015518023789186295
417.5 -912.5 0.0000018552137670770822
-607.5 117.5 0.000025789513380076626
-222.5 -862.5 0.0000015576599510804677
-77.5 -782.5 0.00000156622206040992
-217.5 -292.5 0.000001873360871292785
1007.5 -767.5 0.0000018594921313500195
-862.5 -852.5 0.0000015597303313882576
222.5 -217.5 0.000006494671935723469
117.5 -572.5 0.0000015882688654070187
-437.5 117.5 0.000006446444036099709
917.5 -827.5 0.000001858200595880011
652.5 112.5 0.000007486825925748075
752.5 -872.5 0.0000018565973668108307
577.5 122.5 0.000007486051844331134
667.5 -897.5 0.000001855718467640535
497.5 -917.5 0.0000018550445600823296
-342.5 112.5 0.00000644925594310457
-877.5 72.5 0.0000016151373143308047
202.5 -357.5 0.0000016098699828631545
972.5 -797.5 0.0000018588496376520907
-222.5 -252.5 0.0000018743391812096222
-207.5 -47.5 0.0000018741216596621257
-352.5 -902.5 0.0000015533330528613042
-452.5 -912.5 0.0000015519262210165913
172.5 -457.5 0.0000015998887768739742
-362.5 -902.5 0.0000015531474004090811
222.5 -127.5 0.0000016229769325174822
177.5 -452.5 0.000006402125125869661
212.5 87.5 0.000007488882405871026
387.5 117.5 0.0000018716210478078045
-337.5 107.5 0.000006449838426277284
-207.5 -357.5 0.0000018718077646641463
-562.5 117.5 0.000006446444036099709
297.5 -887.5 0.0000018560283803851452
502.5 -917.5 0.000007420177298283693
27.5 37.5 0.0000016171756374476459
27.5 52.5 0.000001872950536019971
547.5 -912.5 0.0000018551010424410676
-172.5 -457.5 0.0000018690944245161225
937.5 -817.5 0.0000018584329990500228
-112.5 -577.5 0.000007463113026631821
-327.5 107.5 0.000025800522435022384
867.5 -847.5 0.0000018576391399328058
-212.5 -72.5 0.0000018743270780834278
107.5 67.5 0.000007490567175309681
-17.5 47.5 0.0000016165474177951594
217.5 -92.5 0.0000016218486040157548
-697.5 -887.5 0.0000015546870798271249
-797.5 82.5 0.0000016141718416353579
-632.5 -902.5 0.0000015530588848085975
-522.5 -917.5 0.0000015517863487085741
-387.5 -907.5 0.000001552659515565009
-147.5 -827.5 0.000001561383977153472
222.5 -262.5 0.0000016195233178302034
-787.5 -867.5 0.0000015576424687112299
-727.5 102.5 0.0000016131056851073193
222.5 -182.5 0.0000016246707714558427
-202.5 82.5 0.0000016141718416353579
-217.5 -287.5 0.0000018734704461010774
217.5 -122.5 0.00000649106078836663
217.5 -107.5 0.000001622271406181393
427.5 -912.5 0.0000018551644894164282
177.5 -842.5 0.000001857606670442114
-202.5 -362.5 0.0000018715834542893038
-662.5 -897.5 0.0000015537387628896294
57.5 57.5 0.000007491320459498972
22.5 -737.5 0.0000018609871178210902
952.5 -812.5 0.0000018585942511533207
-222.5 -152.5 0.0000018750701355989987
-707.5 -887.5 0.0000015549525090387263
-782.5 -867.5 0.0000015574605867638514
-72.5 -637.5 0.0000018639909698047883
-422.5 -912.5 0.000006208785263968366
142.5 72.5 0.000001872509188961694
262.5 -877.5 0.000001856394094044893
-202.5 -852.5 0.0000015586075410958938
-547.5 122.5 0.00001450271719185877
92.5 -607.5 0.000006338146933952479
777.5 92.5 0.000001872165015948729
617.5 112.5 0.000007486628484559925
-947.5 52.5 0.0000016161830934933296
-42.5 52.5 0.0000016162697055757766
192.5 87.5 0.0000018722803077511377
212.5 -62.5 0.000001620864561046643
212.5 -72.5 0.00000162114528342333
987.5 47.5 0.000001873007410667786
212.5 -857.5 0.0000018570435901320562
157.5 -497.5 0.0000015960702585615997
-222.5 -147.5 0.000001875028812611931
252.5 97.5 0.000007488191100007468
-692.5 -887.5 0.000001554558603922376
-117.5 -572.5 0.0000018659439746220827
737.5 -877.5 0.000001856394094044893
377.5 -907.5 0.0000018554116662267433
-162.5 -477.5 0.000001868527111107571
-937.5 -817.5 0.0000015625118025516811
-222.5 -212.5 0.0000018752983855731178
-157.5 12.5 0.0000018735531902006667
162.5 -482.5 0.0000015973357380311555
-912.5 -832.5 0.000001561512762872019
-212.5 -327.5 0.0000018724773747098396
-652.5 112.5 0.000006448876023925767
-157.5 -492.5 0.0000018681871839561354
-192.5 -847.5 0.000001559005478287426
212.5 -82.5 0.0000016215670447596085
232.5 92.5 0.000007488548870888581
-222.5 -172.5 0.0000018752766386088935
202.5 -367.5 0.0000016089939441716369
-222.5 -242.5 0.0000018745540217452727
402.5 117.5 0.000007486434267711681
-582.5 117.5 0.0000016116494471202402
-97.5 -602.5 0.0000018650656976428172
217.5 -857.5 0.0000018569849689177522
-182.5 -442.5 0.0000018695485066325664
247.5 -872.5 0.0000018565973668108307
267.5 -877.5 0.0000018563453826052222
-1042.5 -732.5 0.0000015680151996393583
-867.5 -847.5 0.000001559949978833526
27.5 -687.5 0.000006304379379101013
367.5 112.5 0.00001684520287812277
507.5 -917.5 0.000001855045973117345
1012.5 42.5 0.0000018730985875633413
-942.5 57.5 0.00000646416741568298
627.5 112.5 0.000016844887029563035
567.5 117.5 0.00001684388321872556
-742.5 97.5 0.0000016133939922204396
-797.5 87.5 0.000006456170814530602
-897.5 -837.5 0.0000015610490764536299
352.5 -902.5 0.000001855553744738845
1027.5 -747.5 0.000001859897328346256
-187.5 -417.5 0.0000018702290772972925
-217.5 -102.5 0.0000018746156421107358
-647.5 -902.5 0.0000015533330528613042
-97.5 -597.5 0.000001865174672178229
-182.5 -432.5 0.0000018697754865316221
-652.5 -897.5 0.000001553530181624747
-832.5 77.5 0.000006458462782272945
822.5 82.5 0.0000018723645557082823
-222.5 92.5 0.0000016137782291490378
-197.5 -852.5 0.0000015588051666823663
57.5 -762.5 0.000001860081705793212
-42.5 -672.5 0.0000018629483979408055
87.5 -617.5 0.0000015835762216924977
-222.5 -137.5 0.0000018749461567848054
-17.5 -697.5 0.0000018621421206705372
-777.5 87.5 0.000001613859601453427
-922.5 -827.5 0.0000015620119636006195
217.5 -282.5 0.000001617332265533079
222.5 -157.5 0.0000016238241073621651
202.5 -22.5 0.0000016196071103923322
737.5 97.5 0.000007488082342222137
-572.5 117.5 0.00002578780571992693
-767.5 -872.5 0.0000015569444172096332
177.5 -447.5 0.0000016011751502768056
2.5 42.5 0.0000016168501700458616
347.5 -902.5 0.0000018555848865419915
-192.5 -397.5 0.0000018706818533612895
32.5 52.5 0.000001872923347290067
-847.5 -857.5 0.0000015593280336928297
-1002.5 -772.5 0.0000015656427983870084
-812.5 82.5 0.0000016142635734774293
-152.5 -502.5 0.0000018678478166328344
607.5 117.5 0.000029945541171886904
182.5 -427.5 0.0000016028991987374576
-157.5 -497.5 0.0000018680739905831003
-692.5 107.5 0.00000645078044781454
-27.5 -742.5 0.0000015703423659593365
332.5 107.5 0.0000018717604845498085
372.5 -902.5 0.0000018554382577006991
752.5 92.5 0.000007488365073848138
-832.5 -857.5 0.0000015589378979722172
397.5 117.5 0.000007486270203378935
-197.5 2.5 0.0000018736729287406443
902.5 -832.5 0.0000018580546619474837
-57.5 32.5 0.0000018732610889385074
-482.5 -917.5 0.0000015517732324718668
-387.5 112.5 0.000006447922208408798
-142.5 12.5 0.0000018735145128822937
217.5 -292.5 0.0000016164546537866982
-202.5 -372.5 0.0000018713586630477873
-687.5 -892.5 0.0000015544329592922432
-57.5 -762.5 0.0000015679326189750336
-147.5 72.5 0.0000016149130342481453
-197.5 -382.5 0.0000018711334355391147
-222.5 -157.5 0.0000018751114531640711
-102.5 -797.5 0.000006257865359381608
252.5 -872.5 0.000001856545291724516
307.5 -887.5 0.0000018559456114931043
-472.5 122.5 0.000014503735657654241
97.5 -597.5 0.000001585506281654421
-1087.5 22.5 0.0000016178690538025505
-192.5 87.5 0.0000016141704491449335
417.5 117.5 0.0000018715389040213648
-217.5 -307.5 0.0000018730309480586015
347.5 -897.5 0.0000018556169320397725
-257.5 -877.5 0.0000015561266058975865
22.5 -692.5 0.000001575577163013031
-352.5 107.5 0.000001612343343466229
-622.5 117.5 0.00001450733021721159
-282.5 102.5 0.00001451681283919185
677.5 -892.5 0.0000018557906331180399
317.5 107.5 0.0000299489800957798
882.5 -847.5 0.0000018577702427821774
352.5 112.5 0.000007486892905768715
1187.5 2.5 0.000001873632746706099
-627.5 -902.5 0.0000015529732465023606
202.5 -32.5 0.00000161988560284591
637.5 112.5 0.0000018716653450987183
-182.5 -437.5 0.000001869662006852605
207.5 -37.5 0.0000016201646714136407
612.5 112.5 0.00000748654531039078
-187.5 82.5 0.0000016142635734774293
1017.5 -762.5 0.000001859599636094478
152.5 -502.5 0.0000015952310957851003
-397.5 117.5 0.0000064469872013415626
142.5 -822.5 0.0000018582313016277029
-902.5 67.5 0.000001615514350800822
932.5 -822.5 0.0000018583525657604074
-182.5 -842.5 0.0000015596224549581772
217.5 -307.5 0.0000016151374624531854
52.5 52.5 0.0000018728715910810313
-57.5 -657.5 0.0000018634652321995302
517.5 -917.5 0.0000018550516247567705
57.5 -652.5 0.0000015798350096996138
892.5 67.5 0.00000749056717530968
907.5 62.5 0.000007490840420796064
462.5 117.5 0.000016843709590950026
-457.5 122.5 0.0000016113844776147158
-12.5 -707.5 0.000001861944863318455
-587.5 -912.5 0.000001552332367885258
-322.5 -892.5 0.0000015540730521804355
-1202.5 -22.5 0.000001619482297795359
42.5 -667.5 0.0000015780286112799134
52.5 -657.5 0.0000015791070917346258
102.5 22.5 0.0000016179893559318707
47.5 -757.5 0.000007441211502655012
-82.5 -622.5 0.000007457884272980507
572.5 -912.5 0.0000018551644894164282
657.5 112.5 0.0000074869376886149525
-1197.5 -2.5 0.0000016189163409436017
-407.5 -912.5 0.0000015523920075262625
-437.5 122.5 0.000006446289302631876
-357.5 112.5 0.000014509491107313514
292.5 102.5 0.0000299505229273167
122.5 72.5 0.0000018725644258718039
592.5 117.5 0.000016844284320615625
-197.5 -392.5 0.00000748340538319807
482.5 -917.5 0.0000018550516247567705
-457.5 -912.5 0.0000015518956293017924
-207.5 -852.5 0.0000015584126087421597
72.5 -637.5 0.0000015813116208146638
-2.5 -712.5 0.0000018617494381971406
932.5 57.5 0.0000018727899498167038
57.5 32.5 0.0000016175099054787858
-487.5 -917.5 0.0000015517630305748269
-982.5 47.5 0.0000016165474177951594
1172.5 7.5 0.0000018735926198128486
87.5 -612.5 0.0000015839592056551134
222.5 -227.5 0.0000016225799889247986
-202.5 -367.5 0.0000018714711160048734
147.5 -822.5 0.0000018581589669504822
797.5 82.5 0.0000018722807167768287
542.5 122.5 0.0000018714609292159606
62.5 -772.5 0.0000018599074602629386
122.5 -562.5 0.000006357086358460602
147.5 -827.5 0.0000018580873534447493
797.5 87.5 0.000007488971038360311
282.5 97.5 0.0000018719685500243487
-782.5 87.5 0.0000016139413459414537
362.5 117.5 0.0000018716528307899993
-582.5 122.5 0.000006446444115012187
-167.5 -477.5 0.0000018686405141580409
542.5 -912.5 0.0000018550911638083598
-312.5 -892.5 0.0000015544329592922432
-542.5 -912.5 0.0000015518956293017924
372.5 112.5 0.000016844887029563032
-37.5 -677.5 0.000007451181048068783
-747.5 97.5 0.000006453517803966472
187.5 82.5 0.0000018723076783594005
-647.5 107.5 0.000001612343343466229
707.5 -887.5 0.0000018560710746378349
1072.5 -692.5 0.000001860825738488252
782.5 -867.5 0.0000018568636736299922
552.5 122.5 0.00002994376426111624
542.5 117.5 0.0000074861287232869505
-407.5 117.5 0.000014506320598791658
742.5 -877.5 0.0000018564436517336158
622.5 -907.5 0.0000018554116662267433
207.5 -47.5 0.0000016204442700188516
-202.5 -37.5 0.0000018739987893270592
-127.5 -557.5 0.0000018663880603655463
167.5 -832.5 0.0000018578082115896718
-302.5 -887.5 0.0000015546870798271249
217.5 -97.5 0.0000016219894820041497
202.5 87.5 0.000007488971038360311
537.5 -917.5 0.0000018550742233051646
-807.5 87.5 0.0000016141704491449337
-712.5 -882.5 0.000006220637330498441
-122.5 72.5 0.0000016151373143308047
-132.5 -542.5 0.00000186672292822961
437.5 -912.5 0.0000018551363032626354
992.5 -782.5 0.000001859211578465888
207.5 -342.5 0.0000016116243485688586
-742.5 -877.5 0.0000015561266058975863
1002.5 42.5 0.0000018730674471903578
-672.5 -897.5 0.0000015539587712391434
-222.5 -267.5 0.000007495843462936684
217.5 -117.5 0.0000016225535166843822
-192.5 82.5 0.0000016142586859183403
417.5 122.5 0.000007486110395890041
662.5 107.5 0.000007487109031380798
197.5 -7.5 0.0000016191905527843692
612.5 -907.5 0.0000018553373949299358
657.5 107.5 0.000001871755686817253
207.5 -357.5 0.0000016103083204439102
-412.5 117.5 0.000025787456868910185
557.5 122.5 0.000016843524680544615
-252.5 97.5 0.000006453517803966473
-227.5 87.5 0.0000016138024274525986
-942.5 -817.5 0.0000015627742877562464
817.5 -862.5 0.00000742870390918106
-437.5 -912.5 0.0000015520354526144114
-697.5 102.5 0.000014515587704209457
-802.5 -862.5 0.0000015579980681073025
-682.5 107.5 0.000025801203019343906
22.5 -697.5 0.0000015752346395743364
142.5 -522.5 0.0000015931501743823606
-667.5 112.5 0.0000016123513892755447
217.5 87.5 0.0000018722129657984551
67.5 -772.5 0.0000018598212320515048
222.5 -137.5 0.000001623259310577677
-87.5 22.5 0.0000018733664794817123
117.5 -807.5 0.000007434875132772656
-212.5 -312.5 0.0000018729205902452347
342.5 112.5 0.0000074869376886149525
-202.5 -27.5 0.0000018739170626210067
207.5 -347.5 0.000001611185524691508
157.5 -832.5 0.0000018579463101379403
-217.5 -302.5 0.0000018731411174382285
827.5 -862.5 0.0000018572610479331326
982.5 -787.5 0.0000018591152002555458
692.5 107.5 0.0000074873861157522705
-932.5 57.5 0.0000016159050872179744
-1027.5 -747.5 0.000001567277193764497
-222.5 -177.5 0.0000018753179070642685
-212.5 -322.5 0.0000018725884361075815
217.5 -287.5 0.000001616893524788949
717.5 102.5 0.000016847370725821467
-977.5 -792.5 0.0000015644325982279936
-1202.5 -17.5 0.0000016193398767149224
-457.5 117.5 0.000006446506409168127
772.5 87.5 0.0000018721721292349185
-392.5 -907.5 0.000001552588299918613
67.5 -642.5 0.0000015809399175552337
-197.5 -7.5 0.0000018737541187358016
-397.5 -907.5 0.0000015525199753903622
22.5 37.5 0.0000016170647699797835
597.5 -907.5 0.000001855271414510096
232.5 -862.5 0.0000018568139474858014
-797.5 -867.5 0.0000015578101804050569
-1157.5 12.5 0.000001618505468700324
-402.5 117.5 0.000006447544800893323
562.5 -912.5 0.0000018551363032626354
-247.5 -872.5 0.0000015566129018603703
222.5 -187.5 0.000001624811778976597
402.5 112.5 0.0000018716218004856003
457.5 122.5 0.0000018714609292159606
-347.5 -902.5 0.0000015534301841549459
562.5 117.5 0.000007486110370930606
52.5 -662.5 0.0000015787457939669061
107.5 -582.5 0.00000158707662262602
172.5 -467.5 0.0000015990346976295605
142.5 -527.5 0.0000015927370751838774
-212.5 87.5 0.000006455869286125811
-372.5 112.5 0.00001450836906231107
97.5 67.5 0.0000018726751856302912
-667.5 -897.5 0.0000015538473403310203
-127.5 -812.5 0.0000015628140491082876
-842.5 -857.5 0.0000015591180971743028
-967.5 52.5 0.0000016163593527315036
-612.5 112.5 0.000006447922208408798
-1127.5 17.5 0.0000016182444795955882
207.5 -57.5 0.0000016207243526215028
82.5 62.5 0.0000018727464719616738
-457.5 -917.5 0.0000015518679484988185
432.5 -912.5 0.0000018551499290673734
-167.5 -837.5 0.0000015602633324745808
957.5 52.5 0.0000018728970241074575
-952.5 -812.5 0.0000015630336184440122
-317.5 107.5 0.000025801203019343906
-1197.5 -12.5 0.000001619198589236013
-72.5 62.5 0.0000016158293741800255
-552.5 122.5 0.000025783474809705642
17.5 -697.5 0.0000015748940877131797
852.5 72.5 0.0000018724985310924275
-32.5 52.5 0.0000016163593527315036
-442.5 122.5 0.00001450373905071502
-617.5 112.5 0.000006448204912432482
922.5 -827.5 0.0000018582784890010807
997.5 -777.5 0.0000018593041344383585
-402.5 -907.5 0.000001552454543962232
412.5 117.5 0.000029944936055118457
187.5 -842.5 0.0000018574761029423677
742.5 97.5 0.0000018720520502099582
732.5 97.5 0.0000074880705185340275
12.5 42.5 0.0000016169562515347634
-592.5 -912.5 0.0000015523920075262625
-117.5 -807.5 0.000006253748946929481
177.5 82.5 0.0000018723645557082823
-892.5 67.5 0.000006461602702035889
627.5 -902.5 0.0000018554382577006991
512.5 122.5 0.000029943739053026556
222.5 -152.5 0.0000016236829169041785
-337.5 -897.5 0.0000015537387628896294
647.5 -902.5 0.000001855553744738845
1197.5 -2.5 0.000001873673702574146
1082.5 -682.5 0.0000018609859449920531
-307.5 107.5 0.000006450780447814541
-192.5 -407.5 0.000001870455591085717
-187.5 -847.5 0.0000015592084685563889
-717.5 -882.5 0.0000015553717818344844
-212.5 -332.5 0.0000018723661501958536
-492.5 122.5 0.00001450306014236796
457.5 -917.5 0.0000018550822238851984
182.5 -842.5 0.000001857541004247556
802.5 -862.5 0.0000018570318742313213
-997.5 -777.5 0.0000015653376384475462
222.5 -132.5 0.0000016231181152133885
-882.5 67.5 0.0000016152921678252395
-217.5 -122.5 0.000007499206048093695
467.5 -917.5 0.000001855067162635264
182.5 82.5 0.000007489390049514956
-657.5 112.5 0.000006449255943104569
182.5 -437.5 0.000001602035978759265
632.5 -902.5 0.0000018554657632725577
-687.5 102.5 0.000006450971280076038
-877.5 67.5 0.0000016152408914427437
-502.5 122.5 0.000014503017866984202
327.5 -897.5 0.0000018557541045366443
542.5 -917.5 0.0000018550822238851984
1087.5 -657.5 0.0000018612672317011136
722.5 97.5 0.0000018719879781094104
-602.5 -907.5 0.0000015525199753903622
-107.5 -802.5 0.000001564075463544833
-97.5 -792.5 0.0000015648621476740606
217.5 -297.5 0.000001616015672786093
-67.5 57.5 0.0000016159050872179744
-722.5 -882.5 0.0000015555171558216313
172.5 -837.5 0.000001857673096875102
37.5 -747.5 0.0000018606183152104336
257.5 -872.5 0.0000018564940521528932
77.5 -782.5 0.0000018595661976805383
-87.5 -787.5 0.000006262139392110705
217.5 -112.5 0.0000016224124409836976
-377.5 -907.5 0.0000015528904880284444
552.5 -912.5 0.0000018551118590831828
-402.5 112.5 0.0000016119311780479632
-152.5 -507.5 0.0000018677348492317122
602.5 -907.5 0.0000018552924840661186
-657.5 -897.5 0.0000015536330422450158
-307.5 -887.5 0.000001554558603922376
-37.5 -752.5 0.000001569421799453616
-212.5 -317.5 0.000007491018754750287
112.5 -802.5 0.0000018588353180794872
722.5 -882.5 0.0000018562505122466475
1082.5 27.5 0.000001873329774453074
272.5 97.5 0.0000018719873250328762
782.5 87.5 0.0000018722129657984551
382.5 -907.5 0.0000074214944474969135
647.5 107.5 0.000001871743057852567
-2.5 -717.5 0.000004492120737907053
-547.5 -912.5 0.0000015519262210165913
-392.5 117.5 0.000025789513380076626
967.5 52.5 0.000001872923347290067
857.5 72.5 0.000001872509188961694
1082.5 -672.5 0.000001861120247680815
-877.5 -847.5 0.0000015601462367944454
-537.5 117.5 0.000014504367432197387
167.5 77.5 0.0000074896446444096954
407.5 -912.5 0.0000018552512708853236
-87.5 -617.5 0.0000018646323911749928
-412.5 -912.5 0.000001552332367885258
72.5 62.5 0.0000018727677135278895
672.5 107.5 0.00002994877990535786
-222.5 -257.5 0.0000018742313952188384
-647.5 112.5 0.000006449103714579097
-812.5 -867.5 0.0000015581676279409405
147.5 72.5 0.0000018724985310924275
212.5 -327.5 0.0000016129414517325867
277.5 97.5 0.0000018719879781094104
-167.5 -472.5 0.0000018687539534344514
487.5 122.5 0.000029943739053026562
597.5 112.5 0.0000018716218004856003
-367.5 -902.5 0.0000015530588848085975
1047.5 -727.5 0.0000018602289893166379
757.5 92.5 0.000007488405472654081
832.5 77.5 0.000007489644644409695
-7.5 -707.5 0.0000018618469183980172
-897.5 -842.5 0.000001560811762447611
-762.5 92.5 0.0000016136767867177422
607.5 -907.5 0.0000018553144780593061
157.5 77.5 0.000007489785927477109
462.5 -917.5 0.0000018550742233051646
-657.5 107.5 0.0000016123862741462423
-582.5 -912.5 0.0000015522756267534797
647.5 112.5 0.000007486892905768715
-292.5 -887.5 0.0000015549525090387263
332.5 112.5 0.0000018717454254111849
-722.5 97.5 0.0000016131760901043874
332.5 -897.5 0.000001855718467640535
1022.5 37.5 0.0000018731304417391022
207.5 -352.5 0.0000016107468415277562
-202.5 87.5 0.000006456170814530602
