0 83.58139032551111
-3.1328279067338065 83.54539593686732
-6.263514470678306 83.43744014942787
-9.389919800960525 83.25760507399168
-12.509906909587658 83.00602747966055
-15.621343160505752 82.68289867055583
-18.945142500490938 83.43262964476291
-22.06989294912557 82.96061413344214
-25.179558299966935 82.41694654076503
-28.604854620394807 82.92346151980655
-31.714166982459723 82.22822077828127
-35.20674520730229 82.56304276406844
-38.30624724001607 81.71438801639097
-41.85550393223026 81.87201536907658
-45.446520076412256 81.93243029404378
-48.530552079445506 80.84412792127951
-52.16133715476917 80.71924208782
-55.82467424601173 80.49202550472681
-59.517244854595 80.16063714673886
-63.23566473973284 79.72333209255278
-66.97648679417773 79.17846364931418
-70.7362039911421 78.52448539058108
-75.28778417807277 78.68273306239477
-79.10558997140542 77.78468783556372
-83.76893611974577 77.65136426434721
-87.62791561007198 76.50097785126674
-92.38355493002105 76.06499425682676
-97.19215226823995 75.46144457289587
-102.04793726257486 74.68723062209611
-106.9450305571541 73.73943629670909
-111.87744948091296 72.61533123857737
-117.87333844670498 72.01158015705788
-123.94298665291629 71.169411009216
-130.07797464288674 70.0846113004805
-136.269737617615 68.75324452805219
-142.5095740720157 67.17165521168701
-149.94214391403955 65.88598958047834
-158.62314085456086 64.79768460743972
-166.2118391802752 62.834401964860426
-175.06577253821294 60.99386131212823
-185.2304734053032 59.171828813686574
-195.49328928787074 56.87655415440771
-207.10750487540062 54.45251663479282
-220.10539638953955 51.78958175573184
-234.51381603504765 48.775585738466155
-250.35412267441478 45.29658365187942
-268.97320095421856 41.44530620391783
-290.42003185598577 36.99560014962963
-313.3765062844651 31.58338345600188
-341.93728016736 25.382212257968323
-374.8043166610297 17.875155338915363
-414.7796092131199 8.761066482665555
-453.55734873754085 -2.4499094496681044
-455.9831928733723 -14.34473099925717
-458.09739902866056 -26.300441545661037
-459.89840314814 -38.30889171470294
-461.38485367009235 -50.36189112264217
-462.55561277727065 -62.45121582549485
-463.40975752607113 -74.56862147228586
-463.94658098009916 -86.7058996121879
-464.169349859598 -100
-464.06651449851955 -111.00548896998258
-463.6492992641666 -123.15221466480433
-462.9141053030907 -135.28528732618528
-461.86131405893093 -147.3964791803175
-460.49152521001344 -159.47748880568798
-458.8055568127527 -171.5200161750339
-456.80444510473995 -183.51577772165436
-454.4894441323228 -195.45651436938007
-451.85436929739785 -207.34935279318978
-448.8757845356093 -219.2247720798358
-445.56286746561335 -231.04452087272952
-441.9252000949317 -242.78089348593974
-437.9704272204921 -254.41567308600514
-433.70500704325485 -265.9356421772761
-429.134677028755 -277.33031546293097
-424.2647385155806 -288.59076184181947
-419.1002578151842 -299.70895134651124
-413.6461600478219 -310.677427609905
-407.90732767271 -321.4890912765754
-401.888647420616 -332.1370933564765
-395.5950519290364 -342.614767866484
-389.0315476050186 -352.91559561301824
-382.2032262222998 -363.0331884967313
-375.1153000485135 -372.9612717543902
-367.77306826756995 -382.69369753004725
-360.1819546364412 -392.2244314601214
-352.34752898403286 -401.5475545627484
-344.27544765888416 -410.65728042396023
-335.97150404879767 -419.547947198834
-327.441626234154 -428.2140260402971
-318.6918340048291 -436.6501268934904
-309.7282977124418 -444.8510016190956
-300.5572806654646 -452.811548080083
-291.18516612868535 -460.52681429123265
-281.6184523198735 -467.99200349409557
-271.8637474402602 -475.2024785424212
-261.9277281885045 -482.15375173653473
-251.8172313870994 -488.8415197199353
-241.53913165452624 -495.2616249077956
-231.10042794577058 -501.4100916740625
-220.50820057299742 -507.2831143982792
-209.7696085474941 -512.8770586790437
-198.89189183420453 -518.1884666748035
-187.8823667278554 -523.2140591288384
-176.74842125924982 -527.9507371685902
-165.49750830213597 -532.3955813178084
-154.13713476946327 -536.5458437270848
-142.674889214422 -540.398987049224
-131.11839476767625 -543.9526367055263
-119.47532721179472 -547.2046051141449
-107.75341676758353 -550.152905742633
-95.96042573753203 -552.7957238930596
-84.10415744967776 -555.1314381829552
-72.19245308136223 -557.1586293159808
-60.233174231916664 -558.8760451867287
-48.2342117915209 -560.2826324733669
-36.20347971221754 -561.37753986254
-24.148905446403987 -562.1600962091877
-12.078429268993865 -562.6298219148665
0 -562.7864291371973
12.078429268993654 -562.6298219148665
24.148905446403816 -562.1600962091877
36.20347971221754 -561.37753986254
48.23421179152068 -560.2826324733669
60.23317423191644 -558.8760451867288
72.19245308136223 -557.1586293159808
84.10415744967759 -555.1314381829553
95.96042573753178 -552.7957238930596
107.75341676758353 -550.152905742633
119.47532721179448 -547.2046051141449
131.11839476767605 -543.9526367055263
142.674889214422 -540.398987049224
154.1371347694631 -536.545843727085
165.4975083021358 -532.3955813178084
176.74842125924982 -527.9507371685902
187.88236672785524 -523.2140591288384
198.89189183420442 -518.1884666748035
209.7696085474941 -512.8770586790437
220.5082005729974 -507.2831143982793
231.10042794577052 -501.4100916740626
241.53913165452624 -495.2616249077956
251.8172313870994 -488.8415197199353
261.9277281885045 -482.15375173653473
271.8637474402602 -475.2024785424212
281.61845231987326 -467.99200349409557
291.18516612868524 -460.52681429123277
300.5572806654646 -452.811548080083
309.72829771244176 -444.85100161909565
318.6918340048291 -436.65012689349055
327.441626234154 -428.2140260402971
335.9715040487975 -419.54794719883427
344.27544765888416 -410.6572804239603
352.34752898403275 -401.5475545627486
360.1819546364411 -392.2244314601215
367.77306826757 -382.69369753004725
375.1153000485135 -372.9612717543902
382.2032262222998 -363.0331884967313
389.0315476050185 -352.91559561301847
395.59505192903634 -342.614767866484
401.8886474206156 -332.13709335647684
407.90732767271 -321.4890912765754
413.6461600478219 -310.677427609905
419.1002578151842 -299.70895134651124
424.2647385155806 -288.5907618418195
429.13467702875494 -277.3303154629313
433.70500704325485 -265.9356421772762
437.97042722049196 -254.41567308600546
441.9252000949317 -242.78089348593974
445.56286746561335 -231.04452087272952
448.87578453560917 -219.22477207983633
451.85436929739785 -207.34935279319023
454.4894441323228 -195.45651436938027
456.8044451047399 -183.51577772165479
458.8055568127527 -171.5200161750339
460.49152521001344 -159.47748880568798
461.86131405893093 -147.3964791803175
462.9141053030907 -135.28528732618528
463.6492992641666 -123.15221466480433
464.06651449851955 -111.00548896998258
464.169349859598 -100
463.94658098009916 -86.7058996121879
463.4097575260712 -74.56862147228595
462.55561277727065 -62.45121582549485
461.38485367009247 -50.36189112264318
459.89840314814 -38.30889171470294
458.09739902866056 -26.300441545661037
455.9831928733723 -14.34473099925717
453.5573487375409 -2.449909449668558
414.77960921312 8.761066482665417
374.8043166610297 17.87515533891515
341.93728016736 25.382212257968323
313.3765062844651 31.58338345600188
290.42003185598577 36.99560014962963
268.97320095421856 41.44530620391776
250.35412267441478 45.29658365187944
234.5138160350477 48.77558573846603
220.10539638953955 51.78958175573184
207.10750487540062 54.45251663479282
195.49328928787074 56.87655415440771
185.23047340530331 59.17182881368638
175.06577253821297 60.993861312128146
166.2118391802752 62.83440196486036
158.62314085456086 64.79768460743972
149.94214391403955 65.88598958047834
142.5095740720157 67.17165521168701
136.26973761761508 68.75324452805206
130.07797464288677 70.0846113004805
123.9429866529163 71.16941100921598
117.87333844670498 72.01158015705788
111.87744948091296 72.61533123857737
106.9450305571541 73.73943629670909
102.04793726257498 74.68723062209605
97.19215226824 75.46144457289513
92.38355493002108 76.06499425682675
87.62791561007198 76.50097785126674
83.76893611974577 77.65136426434721
79.10558997140542 77.78468783556372
75.28778417807284 78.68273306239468
70.73620399114213 78.52448539058108
66.97648679417775 79.17846364931418
63.23566473973284 79.72333209255278
59.517244854595 80.16063714673886
55.82467424601173 80.49202550472681
52.161337154769235 80.71924208781999
48.530552079445556 80.84412792127951
45.446520076412284 81.93243029404373
41.85550393223026 81.87201536907658
38.30624724001607 81.71438801639097
35.20674520730229 82.56304276406844
31.71416698245977 82.22822077828124
28.604854620394853 82.92346151980654
25.17955829996699 82.41694654076501
22.06989294912557 82.96061413344214
18.945142500490938 83.43262964476291
15.621343160505752 82.68289867055583
12.509906909587702 83.00602747966053
9.389919800960568 83.25760507399167
6.26351447067835 83.43744014942787
3.1328279067338065 83.54539593686732
