592.5 72.5 0.000034259614449475565
-37.5 -112.5 0.000015242148490311968
-992.5 -422.5 0.000006777830868636962
-42.5 -232.5 0.000015242575027161145
-1042.5 -202.5 0.0000017117002270021959
452.5 82.5 0.0000609027187453099
777.5 -662.5 0.000015171849107650142
192.5 -822.5 0.0000037891746698316106
772.5 -667.5 0.000003792843211528579
-1032.5 -97.5 0.0000017091647704715671
-277.5 57.5 0.000027259588869702157
-1042.5 -212.5 0.000006843518487005274
-942.5 -512.5 0.000001687219292565512
1027.5 -82.5 0.0000038100911294066335
352.5 72.5 0.00001522716074287112
-837.5 -622.5 0.0000016781322126504409
27.5 -62.5 0.000001708337520016029
-857.5 32.5 0.0000068209070315144785
1037.5 -122.5 0.000015242714331641931
-1022.5 -352.5 0.000001700138016625402
1042.5 -192.5 0.0000038116482128103315
-637.5 -722.5 0.0000066790527461330854
-567.5 77.5 0.000015322152889789082
-312.5 62.5 0.000006813404148197066
537.5 -737.5 0.000003789415758060088
217.5 47.5 0.0000038076212724782486
-402.5 77.5 0.0000017025107406716895
452.5 -737.5 0.0000037894534081131474
-857.5 -607.5 0.0000016793900113695152
567.5 -732.5 0.0000037895556548039126
-442.5 -737.5 0.000001668505967962247
-167.5 -637.5 0.0000037915996593414644
-437.5 -737.5 0.000006674212450168092
367.5 72.5 0.000015226858498233736
-902.5 -557.5 0.000001683315389516079
42.5 -157.5 0.0000017106690973830779
-1037.5 -137.5 0.0000017101663623363906
-852.5 -612.5 0.0000016790241715841152
-1037.5 -282.5 0.0000017055669999372801
-237.5 52.5 0.000006816492664784172
-17.5 -357.5 0.0000038059631838873157
7.5 -812.5 0.0000016677295748725927
-37.5 -482.5 0.000006758535668296955
-997.5 -417.5 0.000006779814178841338
487.5 82.5 0.00003425780926839974
602.5 -727.5 0.000015159281764082113
1032.5 -97.5 0.000003810325433665375
-7.5 -812.5 0.0000037889633390871548
-17.5 -37.5 0.0000038094880606197338
-1017.5 -362.5 0.000006796967779050201
-27.5 -327.5 0.000015228643262048083
1027.5 -77.5 0.0000038100444025456356
1012.5 -17.5 0.000003809213577086013
-1002.5 -397.5 0.000006785812213603693
-532.5 77.5 0.00002723753701979351
-12.5 -372.5 0.000015221582675350354
-37.5 -122.5 0.000015242714331641931
-42.5 -207.5 0.0000038115545389715965
1042.5 -237.5 0.00000381046028736987
342.5 67.5 0.000003806900324972276
397.5 77.5 0.000060905515384582044
837.5 -622.5 0.0000037948474944930233
12.5 -12.5 0.0000017071170872269093
-327.5 67.5 0.0000017031455584374486
637.5 -722.5 0.000015160851199256646
-82.5 22.5 0.000001705852313281399
677.5 67.5 0.000034262695290841386
-192.5 42.5 0.000015342012663858592
22.5 -347.5 0.0000017003946829953307
967.5 -477.5 0.0000038012311734112633
-42.5 -157.5 0.0000038111750105550724
532.5 -737.5 0.000015157601750577844
32.5 -312.5 0.0000017032325991868659
472.5 77.5 0.00003425807936144824
-1007.5 -12.5 0.0000017070368310807773
-692.5 -702.5 0.00000668495135475639
-47.5 -497.5 0.000006753890846163079
807.5 -642.5 0.000015175544513147363
1022.5 -57.5 0.0000038097651402488342
637.5 72.5 0.000034260835481821354
672.5 67.5 0.000003806920537044362
-1017.5 -32.5 0.000006830244697803856
1027.5 -317.5 0.000015230152952160416
42.5 -177.5 0.0000017111721653510583
1042.5 -177.5 0.000003811458998642157
652.5 67.5 0.000034261737441410125
-1012.5 -377.5 0.000001698095494409612
-557.5 82.5 0.0000017023292390439526
-22.5 -57.5 0.0000038097651402488342
47.5 -497.5 0.000015201316176855504
-1042.5 -232.5 0.000006837315790710303
-677.5 -707.5 0.0000016708003464139363
772.5 47.5 0.000015230278392008212
-817.5 37.5 0.0000017048189360882206
467.5 77.5 0.000060903481838317844
37.5 -257.5 0.0000017073845485688148
972.5 -462.5 0.000015207118316431222
642.5 72.5 0.0000038067961058625128
-1037.5 -277.5 0.0000017058266623874938
1032.5 -302.5 0.000003808103117617646
582.5 77.5 0.000034258763661470746
-32.5 -477.5 0.0000016902217693591399
1012.5 -377.5 0.000003805206606287334
542.5 77.5 0.000003806494572073668
-527.5 77.5 0.000015320886597451836
-692.5 62.5 0.0000068137502137136604
-842.5 -617.5 0.000006714297086105408
2.5 -412.5 0.000003803824412971815
692.5 -702.5 0.000015164172635706272
1037.5 -272.5 0.000015236656973084388
942.5 12.5 0.0000038086065244500542
-462.5 -737.5 0.0000016683578090194717
-597.5 77.5 0.0000017025107406716895
-967.5 -467.5 0.0000016906954881972948
-172.5 37.5 0.000006819514674081318
-7.5 -382.5 0.0000038049546758129945
782.5 -662.5 0.0000037930828721250727
837.5 -617.5 0.0000037949428653950492
-827.5 37.5 0.000006819514674081318
-22.5 -342.5 0.00001522612307304873
-32.5 -307.5 0.000015231660044439376
852.5 -607.5 0.0000037954291432645805
-432.5 -732.5 0.000001668603764832684
642.5 67.5 0.000015227296355168909
392.5 77.5 0.0000038066294175230166
592.5 -732.5 0.000015158935072033214
-42.5 -237.5 0.00000381046028736987
-797.5 -647.5 0.0000016758144128046736
-687.5 -707.5 0.0000016710881622920197
-352.5 72.5 0.000006811661737248065
592.5 77.5 0.000003806599038289803
712.5 -697.5 0.0000037914295993580795
717.5 -692.5 0.000015166096595699457
-1042.5 -177.5 0.0000017111721653510583
42.5 -247.5 0.0000017081629287014735
287.5 57.5 0.000015228853485423148
-792.5 -652.5 0.000006701718840348454
17.5 -357.5 0.0000016996255130878402
302.5 62.5 0.000015228323983041039
-977.5 -457.5 0.0000016916514985099368
-412.5 77.5 0.00002724040754590783
-742.5 57.5 0.000006815506293529721
-642.5 -717.5 0.000001669873534535609
677.5 62.5 0.0000038070123166949964
42.5 -152.5 0.000006842173424538715
867.5 27.5 0.0000038081840072533
622.5 -722.5 0.000003790038114270775
22.5 -47.5 0.000001707927561307012
1042.5 -252.5 0.0000038099688325458123
-987.5 2.5 0.0000017065612671444535
-1042.5 -152.5 0.000006842173424538715
-822.5 -632.5 0.000006708758353183411
-422.5 -732.5 0.0000016687173267390318
392.5 72.5 0.000034259923352661446
682.5 -707.5 0.00001516350959252284
27.5 -72.5 0.000006834174027419487
512.5 82.5 0.00003425780926839974
-982.5 7.5 0.000001706484916470309
-482.5 82.5 0.000006809104868831861
907.5 -557.5 0.0000037977377600642532
-122.5 27.5 0.000001705425430126094
17.5 -352.5 0.0000016998816226868176
-37.5 12.5 0.0000017063361264010233
-707.5 -697.5 0.000006687050558679179
917.5 22.5 0.000003808452768691031
-877.5 27.5 0.000001705425430126094
-7.5 -392.5 0.000015218560325104307
652.5 72.5 0.0000038068196844395385
-1027.5 -327.5 0.000006808275418823469
-42.5 -182.5 0.000015246119875025572
-92.5 22.5 0.0000017057912822601896
17.5 7.5 0.0000038088106111743214
-32.5 -97.5 0.000003810325433665375
-712.5 62.5 0.000006814270319114851
422.5 77.5 0.00001522600852701816
1042.5 -142.5 0.0000038109857306860515
332.5 67.5 0.00003426245618857693
62.5 -832.5 0.0000037887841333448466
-32.5 -92.5 0.000015241020150858159
-377.5 72.5 0.00002724384478407724
427.5 77.5 0.000015226225560130682
-667.5 -712.5 0.000006681934586794072
-832.5 -627.5 0.0000016777846617376456
1012.5 -372.5 0.000015221582675350354
27.5 -462.5 0.00001520711831643122
1042.5 -247.5 0.0000038100919768243416
722.5 57.5 0.000060915972845738756
-22.5 -337.5 0.0000038067198853513005
-1032.5 -82.5 0.0000017088328457629741
32.5 -302.5 0.0000017040099774596316
-462.5 77.5 0.000015321377054433836
577.5 82.5 0.000015225925075984542
-1037.5 -267.5 0.0000017066056924469803
37.5 -267.5 0.0000017066056924469803
737.5 -682.5 0.0000037919554610009173
707.5 -697.5 0.000015165348860634867
17.5 -32.5 0.000006830244697803856
782.5 47.5 0.0000038076212724782486
1017.5 -362.5 0.000015223095906267059
-867.5 -597.5 0.000006720926957831528
1037.5 -257.5 0.0000038097220122860735
37.5 -252.5 0.0000017076440762449348
-52.5 12.5 0.0000017061931682297126
517.5 82.5 0.000015225712156275765
-127.5 -702.5 0.0000037905387877424313
42.5 -232.5 0.000006837315790710303
542.5 -737.5 0.000015157734330478748
687.5 62.5 0.000015228147666668007
492.5 -737.5 0.0000037893569601786242
-1012.5 -27.5 0.0000017074396176781795
-947.5 -502.5 0.000006752055841602503
-452.5 82.5 0.000027236190237712974
-97.5 22.5 0.000006822781513539969
1037.5 -112.5 0.000015242148490311968
1017.5 -42.5 0.000015238228447599649
517.5 77.5 0.000015225730983276097
-422.5 82.5 0.0000068094806384799814
-762.5 -672.5 0.000006695928142394536
-132.5 27.5 0.0000017053773042222191
-32.5 -82.5 0.0000038101379034849926
-2.5 -402.5 0.0000038042003884579052
-112.5 -742.5 0.0000037898989538613417
1032.5 -87.5 0.000003810184722865046
-762.5 52.5 0.000006816492664784171
-752.5 -677.5 0.0000016735107037590217
277.5 57.5 0.00006091597284573875
877.5 27.5 0.000003808211239625263
682.5 62.5 0.000003807035684222001
-282.5 -792.5 0.000001668659115341295
-1032.5 -297.5 0.000006817596063699998
-932.5 -522.5 0.0000016863246100063606
852.5 -612.5 0.0000037953306518570654
-322.5 -772.5 0.0000016688757467067051
617.5 77.5 0.000015226571888081688
-212.5 47.5 0.000006817683504176019
37.5 -137.5 0.0000017101663623363906
-1027.5 -67.5 0.0000017084198355036548
-37.5 -117.5 0.000003810607820051513
997.5 2.5 0.0000038088976415348415
-1042.5 -227.5 0.000001709717100848799
442.5 77.5 0.00003425826125518826
357.5 72.5 0.0000038067961058625128
997.5 -417.5 0.000015214547240118733
-502.5 -737.5 0.0000016682518765526751
817.5 -637.5 0.000015176612782553481
-1032.5 -292.5 0.0000017047882154758552
-982.5 -442.5 0.0000016928616289624544
-207.5 42.5 0.0000017045120788503143
-17.5 -442.5 0.0000016928616289624544
42.5 -162.5 0.000006843179444335966
-1032.5 -102.5 0.000006837158195084012
-1027.5 -337.5 0.000001701423834972217
612.5 -727.5 0.000015159663528440542
237.5 -807.5 0.0000037893767083763807
-982.5 -447.5 0.000006769987919085455
702.5 -702.5 0.00000379118731945663
-577.5 82.5 0.000006809480638479982
-642.5 72.5 0.0000017029258864317523
1017.5 -367.5 0.0000038055847952445067
-812.5 -642.5 0.0000016766109726094251
-447.5 82.5 0.000015320732584973135
1032.5 -307.5 0.000015231660044439376
-742.5 -682.5 0.000006692234462647816
32.5 -102.5 0.000006837158195084012
-392.5 77.5 0.000001702631644198692
-907.5 22.5 0.0000017057912822601896
552.5 82.5 0.000034257992102555186
887.5 -577.5 0.0000037968686952794816
42.5 -487.5 0.0000152027519981036
42.5 -192.5 0.0000017115074072230002
-507.5 -737.5 0.0000016682545259265235
1037.5 -252.5 0.0000038098455093582235
-1042.5 -197.5 0.000001711591214697073
-37.5 -287.5 0.00001523466394324718
-1002.5 -407.5 0.0000016958261041955034
237.5 47.5 0.000003807522084743185
-777.5 -662.5 0.000006698749170265694
-142.5 -832.5 0.0000016677342710451403
-42.5 -147.5 0.000003811033038872593
-647.5 72.5 0.000006811661737248065
7.5 -392.5 0.0000067878263230391
1037.5 -127.5 0.000003810749392492891
1007.5 -7.5 0.000015236219343423803
-42.5 -487.5 0.000006756668139579053
987.5 -437.5 0.000015211061132756562
932.5 -527.5 0.0000037990956367597695
502.5 82.5 0.00006090265420196958
-42.5 -217.5 0.0000038111914788237584
-37.5 -257.5 0.0000038097220122860735
-487.5 82.5 0.00001532040991951313
-27.5 -82.5 0.0000038100911294066335
-182.5 37.5 0.0000017048189360882206
-1032.5 -307.5 0.00000681448469140244
-992.5 -427.5 0.0000016940871930261554
-587.5 -732.5 0.0000016688466113163878
2.5 -402.5 0.0000016960765164826162
-12.5 -17.5 0.000003809213577086013
372.5 72.5 0.000034260739703545575
-7.5 -12.5 0.0000038091227307937382
-862.5 -602.5 0.000006719418358035462
-892.5 27.5 0.000001705602310981488
427.5 -732.5 0.000015158347727464615
-1027.5 -322.5 0.0000017024563960520015
-657.5 -717.5 0.000006680913249619583
-27.5 7.5 0.0000017064098385864166
-917.5 22.5 0.000001705852313281399
402.5 77.5 0.0000038065609199775115
822.5 -632.5 0.000015177338745169063
-552.5 82.5 0.000015320732584973135
-497.5 82.5 0.000027236076348895117
-942.5 -507.5 0.0000016874452176582259
-482.5 -737.5 0.0000016682730700186175
-32.5 -87.5 0.000003810184722865046
-7.5 -387.5 0.000003804828788420726
647.5 72.5 0.000015227160742871121
12.5 2.5 0.000003808853793561996
-542.5 82.5 0.000006808916493019989
-32.5 -107.5 0.00000381046648326643
892.5 -567.5 0.0000037971909151573097
1017.5 -357.5 0.0000038059631838873157
1002.5 -407.5 0.000003804074961464331
1007.5 -387.5 0.000003804828788420726
947.5 -507.5 0.0000037999137270999712
762.5 52.5 0.000015229896584787127
32.5 -292.5 0.0000017047882154758552
1037.5 -137.5 0.000003810891149182142
982.5 7.5 0.0000038088106111743214
-417.5 -732.5 0.000006675120898229094
-7.5 -422.5 0.000006777830868636963
802.5 -647.5 0.000015174846385627933
-852.5 32.5 0.0000017051505569205923
-1042.5 -242.5 0.000006834207330528137
-607.5 -727.5 0.0000016691521490938042
42.5 -142.5 0.0000017103338596516649
-1027.5 -82.5 0.0000017087500639395542
42.5 -167.5 0.0000017109206338224823
-797.5 47.5 0.0000017045251184556862
-517.5 77.5 0.000006809138095757416
612.5 72.5 0.000015226779863643989
-612.5 -727.5 0.000006676953971675799
-32.5 -302.5 0.000003808103117617646
797.5 47.5 0.000003807701699529009
902.5 -562.5 0.00000379751759053049
202.5 42.5 0.000003807736858325296
307.5 62.5 0.000015228343659110267
-672.5 67.5 0.0000017031455584374486
377.5 72.5 0.000060907055569661263
797.5 -647.5 0.000003793582483741734
37.5 -277.5 0.0000017058266623874938
42.5 -252.5 0.0000017079035399345925
-997.5 2.5 0.000001706638797221392
892.5 27.5 0.000003808311323652267
37.5 -127.5 0.0000017099153435618615
-542.5 77.5 0.0000017023936410793222
-157.5 32.5 0.0000017051121174579206
-167.5 37.5 0.000006819903586880567
-27.5 -77.5 0.0000038100444025456356
-112.5 -832.5 0.0000016676941397617566
-22.5 -457.5 0.0000016916514985099368
-292.5 62.5 0.000001703497023749887
467.5 -737.5 0.000015157601750577843
-632.5 -722.5 0.000001669656245276012
312.5 67.5 0.000003807000586400814
872.5 -592.5 0.000015184747038883216
-1042.5 -217.5 0.0000017104924067231416
2.5 -417.5 0.000015214547240118733
37.5 -482.5 0.000015203714983729011
-732.5 -687.5 0.00000669074458501028
-892.5 -567.5 0.0000016824932659791182
597.5 77.5 0.0000038065609199775115
662.5 -712.5 0.0000037905461434941473
22.5 -57.5 0.0000017081732026504698
-607.5 77.5 0.000001702631644198692
-37.5 -142.5 0.0000038109384334926104
972.5 7.5 0.000003808768147257281
-1007.5 -2.5 0.0000017067970197722914
132.5 32.5 0.0000038081439180830697
-772.5 -667.5 0.0000016744715900699311
-927.5 -532.5 0.000006742216485178726
32.5 -97.5 0.0000017091647704715671
-397.5 77.5 0.0000272411261552889
-52.5 -502.5 0.000006752055841602503
732.5 57.5 0.00003426572850190457
-962.5 12.5 0.0000017063361264010233
-387.5 72.5 0.000006810989392649798
1007.5 -392.5 0.000015218560325104307
702.5 -697.5 0.0000037912465758264156
-957.5 -492.5 0.000001688818858770835
-287.5 57.5 0.000006814650472235571
742.5 -682.5 0.000015168240618695334
1007.5 -12.5 0.0000038091227307937382
632.5 -722.5 0.000003790152347708503
-677.5 62.5 0.000001703307602770813
27.5 -327.5 0.000006808275418823469
907.5 22.5 0.000003808418240252366
647.5 -717.5 0.000015161359416725256
-537.5 77.5 0.000015321377054433836
-27.5 -72.5 0.000015239897645772906
457.5 -737.5 0.000015157734330478746
-287.5 62.5 0.00000681427031911485
422.5 82.5 0.000015225925075984542
-367.5 72.5 0.000006811128191744702
-577.5 -732.5 0.0000016687173267390318
42.5 -182.5 0.00000684519160725857
-1012.5 -17.5 0.0000017071974973142014
-662.5 67.5 0.000006812335164775169
-652.5 -717.5 0.0000016701061098545708
27.5 -317.5 0.00000681137738801619
27.5 -822.5 0.000003788843924195324
787.5 -657.5 0.000003793246439100842
-7.5 -2.5 0.000003808987121445788
127.5 -702.5 0.000001670317954123252
-1027.5 -317.5 0.0000068113773880161905
-597.5 -732.5 0.0000016689915702188053
42.5 -147.5 0.0000017104176437006761
-17.5 -367.5 0.0000038055847952445067
882.5 27.5 0.00001523304162097328
287.5 62.5 0.000015228638208258358
922.5 17.5 0.0000038084884458694505
992.5 -422.5 0.000015213548352141832
607.5 72.5 0.000034259923352661446
-392.5 72.5 0.000015324141255451168
-522.5 -737.5 0.000006673154085029138
-1027.5 -77.5 0.0000017086673686203219
957.5 -492.5 0.000003800508151313619
222.5 47.5 0.0000038075876578857836
247.5 52.5 0.000034266889891569166
-347.5 72.5 0.0000017029675102019273
897.5 -562.5 0.000003797408214828544
-12.5 -22.5 0.000015237127768265582
417.5 -732.5 0.000015158623663283009
22.5 -342.5 0.000006803120780961466
-527.5 -737.5 0.00000166830750196612
447.5 82.5 0.000034257992102555186
-42.5 -252.5 0.0000038099688325458123
12.5 -372.5 0.000006793907598517297
-62.5 -832.5 0.000001667445387378585
42.5 -212.5 0.000006843518487005274
7.5 -2.5 0.0000017067970197722914
-887.5 -577.5 0.000001681888395348817
-17.5 7.5 0.000001706484916470309
432.5 -732.5 0.0000037895556548039126
7.5 -7.5 0.000006827667051532543
577.5 -732.5 0.000003789620189091411
-777.5 47.5 0.000001704323665416496
-1037.5 -252.5 0.0000017076440762449348
-882.5 27.5 0.00000682204928045198
-592.5 77.5 0.0000017025780228505874
357.5 67.5 0.000015227296355168909
-1007.5 -392.5 0.0000067878263230391
-57.5 12.5 0.000001706124105465613
-27.5 -67.5 0.0000038099045244275073
-677.5 67.5 0.000015329034709763846
-1497.5 1997.5 NaN
1037.5 -282.5 0.000003808853099259596
-912.5 -552.5 0.0000016839433575279005
-497.5 -737.5 0.000006673005739937146
22.5 -352.5 0.000001700138016625402
517.5 -737.5 0.0000037893675193729635
1042.5 -227.5 0.0000038108268186813754
772.5 52.5 0.000003807520406839457
1042.5 -167.5 0.000003811317013643466
507.5 82.5 0.00006090269641743928
42.5 -207.5 0.0000017112670202685442
-37.5 -132.5 0.000015243281012719353
-32.5 -292.5 0.0000038084786261038338
327.5 67.5 0.000003806920537044362
-77.5 -772.5 0.0000037894584398540697
337.5 72.5 0.000003806853652521119
-27.5 -332.5 0.0000038069719162980924
-967.5 -477.5 0.0000016902217693591399
107.5 27.5 0.000003808311323652267
952.5 -497.5 0.000015201316176855502
-957.5 12.5 0.0000017062638723209646
442.5 82.5 0.0000038064580826453066
1022.5 -337.5 0.0000038067198853513005
-707.5 62.5 0.000001703497023749887
-77.5 17.5 0.0000017059153764828527
-372.5 72.5 0.00001532558228809451
-577.5 77.5 0.000006809627924424376
667.5 -712.5 0.000015162476956024702
7.5 -427.5 0.000003803200133001276
-947.5 12.5 0.0000017061931682297126
1022.5 -347.5 0.0000038063416029354037
-882.5 -577.5 0.0000016816890565028498
27.5 -67.5 0.0000017084198355036548
-932.5 17.5 0.000006824074315191625
-627.5 72.5 0.00001532558228809451
-32.5 -467.5 0.0000016906954881972948
887.5 -572.5 0.0000037969755957362083
707.5 62.5 0.000003807119595449534
-427.5 -732.5 0.000006674635185169259
-397.5 -727.5 0.0000016690433638155825
-317.5 62.5 0.0000017033488618237804
507.5 -737.5 0.0000037893569601786242
-672.5 -712.5 0.0000016706167566674162
-937.5 -522.5 0.000001686546906198233
562.5 77.5 0.000060904034331117686
167.5 -637.5 0.000001672125134865581
567.5 77.5 0.00003425879683817232
12.5 -437.5 0.000015211061132756564
662.5 72.5 0.000003806853652521119
-1037.5 -117.5 0.0000017096646780303556
-827.5 -627.5 0.0000016776128975900473
-22.5 -352.5 0.000003806215470232722
927.5 -532.5 0.000015195231579202025
-587.5 77.5 0.000027240407545907825
627.5 72.5 0.00003426073970354558
-562.5 -737.5 0.000006674212450168092
-607.5 72.5 0.000015324141255451168
-682.5 -707.5 0.000006683770405053523
37.5 -477.5 0.0000038011099914444584
42.5 12.5 0.000003808685585037679
827.5 -627.5 0.000003794565261298822
482.5 77.5 0.000015225730983276099
-27.5 -317.5 0.000015230152952160418
842.5 -617.5 0.000015180348765609971
182.5 42.5 0.000003807831375605425
-897.5 -562.5 0.0000016829021277464865
-1042.5 -172.5 0.000006844185618398137
577.5 77.5 0.00001522600852701816
-817.5 42.5 0.00000170475421113879
42.5 -227.5 0.000001709717100848799
677.5 -707.5 0.0000037907974460687804
-1042.5 -142.5 0.0000017103338596516649
92.5 22.5 0.000003808418240252366
1012.5 -382.5 0.000003805080617242865
-37.5 -277.5 0.000003808977667706586
1032.5 -292.5 0.0000038084786261038338
907.5 -552.5 0.0000037978485404075594
1027.5 -332.5 0.0000038069719162980924
987.5 2.5 0.000003808853793561996
-12.5 -377.5 0.000003805206606287334
12.5 -22.5 0.000006829273646819815
-612.5 72.5 0.000006810989392649798
932.5 17.5 0.000015234187315843646
-772.5 52.5 0.0000017042048755167807
742.5 52.5 0.0000152295784361803
-472.5 -737.5 0.00000166830750196612
-1017.5 -367.5 0.0000016988590095300309
752.5 52.5 0.000034266889891569166
757.5 -672.5 0.0000037924592972960064
657.5 -717.5 0.000015161901445056446
-17.5 -362.5 0.000015223095906267059
32.5 -87.5 0.000001708915710709001
-797.5 -652.5 0.0000016756593769210388
1042.5 -152.5 0.00001524441607355661
1027.5 -67.5 0.0000038099045244275073
532.5 77.5 0.000060903481838317844
-1042.5 -147.5 0.0000017104176437006761
-2.5 -397.5 0.000015217554846079421
-42.5 -492.5 0.000001688818858770835
-532.5 -737.5 0.0000066733235699840155
7.5 -422.5 0.000015213548352141832
732.5 -687.5 0.000015167411380939687
-702.5 -702.5 0.0000016714949461655936
347.5 67.5 0.000034261737441410125
622.5 72.5 0.000060907055569661263
-492.5 -737.5 0.0000016682545259265235
597.5 -732.5 0.0000037897758829357555
-627.5 -722.5 0.000006678214291442314
1042.5 -242.5 0.000015241105291523129
-147.5 32.5 0.0000017051505569205923
-442.5 82.5 0.0000017023292390439526
-687.5 67.5 0.000001703286890427676
-22.5 -347.5 0.0000038063416029354037
967.5 -467.5 0.000003801474296131722
-487.5 -737.5 0.0000066730481286061406
1017.5 -37.5 0.0000038094880606197338
112.5 -742.5 0.000001669251377283007
-2.5 -407.5 0.0000013903229595425466
-1022.5 -57.5 0.0000017081732026504698
-1042.5 -157.5 0.0000017106690973830779
-617.5 -727.5 0.000006677437468033268
297.5 62.5 0.000015228528994243128
-37.5 -127.5 0.000003810749392492891
-227.5 47.5 0.000006817167060082706
792.5 -652.5 0.000015173484670303933
-937.5 -512.5 0.00000168699425834318
417.5 77.5 0.000034258763661470746
-737.5 -682.5 0.000001672870421230162
-347.5 67.5 0.000015327343636656054
-1042.5 -222.5 0.000006840419584381546
442.5 -737.5 0.0000037895000498437257
37.5 -282.5 0.0000017055669999372801
-32.5 -472.5 0.0000016904582619851712
962.5 -482.5 0.000015203714983729011
-417.5 77.5 0.000015322094322554277
-647.5 -717.5 0.000006679952513332918
-542.5 -737.5 0.000006673556520687897
832.5 37.5 0.000015231827386417224
982.5 -447.5 0.000015209576735683924
-1012.5 -12.5 0.0000017071170872269093
-12.5 -12.5 0.0000038091681112020952
-22.5 -52.5 0.000015238782629829106
32.5 -477.5 0.0000038012311734112633
-712.5 -697.5 0.0000016719277890923028
812.5 -642.5 0.000003794018792195932
-1022.5 -62.5 0.000001708255307938421
-222.5 47.5 0.000001704323665416496
497.5 -737.5 0.000003789355451517635
-617.5 77.5 0.000006810622274345555
-552.5 -737.5 0.000006673852850759528
787.5 47.5 0.000015230570758335686
-457.5 -737.5 0.000006673556520687898
-762.5 47.5 0.0000017042078399110183
-767.5 -667.5 0.000006697038507782094
-522.5 77.5 0.000027236794139730035
-512.5 -737.5 0.00000667304812860614
37.5 -117.5 0.0000017096646780303556
-962.5 -477.5 0.0000016899860217860774
-247.5 52.5 0.00001533644188214729
742.5 57.5 0.00001522933810191948
-2.5 -412.5 0.00000169532671745164
917.5 -542.5 0.000015193410534658065
322.5 -772.5 0.0000037896940081788635
-472.5 77.5 0.000015320886597451836
312.5 62.5 0.000015228147666668006
-1017.5 -37.5 0.0000017076830026359734
997.5 -407.5 0.000003803949634103113
167.5 37.5 0.000015231827386417224
-657.5 67.5 0.000001703109875907033
17.5 -442.5 0.000003802579508862491
-1022.5 -47.5 0.000001707927561307012
-42.5 -192.5 0.0000038116482128103315
1022.5 -52.5 0.000015238782629829106
-662.5 72.5 0.0000017030274765967817
607.5 77.5 0.0000038066294175230166
-927.5 -527.5 0.0000016858828313608395
-307.5 62.5 0.000006813750213713661
-1032.5 -302.5 0.0000017040099774596316
-1037.5 -132.5 0.000006840163273945546
-582.5 -732.5 0.000006675120898229094
437.5 -737.5 0.000015158107432700976
492.5 82.5 0.00006090269641743928
762.5 -672.5 0.000015170290016836124
-1017.5 -357.5 0.0000016996255130878402
2.5 -397.5 0.000006785812213603693
-947.5 -507.5 0.000001687672022643747
-257.5 57.5 0.000006815506293529721
692.5 62.5 0.000015228343659110267
-32.5 -297.5 0.00001523316391298914
-342.5 67.5 0.000001703109875907033
537.5 77.5 0.00003425835725546308
-1022.5 -342.5 0.000006803120780961465
317.5 62.5 0.000003807035684222001
-1037.5 -127.5 0.0000017099153435618615
-322.5 67.5 0.000015329034709763846
607.5 -727.5 0.0000037898669476845813
-32.5 -102.5 0.000015241583694617068
937.5 -512.5 0.000003799560991628082
1027.5 -337.5 0.000003806845920593993
-972.5 -462.5 0.000006765167088698277
-202.5 42.5 0.0000017045872299064348
37.5 -287.5 0.000006820710247374972
-457.5 77.5 0.0000017023936410793222
32.5 -307.5 0.000006814484691402439
-977.5 -452.5 0.0000067680516403394234
22.5 -52.5 0.000006832201065995831
37.5 -112.5 0.000006838158050704598
447.5 -737.5 0.000015157902925468494
12.5 -17.5 0.0000017071974973142014
-217.5 47.5 0.000001704383043665739
-1032.5 -312.5 0.0000017032325991868659
-672.5 -707.5 0.0000016707077201058164
32.5 -92.5 0.00000683616066267227
-972.5 7.5 0.0000017064098385864166
527.5 77.5 0.00003425807936144825
997.5 -412.5 0.000003803824412971815
1042.5 -217.5 0.0000038111914788237593
-702.5 62.5 0.000006814077469941448
1037.5 -117.5 0.000003810607820051513
1037.5 -287.5 0.00001523466394324718
1042.5 -232.5 0.000015242575027161147
32.5 -82.5 0.0000017088328457629741
362.5 72.5 0.000034260835481821354
942.5 -507.5 0.0000037997958081978047
-807.5 42.5 0.000015342012663858592
-717.5 -692.5 0.000006688387848898551
-237.5 -807.5 0.0000016683805400651272
-1027.5 -72.5 0.000006834174027419487
897.5 -567.5 0.0000037972993208027942
-382.5 77.5 0.000006810622274345555
687.5 -707.5 0.000003790959156535773
807.5 42.5 0.000034270043575633074
-557.5 -737.5 0.000001668505967962247
-27.5 -337.5 0.000003806845920593993
857.5 -602.5 0.0000037956279361124913
-987.5 -437.5 0.00000677291126890355
-842.5 37.5 0.0000017050440744131566
257.5 52.5 0.000015229578436180301
-12.5 -27.5 0.0000038093504685372
472.5 -737.5 0.000003789387122655098
512.5 -737.5 0.000015157444937620882
37.5 -262.5 0.000006827980617038987
-832.5 -622.5 0.00000167795776946121
22.5 -457.5 0.0000038019633841824377
462.5 -737.5 0.000003789415758060088
-902.5 22.5 0.000006822781513539969
7.5 -387.5 0.0000016973352901575021
42.5 -797.5 0.000001668044685172513
202.5 47.5 0.000003807701699529009
937.5 -522.5 0.0000037993275827484486
-42.5 -227.5 0.0000038108268186813754
857.5 -607.5 0.0000037955282401130004
1042.5 -207.5 0.0000038115545389715965
-997.5 -407.5 0.000001695576167215206
-1037.5 -112.5 0.000006838158050704598
922.5 -537.5 0.000015194317773670303
817.5 37.5 0.0000038078680101475013
792.5 42.5 0.00000380769431788858
-1042.5 -237.5 0.000001708940538402692
1017.5 -352.5 0.0000038060893284876806
12.5 -27.5 0.0000017074396176781795
117.5 27.5 0.000015233041620973281
-27.5 -822.5 0.0000016675397667491112
547.5 82.5 0.000060902718745309886
1002.5 2.5 0.000003808942101955107
2.5 2.5 0.000001390195708417488
1037.5 -142.5 0.0000038109384334926104
797.5 42.5 0.000003807736858325296
122.5 27.5 0.000003808211239625263
932.5 -522.5 0.000003799211423445512
-2.5 -417.5 0.000006779814178841337
-357.5 72.5 0.0000017029258864317523
1037.5 -277.5 0.000003808977667706586
-832.5 37.5 0.000006819903586880567
-22.5 -452.5 0.0000067680516403394234
-37.5 -137.5 0.000003810891149182142
237.5 52.5 0.000015229896584787127
-42.5 -242.5 0.000015241105291523129
-37.5 -267.5 0.0000038093505290280257
-897.5 -567.5 0.0000016826971419172934
-1037.5 -257.5 0.0000017073845485688148
-422.5 77.5 0.000006809627924424377
977.5 -457.5 0.0000038019633841824377
227.5 52.5 0.000003807520406839457
22.5 -62.5 0.000001708255307938421
-407.5 72.5 0.000015323596008286153
-937.5 -517.5 0.0000016867701259246386
-1007.5 -382.5 0.0000016975883037908908
-1022.5 -347.5 0.0000017003946829953307
422.5 -732.5 0.000003789620189091411
652.5 -717.5 0.0000037904064393339164
67.5 17.5 0.000015234187315843644
817.5 42.5 0.000003807831375605425
-667.5 67.5 0.00001532861256853284
-447.5 -737.5 0.000006673852850759529
-1027.5 -332.5 0.0000017016816852382072
-827.5 -632.5 0.0000016774424850547013
-962.5 -482.5 0.000006758535668296955
697.5 62.5 0.000015228323983041039
337.5 67.5 0.00001522754220265653
37.5 12.5 0.000003808726454431058
-117.5 27.5 0.00000682204928045198
947.5 12.5 0.000003808645591128196
857.5 32.5 0.000015232395264909161
-877.5 -587.5 0.0000067240028087497355
-467.5 -737.5 0.0000066733235699840155
-407.5 77.5 0.0000017025780228505874
572.5 77.5 0.000015226225560130682
22.5 -337.5 0.0000017011661977570575
27.5 7.5 0.000003808768147257281
382.5 77.5 0.000015226571888081688
-37.5 -272.5 0.000015236656973084388
982.5 -442.5 0.000003802579508862491
602.5 77.5 0.00006090551538458205
1012.5 -12.5 0.0000038091681112020952
-17.5 -352.5 0.0000038060893284876806
-1042.5 -207.5 0.0000017112670202685442
-787.5 47.5 0.000006817683504176019
-1037.5 -262.5 0.000006827980617038988
-922.5 17.5 0.0000017059153764828527
-507.5 82.5 0.000027236150852333824
-312.5 67.5 0.000001703286890427676
912.5 -547.5 0.000015192510081015689
712.5 62.5 0.000015228638208258358
2.5 -407.5 0.0000013902124094605888
17.5 -362.5 0.0000067969677790502
1037.5 -267.5 0.0000038093505290280257
42.5 -187.5 0.000001711423613819127
-17.5 -32.5 0.000015237676758241894
412.5 77.5 0.000060905108244000264
132.5 27.5 0.0000038081840072533
1042.5 -172.5 0.00001524555204312937
-37.5 -477.5 0.0000016899860217860774
-687.5 62.5 0.000006813404148197066
-402.5 -732.5 0.0000016689915702188053
-192.5 -822.5 0.0000016680633533900929
-702.5 -697.5 0.0000016716007253413807
-42.5 -172.5 0.000015245552043129368
827.5 -632.5 0.000003794472496864215
17.5 -447.5 0.000015209576735683926
-22.5 -47.5 0.000003809626301743606
-477.5 -737.5 0.000006673154085029138
-852.5 -607.5 0.0000016792064531509944
942.5 -512.5 0.000003799678227404222
1012.5 -27.5 0.0000038093504685372
867.5 32.5 0.0000038081439180830697
1042.5 -212.5 0.00001524549243317551
-592.5 -732.5 0.0000066756694079368066
12.5 -382.5 0.0000016978417091903805
-712.5 57.5 0.000006814650472235571
-572.5 -732.5 0.000006674635185169259
457.5 77.5 0.000003806494572073668
292.5 62.5 0.000003807119595449534
-567.5 -732.5 0.000001668603764832684
-42.5 -197.5 0.0000038116955104134443
-37.5 -282.5 0.000003808853099259596
1022.5 -47.5 0.000003809626301743606
-1042.5 -247.5 0.0000017081629287014735
-942.5 12.5 0.000001706124105465613
-42.5 -162.5 0.000015244984045434576
322.5 62.5 0.0000038070123166949964
157.5 37.5 0.0000038079954319927076
-857.5 -602.5 0.000001679574837550742
37.5 -132.5 0.000006840163273945546
-652.5 72.5 0.0000017029675102019273
17.5 -367.5 0.0000016988590095300309
27.5 -322.5 0.0000017024563960520015
-1037.5 -272.5 0.000006824864709268818
1042.5 -222.5 0.000015244037433716447
482.5 -737.5 0.0000037893675193729635
762.5 47.5 0.000003807522084743185
-1022.5 -337.5 0.0000017011661977570575
-27.5 -322.5 0.0000038073496062541778
-42.5 -797.5 0.000003789159877223363
-1032.5 -87.5 0.000001708915710709001
407.5 -732.5 0.000015158935072033214
57.5 12.5 0.0000038086065244500542
1027.5 -327.5 0.000015228643262048087
1027.5 -322.5 0.0000038073496062541778
-237.5 47.5 0.0000017042078399110183
-332.5 67.5 0.000015328612568532838
-142.5 32.5 0.0000068209070315144785
-1042.5 -182.5 0.00000684519160725857
862.5 -602.5 0.000015183114649744873
702.5 62.5 0.000015228528994243126
832.5 -622.5 0.0000037947527661341226
587.5 77.5 0.00006090510824400026
-872.5 -592.5 0.000006722455205180091
-1002.5 2.5 0.0000017067174128568424
77.5 -772.5 0.0000016685284261737427
-512.5 82.5 0.00001532040991951313
-322.5 62.5 0.000001703307602770813
172.5 37.5 0.000015231607272821927
497.5 82.5 0.00003425774397815352
777.5 47.5 0.0000038075876578857836
-1027.5 -62.5 0.000001708337520016029
-972.5 -467.5 0.0000016909334364977722
-12.5 -437.5 0.00000677291126890355
227.5 47.5 0.000015230278392008214
1032.5 -102.5 0.000015241583694617068
827.5 37.5 0.000015231607272821927
-42.5 -167.5 0.000003811317013643466
477.5 77.5 0.00006090306091627124
542.5 82.5 0.000015225605420572159
522.5 -737.5 0.00001515750526666365
42.5 -202.5 0.0000017117002270021959
17.5 -37.5 0.0000017076830026359734
-547.5 -737.5 0.0000016684239725346854
-517.5 -737.5 0.0000016682730700186175
912.5 -552.5 0.0000037979597754514006
767.5 -667.5 0.000015170904309927546
-502.5 82.5 0.000015320294692638746
-257.5 52.5 0.000006815930752299205
32.5 -467.5 0.000003801474296131722
-42.5 -222.5 0.000015244037433716447
992.5 -427.5 0.000003803200133001276
552.5 -737.5 0.000015157902925468494
-17.5 -447.5 0.000006769987919085454
-202.5 47.5 0.0000017045251184556862
-1037.5 -287.5 0.000006820710247374972
-917.5 -542.5 0.000006738752131767931
-742.5 52.5 0.000006815930752299204
-1037.5 -142.5 0.0000017102500980820677
182.5 37.5 0.0000038078680101475013
52.5 -502.5 0.000015200365056643003
502.5 -737.5 0.000015157420800273787
32.5 -107.5 0.000001709414456642581
-782.5 -657.5 0.0000016750537251356674
842.5 32.5 0.0000038080339397323974
-32.5 -312.5 0.0000038077267259760677
1042.5 -182.5 0.000015246119875025572
-1042.5 -167.5 0.0000017109206338224823
27.5 -332.5 0.0000017016816852382072
672.5 -707.5 0.000003790745354789052
747.5 -677.5 0.000015168809960341149
32.5 -297.5 0.000006817596063699998
-537.5 -737.5 0.0000016683578090194717
-7.5 -7.5 0.000015236219343423801
757.5 -677.5 0.00000379238488817495
957.5 -487.5 0.0000152027519981036
-887.5 -572.5 0.0000016820888829728047
977.5 -452.5 0.000015208590895313125
-42.5 -177.5 0.000003811458998642157
1042.5 -162.5 0.000015244984045434576
-407.5 -732.5 0.000006675669407936806
37.5 -122.5 0.000006839159864983277
-722.5 -692.5 0.000006689311457147633
-637.5 72.5 0.00001532575135525803
902.5 22.5 0.000015233455922224212
-952.5 -497.5 0.000006753890846163079
882.5 -582.5 0.000015186415112186426
-837.5 -617.5 0.0000016783079831213541
7.5 -382.5 0.0000016975883037908908
-752.5 52.5 0.00001533644188214729
947.5 -502.5 0.000015200365056643001
527.5 -737.5 0.000003789387122655098
12.5 -377.5 0.000001698095494409612
-1022.5 -52.5 0.000006832201065995831
-697.5 -702.5 0.0000016713907957785505
42.5 -222.5 0.0000068404195843815465
97.5 22.5 0.000015233455922224212
477.5 -737.5 0.00001515750526666365
867.5 -597.5 0.000015183926280374863
-932.5 -527.5 0.0000016861032481445987
1032.5 -82.5 0.0000038101379034849926
667.5 67.5 0.00003426245618857693
-12.5 -382.5 0.000003805080617242865
1032.5 -107.5 0.00000381046648326643
-802.5 -647.5 0.000006704199328714404
1042.5 -187.5 0.0000038116009214488376
522.5 77.5 0.00006090306091627123
-957.5 -487.5 0.000006756668139579053
1027.5 -62.5 0.0000038098580055973964
-697.5 62.5 0.000006813715467364059
-442.5 77.5 0.000015321207610683085
1042.5 -147.5 0.000003811033038872593
852.5 32.5 0.000003808055693583217
-42.5 -212.5 0.000015245492433175512
-42.5 -187.5 0.0000038116009214488376
-772.5 47.5 0.000006817167060082706
-297.5 62.5 0.000006814077469941448
-477.5 77.5 0.000027236794139730038
82.5 22.5 0.000003808452768691031
797.5 -652.5 0.0000037934973723724658
-362.5 -752.5 0.000001669009887345047
37.5 -272.5 0.000006824864709268818
397.5 -727.5 0.0000037898052632355686
722.5 -692.5 0.000015166612311604948
-27.5 -467.5 0.0000016909334364977722
-337.5 72.5 0.0000017030274765967817
17.5 -42.5 0.000006831220625482496
-432.5 77.5 0.000015322152889789082
12.5 -432.5 0.000015212054171877393
-37.5 -252.5 0.0000038098455093582235
27.5 -77.5 0.0000017086673686203219
-622.5 -722.5 0.0000016694543248457503
-787.5 -657.5 0.0000016752029503783306
882.5 -577.5 0.000003796762309839441
1037.5 -262.5 0.000015238145725713757
212.5 47.5 0.000015230570758335688
-732.5 57.5 0.000015334390738726784
-792.5 42.5 0.0000017045120788503143
-27.5 -62.5 0.0000038098580055973964
-107.5 27.5 0.000001705602310981488
687.5 67.5 0.000003807000586400814
-357.5 67.5 0.000006811901146567343
42.5 -172.5 0.000006844185618398137
1042.5 -157.5 0.0000038111750105550724
-2.5 2.5 0.0000013902324908887448
-12.5 2.5 0.0000017065612671444535
-592.5 72.5 0.000015323596008286157
-987.5 -432.5 0.000006774872242055933
462.5 77.5 0.00003425835725546309
1027.5 -72.5 0.000015239897645772908
627.5 -722.5 0.000015160377100733974
-582.5 77.5 0.000015322094322554277
-997.5 -412.5 0.00000169532671745164
207.5 42.5 0.00000380769431788858
847.5 -612.5 0.000003795232772151017
-807.5 -642.5 0.000006705473868407474
142.5 32.5 0.000015232395264909161
-602.5 77.5 0.0000272411261552889
-12.5 -432.5 0.000006774872242055934
-682.5 62.5 0.0000017033488618237804
-907.5 -552.5 0.0000016837329715671234
482.5 82.5 0.000015225712156275765
877.5 -587.5 0.000015185576718822735
1037.5 -132.5 0.000015243281012719353
1022.5 -62.5 0.00000380981154356578
42.5 -492.5 0.000003800508151313619
582.5 -732.5 0.000015158623663283009
-1012.5 -372.5 0.000006793907598517297
-267.5 57.5 0.000015334390738726787
-1017.5 -42.5 0.000006831220625482497
-882.5 -582.5 0.0000067255694729088255
37.5 -142.5 0.0000017102500980820677
267.5 57.5 0.00003426572850190458
77.5 17.5 0.0000038084884458694505
-967.5 -472.5 0.000001690458261985171
-572.5 77.5 0.00000681001099019758
-132.5 32.5 0.0000017053064587160945
727.5 -687.5 0.0000037917519057141917
782.5 -657.5 0.000003793164279827757
557.5 77.5 0.00003425826125518826
962.5 12.5 0.000003808726454431058
-427.5 77.5 0.000006810010990197579
-157.5 37.5 0.0000017050440744131566
-757.5 -677.5 0.0000016736434025745205
562.5 -737.5 0.000015158107432700976
-1042.5 -252.5 0.0000017079035399345925
-37.5 -262.5 0.000015238145725713757
617.5 -727.5 0.000015159937408842031
-452.5 -737.5 0.0000016684239725346854
42.5 -197.5 0.000001711591214697073
-1007.5 -387.5 0.0000016973352901575021
407.5 77.5 0.000003806599038289803
-22.5 -62.5 0.00000380981154356578
52.5 12.5 0.000003808645591128196
-1002.5 -402.5 0.0000016960765164826162
42.5 -242.5 0.000006834207330528137
-42.5 12.5 0.0000017062638723209646
282.5 -792.5 0.000003789554818799453
957.5 12.5 0.000003808685585037679
-912.5 -547.5 0.0000067370441167286385
-42.5 -152.5 0.000015244416073556609
892.5 -572.5 0.000003797083004578857
457.5 82.5 0.000015225605420572159
-42.5 -247.5 0.0000038100919768243416
-1042.5 -162.5 0.000006843179444335966
402.5 -732.5 0.0000037897758829357555
27.5 -337.5 0.000001701423834972217
967.5 -472.5 0.0000038013526106020007
192.5 42.5 0.000034270043575633074
-1032.5 -107.5 0.000001709414456642581
657.5 67.5 0.000003806900324972276
-892.5 -572.5 0.0000016822905097465742
-847.5 -612.5 0.0000016788431752869169
-302.5 62.5 0.000006813715467364058
257.5 57.5 0.00001522933810191948
-42.5 -142.5 0.0000038109857306860515
412.5 -732.5 0.000003789693613376876
-867.5 32.5 0.0000017053064587160945
-42.5 -202.5 0.0000038117570300772454
-337.5 67.5 0.000006812335164775169
387.5 72.5 0.000015226779863643989
1017.5 -32.5 0.000015237676758241894
-782.5 -662.5 0.000001674905969785501
-922.5 -537.5 0.000006740476365984308
-842.5 32.5 0.0000017051121174579206
322.5 67.5 0.00003426269529084138
587.5 -732.5 0.000003789693613376876
147.5 32.5 0.000003808055693583217
-557.5 77.5 0.000015321207610683085
-1007.5 -7.5 0.000006827667051532543
-517.5 82.5 0.000006809104868831861
-227.5 52.5 0.0000017042048755167807
972.5 -467.5 0.0000038015962231219796
-757.5 -672.5 0.000001673777635124247
1022.5 -342.5 0.00001522612307304873
547.5 -737.5 0.0000037894534081131474
752.5 -677.5 0.0000037923112818688087
557.5 82.5 0.0000038064580826453066
-547.5 82.5 0.00002723619023771297
1002.5 -402.5 0.0000038042003884579052
1007.5 -2.5 0.000003808987121445788
832.5 -627.5 0.0000037946586863900457
-562.5 77.5 0.00002723851211098889
987.5 -432.5 0.000015212054171877393
-182.5 42.5 0.0000017047542111387897
-1042.5 -187.5 0.000001711423613819127
842.5 37.5 0.0000038079954319927076
157.5 32.5 0.0000038080339397323974
32.5 -472.5 0.0000038013526106020007
-782.5 47.5 0.000001704383043665739
27.5 -467.5 0.0000038015962231219796
1007.5 -382.5 0.0000038049546758129954
-722.5 57.5 0.000027259588869702154
1032.5 -297.5 0.000015233163912989138
-412.5 -732.5 0.0000016688466113163878
-1012.5 -22.5 0.000006829273646819815
142.5 -832.5 0.000003788965991892431
962.5 -477.5 0.0000038011099914444584
-492.5 82.5 0.00002723615085233383
-7.5 -427.5 0.0000016940871930261554
-727.5 -687.5 0.000001672505025254401
712.5 57.5 0.00001522885348542315
-457.5 82.5 0.00000680891649301999
-1012.5 -382.5 0.0000016978417091903805
42.5 -237.5 0.000001708940538402692
407.5 72.5 0.000034259614449475565
642.5 -717.5 0.0000037902751475560844
22.5 -452.5 0.000015208590895313125
347.5 72.5 0.0000038068196844395385
557.5 -737.5 0.0000037895000498437257
1032.5 -312.5 0.0000038077267259760677
-27.5 -462.5 0.000006765167088698277
-622.5 72.5 0.00002724384478407724
-437.5 77.5 0.000027238512110988885
112.5 -832.5 0.000003788939692965571
-817.5 -637.5 0.000006707427886985369
572.5 -732.5 0.000015158347727464615
487.5 -737.5 0.000015157444937620882
-867.5 27.5 0.0000017053773042222191
632.5 72.5 0.000015226858498233734
697.5 -702.5 0.0000037911289454691693
1022.5 -352.5 0.000003806215470232722
1012.5 -22.5 0.000015237127768265584
1032.5 -92.5 0.000015241020150858157
-652.5 67.5 0.00001532734363665605
-67.5 17.5 0.000006824074315191626
672.5 -712.5 0.0000037906941754870953
-1032.5 -92.5 0.00000683616066267227
-602.5 -727.5 0.000006676280508907457
662.5 67.5 0.00001522754220265653
-1017.5 -352.5 0.0000016998816226868176
-17.5 -42.5 0.000015238228447599647
902.5 -557.5 0.000003797627441187936
-1042.5 -192.5 0.0000017115074072230002
-662.5 -712.5 0.000001670353882284585
1042.5 -202.5 0.0000038117570300772454
437.5 77.5 0.00006090403433111768
-642.5 67.5 0.000006811901146567343
-1037.5 -122.5 0.000006839159864983276
42.5 -217.5 0.0000017104924067231416
-747.5 -677.5 0.00000669325894886275
7.5 -12.5 0.0000017070368310807773
-467.5 77.5 0.000027237537019793506
937.5 -517.5 0.0000037994441077753587
432.5 77.5 0.000034258796838172326
-902.5 -562.5 0.0000016831082135912644
-482.5 77.5 0.000006809138095757416
27.5 -82.5 0.0000017087500639395542
-797.5 42.5 0.0000017045872299064348
-632.5 72.5 0.000006811128191744702
-362.5 72.5 0.00001532575135525803
1042.5 -197.5 0.0000038116955104134443
362.5 -752.5 0.0000037897812541071112
-907.5 -557.5 0.0000016835236455259375
927.5 -527.5 0.0000037989802295788116
1002.5 -397.5 0.000015217554846079421
