0 316.8213903255107
-4.52242988928877 316.7812564007594
-9.04176607200154 316.6608929110153
-13.554916946180851 316.4604146599387
-18.058795117708566 316.1800128203392
-22.550319500722516 315.8199546845569
-27.249458198530427 316.5247486466414
-31.74385664181568 315.99990701443795
-36.21653993582007 315.3956636725433
-40.99729000350738 315.8340133316071
-45.45356295663519 315.06319795796674
-50.28368547684086 315.3152360343108
-54.710398823163736 314.37680743740356
-59.57562424290076 314.4379091200214
-64.47046462927922 314.3953028858874
-68.84528281318299 313.1977577944028
-73.75293136767414 312.9576985487247
-78.6783341379411 312.60968495687575
-83.61730766861888 312.1521985716367
-88.56561349661985 311.58383173828867
-93.51896161231855 310.9032888850452
-98.47301398411238 310.1093876865064
-104.19991992179607 310.12384005667326
-109.17323653223677 309.07851445075164
-114.97148663463389 308.79482283794766
-119.94398540950392 307.4913872468078
-125.79099619397967 306.9000879237045
-131.66806920522944 306.1393775256449
-137.56870180122365 305.2065853118703
-143.48629853975984 304.09922735023815
-149.41417734766748 302.81500904255586
-156.3798003993331 302.05103326866873
-163.39279228583507 301.0489673763001
-170.44408702989531 299.8050382780612
-177.52449184158857 298.3157476811581
-184.62469618515132 296.5778758976079
-192.88877031533286 295.13800130720193
-202.37183807150126 293.89798816861384
-210.73262404107675 291.7859193552887
-220.32813272082055 289.7999284316409
-231.20338834893028 287.8361869711982
-242.14525145303693 285.4033403877482
-254.40654133753023 282.84625286623043
-268.01909075169783 280.05516280677415
-283.0093306444602 276.91826623198415
-299.3982211277746 273.3219638333345
-318.53227087623645 269.35931671767673
-340.4601079356941 264.80448581026457
-363.8632935532297 259.2936860584007
-392.83617750312 253.00075247384117
-426.0804405019645 245.40901375091192
-466.39781746527945 236.2175638109234
-516.6394862563383 224.82322605212238
-579.6874870606076 210.319735154608
-662.6612278463105 191.23204154470014
-775.5673471472603 165.08852753848515
-939.8087245497909 127.09696453504534
NaN NaN
NaN NaN
NaN NaN
-1144.5666705592637 -316.28608892258404
-1130.107913120704 -332.2059002208489
-1116.6780409051735 -351.49153914741146
-1105.4285388518952 -371.04254279927306
-1095.4428700785675 -390.98556543085897
-1087.032569426618 -411.6011836428033
-1079.940255851759 -432.85648663839413
-1072.9590314696954 -454.6567220102879
-1067.2139588389296 -476.62102014623224
-1061.3406455586662 -498.9897527705597
-1056.4720776114752 -521.5936556740126
-1052.5119838976686 -544.5351519094589
-1048.1413319949206 -567.9419463933301
-1044.5199970652047 -591.795278964658
-1040.3528483159062 -616.1261612898206
-1036.7990849127111 -641.0061484884785
-1033.785777559977 -666.5288298947909
-1030.0478647951147 -692.580504445745
-1027.900626556797 -719.6104662418469
-1024.8975642989342 -747.2500913957857
-1022.1490574293688 -775.7825011984877
-1019.5716175845973 -805.2823720101497
-1017.0781442263603 -835.8193468759737
-1014.5779289172237 -867.4576636870953
-1013.0577286464768 -900.757054897284
-1011.2981908820127 -935.3479396599778
-1009.1951149872356 -971.2733696900274
-1006.6415739289012 -1008.5693456694821
-1005.5429947738528 -1048.5734517772687
-1003.9227497306917 -1090.1459378470083
-1001.6980946525684 -1133.3327135550207
-998.7393621513534 -1178.1750260714518
-970.2830236407005 -1203.290966607873
-941.2451358802085 -1227.6667336560956
-911.6370009425618 -1251.291449249196
-881.471213244925 -1274.153554290944
-850.7615944483391 -1296.2410502505463
-819.5229889639073 -1317.5416550499363
-787.7712812938762 -1338.0429880605263
-755.5232057120979 -1357.7326581824918
-722.7964108737475 -1376.5984326280804
-689.6092293446061 -1394.6282414108573
-655.9807468920533 -1411.8103213386305
-621.9306802996242 -1428.1332383251815
-587.4793955479727 -1443.5859961598262
-552.6477525040118 -1458.1579903977067
-517.4571896988658 -1471.8391639774622
-481.9295529797295 -1484.6199101604016
-446.0871857242712 -1496.4912410784555
-409.9528059545012 -1507.4447215887851
-373.5494934881339 -1517.4725116379755
-336.90066919947174 -1526.5674079355313
-300.03004824956736 -1534.7228414630017
-262.9616077456054 -1541.9328853978504
-225.7195692459935 -1548.1923002028225
-188.32835588971062 -1553.4965207779294
-150.8125598904934 -1557.841645991215
-113.19692817548466 -1561.2245052799137
-75.50631842537092 -1563.6426140506478
-37.765675089862924 -1565.0941958025178
0 -1565.5781746248
37.76567508986228 -1565.0941958025178
75.5063184253703 -1563.6426140506478
113.19692817548466 -1561.2245052799137
150.81255989049276 -1557.841645991215
188.32835588971005 -1553.4965207779294
225.7195692459935 -1548.1923002028225
262.96160774560497 -1541.9328853978504
300.0300482495666 -1534.7228414630017
336.90066919947174 -1526.5674079355313
373.54949348813335 -1517.4725116379755
409.9528059545008 -1507.4447215887851
446.0871857242712 -1496.4912410784555
481.9295529797292 -1484.619910160402
517.4571896988652 -1471.8391639774625
552.6477525040118 -1458.1579903977067
587.4793955479722 -1443.5859961598264
621.9306802996238 -1428.133238325182
655.9807468920533 -1411.8103213386305
689.6092293446059 -1394.6282414108573
722.7964108737475 -1376.5984326280804
755.5232057120979 -1357.7326581824918
787.7712812938762 -1338.0429880605263
819.5229889639073 -1317.5416550499363
850.7615944483391 -1296.2410502505463
881.4712132449248 -1274.153554290944
911.6370009425617 -1251.2914492491957
941.2451358802085 -1227.6667336560956
970.2830236406994 -1203.2909666078735
998.7393621513523 -1178.1750260714532
1001.6980946525684 -1133.3327135550207
1003.922749730691 -1090.14593784701
1005.5429947738522 -1048.5734517772692
1006.6415739289009 -1008.5693456694822
1009.1951149872353 -971.2733696900276
1011.298190882013 -935.3479396599777
1013.0577286464768 -900.757054897284
1014.5779289172237 -867.4576636870953
1017.0781442263602 -835.8193468759741
1019.5716175845973 -805.2823720101497
1022.1490574293681 -775.7825011984881
1024.8975642989342 -747.2500913957857
1027.900626556797 -719.6104662418469
1030.0478647951147 -692.580504445745
1033.785777559977 -666.528829894791
1036.7990849127114 -641.0061484884782
1040.352848315906 -616.1261612898206
1044.5199970652043 -591.7952789646591
1048.1413319949206 -567.9419463933301
1052.5119838976686 -544.5351519094589
1056.4720776114746 -521.5936556740137
1061.3406455586658 -498.9897527705614
1067.2139588389296 -476.6210201462319
1072.9590314696939 -454.6567220102903
1079.940255851759 -432.85648663839413
1087.032569426618 -411.6011836428033
1095.4428700785675 -390.98556543085897
1105.4285388518952 -371.04254279927306
1116.6780409051735 -351.49153914741146
1130.107913120704 -332.2059002208489
1144.5666705592637 -316.28608892258404
NaN NaN
NaN NaN
NaN NaN
939.8087245497911 127.09696453504354
775.5673471472603 165.08852753848515
662.6612278463105 191.23204154470014
579.6874870606076 210.319735154608
516.6394862563384 224.8232260521219
466.39781746527956 236.21756381092325
426.0804405019645 245.40901375091173
392.83617750312 253.00075247384117
363.8632935532297 259.2936860584007
340.4601079356941 264.80448581026457
318.53227087623645 269.3593167176767
299.3982211277746 273.32196383333456
283.00933064446025 276.91826623198403
268.01909075169783 280.05516280677415
254.40654133753023 282.84625286623043
242.14525145303693 285.4033403877482
231.2033883489304 287.836186971198
220.32813272082058 289.7999284316408
210.73262404107675 291.7859193552886
202.37183807150126 293.89798816861384
192.88877031533286 295.13800130720193
184.62469618515132 296.5778758976079
177.52449184158866 298.315747681158
170.44408702989534 299.8050382780612
163.39279228583507 301.0489673763
156.3798003993331 302.05103326866873
149.41417734766748 302.81500904255586
143.48629853975984 304.09922735023815
137.56870180122377 305.20658531187024
131.6680692052295 306.13937752564414
125.7909961939797 306.9000879237045
119.94398540950392 307.4913872468078
114.97148663463389 308.79482283794766
109.17323653223677 309.07851445075164
104.19991992179614 310.12384005667315
98.47301398411241 310.1093876865064
93.51896161231856 310.9032888850452
88.56561349661985 311.58383173828867
83.61730766861888 312.1521985716367
78.6783341379411 312.60968495687575
73.75293136767421 312.9576985487247
68.84528281318303 313.1977577944028
64.47046462927925 314.39530288588736
59.57562424290076 314.4379091200214
54.710398823163736 314.37680743740356
50.28368547684086 315.3152360343108
45.45356295663524 315.0631979579667
40.99729000350742 315.8340133316071
36.21653993582013 315.3956636725433
31.74385664181568 315.99990701443795
27.249458198530427 316.5247486466414
22.550319500722516 315.8199546845569
18.05879511770861 316.1800128203392
13.554916946180894 316.4604146599387
9.041766072001584 316.6608929110153
4.52242988928877 316.7812564007594
