0 177.90639032551002
-3.6947992967376524 177.86872185976486
-7.3870721035663784 177.75574825154152
-11.07429364645404 177.5675648330153
-14.753942581989314 177.30433037478593
-18.42350270985812 176.96626691151124
-22.30350546660985 177.69782482934613
-25.98215767778701 177.2044458132546
-29.643043520349092 176.63628067494207
-33.61650128268298 177.11522879663565
-37.27054035436892 176.38942478477256
-41.304037228071564 176.69076798365373
-44.94027913025961 175.80580763518282
-49.02172905786907 175.92439887129495
-53.14002706470404 175.94315082750882
-56.74606818500064 174.8106694140867
-60.893231873223385 174.6392060977447
-65.0669631728939 174.3631377831694
-69.263593786737 173.9807538994537
-73.47939401641509 173.49044591987362
-77.7105758750435 172.89070914905713
-81.95329626771097 172.1801444073174
-86.98019201560793 172.28023956743326
-91.26529997762398 171.322632422587
-96.38761463679612 171.12849824631977
-100.69691442601872 169.91621694505
-105.89391720588667 169.41742184269688
-111.13461867658171 168.7503145170223
-116.412952333353 167.91196965104925
-121.72274922658859 166.89964591394374
-127.05774383879162 165.71078917400965
-133.44580467754724 165.04224134190034
-139.89695216622962 164.1354080694324
-146.40250538763286 162.9862545634727
-152.9536455758396 161.59102153849938
-159.5414249265926 159.94622975378724
-167.31026488515081 158.59820020525626
-176.31562869964705 157.4485426652662
-184.2165683519229 155.42508914481303
-193.37040349441455 153.52572669134295
-203.82246106632886 151.6463854215037
-214.35989163407766 149.29547505759857
-226.23579167993833 146.8176305519174
-239.48225808012023 144.10286821019668
-254.1259726785601 141.03916976158024
-270.18813307834574 137.51273004879164
-289.01547187856403 133.6164133969818
-310.65682732939723 129.12419361532562
-333.7939570181567 123.67210877314835
-362.5213930604982 117.43382778644632
-395.5409843908195 109.89252454964775
-435.6546199033315 100.74714996100455
-485.7136170955557 89.3943966189063
-548.6001413469502 74.92788103672589
-631.4337112936365 55.872448478848476
-744.2210615355738 29.756389436141962
-872.9145630188148 -4.149562590752673
-875.2300712467365 -27.012605463515662
-876.9472649511176 -49.93406383263254
-878.0645331590368 -72.89855503745373
-878.6062693771092 -100
-878.494852267524 -118.88914875416846
-877.8067470965249 -141.88765873103986
-876.5163541224488 -164.86535750654224
-874.6241180495505 -187.806876192367
-872.0984980035274 -210.82563326263067
-868.7716933244925 -234.37188818776275
-864.7060734593575 -257.97130289249765
-859.9608771606063 -281.4092093180193
-854.5704712152304 -304.6171518104532
-848.5573254856389 -327.57140055707407
-841.9377614452272 -350.26233783199245
-834.7247558520484 -372.6842728683848
-826.929435393987 -394.8319202830453
-818.561876703327 -416.6993090486241
-809.6315917966947 -438.27951161857425
-800.1478180433327 -459.56469478570807
-790.1197183240614 -480.54625241152814
-779.5564697167788 -501.21499803765755
-768.4673561882028 -521.5613012391551
-756.8618083413397 -541.5752272696877
-744.7494377003724 -561.246644873389
-732.1400570164083 -580.56531713666
-719.0436842097198 -599.520979479637
-705.4705701692079 -618.1033918233824
-691.4311574054117 -636.3024052332413
-676.9361107547033 -654.1079888180785
-661.9963318046686 -671.5102627617681
-646.6228921672416 -688.4995396380117
-630.8270775870883 -705.0663350395839
-614.6203790661997 -721.2013905301798
-598.0144436545767 -736.8956906593496
-581.0211273842395 -752.1404747054448
-563.6524319876411 -766.9272473066261
-545.9205264898951 -781.2477874771338
-527.8377370602144 -795.094157180626
-509.4165371976734 -808.4587080987337
-490.6695019401459 -821.3340730331706
-471.60939469374324 -833.713201341031
-452.2490416737581 -845.589320756255
-432.6014142259709 -856.9559729736271
-412.6795827446413 -867.8070010081876
-392.49671096721795 -878.1365493179071
-372.0660554088286 -887.9390677511266
-351.4009582544246 -897.2093120039677
-330.5148405592321 -905.9423437066408
-309.4211934482536 -914.1335276561367
-288.13356572273676 -921.7785223037067
-266.6655896203353 -928.8733162435178
-245.03093309718903 -935.4141792262535
-223.24331665471786 -941.3976842482024
-201.3165142684887 -946.8207196161258
-179.2643307199089 -951.6804584626658
-157.10060996800092 -955.9743783320591
-134.8392317281039 -959.700268338187
-112.4940941708344 -962.856193483027
-90.07912264772591 -965.4405245839536
-67.60826365740134 -967.4519404196583
-45.09547563087164 -968.8894053957371
-22.55472853673515 -969.7521800773382
0 -970.0398209149256
22.554728536734764 -969.7521800773382
45.09547563087132 -968.8894053957371
67.60826365740134 -967.4519404196583
90.0791226477255 -965.4405245839536
112.49409417083403 -962.8561934830271
134.8392317281039 -959.700268338187
157.10060996800064 -955.9743783320592
179.26433071990843 -951.6804584626658
201.3165142684887 -946.8207196161258
223.2433166547175 -941.3976842482024
245.03093309718878 -935.4141792262535
266.6655896203353 -928.8733162435178
288.13356572273653 -921.7785223037068
309.4211934482533 -914.1335276561367
330.5148405592321 -905.9423437066408
351.4009582544244 -897.209312003968
372.06605540882833 -887.9390677511268
392.49671096721795 -878.1365493179071
412.6795827446412 -867.8070010081876
432.60141422597087 -856.9559729736271
452.2490416737581 -845.589320756255
471.60939469374324 -833.713201341031
490.6695019401459 -821.3340730331706
509.4165371976734 -808.4587080987337
527.8377370602142 -795.094157180626
545.9205264898951 -781.2477874771337
563.6524319876411 -766.9272473066261
581.0211273842391 -752.1404747054451
598.0144436545762 -736.8956906593503
614.6203790661997 -721.2013905301798
630.8270775870878 -705.0663350395843
646.6228921672416 -688.4995396380118
661.9963318046684 -671.5102627617682
676.9361107547031 -654.1079888180788
691.4311574054118 -636.3024052332413
705.4705701692079 -618.1033918233824
719.0436842097198 -599.520979479637
732.1400570164083 -580.5653171366605
744.7494377003724 -561.246644873389
756.8618083413394 -541.5752272696881
768.4673561882028 -521.5613012391551
779.5564697167788 -501.21499803765755
790.1197183240614 -480.54625241152814
800.1478180433327 -459.5646947857082
809.6315917966947 -438.2795116185741
818.561876703327 -416.6993090486242
826.9294353939865 -394.8319202830463
834.7247558520484 -372.6842728683848
841.9377614452272 -350.26233783199245
848.5573254856386 -327.5714005570754
854.5704712152303 -304.61715181045497
859.9608771606063 -281.409209318019
864.7060734593573 -257.97130289249935
868.7716933244925 -234.37188818776275
872.0984980035274 -210.82563326263067
874.6241180495505 -187.806876192367
876.5163541224488 -164.86535750654224
877.8067470965249 -141.88765873103986
878.494852267524 -118.88914875416846
878.6062693771092 -100
878.0645331590368 -72.89855503745373
876.9472649511177 -49.93406383263212
875.2300712467365 -27.012605463515662
872.914563018815 -4.1495625907544005
744.2210615355738 29.756389436141962
631.4337112936365 55.872448478848476
548.6001413469502 74.92788103672589
485.7136170955558 89.39439661890583
435.6546199033316 100.74714996100441
395.5409843908195 109.89252454964753
362.5213930604982 117.43382778644632
333.7939570181567 123.67210877314835
310.65682732939723 129.12419361532562
289.01547187856403 133.61641339698176
270.18813307834574 137.51273004879167
254.12597267856015 141.03916976158013
239.48225808012023 144.10286821019668
226.23579167993833 146.8176305519174
214.35989163407766 149.29547505759857
203.82246106632897 151.6463854215035
193.37040349441457 153.52572669134287
184.2165683519229 155.42508914481294
176.31562869964705 157.4485426652662
167.31026488515081 158.59820020525626
159.5414249265926 159.94622975378724
152.9536455758397 161.59102153849926
146.40250538763289 162.9862545634727
139.89695216622962 164.13540806943237
133.44580467754724 165.04224134190034
127.05774383879162 165.71078917400965
121.72274922658859 166.89964591394374
116.41295233335312 167.9119696510492
111.13461867658175 168.75031451702156
105.8939172058867 169.41742184269685
100.69691442601872 169.91621694505
96.38761463679612 171.12849824631977
91.26529997762398 171.322632422587
86.980192015608 172.28023956743314
81.953296267711 172.1801444073174
77.71057587504352 172.89070914905713
73.47939401641509 173.49044591987362
69.263593786737 173.9807538994537
65.0669631728939 174.3631377831694
60.89323187322345 174.63920609774468
56.74606818500069 174.8106694140867
53.14002706470407 175.94315082750876
49.02172905786907 175.92439887129495
44.94027913025961 175.80580763518282
41.304037228071564 176.69076798365373
37.27054035436897 176.38942478477253
33.616501282683025 177.11522879663565
29.643043520349146 176.63628067494204
25.98215767778701 177.2044458132546
22.30350546660985 177.69782482934613
18.42350270985812 176.96626691151124
14.753942581989358 177.3043303747859
11.074293646454082 177.5675648330153
7.387072103566423 177.75574825154152
3.6947992967376524 177.86872185976486
