0 44.1363903255107
-2.8978216890958346 44.10109600547422
-5.793663096925112 43.995238579452206
-8.685545283754147 43.81889462930952
-11.571491992037874 43.57219172351721
-14.449530985322035 43.25530831524636
-17.54073616920485 44.01263893120952
-20.43385497168533 43.54955724915691
-23.31300993507985 43.016134084655064
-26.5090751070743 43.53417702222347
-29.390592663297696 42.85171728465804
-32.6569685440715 43.200539490424106
-35.53201572227786 42.36706708489664
-38.8587188796904 42.541018631784816
-42.22923533585387 42.61885625277697
-45.09497261712245 41.54902875156013
-48.50981754523377 41.4436207745783
-51.959717058406554 41.23683309737809
-55.44149893751743 40.92677014105843
-58.95192340584754 40.51162994658146
-62.48768590581595 39.98970644033105
-66.04541994821331 39.3593916199464
-70.39823180964898 39.54195761483296
-74.0206203324413 38.66882009917292
-78.49203419443381 38.56092641734103
-82.16269792340334 37.4364233211392
-86.73376706920452 37.02670635728181
-91.36166631566067 36.44973532353334
-96.04074914206764 35.702339755443084
-100.76525729539058 34.78153045677466
-105.52932638580006 33.68450337466867
-111.3612162047164 33.107849116123106
-117.27132834734768 32.29272132948978
-123.25135269508495 31.234833208684456
-129.29283065326652 29.930174141865752
-135.3871637146472 28.375014948627474
-142.67911150793847 27.115428773753756
-151.224464119343 26.052780328712284
-158.68258879940436 24.114660053244688
-167.41110868380136 22.298717608092296
-177.45564220160156 20.50065059587278
-187.60361921582057 18.228641776709946
-199.10840312077576 15.827105360359248
-212.0023451371149 13.18584378386453
-226.312368711397 10.192632419708868
-242.05990014186418 6.733467885897564
-260.5918876585832 2.9010250140914327
-273.8932120120661 -2.5611880036023535
-276.3593672038152 -9.757192877201232
-278.6366664598533 -17.015786577043563
-280.72350966465496 -24.332022211393568
-282.61842582364807 -31.700911317694732
-284.32007418169565 -39.11742722284016
-285.82724525601645 -46.57650844664935
-287.1388617825507 -54.073062159301585
-288.2539795748838 -61.6019677240682
-289.17178829502694 -69.15808042291059
-289.8916121359285 -76.73623572506392
-290.4129104186545 -84.33125588124454
-290.73527813612634 -91.93797438720283
-290.8593653340991 -100
-290.7822809291145 -107.16512876081842
-290.5067880139754 -114.77554469773567
-290.0321070187965 -122.37670375399418
-289.35851531160296 -129.96342834892346
-288.4864268745194 -137.5305179493478
-287.4163922020968 -145.07277810899205
-286.1490980611818 -152.58502756206707
-284.68536715053426 -160.06210267183002
-283.0261576642282 -167.49886129581122
-281.1725627595861 -174.8901864711677
-279.1258099299092 -182.2309900271685
-276.8872602821417 -189.51621615859074
-274.45840771966783 -196.74084497128396
-271.83966508969775 -203.9012581084052
-269.0266456664575 -210.9983110331508
-266.0220172601714 -218.02420634064268
-262.82937943314715 -224.97123260120645
-259.4521282130359 -231.83275369374206
-255.89355398978296 -238.60284420476927
-252.1568889033519 -245.27607936993059
-248.24534939367774 -251.84739398423034
-244.16216533445214 -258.31199249970746
-239.91059314338048 -264.66529352798375
-235.49395246553323 -270.9028821311673
-230.91559444057586 -277.02050041862145
-226.178941023586 -283.0140164046573
-221.28750829148856 -288.87941193950525
-216.24484882502216 -294.6127888021548
-211.0546039782329 -300.2103518414913
-205.72050340709973 -305.6684102075552
-200.24632393599495 -310.9833772772772
-194.63595023100964 -316.1517689522599
-188.89331901040308 -321.17020374973515
-183.02244784324938 -326.0354036260044
-177.02743193118522 -330.74419627185375
-170.9124408958519 -335.2935171660449
-164.68167893800756 -339.680397414615
-158.3394783549833 -343.90199705379763
-151.89017863351384 -347.955564985598
-145.33821482668844 -351.8384740548402
-138.68807609429302 -355.5482080612751
-131.9443046145989 -359.082362120075
-125.11149939710663 -362.4386472979421
-118.19431316549047 -365.6148920391321
-111.19744923709472 -368.60904346301146
-104.12565605990861 -371.4191659463565
-96.9837177866585 -374.0434329628331
-89.77648339394825 -376.48016583815735
-82.50882078103395 -378.72778556683073
-75.18563625746728 -380.78483694766163
-67.81187765301465 -382.6500025503774
-60.39251313873014 -384.32207323161714
-52.93254147551084 -385.7999696200716
-45.4369900645029 -387.08275085859026
-37.910898649809724 -388.16957946507006
-30.359329436532267 -389.0597530442386
-22.787362018144265 -389.7527074997511
-15.2000849387817 -390.24799505080887
-7.602596176525419 -390.5452956544248
0 -390.64441720510865
7.602596176525292 -390.5452956544248
15.200084938781592 -390.24799505080887
22.787362018144265 -389.7527074997511
30.359329436532157 -389.0597530442386
37.91089864980959 -388.1695794650701
45.4369900645029 -387.08275085859026
52.9325414755107 -385.7999696200716
60.392513138729974 -384.32207323161714
67.81187765301465 -382.6500025503774
75.1856362574671 -380.78483694766163
82.50882078103385 -378.7277855668308
89.77648339394825 -376.48016583815735
96.98371778665833 -374.0434329628332
104.12565605990848 -371.4191659463565
111.19744923709472 -368.60904346301146
118.19431316549036 -365.6148920391321
125.11149939710654 -362.43864729794217
131.9443046145989 -359.082362120075
138.688076094293 -355.54820806127515
145.33821482668841 -351.8384740548403
151.89017863351384 -347.955564985598
158.33947835498327 -343.90199705379763
164.68167893800756 -339.680397414615
170.9124408958519 -335.2935171660449
177.02743193118505 -330.74419627185375
183.0224478432493 -326.03540362600444
188.89331901040308 -321.17020374973515
194.63595023100962 -316.15176895225994
200.24632393599492 -310.9833772772773
205.72050340709973 -305.6684102075552
211.05460397823276 -300.2103518414913
216.24484882502213 -294.61278880215485
221.28750829148845 -288.8794119395054
226.178941023586 -283.01401640465735
230.9155944405758 -277.02050041862157
235.49395246553323 -270.9028821311673
239.91059314338048 -264.66529352798375
244.162165334452 -258.31199249970774
248.24534939367769 -251.84739398423037
252.15688890335153 -245.27607936993084
255.89355398978296 -238.60284420476927
259.4521282130359 -231.83275369374206
262.82937943314715 -224.97123260120645
266.0220172601714 -218.0242063406427
269.02664566645745 -210.99831103315097
271.83966508969775 -203.90125810840524
274.4584077196678 -196.7408449712841
276.8872602821417 -189.51621615859074
279.1258099299092 -182.2309900271685
281.172562759586 -174.89018647116808
283.0261576642282 -167.49886129581142
284.68536715053426 -160.06210267183016
286.14909806118175 -152.58502756206718
287.4163922020968 -145.07277810899205
288.4864268745194 -137.5305179493478
289.35851531160296 -129.96342834892346
290.0321070187965 -122.37670375399418
290.5067880139754 -114.77554469773567
290.7822809291145 -107.16512876081842
290.8593653340991 -100
290.73527813612634 -91.93797438720283
290.4129104186546 -84.33125588124493
289.8916121359285 -76.73623572506392
289.171788295027 -69.15808042291117
288.2539795748838 -61.6019677240682
287.1388617825507 -54.073062159301585
285.82724525601645 -46.57650844664935
284.3200741816957 -39.117427222840455
282.6184258236481 -31.700911317694818
280.72350966465496 -24.332022211393735
278.6366664598533 -17.015786577043563
276.3593672038152 -9.757192877201232
273.8932120120661 -2.5611880036023535
260.5918876585832 2.9010250140913616
242.05990014186418 6.733467885897574
226.31236871139706 10.192632419708746
212.0023451371149 13.18584378386453
199.10840312077576 15.827105360359248
187.60361921582057 18.228641776709946
177.45564220160168 20.500650595872592
167.4111086838014 22.29871760809221
158.68258879940436 24.114660053244627
151.224464119343 26.052780328712284
142.67911150793847 27.115428773753756
135.3871637146472 28.375014948627474
129.2928306532666 29.93017414186562
123.25135269508499 31.234833208684453
117.27132834734769 32.292721329489744
111.3612162047164 33.107849116123106
105.52932638580006 33.68450337466867
100.76525729539058 34.78153045677466
96.04074914206775 35.70233975544303
91.36166631566071 36.449735323533176
86.73376706920455 37.02670635728179
82.16269792340334 37.4364233211392
78.49203419443381 38.56092641734103
74.0206203324413 38.66882009917292
70.39823180964905 39.54195761483286
66.04541994821334 39.3593916199464
62.48768590581597 39.98970644033104
58.95192340584754 40.51162994658146
55.44149893751743 40.92677014105843
51.959717058406554 41.23683309737809
48.50981754523384 41.443620774578285
45.0949726171225 41.54902875156013
42.2292353358539 42.61885625277692
38.8587188796904 42.541018631784816
35.53201572227786 42.36706708489664
32.6569685440715 43.200539490424106
29.390592663297742 42.85171728465801
26.509075107074345 43.53417702222345
23.313009935079904 43.01613408465504
20.43385497168533 43.54955724915691
17.54073616920485 44.01263893120952
14.449530985322035 43.25530831524636
11.571491992037918 43.572191723517186
8.68554528375419 43.81889462930951
5.793663096925156 43.995238579452206
2.8978216890958346 44.10109600547422
