0 76.72139032551104
-3.0919572601880723 76.68551768792932
-6.181801188286446 76.57792683291036
-9.267419884924633 76.3986989096992
-12.346704315231174 76.14796908728779
-15.417549738734671 75.82592643484983
-18.700897921136836 76.57697908588413
-21.78536460522292 76.10651728400123
-24.85494119303005 75.5646313310067
-28.24037122677385 76.0731511724008
-31.310067100866327 75.38013321417296
-34.76330578760998 75.71739002082587
-37.8237721934529 74.87137568047883
-41.334323923092896 75.0318420234607
-44.88699229544558 75.0952869825192
-47.9330599990415 74.01019763089353
-51.52629026615432 73.88869925073458
-55.152507778602136 73.66503552084008
-58.808419477711944 73.33735592835974
-62.49066624688322 72.90390563238385
-66.19582577011477 72.36302761296938
-69.9204154619371 71.71316473481843
-74.43742724443385 71.87564168021002
-78.22124742549862 70.98192822923488
-82.85121404577848 70.85302724747648
-86.67744296891222 69.70714228080978
-91.40098312813991 69.27572679603634
-96.17815471126964 68.67679948605031
-101.003208893791 67.90724960180873
-105.87028738119523 66.96414832454668
-110.77342807306724 65.84475247963672
-116.74079544809827 65.24571388906922
-122.78269825194783 64.40824758665492
-128.89073604326884 63.328128154081085
-135.05636249338048 62.00140620001977
-141.27089400986466 60.424413426807085
-148.67900784341327 59.14328335322187
-157.33641446582732 58.05944038505234
-164.9024043314281 56.10053380631856
-173.7345266504892 54.26427110273066
-183.8783288481377 52.44640651493637
-194.12117275360114 50.155178088721165
-205.71635674416152 47.73505380445655
-218.69617008477005 45.075888195407124
-233.08747737006493 42.065506900421376
-248.91164919049294 38.58995482301297
-267.5155812506298 34.741952953513284
-288.94826491246494 30.295338806669843
-311.89160077656027 24.886021614754792
-340.44025377513174 18.68754931044265
-373.29619537159044 11.18298303268027
-413.26142661746815 2.0711695024227543
-424.13428405840716 -8.84775217474123
-426.39925750994223 -19.97161809709485
-428.37275733961764 -31.152242534966376
-430.0533303432858 -42.382001605165286
-431.43972219596094 -53.653233496776664
-432.5308785952207 -64.95824533596281
-433.3259462880736 -76.28932507036932
-433.8242740850138 -87.63879143222691
-434.0284829855982 -100
-433.92911446574016 -110.36062056021679
-433.5353424928835 -121.71834352192587
-432.84425598236396 -133.0631181970249
-431.8562215637517 -144.38724504845464
-430.5718099043652 -155.68296197296755
-428.99179578858104 -166.94250955051487
-427.1171579026585 -178.15814450323296
-424.9490784584371 -189.32214704929288
-422.4889343161868 -200.42684369624712
-419.72137990266566 -211.4944270858097
-416.6393797422438 -222.52086158545566
-413.25228761722957 -233.47683531618458
-409.5675202772242 -244.3431895376526
-405.59130203124414 -255.10618143614587
-401.3291276849152 -265.7550715547174
-396.7860457632182 -276.28085629745254
-391.96685897593215 -286.67555764917637
-386.87621789443733 -296.9318577664345
-381.51871948973655 -307.0428566712509
-375.89895424008125 -317.0019476405582
-370.0215480048785 -326.802737045548
-363.8911901771598 -336.438998819454
-357.5126456044354 -345.9046518635341
-350.8907900400351 -355.193737105864
-344.03057693603563 -364.3004271046417
-336.93707543300127 -373.2190095807915
-329.6154922135321 -381.94388691234246
-322.0711123238443 -390.46959142609774
-314.30935003025286 -398.7907758949903
-306.335746828708 -406.902220754034
-298.1559288099794 -414.79883891478784
-289.77566585176424 -422.4756780917916
-281.2008143494231 -429.92792423813233
-272.43734454495666 -437.15090516146
-263.4913358474699 -444.14009516151407
-254.36897217919008 -450.89111905675026
-245.07650078141984 -457.3997417187364
-235.6203241747688 -463.66190273988735
-226.00687807611175 -469.6736776491352
-216.24271825685835 -475.4313139543781
-206.33447782049495 -480.93121905632563
-196.28886480762012 -486.1699613603099
-186.1126647085782 -491.1442755406133
-175.81273608548565 -495.85106450632435
-165.39600621555923 -500.28740115727135
-154.8694644245047 -504.4505273637956
-144.2401514971951 -508.33784616977465
-133.51518751646685 -511.94696068796077
-122.70172497043048 -515.2756263232033
-111.806967040985 -518.3217750208491
-100.83816958579058 -521.0835293380112
-89.80261894868839 -523.5591732109939
-78.70764109213998 -525.7471734660861
-67.56059859367012 -527.6461886112081
-56.36887337208361 -529.2550339191274
-45.139875730500684 -530.5727130623806
-33.88103828343027 -531.59842135313
-22.599806544439698 -532.3315238908482
-11.303638403628296 -532.7715669598382
0 -532.9182782448449
11.3036384036281 -532.7715669598382
22.59980654443954 -532.3315238908482
33.88103828343027 -531.59842135313
45.13987573050047 -530.5727130623806
56.368873372083414 -529.2550339191275
67.56059859367012 -527.6461886112081
78.70764109213982 -525.7471734660861
89.80261894868813 -523.5591732109939
100.83816958579058 -521.0835293380112
111.80696704098477 -518.3217750208491
122.70172497043029 -515.2756263232034
133.51518751646685 -511.94696068796077
144.24015149719492 -508.33784616977476
154.86946442450457 -504.4505273637956
165.39600621555923 -500.28740115727135
175.8127360854855 -495.85106450632435
186.11266470857808 -491.1442755406133
196.28886480762012 -486.1699613603099
206.33447782049493 -480.9312190563257
216.2427182568583 -475.43131395437814
226.00687807611175 -469.6736776491352
235.6203241747688 -463.66190273988735
245.07650078141984 -457.3997417187364
254.36897217919008 -450.89111905675026
263.49133584746966 -444.14009516151407
272.43734454495655 -437.1509051614601
281.2008143494231 -429.92792423813233
289.7756658517642 -422.4756780917917
298.1559288099794 -414.798838914788
306.335746828708 -406.902220754034
314.3093500302527 -398.7907758949904
322.0711123238443 -390.4695914260978
329.615492213532 -381.94388691234263
336.93707543300116 -373.2190095807916
344.0305769360357 -364.3004271046417
350.8907900400351 -355.193737105864
357.5126456044354 -345.9046518635341
363.8911901771597 -336.43899881945424
370.02154800487847 -326.802737045548
375.89895424008085 -317.00194764055857
381.51871948973655 -307.0428566712509
386.87621789443733 -296.9318577664345
391.96685897593215 -286.67555764917637
396.7860457632182 -276.2808562974526
401.32912768491514 -265.75507155471774
405.59130203124414 -255.10618143614593
409.56752027722405 -244.34318953765288
413.25228761722957 -233.47683531618458
416.6393797422438 -222.52086158545566
419.72137990266555 -211.4944270858102
422.4889343161868 -200.42684369624752
424.9490784584371 -189.32214704929308
427.11715790265845 -178.1581445032333
428.99179578858104 -166.94250955051487
430.5718099043652 -155.68296197296755
431.8562215637517 -144.38724504845464
432.84425598236396 -133.0631181970249
433.5353424928835 -121.71834352192587
433.92911446574016 -110.36062056021679
434.0284829855982 -100
433.8242740850138 -87.63879143222691
433.3259462880737 -76.28932507036947
432.5308785952207 -64.95824533596281
431.43972219596105 -53.653233496777624
430.0533303432858 -42.382001605165286
428.37275733961764 -31.152242534966376
426.39925750994223 -19.97161809709485
424.1342840584072 -8.847752174741636
413.26142661746826 2.0711695024226158
373.29619537159044 11.182983032680056
340.44025377513174 18.68754931044265
311.89160077656027 24.886021614754792
288.94826491246494 30.295338806669843
267.5155812506298 34.74195295351321
248.91164919049294 38.58995482301298
233.087477370065 42.06550690042125
218.69617008477005 45.075888195407124
205.71635674416152 47.73505380445655
194.12117275360114 50.155178088721165
183.8783288481378 52.44640651493618
173.73452665048922 54.264271102730575
164.9024043314281 56.100533806318495
157.33641446582732 58.05944038505234
148.67900784341327 59.14328335322187
141.27089400986466 60.424413426807085
135.05636249338056 62.00140620001964
128.89073604326887 63.328128154081085
122.78269825194785 64.4082475866549
116.74079544809827 65.24571388906922
110.77342807306724 65.84475247963672
105.87028738119523 66.96414832454668
101.00320889379111 67.90724960180867
96.17815471126968 68.67679948604957
91.40098312813994 69.27572679603632
86.67744296891222 69.70714228080978
82.85121404577848 70.85302724747648
78.22124742549862 70.98192822923488
74.43742724443392 71.87564168020992
69.92041546193713 71.71316473481843
66.19582577011478 72.36302761296938
62.49066624688322 72.90390563238385
58.808419477711944 73.33735592835974
55.152507778602136 73.66503552084008
51.52629026615438 73.88869925073456
47.93305999904155 74.01019763089353
44.88699229544561 75.09528698251914
41.334323923092896 75.0318420234607
37.8237721934529 74.87137568047883
34.76330578760998 75.71739002082587
31.310067100866373 75.38013321417293
28.240371226773895 76.07315117240078
24.854941193030104 75.56463133100668
21.78536460522292 76.10651728400123
18.700897921136836 76.57697908588413
15.417549738734671 75.82592643484983
12.346704315231218 76.14796908728778
9.267419884924676 76.39869890969919
6.1818011882864905 76.57792683291036
3.0919572601880723 76.68551768792932
