0 132.63039032551143
-3.4250530295358064 132.59352541677404
-6.847764439780104 132.48296036252785
-10.265794200617153 132.29878414868307
-13.676805459236519 132.04114498512575
-17.078466126168983 131.71025015585354
-20.69149124287277 132.4505311407462
-24.10427060802952 131.96740660694462
-27.500570614565657 131.4110002905371
-31.210910884784656 131.90318050375768
-34.603481135852505 131.19204686165583
-38.37733705810231 131.50945987825278
-41.75594382294271 130.64192621816272
-45.58194099756244 130.77925479023014
-49.447143710323985 130.81800497144468
-52.802620454334175 129.70672949753924
-56.70192240836536 129.55762337298086
-60.630664487990344 129.30500388951697
-64.58534629930884 128.94709785814962
-68.56240396360761 128.48223128276058
-72.55821311622793 127.90883130917955
-76.56909197495791 127.22542807928397
-81.36783625359105 127.35343644501575
-85.42863917463907 126.42441902081488
-90.33064894861195 126.25947393497295
-94.42379499436429 125.07690218003403
-99.40894331347117 124.60825660147832
-104.44223480057767 123.97165694384161
-109.5177450993795 123.16409491715088
-114.62944426526003 122.18274529767027
-119.77120254700986 121.02496936500297
-125.97102088674295 120.38752397317677
-132.2390487198397 119.51172948052775
-138.56673063015472 118.39346579723644
-144.9453697558918 117.028888573484
-151.3661365163957 115.41443397357843
-158.9735668190174 114.09633910536286
-167.82323453400568 112.97613079750948
-175.574298349532 110.98155929843577
-184.58418063543778 109.1104313093199
-194.89830698903654 107.25859824975144
-205.30392250789833 104.93439302406735
-217.05421401376023 102.48237587169719
-230.1813644686415 99.79249071205355
-244.71213748967412 96.75264943048563
-260.6678080844578 93.24897977827396
-279.3951818348782 89.37428194431088
-300.94316550215973 84.9024687517918
-323.9935806659847 79.46952062091805
-352.64101887179186 73.24905233277688
-385.5873838805204 65.7241873284966
-425.6346147720299 56.593829891401526
-475.6340745542625 45.254629988822
-538.467969410647 30.800165620526585
-621.2558540468391 11.755247775904447
-673.214769006087 -8.914949737386275
-675.43089208187 -26.553834577559375
-677.1852509945276 -44.24799493752896
-678.4763852844594 -61.98539340450272
-679.3031498465948 -79.75407396065732
-679.676548008703 -100
-679.5605547287427 -115.33381495480005
-678.9905003201688 -133.12280867493243
-677.9546641592066 -150.89384036289923
-676.4534932693235 -168.63493750810716
-674.4877543236906 -186.33394308531624
-672.0550653719207 -203.98987750417612
-669.0762194497242 -221.8018679377733
-665.5538388130484 -239.658298120997
-661.5200682940857 -257.43500858230965
-656.995594206093 -275.0774972599626
-651.9950568328107 -292.55831736271705
-646.5297340884696 -309.86122942672813
-640.6089908462426 -326.97474788588937
-634.2410630586394 -343.889420085307
-627.4335386561002 -360.59659775922347
-620.1936481956428 -377.08789828025994
-612.5284677893371 -393.3549603457091
-604.4450120396164 -409.3893870187222
-595.9503309357378 -425.1827127998213
-587.0515542291946 -440.72642521002166
-577.7559302579598 -456.01198872503096
-568.0708507730727 -471.0308748831332
-558.0038593590134 -485.7745956018754
-547.5626834730331 -500.23472212259145
-536.7551975002368 -514.4029265597835
-525.5894573937356 -528.2709898745084
-514.0737190482382 -541.8308204170368
-502.2163755273882 -555.0744841532737
-490.0260046962218 -567.9942068779623
-477.5113638869039 -580.5823907472875
-464.6813440357873 -592.8316264842123
-451.54502576659473 -604.7347015808257
-438.1116190949201 -616.2846084021076
-424.39048782966114 -627.4745514940053
-410.3911420609824 -638.2979551161027
-396.1232307908186 -648.7484695120513
-381.59649827350114 -658.819962205427
-366.8208731896669 -668.5065538335357
-351.8063445976916 -677.8025804181854
-336.5630462324954 -686.7026298892682
-321.10121179751155 -695.2015304044637
-305.4311705711351 -703.2943516174697
-289.56334800452095 -710.9764099039324
-273.5082595743604 -718.2432701637848
-257.2765047721237 -725.0907473035377
-240.87875891152322 -731.5149048746895
-224.32576115381394 -737.512046923132
-207.628340789381 -743.0787561440267
-190.79736941220932 -748.211845953047
-173.84377791898808 -752.9083840605274
-156.77855739049625 -757.1657059153229
-139.61273607817097 -760.9813852020402
-122.35738754629028 -764.3532546998713
-105.02362683849029 -767.2794145386487
-87.62259256099064 -769.7581971608981
-70.16545511791266 -771.7881983124238
-52.66341000388357 -773.3682799192643
-35.12766782958691 -774.497548152591
-17.569453192799184 -775.1753645087699
0 -775.4013458645577
17.56945319279889 -775.1753645087699
35.12766782958668 -774.497548152591
52.66341000388357 -773.3682799192643
70.16545511791233 -771.7881983124238
87.62259256099036 -769.7581971608982
105.02362683849029 -767.2794145386487
122.35738754629003 -764.3532546998714
139.61273607817066 -760.9813852020402
156.77855739049625 -757.1657059153229
173.84377791898774 -752.9083840605274
190.79736941220912 -748.211845953047
207.628340789381 -743.0787561440267
224.32576115381374 -737.5120469231321
240.87875891152297 -731.5149048746895
257.2765047721237 -725.0907473035377
273.5082595743602 -718.2432701637849
289.5633480045207 -710.9764099039326
305.4311705711351 -703.2943516174697
321.10121179751144 -695.2015304044637
336.56304623249537 -686.7026298892682
351.8063445976916 -677.8025804181854
366.8208731896669 -668.5065538335357
381.59649827350114 -658.819962205427
396.1232307908186 -648.7484695120513
410.3911420609822 -638.2979551161027
424.3904878296611 -627.4745514940053
438.1116190949201 -616.2846084021076
451.5450257665947 -604.7347015808259
464.681344035787 -592.8316264842126
477.5113638869039 -580.5823907472875
490.02600469622155 -567.9942068779626
502.2163755273882 -555.0744841532738
514.0737190482381 -541.8308204170369
525.5894573937354 -528.2709898745085
536.7551975002369 -514.4029265597835
547.5626834730331 -500.23472212259145
558.0038593590134 -485.7745956018754
568.0708507730727 -471.03087488313344
577.7559302579598 -456.01198872503096
587.0515542291943 -440.726425210022
595.9503309357378 -425.1827127998213
604.4450120396164 -409.3893870187222
612.5284677893371 -393.3549603457091
620.1936481956428 -377.08789828026005
627.4335386561002 -360.59659775922364
634.2410630586394 -343.88942008530705
640.6089908462424 -326.97474788589005
646.5297340884696 -309.86122942672813
651.9950568328107 -292.55831736271705
656.9955942060927 -275.07749725996365
661.5200682940856 -257.4350085823106
665.5538388130484 -239.65829812099702
669.0762194497242 -221.80186793777426
672.0550653719207 -203.98987750417612
674.4877543236906 -186.33394308531624
676.4534932693235 -168.63493750810716
677.9546641592066 -150.89384036289923
678.9905003201688 -133.12280867493243
679.5605547287427 -115.33381495480005
679.676548008703 -100
679.3031498465948 -79.75407396065732
678.4763852844595 -61.985393404502325
677.1852509945276 -44.24799493752896
675.4308920818702 -26.55383457756104
673.214769006087 -8.914949737386275
621.2558540468391 11.755247775904447
538.467969410647 30.800165620526585
475.63407455426255 45.25462998882153
425.63461477203003 56.59382989140139
385.5873838805204 65.72418732849638
352.64101887179186 73.24905233277688
323.9935806659847 79.46952062091805
300.94316550215973 84.9024687517918
279.3951818348782 89.37428194431081
260.6678080844578 93.24897977827398
244.71213748967418 96.7526494304855
230.1813644686415 99.79249071205355
217.05421401376023 102.48237587169719
205.30392250789833 104.93439302406735
194.89830698903666 107.25859824975124
184.5841806354378 109.11043130931982
175.574298349532 110.9815592984357
167.82323453400568 112.97613079750948
158.9735668190174 114.09633910536286
151.3661365163957 115.41443397357843
144.94536975589187 117.02888857348387
138.56673063015475 118.39346579723644
132.2390487198397 119.51172948052772
125.97102088674295 120.38752397317677
119.77120254700986 121.02496936500297
114.62944426526003 122.18274529767027
109.51774509937961 123.16409491715082
104.44223480057771 123.97165694384087
99.4089433134712 124.6082566014783
94.42379499436429 125.07690218003403
90.33064894861195 126.25947393497295
85.42863917463907 126.42441902081488
81.36783625359112 127.35343644501565
76.56909197495794 127.22542807928397
72.55821311622795 127.90883130917955
68.56240396360761 128.48223128276058
64.58534629930884 128.94709785814962
60.630664487990344 129.30500388951697
56.70192240836543 129.55762337298083
52.802620454334225 129.70672949753924
49.44714371032401 130.81800497144462
45.58194099756244 130.77925479023014
41.75594382294271 130.64192621816272
38.37733705810231 131.50945987825278
34.603481135852554 131.1920468616558
31.210910884784703 131.90318050375768
27.50057061456571 131.41100029053706
24.10427060802952 131.96740660694462
20.69149124287277 132.4505311407462
17.078466126168983 131.71025015585354
13.676805459236563 132.04114498512573
10.265794200617195 132.29878414868307
6.847764439780148 132.48296036252785
3.4250530295358064 132.59352541677404
