0 60.60039032551087
-2.995911240805597 60.564803802925084
-5.9897749746655755 60.45807053909422
-8.979545082240287 60.280269423611806
-11.963178218493436 60.03153186521182
-14.93863519757263 59.71204168094075
-18.126923159654694 60.46620027251893
-21.116722997051692 59.99938968781509
-24.092090991728373 59.46169058807472
-27.383835251764598 59.97492185599727
-30.360432379121846 59.287127438518326
-33.72122315133305 59.630106074205926
-36.68995583402946 58.79029669108542
-40.10955090162008 58.95743466126327
-43.57210201017389 59.02800020043632
-46.528953610092074 57.95046144848648
-50.03393007790942 57.836923583583676
-53.572916580189585 57.62160905870625
-57.14267984203676 57.30264506516866
-60.73991978868662 56.87825345098688
-64.3612723635668 56.346752927558924
-68.00331241830533 55.7065611937764
-72.43908845038239 55.87897693207602
-76.14304244261763 54.99544315436212
-80.69456717195533 54.876935257830446
-84.44383226218677 53.74162869023591
-89.09193939371924 53.320948263178835
-93.79526045238941 52.73288353196302
-98.54809722714892 51.97429420413314
-103.34464091769188 51.04222158996477
-108.17897776462979 49.93389239612622
-114.0793194013725 49.34592815929588
-120.05602050967197 48.51951354363638
-126.10072533416722 47.45039276004275
-132.20493095142936 46.134586129143585
-138.3599958638097 44.56839523233928
-145.71063807744153 43.29792371916925
-154.3126074523035 42.224566462442
-161.8252324366374 40.27594363374517
-170.60609881433837 38.44973411064637
-180.70078913879877 36.64166411287339
-190.8966988980676 34.35994433435779
-202.44715863574962 31.949016153166305
-215.3844882685617 29.298708328644015
-229.73558150735553 26.2968216310162
-245.5218365032766 22.829377075176893
-264.0901749471962 18.98907281506246
-285.489612595191 14.549724650714467
-308.4020728329839 9.14722128782414
-336.9222417533954 2.9550913837572708
-350.47028857947504 -5.392241569094526
-352.84287968781786 -14.590259002561211
-354.9743151226216 -23.848086932815935
-356.86306672435006 -33.159414135931286
-358.5077709778237 -42.51788933275992
-359.90723013430284 -51.91712562098509
-361.0604132249616 -61.350705184672414
-361.9664569659757 -70.81218483665758
-362.6246665612769 -80.29510513020588
-363.03451646449656 -89.79302671970063
-363.19744583169864 -100
-363.10788136073296 -108.80702477436975
-362.77119690622635 -118.31072085700126
-362.1857507270286 -127.80322383971568
-361.3518691926459 -137.27807934974726
-360.27004934811407 -146.7287926493602
-358.9409588798155 -156.14887392155063
-357.3654358754178 -165.5318483235982
-355.5444884541998 -174.871261841294
-353.47929427568783 -184.16068622489306
-351.1711999279879 -193.39372364667608
-348.6210608929654 -202.56504264246266
-345.8182268103129 -211.68518487405484
-342.76347292014884 -220.74357607660838
-339.462485981555 -229.725240695416
-335.92020394685835 -238.6188451484204
-332.14109541821875 -247.4152199071635
-328.1293582704146 -256.10651468411237
-323.8890126925979 -264.68574397139804
-319.42399954603565 -273.1464842609714
-314.7382277209311 -281.4827071852086
-309.83561643615474 -289.68866923737994
-304.72012395552775 -297.75884431361044
-299.39576016596953 -305.6878848676606
-293.8666226989273 -313.47058674593376
-288.1368645088773 -321.10188941929766
-282.2107325706224 -328.5768522903574
-276.0925904969681 -335.89064850404304
-269.78686017441726 -343.03857572772125
-263.29807335514806 -350.016043051168
-256.63087045180646 -356.81857528566803
-249.78995867520257 -363.4418154058827
-242.7801719851092 -369.8815249309823
-235.60641457530147 -376.13358575489576
-228.27368894816223 -382.19400243147356
-220.78709197296087 -388.0589057051647
-213.15181095607068 -393.724555614235
-205.37308312278944 -399.18733023955997
-197.45628835351627 -404.4437597516974
-189.4068276796055 -409.4904870460517
-181.23021089111867 -414.32430336240867
-172.93201443055833 -418.942135805704
-164.51787963306765 -423.3410481388898
-155.9935158676023 -427.51824578855707
-147.36469676441277 -431.4710775946405
-138.63725644816896 -435.19703738919253
-129.8170834416046 -438.69376282745395
-120.91011062315793 -441.95902745682594
-111.92234366948364 -444.99077958922567
-102.85981461693837 -447.78709436284714
-93.72860070744169 -450.3461979757672
-84.5348268893011 -452.6664817436169
-75.28464408465496 -454.74647277552424
-65.98423883063373 -456.5848555052791
-56.639830751108704 -458.1804804879168
-47.2576557171684 -459.53232939645596
-37.8439753731392 -460.63954671939285
-28.405071507394318 -461.5014430063305
-18.947237069652697 -462.1174729652328
-9.476776093133687 -462.48724688533935
0 -462.61053085381565
9.476776093133525 -462.4872468853394
18.94723706965257 -462.1174729652328
28.405071507394318 -461.5014430063305
37.843975373139045 -460.63954671939285
47.257655717168234 -459.532329396456
56.639830751108704 -458.1804804879168
65.98423883063357 -456.5848555052791
75.28464408465474 -454.74647277552424
84.5348268893011 -452.6664817436169
93.72860070744149 -450.3461979757672
102.8598146169382 -447.7870943628472
111.92234366948364 -444.99077958922567
120.91011062315776 -441.95902745682605
129.81708344160447 -438.69376282745395
138.63725644816896 -435.19703738919253
147.36469676441266 -431.4710775946405
155.99351586760218 -427.5182457885571
164.51787963306765 -423.3410481388898
172.9320144305583 -418.9421358057041
181.23021089111862 -414.3243033624087
189.4068276796055 -409.4904870460517
197.45628835351624 -404.4437597516974
205.37308312278944 -399.18733023955997
213.15181095607068 -393.724555614235
220.78709197296067 -388.0589057051647
228.27368894816215 -382.1940024314737
235.60641457530147 -376.13358575489576
242.78017198510918 -369.8815249309824
249.78995867520254 -363.44181540588283
256.63087045180646 -356.81857528566803
263.2980733551479 -350.0160430511681
269.78686017441726 -343.0385757277213
276.092590496968 -335.8906485040432
282.2107325706223 -328.57685229035746
288.1368645088773 -321.1018894192978
293.8666226989273 -313.47058674593376
299.39576016596953 -305.6878848676606
304.7201239555276 -297.7588443136107
309.8356164361547 -289.68866923737994
314.7382277209307 -281.4827071852089
319.42399954603565 -273.1464842609714
323.8890126925979 -264.68574397139804
328.1293582704146 -256.10651468411237
332.14109541821875 -247.41521990716353
335.9202039468583 -238.61884514842063
339.462485981555 -229.72524069541606
342.76347292014873 -220.74357607660855
345.8182268103129 -211.68518487405484
348.6210608929654 -202.56504264246266
351.1711999279878 -193.3937236466766
353.47929427568783 -184.1606862248934
355.5444884541998 -174.8712618412942
357.36543587541775 -165.5318483235984
358.9409588798155 -156.14887392155063
360.27004934811407 -146.7287926493602
361.3518691926459 -137.27807934974726
362.1857507270286 -127.80322383971568
362.77119690622635 -118.31072085700126
363.10788136073296 -108.80702477436975
363.19744583169864 -100
363.03451646449656 -89.79302671970063
362.62466656127697 -80.29510513020612
361.9664569659757 -70.81218483665758
361.06041322496174 -61.3507051846732
359.90723013430284 -51.91712562098509
358.5077709778237 -42.51788933275992
356.86306672435006 -33.159414135931286
354.97431512262165 -23.848086932816276
352.8428796878179 -14.590259002561325
350.47028857947504 -5.392241569094731
336.9222417533954 2.9550913837572708
308.4020728329839 9.14722128782414
285.489612595191 14.549724650714467
264.0901749471962 18.98907281506239
245.5218365032766 22.829377075176904
229.7355815073556 26.296821631016076
215.3844882685617 29.298708328644015
202.44715863574962 31.949016153166305
190.8966988980676 34.35994433435779
180.70078913879888 36.6416641128732
170.6060988143384 38.44973411064628
161.8252324366374 40.27594363374511
154.3126074523035 42.224566462442
145.71063807744153 43.29792371916925
138.3599958638097 44.56839523233928
132.20493095142945 46.13458612914345
126.10072533416727 47.45039276004275
120.05602050967198 48.51951354363634
114.0793194013725 49.34592815929588
108.17897776462979 49.93389239612622
103.34464091769188 51.04222158996477
98.54809722714903 51.97429420413308
93.79526045238946 52.732883531962514
89.09193939371927 53.32094826317881
84.44383226218677 53.74162869023591
80.69456717195533 54.876935257830446
76.14304244261763 54.99544315436212
72.43908845038246 55.87897693207592
68.00331241830536 55.7065611937764
64.36127236356681 56.34675292755892
60.73991978868662 56.87825345098688
57.14267984203676 57.30264506516866
53.572916580189585 57.62160905870625
50.03393007790948 57.83692358358366
46.528953610092124 57.95046144848648
43.57210201017392 59.02800020043627
40.10955090162008 58.95743466126327
36.68995583402946 58.79029669108542
33.72122315133305 59.630106074205926
30.360432379121892 59.2871274385183
27.383835251764644 59.97492185599726
24.092090991728426 59.461690588074696
21.116722997051692 59.99938968781509
18.126923159654694 60.46620027251893
14.93863519757263 59.71204168094075
11.96317821849348 60.0315318652118
8.97954508224033 60.2802694236118
5.98977497466562 60.45807053909422
2.995911240805597 60.564803802925084
