-500 1178.5022016569699 0.9972173649232955
-509.7477068199031 1178.445301993334 0.9972173944042413
-519.4887385033054 1178.27468243843 0.9972174828038795
-529.2164244736388 1177.9905811565277 0.9972176299927009
-538.9241032711177 1177.5933946091507 0.9972178357551537
-548.6051271033126 1177.0836768371025 0.9972180997900865
-558.2528663867735 1176.4621384562756 0.9972184217113694
-567.8607142759467 1175.729645368228 0.9972188010486892
-577.4220911769985 1174.8872171866035 0.9972192372485184
-586.9304492430811 1173.9360253812465 0.9972197296752562
-596.3792768481079 1172.8773911415108 0.9972202776125396
-605.7621030360435 1171.7127829613662 0.9972208802647208
-615.0725019427483 1170.4438139485312 0.9972215367585088
-629.0634706560281 1179.8450055739304 0.9972166690886864
-638.560237960852 1178.2382533425525 0.9972175016777489
-647.9621359759901 1176.5232997658193 0.9972183900351161
-657.2627263943056 1174.7023983485064 0.9972193329356529
-666.4556400718067 1172.7779359474828 0.9972203290833879
-675.5345813789878 1170.7524284457522 0.9972213771141468
-684.4933325027081 1168.62851617767 0.997222475598323
-693.3257576953329 1166.4089591111933 0.9972236230437803
-702.0258074684817 1164.0966317946402 0.9972248178988822
-710.5875227288237 1161.6945180754724 0.997226058555639
-727.0807953088749 1168.2173170989859 0.9972226882151303
-735.6535080970262 1165.4204547748418 0.9972241339049263
-744.0648857441704 1162.5350572938753 0.9972256244981911
-752.3091661955411 1159.564641671624 0.9972271580997978
-760.3807014451395 1156.512810191414 0.9972287327727736
-768.2739614002764 1153.3832438659124 0.9972303465421176
-785.798230278894 1157.7225970364823 0.9972281086680557
-793.5867726414662 1154.1770781230061 0.9972299372963909
-801.1743288885515 1150.557970574174 0.9972318025215088
-808.5556986299418 1146.8693861109787 0.9972337021440733
-826.5679565794936 1149.5284618292922 0.9972323328620776
-833.761356908074 1145.4136816116884 0.9972344514410899
-840.7262813782777 1141.2354855683177 0.9972366008607635
-858.9933071897801 1142.493349706434 0.9972359539604226
-865.7034771837881 1137.8830948598938 0.9972383241375036
-884.1211977884999 1138.069737857476 0.9972382282255977
-890.5265495169702 1133.0223038369509 0.9972408207162047
-909.012648767844 1132.1111436486754 0.997241288428257
-915.0628271379519 1126.6240574473752 0.99724410320239
-933.5337696899549 1124.5928747277 0.9972451443667313
-952.0478445060314 1121.8202171104033 0.9972465649109388
-970.5752254408212 1118.2977709219508 0.9972483684491616
-989.0858730399532 1114.0181172726 0.997250557952665
NaN NaN NaN
NaN NaN NaN
NaN NaN NaN
NaN NaN NaN
NaN NaN NaN
NaN NaN NaN
NaN NaN NaN
NaN NaN NaN
NaN NaN NaN
NaN NaN NaN
NaN NaN NaN
NaN NaN NaN
NaN NaN NaN
NaN NaN NaN
-1467.3568358441385 -1393.9988353795254 0.9969881387996835
-1454.586410805011 -1398.8281884587534 0.9969908773925101
-1441.467612144342 -1404.222775363829 0.9969939333491707
-1429.0399282244623 -1409.6937048069274 0.9969970291455741
-1417.0151980995565 -1415.269166288997 0.9970001805666069
-1405.2111310651637 -1420.9607388489333 0.9970033939498232
-1393.5050142292125 -1426.7712956450416 0.9970066706921957
-1381.8106014904288 -1432.6987177871033 0.997010009368708
-1370.0602563380103 -1438.7401403876163 0.9970134081364748
-1370.5391700225366 -1443.5124334939562 0.9970160899832002
-1358.2445568337423 -1450.0186800013512 0.9970197420735987
-1345.7707616626117 -1456.620995695008 0.9970234431750393
-1333.1105819954391 -1463.301645072153 0.9970271831562079
-1331.9387783470002 -1469.516216901781 0.9970306576779132
-1318.6951853387964 -1476.5336803888808 0.9970345758388399
-1305.2377263095436 -1483.5914639730759 0.9970385109016063
-1302.7263841490603 -1490.8404901801036 0.9970425467425607
-1288.6361750021526 -1498.1701877220144 0.997046621479017
-1285.1386858944336 -1506.1513216613719 0.9970510514919756
-1270.390290957748 -1513.7093618358697 0.9970552400687138
-1265.8736361099548 -1522.3869337690476 0.9970600411802593
-1250.4452482191236 -1530.1272566661148 0.9970643166212318
-1244.8802841507586 -1539.4584085192812 0.997069461873418
-1238.6923538460753 -1549.2336140254245 0.9970748415655396
-1231.8706072629095 -1559.4409202052657 0.9970804477099584
-1214.832074279261 -1567.6208707885776 0.9970849320189871
-1206.8968656996622 -1578.3779510480401 0.9970908178377499
-1198.2997132830471 -1589.5223915337601 0.9970969021016278
-1189.028594627592 -1601.0370149277255 0.9971031740651297
-1187.8505167921187 -1616.4368541306324 0.9971115394711699
-1176.9856172315776 -1628.902742848658 0.9971182920429796
-1165.4093209435632 -1641.6760608629415 0.9971251934930473
-1161.2513113284044 -1659.1163437834637 0.9971345877469678
-1147.9894536005165 -1672.6933732459083 0.9971418781272342
-1141.6674932384567 -1691.450064448922 0.9971519169015234
-1134.115807375088 -1710.9627700601388 0.9971623199364091
-1125.3063681994379 -1731.1869949820393 0.9971730590416875
-1115.212748922497 -1752.07499268155 0.9971841045646684
-1103.809676520982 -1773.5758590885023 0.9971954255086503
-1097.529011749711 -1802.0738670186336 0.9972103549747471
-1089.3599421492631 -1831.6470398264776 0.9972257569328856
-1085.2268329284905 -1869.3136004603252 0.997245241009445
-1073.0698413848263 -1901.160465267821 0.9972615992248274
-1069.9543935836982 -1949.4327555386478 0.9972861942907071
-1058.6642173768664 -1991.6650658749318 0.9973075158190293
-1054.744080371943 -2052.1613279753574 0.9973377425040006
-1047.1261580472963 -2115.1572972060358 0.9973688274666431
-1040.0974121591632 -2189.682485609006 0.9974050936262031
-1032.6818962371663 -2276.581481521995 0.9974466966940548
-1027.702578003581 -2386.715226792911 0.9974983838185698
-1023.1911099039281 -2522.0169772194495 0.997560327115671
-968.5896655733284 -2522.439265697848 0.9975605178059328
-914.4005105906087 -2521.5808699543495 0.9975601301682566
-863.1628387323253 -2530.1918455509526 0.9975640157006822
-809.5509413324229 -2526.8713089700227 0.9975625181753518
-758.2520918011402 -2533.1573962882626 0.9975653522818524
-705.3579517422106 -2527.430315112892 0.9975627703513205
-654.1295173650319 -2531.4061527544054 0.9975645630888632
-602.8059223790079 -2534.2488857822586 0.9975658440172267
-551.4188400583338 -2535.9556648168814 0.9975666127340114
-500 -2536.524780993404 0.9975668689994822
-448.58115994166724 -2535.9556648168814 0.9975666127340114
-397.1940776209932 -2534.2488857822586 0.9975658440172267
-345.8704826349681 -2531.4061527544054 0.9975645630888632
-294.642048257791 -2527.430315112892 0.9975627703513205
-241.74790819885996 -2533.1573962882626 0.9975653522818524
-190.449058667578 -2526.8713089700227 0.9975625181753518
-136.8371612676756 -2530.1918455509526 0.9975640157006822
-85.59948940939182 -2521.5808699543495 0.9975601301682566
-31.41033442667043 -2522.439265697848 0.9975605178059328
23.191109903927497 -2522.0169772194495 0.997560327115671
78.16409254885664 -2520.2904503549007 0.9975595473089968
133.47134647289988 -2517.2447869292487 0.9975581710347028
189.07104629236514 -2512.861031678729 0.9975561886154058
244.9250605833378 -2507.1273758967695 0.9975535930919457
306.2622793611441 -2510.046002071404 0.9975549146777533
362.8297411135707 -2501.4357120560176 0.9975510136003674
425.4593293958167 -2501.1901036886707 0.9975509022225678
488.8224358766381 -2499.2518238226176 0.9975500230627545
552.8627744034311 -2495.5851358253653 0.9975483589936824
617.5226379399686 -2490.156735033446 0.9975458931328711
682.7429638792189 -2482.935845788568 0.9975426088343258
748.4634010550054 -2473.8943244213087 0.9975384896865886
822.4634067259157 -2471.826232534758 0.9975375464441657
897.4414727954232 -2467.518300068944 0.9975355803591565
973.3164493308316 -2460.921342688013 0.9975325662719167
1050.0036848652426 -2451.98984759164 0.9975284791459329
1055.4642476769409 -2376.7470474572037 0.9974937528599965
1057.5676532266568 -2303.608708288056 0.9974594876835778
1065.8349704302536 -2239.939330216016 0.9974292432979495
1071.3951490263355 -2177.9380530617445 0.9973994146611368
1074.347147452326 -2117.712776345839 0.9973700801107716
1084.7995122411137 -2065.5410848906176 0.9973443778321772
1083.0304634385177 -2008.798222862373 0.9973161139049561
1089.327333618238 -1959.5674540143057 0.9972913275499906
1104.3071492296112 -1916.8637322454465 0.9972696265245965
1107.160712890348 -1870.1346894461599 0.9972456640888823
1108.360444500528 -1824.9087743275975 0.9972222556909648
1118.9886934678036 -1785.2965392680085 0.9972015761350224
1128.455415181769 -1746.5512266532735 0.9971811881501933
1136.864947858458 -1708.6857469492693 0.9971611080770089
1144.057604557175 -1671.805956214853 0.9971414022276511
1149.7896022978275 -1636.0836486073624 0.9971221740969818
1154.1191481286182 -1601.5956123496785 0.9971034779589946
1169.0654581877247 -1570.3132343445018 0.9970864063689981
1170.93848653376 -1538.1266294205031 0.9970687281170273
1183.8723841744115 -1508.531071009222 0.9970523710123447
1195.9657875797188 -1479.688778469233 0.9970363356567453
1207.2825053526185 -1451.6598364632437 0.9970206625290413
1217.9025886323006 -1424.4993932754735 0.9970053899591623
1227.919926254082 -1398.2611313820903 0.9969905559688332
1237.4496464243884 -1372.9951306592789 0.9969761969792091
1246.638762865789 -1348.7450001405941 0.9969623460609344
1268.8626200025851 -1324.2087931647834 0.9969482623516643
1278.1261923760337 -1301.76196598344 0.9969353165062614
1301.287073971704 -1278.4431048721688 0.9969218052648496
1312.0155925036327 -1258.069019380474 0.9969099479243049
1337.2703529460603 -1237.043817086367 0.9968976602438671
1362.4625236534148 -1218.923174470762 0.9968870280050964
1392.1268137142242 -1201.732187597978 0.996876905108073
1418.2125158429037 -1189.996524837145 0.9968699743034805
NaN NaN NaN
NaN NaN NaN
895.7958543427384 902.7052775955177 0.9973563351629526
636.9110908523926 962.6173668388583 0.9973268043030951
477.71396584524854 1000.3312343907141 0.997308029973639
361.2253849957084 1027.053752954149 0.9972946399703277
273.15454234591425 1046.651928915857 0.9972847735265019
213.2854823738275 1061.384106267216 0.9972773309173407
167.42769661932647 1073.2830256246375 0.997271303382219
121.64653874272067 1082.8792236504244 0.9972664316994806
89.6976014361705 1091.1675755839033 0.9972622163226568
57.77485081433501 1097.9246024450854 0.9972587745107776
25.935923399305057 1103.162023823514 0.9972561034869047
7.549564437211006 1108.9747384582902 0.9972531357430451
-10.914126960037457 1114.0181172725997 0.997250557952665
-29.424774559170082 1118.2977709219506 0.9972483684491616
-47.9521554939806 1121.8202171104033 0.9972465649109388
-66.46623031002628 1124.5928747277 0.9972451443667313
-84.937172862029 1126.6240574473752 0.99724410320239
-90.98735123216832 1132.1111436486751 0.997241288428257
-109.47345048301082 1133.0223038369509 0.9972408207162047
-115.87880221149977 1138.069737857476 0.9972382282255977
-134.2965228161927 1137.8830948598938 0.9972383241375036
-141.00669281023897 1142.493349706434 0.9972359539604226
-159.2737186217223 1141.2354855683177 0.9972366008607635
-166.23864309194096 1145.4136816116884 0.9972344514410899
-173.43204342052564 1149.5284618292922 0.9972323328620776
-191.44430137007424 1146.8693861109784 0.9972337021440733
-198.82567111144863 1150.557970574174 0.9972318025215088
-206.4132273585169 1154.1770781230061 0.9972299372963909
-214.20176972110596 1157.7225970364823 0.9972281086680557
-231.72603859972216 1153.3832438659124 0.9972303465421176
-239.61929855487872 1156.512810191414 0.9972287327727736
-247.69083380445903 1159.5646416716238 0.9972271580997978
-255.9351142558295 1162.5350572938753 0.9972256244981911
-264.34649190295454 1165.4204547748418 0.9972241339049263
-272.9192046911251 1168.2173170989859 0.9972226882151303
-289.41247727119554 1161.6945180754724 0.997226058555639
-297.97419253151827 1164.0966317946402 0.9972248178988822
-306.6742423046863 1166.4089591111933 0.9972236230437803
-315.5066674972724 1168.62851617767 0.997222475598323
-324.4654186210124 1170.7524284457522 0.9972213771141468
-333.54435992819333 1172.7779359474828 0.9972203290833879
-342.73727360567494 1174.7023983485064 0.9972193329356529
-352.03786402399044 1176.5232997658193 0.9972183900351161
-361.4397620391287 1178.2382533425525 0.9972175016777489
-370.9365293439525 1179.8450055739304 0.9972166690886864
-384.9274980572516 1170.4438139485312 0.9972215367585088
-394.23789696397586 1171.7127829613662 0.9972208802647208
-403.6207231519114 1172.8773911415108 0.9972202776125396
-413.0695507569188 1173.9360253812465 0.9972197296752562
-422.57790882298195 1174.8872171866035 0.9972192372485184
-432.13928572403387 1175.729645368228 0.9972188010486892
-441.7471336132265 1176.4621384562756 0.9972184217113694
-451.39487289668733 1177.0836768371025 0.9972180997900865
-461.075896728901 1177.5933946091507 0.9972178357551537
-470.7835755263611 1177.9905811565277 0.9972176299927009
-480.51126149668414 1178.27468243843 0.9972174828038795
-490.2522931800969 1178.445301993334 0.9972173944042413
500 1178.5022016569699 0.9972173649232955
490.2522931800969 1178.445301993334 0.9972173944042413
480.51126149668414 1178.27468243843 0.9972174828038795
470.7835755263613 1177.9905811565277 0.9972176299927009
461.07589672890106 1177.5933946091507 0.9972178357551537
451.39487289668733 1177.0836768371025 0.9972180997900865
441.7471336132265 1176.4621384562756 0.9972184217113694
432.13928572403387 1175.729645368228 0.9972188010486892
422.57790882298195 1174.8872171866035 0.9972192372485184
413.0695507569188 1173.9360253812465 0.9972197296752562
403.6207231519115 1172.8773911415108 0.9972202776125396
394.23789696397586 1171.7127829613662 0.9972208802647208
384.9274980572516 1170.4438139485312 0.9972215367585088
370.9365293439525 1179.8450055739304 0.9972166690886864
361.43976203912877 1178.2382533425525 0.9972175016777489
352.03786402399044 1176.5232997658193 0.9972183900351161
342.737273605675 1174.7023983485064 0.9972193329356529
333.54435992819333 1172.7779359474828 0.9972203290833879
324.4654186210124 1170.7524284457522 0.9972213771141468
315.5066674972724 1168.62851617767 0.997222475598323
306.6742423046863 1166.4089591111933 0.9972236230437803
297.9741925315183 1164.0966317946402 0.9972248178988822
289.4124772711956 1161.6945180754724 0.997226058555639
272.9192046911251 1168.2173170989859 0.9972226882151303
264.34649190295454 1165.4204547748418 0.9972241339049263
255.9351142558295 1162.5350572938753 0.9972256244981911
247.6908338044591 1159.564641671624 0.9972271580997978
239.61929855487878 1156.512810191414 0.9972287327727736
231.72603859972227 1153.3832438659124 0.9972303465421176
214.20176972110596 1157.7225970364823 0.9972281086680557
206.4132273585169 1154.1770781230061 0.9972299372963909
198.82567111144863 1150.557970574174 0.9972318025215088
191.4443013700744 1146.8693861109787 0.9972337021440733
173.43204342052564 1149.5284618292922 0.9972323328620776
166.23864309194107 1145.4136816116884 0.9972344514410899
159.2737186217223 1141.2354855683177 0.9972366008607635
141.00669281023897 1142.493349706434 0.9972359539604226
134.2965228161927 1137.8830948598938 0.9972383241375036
115.87880221149989 1138.069737857476 0.9972382282255977
109.47345048301082 1133.0223038369509 0.9972408207162047
90.98735123216844 1132.1111436486754 0.997241288428257
84.937172862029 1126.6240574473752 0.99724410320239
66.46623031002628 1124.5928747277 0.9972451443667313
47.9521554939806 1121.8202171104033 0.9972465649109388
29.42477455917014 1118.2977709219508 0.9972483684491616
10.91412696003757 1114.0181172726 0.997250557952665
-7.5495644372109485 1108.9747384582902 0.9972531357430451
-25.935923399305057 1103.162023823514 0.9972561034869047
-57.77485081433501 1097.9246024450854 0.9972587745107776
-89.6976014361705 1091.1675755839033 0.9972622163226568
-121.64653874272062 1082.8792236504246 0.9972664316994806
-167.42769661932647 1073.2830256246377 0.997271303382219
-213.28548237382745 1061.3841062672168 0.9972773309173407
-273.15454234591425 1046.651928915857 0.9972847735265019
-361.2253849957084 1027.053752954149 0.9972946399703277
-477.71396584524854 1000.3312343907141 0.997308029973639
-636.9110908523924 962.6173668388593 0.9973268043030951
-895.7958543427384 902.7052775955177 0.9973563351629526
NaN NaN NaN
NaN NaN NaN
-1418.2125158429037 -1189.996524837145 0.9968699743034805
-1392.1268137142242 -1201.732187597978 0.996876905108073
-1362.4625236534148 -1218.923174470762 0.9968870280050964
-1337.2703529460603 -1237.043817086367 0.9968976602438671
-1312.0155925036327 -1258.069019380474 0.9969099479243049
-1301.287073971704 -1278.4431048721688 0.9969218052648496
-1278.1261923760337 -1301.76196598344 0.9969353165062614
-1268.8626200025867 -1324.2087931647818 0.9969482623516643
-1246.6387628657894 -1348.745000140593 0.9969623460609344
-1237.4496464243884 -1372.9951306592784 0.9969761969792091
-1227.9199262540822 -1398.26113138209 0.9969905559688332
-1217.9025886323006 -1424.4993932754735 0.9970053899591623
-1207.2825053526185 -1451.6598364632437 0.9970206625290413
-1195.9657875797193 -1479.6887784692326 0.9970363356567453
-1183.8723841744115 -1508.531071009222 0.9970523710123447
-1170.938486533761 -1538.126629420502 0.9970687281170273
-1169.065458187725 -1570.3132343445013 0.9970864063689981
-1154.1191481286182 -1601.5956123496785 0.9971034779589946
-1149.7896022978275 -1636.0836486073624 0.9971221740969818
-1144.0576045571745 -1671.805956214854 0.9971414022276511
-1136.8649478584575 -1708.6857469492693 0.9971611080770089
-1128.4554151817704 -1746.5512266532724 0.9971811881501933
-1118.9886934678052 -1785.296539268007 0.9972015761350224
-1108.360444500528 -1824.9087743275975 0.9972222556909648
-1107.160712890348 -1870.1346894461599 0.9972456640888823
-1104.3071492296117 -1916.863732245446 0.9972696265245965
-1089.3273336182383 -1959.5674540143052 0.9972913275499906
-1083.0304634385177 -2008.798222862373 0.9973161139049561
-1084.7995122411137 -2065.5410848906176 0.9973443778321772
-1074.3471474523265 -2117.712776345839 0.9973700801107716
-1071.3951490263355 -2177.9380530617445 0.9973994146611368
-1065.8349704302557 -2239.9393302160142 0.9974292432979495
-1057.5676532266582 -2303.608708288054 0.9974594876835778
-1055.4642476769409 -2376.7470474572037 0.9974937528599965
-1050.0036848652433 -2451.98984759164 0.9975284791459329
-973.316449330832 -2460.921342688013 0.9975325662719167
-897.4414727954232 -2467.518300068944 0.9975355803591565
-822.4634067259176 -2471.826232534757 0.9975375464441657
-748.4634010550059 -2473.8943244213083 0.9975384896865886
-682.7429638792189 -2482.935845788568 0.9975426088343258
-617.5226379399688 -2490.1567350334453 0.9975458931328711
-552.8627744034324 -2495.5851358253653 0.9975483589936824
-488.8224358766381 -2499.2518238226176 0.9975500230627545
-425.4593293958178 -2501.1901036886698 0.9975509022225678
-362.82974111357163 -2501.435712056017 0.9975510136003674
-306.2622793611441 -2510.046002071404 0.9975549146777533
-244.92506058333845 -2507.1273758967695 0.9975535930919457
-189.07104629236574 -2512.861031678729 0.9975561886154058
-133.47134647289988 -2517.2447869292487 0.9975581710347028
-78.1640925488576 -2520.2904503549003 0.9975595473089968
-23.19110990392824 -2522.0169772194495 0.997560327115671
31.41033442667043 -2522.439265697848 0.9975605178059328
85.59948940939118 -2521.5808699543495 0.9975601301682566
136.83716126767442 -2530.1918455509526 0.9975640157006822
190.449058667578 -2526.8713089700227 0.9975625181753518
241.74790819885916 -2533.1573962882626 0.9975653522818524
294.6420482577901 -2527.430315112892 0.9975627703513205
345.8704826349681 -2531.4061527544054 0.9975645630888632
397.1940776209924 -2534.2488857822586 0.9975658440172267
448.5811599416662 -2535.9556648168814 0.9975666127340114
500 -2536.524780993404 0.9975668689994822
551.4188400583334 -2535.9556648168814 0.9975666127340114
602.8059223790071 -2534.2488857822586 0.9975658440172267
654.1295173650319 -2531.4061527544054 0.9975645630888632
705.3579517422094 -2527.430315112892 0.9975627703513205
758.2520918011393 -2533.1573962882626 0.9975653522818524
809.5509413324229 -2526.8713089700227 0.9975625181753518
863.1628387323244 -2530.1918455509526 0.9975640157006822
914.4005105906081 -2521.5808699543495 0.9975601301682566
968.5896655733284 -2522.439265697848 0.9975605178059328
1023.1911099039276 -2522.0169772194495 0.997560327115671
1027.70257800358 -2386.7152267929114 0.9974983838185698
1032.6818962371663 -2276.581481521995 0.9974466966940548
1040.0974121591623 -2189.682485609006 0.9974050936262031
1047.126158047296 -2115.1572972060358 0.9973688274666431
1054.744080371943 -2052.1613279753574 0.9973377425040006
1058.664217376866 -1991.665065874932 0.9973075158190293
1069.9543935836973 -1949.4327555386483 0.9972861942907071
1073.0698413848263 -1901.160465267821 0.9972615992248274
1085.2268329284898 -1869.3136004603252 0.997245241009445
1089.359942149263 -1831.6470398264778 0.9972257569328856
1097.529011749711 -1802.0738670186336 0.9972103549747471
1103.8096765209818 -1773.5758590885025 0.9971954255086503
1115.2127489224963 -1752.0749926815502 0.9971841045646684
1125.3063681994379 -1731.1869949820393 0.9971730590416875
1134.1158073750878 -1710.9627700601388 0.9971623199364091
1141.6674932384565 -1691.4500644489221 0.9971519169015234
1147.9894536005165 -1672.6933732459083 0.9971418781272342
1161.2513113284037 -1659.1163437834637 0.9971345877469678
1165.4093209435623 -1641.6760608629415 0.9971251934930473
1176.9856172315776 -1628.902742848658 0.9971182920429796
1187.850516792119 -1616.4368541306324 0.9971115394711699
1189.0285946275917 -1601.0370149277255 0.9971031740651297
1198.299713283047 -1589.5223915337601 0.9970969021016278
1206.8968656996617 -1578.3779510480401 0.9970908178377499
1214.83207427926 -1567.620870788578 0.9970849320189871
1231.8706072629095 -1559.4409202052657 0.9970804477099584
1238.6923538460753 -1549.2336140254245 0.9970748415655396
1244.8802841507581 -1539.4584085192816 0.997069461873418
1250.4452482191232 -1530.1272566661153 0.9970643166212318
1265.8736361099548 -1522.3869337690476 0.9970600411802593
1270.390290957748 -1513.7093618358697 0.9970552400687138
1285.1386858944336 -1506.1513216613719 0.9970510514919756
1288.6361750021526 -1498.1701877220144 0.997046621479017
1302.7263841490603 -1490.8404901801039 0.9970425467425607
1305.2377263095439 -1483.5914639730763 0.9970385109016063
1318.6951853387964 -1476.5336803888808 0.9970345758388399
1331.9387783470006 -1469.5162169017813 0.9970306576779132
1333.1105819954391 -1463.301645072153 0.9970271831562079
1345.7707616626117 -1456.620995695008 0.9970234431750393
1358.2445568337423 -1450.0186800013516 0.9970197420735987
1370.5391700225364 -1443.5124334939565 0.9970160899832002
1370.0602563380103 -1438.7401403876167 0.9970134081364748
1381.8106014904283 -1432.6987177871035 0.997010009368708
1393.5050142292125 -1426.7712956450416 0.9970066706921957
1405.2111310651637 -1420.9607388489333 0.9970033939498232
1417.0151980995565 -1415.269166288997 0.9970001805666069
1429.0399282244623 -1409.6937048069274 0.9969970291455741
1441.467612144342 -1404.222775363829 0.9969939333491707
1454.586410805011 -1398.8281884587534 0.9969908773925101
1467.3568358441385 -1393.9988353795254 0.9969881387996835
NaN NaN NaN
NaN NaN NaN
NaN NaN NaN
NaN NaN NaN
NaN NaN NaN
NaN NaN NaN
NaN NaN NaN
NaN NaN NaN
NaN NaN NaN
NaN NaN NaN
NaN NaN NaN
NaN NaN NaN
NaN NaN NaN
NaN NaN NaN
989.0858730399532 1114.0181172725997 0.997250557952665
970.5752254408213 1118.2977709219506 0.9972483684491616
952.0478445060314 1121.8202171104033 0.9972465649109388
933.5337696899549 1124.5928747277 0.9972451443667313
915.0628271379519 1126.6240574473752 0.99724410320239
909.012648767844 1132.1111436486751 0.997241288428257
890.5265495169702 1133.0223038369509 0.9972408207162047
884.1211977884999 1138.069737857476 0.9972382282255977
865.7034771837881 1137.8830948598938 0.9972383241375036
858.9933071897801 1142.493349706434 0.9972359539604226
840.7262813782777 1141.2354855683177 0.9972366008607635
833.761356908074 1145.4136816116884 0.9972344514410899
826.5679565794939 1149.5284618292922 0.9972323328620776
808.5556986299418 1146.8693861109784 0.9972337021440733
801.1743288885515 1150.557970574174 0.9972318025215088
793.5867726414662 1154.1770781230061 0.9972299372963909
785.798230278894 1157.7225970364823 0.9972281086680557
768.2739614002764 1153.3832438659124 0.9972303465421176
760.3807014451395 1156.512810191414 0.9972287327727736
752.3091661955411 1159.5646416716238 0.9972271580997978
744.0648857441704 1162.5350572938753 0.9972256244981911
735.6535080970262 1165.4204547748418 0.9972241339049263
727.0807953088749 1168.2173170989859 0.9972226882151303
710.587522728824 1161.6945180754724 0.997226058555639
702.0258074684817 1164.0966317946402 0.9972248178988822
693.3257576953331 1166.4089591111933 0.9972236230437803
684.4933325027081 1168.62851617767 0.997222475598323
675.5345813789878 1170.7524284457522 0.9972213771141468
666.4556400718067 1172.7779359474828 0.9972203290833879
657.2627263943056 1174.7023983485064 0.9972193329356529
647.9621359759901 1176.5232997658193 0.9972183900351161
638.560237960852 1178.2382533425525 0.9972175016777489
629.0634706560281 1179.8450055739304 0.9972166690886864
615.0725019427483 1170.4438139485312 0.9972215367585088
605.7621030360435 1171.7127829613662 0.9972208802647208
596.379276848108 1172.8773911415108 0.9972202776125396
586.9304492430812 1173.9360253812465 0.9972197296752562
577.4220911769985 1174.8872171866035 0.9972192372485184
567.8607142759467 1175.729645368228 0.9972188010486892
558.2528663867735 1176.4621384562756 0.9972184217113694
548.6051271033126 1177.0836768371025 0.9972180997900865
538.9241032711177 1177.5933946091507 0.9972178357551537
529.2164244736389 1177.9905811565277 0.9972176299927009
519.4887385033054 1178.27468243843 0.9972174828038795
509.7477068199031 1178.445301993334 0.9972173944042413
