0 825.2122016569699
-7.642868522798547 825.1615721730334
-15.280504460129427 825.0097466377763
-22.9076787977979 824.7569136954614
-30.519169661746968 824.4033874019531
-38.109765882109954 823.9496066982409
-45.674270550048405 823.3961346740135
-53.207504564973306 822.7436576220204
-60.70431016976457 821.9929838840552
-68.15955447160334 821.1450424898445
-75.56813294602719 820.200881589924
-82.92497292187637 819.1616666843748
-90.22503704474038 818.0286786490631
-102.22270018547607 827.5760782747016
-109.74455724108117 826.1253727990282
-117.19129383519524 824.5758898109415
-124.55781163064752 822.9294422386067
-131.83906700020782 821.1879517773111
-139.0300744695229 819.3534456992245
-146.12591012095976 817.4280534789731
-153.12171495608115 815.4140032394281
-160.0126982144231 813.3136180228653
-166.79414064640972 811.1293118929619
-181.5371541946707 817.875197373048
-188.3908212877238 815.3060984060097
-195.1155447244368 812.6525254153405
-201.70671839865665 809.9173674409154
-208.15982726116368 807.1035882188678
-214.470450407917 804.2142213211079
-230.4489567170092 808.7952664701155
-236.72967013741902 805.4922720375602
-242.84836446030047 802.1158577727554
-248.80084598005632 798.6694698490841
-265.4251686991644 801.5695797897331
-271.27253800997727 797.6940077180101
-276.93425817750455 793.7525336470047
-293.94179955251957 795.2439790027242
-299.43706816403574 790.863517406938
-316.68530307286227 791.2755276925704
-321.9673862992218 786.4484080529833
-339.3772040737986 785.7518952630326
-344.39882562309856 780.4731900645174
-361.88964093115385 778.6435389653815
-379.4726898103964 776.0649987536748
-397.1187841942235 772.7287107626487
-414.7984886179728 768.6267325859817
-432.4821497023916 763.7520460624488
-450.1399258080057 758.0985646610857
-481.3022171572097 753.0104676208583
-512.6007422364337 746.3924337863276
-543.9782923366033 738.232349879318
-589.2412929432937 728.7533311421338
-634.6345064834547 716.9601696839788
-694.0928976913789 702.3220283197567
-781.8072564790306 682.8058989842096
-897.9937826846932 656.1532041551224
NaN NaN
NaN NaN
NaN NaN
NaN NaN
-1364.8138923566637 -953.4671530986357
-1344.5460911962948 -963.4876592337657
-1323.2891561776532 -976.1187969129037
-1304.5877866327623 -989.0915641943512
-1287.3676491373903 -1002.4995298767238
-1270.5098448288352 -1016.7607927313936
-1266.893222082637 -1029.6313236127487
-1250.3149139800323 -1045.3699300850008
-1233.9291171678103 -1061.4150311161532
-1230.3338163900162 -1076.5194372805997
-1213.8704575077716 -1093.3425518905178
-1209.768592184523 -1109.8126007526605
-1192.88889337413 -1127.2808222161764
-1187.9965938234052 -1145.0035838850627
-1182.562394620694 -1163.4855245257493
-1176.539098296823 -1182.69658057248
-1169.8815861890732 -1202.6059896149807
-1150.8794771299906 -1221.6187717486519
-1154.5055206723985 -1244.3842770669128
-1145.7167013934145 -1266.1803125948759
-1136.1500592133507 -1288.5305221958965
-1125.7785588295135 -1311.3941617945272
-1125.4101503303189 -1338.0863852305604
-1113.1589546022524 -1362.1961703905813
-1110.4701222664035 -1390.7583628046223
-1096.2208232350088 -1415.9210906687092
-1091.0665072573468 -1446.132776245256
-1084.5214094205012 -1477.2566235225363
-1086.1587785569825 -1514.7099127768029
-1076.7384723468679 -1547.7856927720798
-1075.2724131341356 -1587.7650684352643
-1063.0306157897207 -1622.5623217704967
-1058.2217288313036 -1664.8314380997008
-1060.159808598063 -1715.5388982119757
-1051.2954100532054 -1760.4913204032346
-1048.582309416118 -1814.3934521469282
-1043.2959847979007 -1869.9054120550375
-1035.3494084878894 -1926.9064838132122
-1032.1072771442807 -1994.1908298180483
-1032.7102838191115 -2072.6181779199637
-1029.3274651072252 -2153.4009259373292
-1021.8344342180768 -2236.32498427451
-971.9997507064313 -2260.0368076102545
-909.5198132047677 -2262.013527547068
-847.7718742408268 -2262.213239729522
-792.1471618705158 -2271.209138277217
-731.6900573460977 -2268.08842741418
-676.7733351406306 -2274.0658319366526
-622.1081878538197 -2278.6269242411945
-567.7338106057282 -2281.7846862546025
-513.6930839736824 -2283.559430293807
-460.0242731609391 -2283.9670334923353
-406.7691263755036 -2283.0323066794185
-356.4983988999303 -2292.051754888894
-303.8219225544311 -2288.537591108786
-253.48466415556717 -2295.1209210412453
-201.53074121882605 -2289.085909967635
-151.26166787977868 -2293.2497188699876
-100.8952392220134 -2296.2265570605855
-50.46386307222226 -2298.013735233091
0 -2298.6096404672603
50.46386307222143 -2298.013735233091
100.8952392220126 -2296.2265570605855
151.26166787977868 -2293.2497188699876
201.53074121882537 -2289.085909967635
253.48466415556626 -2295.1209210412453
303.8219225544311 -2288.537591108786
356.49839889992944 -2292.051754888894
406.76912637550265 -2283.0323066794185
460.0242731609391 -2283.9670334923353
513.6930839736815 -2283.559430293807
567.7338106057273 -2281.784686254603
622.1081878538197 -2278.6269242411945
676.7733351406298 -2274.0658319366526
731.6900573460966 -2268.08842741418
792.1471618705158 -2271.209138277217
847.7718742408264 -2262.2132397295222
909.5198132047672 -2262.013527547069
971.9997507064313 -2260.0368076102545
1021.8344342180758 -2236.3249842745104
1029.327465107225 -2153.4009259373292
1032.7102838191115 -2072.6181779199637
1032.1072771442807 -1994.1908298180485
1035.349408487888 -1926.9064838132126
1043.2959847979007 -1869.9054120550375
1048.5823094161176 -1814.3934521469282
1051.2954100532052 -1760.4913204032348
1060.159808598063 -1715.5388982119757
1058.2217288313027 -1664.8314380997017
1063.0306157897198 -1622.5623217704972
1075.2724131341356 -1587.7650684352643
1076.7384723468676 -1547.7856927720798
1086.1587785569825 -1514.7099127768029
1084.521409420501 -1477.2566235225363
1091.066507257346 -1446.1327762452563
1096.2208232350083 -1415.9210906687094
1110.4701222664035 -1390.7583628046223
1113.1589546022524 -1362.1961703905813
1125.4101503303168 -1338.086385230561
1125.7785588295126 -1311.394161794528
1136.150059213351 -1288.5305221958965
1145.7167013934145 -1266.180312594876
1154.5055206723985 -1244.3842770669128
1150.8794771299906 -1221.6187717486519
1169.881586189073 -1202.6059896149807
1176.5390982968227 -1182.6965805724803
1182.5623946206936 -1163.4855245257495
1187.996593823405 -1145.003583885063
1192.88889337413 -1127.2808222161764
1209.768592184523 -1109.8126007526605
1213.8704575077716 -1093.342551890518
1230.333816390016 -1076.5194372806
1233.9291171678092 -1061.4150311161536
1250.3149139800316 -1045.369930085001
1266.893222082637 -1029.6313236127487
1270.5098448288352 -1016.7607927313936
1287.3676491373903 -1002.4995298767238
1304.5877866327623 -989.0915641943512
1323.2891561776532 -976.1187969129037
1344.5460911962948 -963.4876592337657
1364.8138923566637 -953.4671530986357
NaN NaN
NaN NaN
NaN NaN
NaN NaN
897.9937826846932 656.1532041551224
781.8072564790306 682.8058989842096
694.0928976913789 702.3220283197567
634.6345064834549 716.9601696839783
589.2412929432937 728.7533311421336
543.9782923366034 738.2323498793178
512.6007422364337 746.3924337863276
481.3022171572097 753.0104676208583
450.1399258080057 758.0985646610857
432.4821497023917 763.7520460624487
414.79848861797285 768.6267325859816
397.11878419422357 772.7287107626486
379.4726898103964 776.0649987536748
361.88964093115385 778.6435389653815
344.39882562309856 780.4731900645174
339.3772040737987 785.7518952630325
321.96738629922186 786.4484080529832
316.6853030728623 791.2755276925703
299.43706816403574 790.863517406938
293.94179955251957 795.2439790027242
276.93425817750455 793.7525336470047
271.2725380099773 797.69400771801
265.4251686991644 801.5695797897331
248.80084598005638 798.669469849084
242.84836446030047 802.1158577727554
236.72967013741902 805.4922720375602
230.4489567170092 808.7952664701155
214.47045040791713 804.2142213211079
208.15982726116374 807.1035882188678
201.70671839865668 809.9173674409153
195.1155447244368 812.6525254153405
188.3908212877238 815.3060984060097
181.5371541946707 817.875197373048
166.7941406464098 811.1293118929619
160.01269821442315 813.3136180228653
153.1217149560812 815.4140032394281
146.12591012095976 817.4280534789731
139.0300744695229 819.3534456992245
131.83906700020782 821.1879517773111
124.55781163064756 822.9294422386067
117.19129383519528 824.5758898109415
109.74455724108121 826.1253727990282
102.22270018547607 827.5760782747016
90.22503704474038 818.0286786490631
82.92497292187637 819.1616666843748
75.56813294602723 820.200881589924
68.1595544716034 821.1450424898445
60.70431016976587 821.9929838840552
53.207504564973306 822.7436576220204
45.674270550048405 823.3961346740135
38.109765882109954 823.9496066982409
30.519169661747124 824.4033874019531
22.907678797798344 824.7569136954614
15.280504460129475 825.0097466377763
7.642868522798547 825.1615721730334
