0 248.9073903255078
-4.117810488486001 248.8684617362732
-8.232804576322128 248.75171107749478
-12.342167777425521 248.55724363344538
-16.443089433579022 248.28523473584394
-20.53276462518881 247.93592955106536
-24.83143686292481 248.6538081137415
-28.92702603717944 248.144348204968
-33.00283057714562 247.5577430959408
-37.3889044066599 248.0159408922852
-41.45297412886057 247.26713107329653
-45.89363522188698 247.5432738762143
-49.933895862188386 246.63098531187342
-54.41594215244082 246.72019299841932
-58.931139597709134 246.7075841017912
-62.93011121718214 245.54184791958158
-67.4659671703871 245.33532446157892
-72.0238861105847 245.0224841163971
-76.59993643747663 244.60171450968056
-81.19012841740863 244.07150978261907
-85.7904174740952 243.43047212522882
-90.3967075449828 242.67731319446077
-95.78138627877075 242.7336353730425
-100.41824532775941 241.73119434809337
-105.88603810235765 241.49128637093185
-110.53430626202227 240.23241509927956
-116.06353535535642 239.68634006188074
-121.62949339122441 238.97139116587383
-127.225890950266 238.08477321102657
-132.8463410977642 237.02387642582755
-138.48436540999484 235.78627932904237
-145.16762471312668 235.06895721557999
-151.9059371162502 234.11344949294255
-158.6904248936781 232.91585512870682
-165.51207811166685 231.47254823363787
-172.36176356985595 229.78018222729733
-180.38372321613275 228.38520965736183
-189.6332468230392 227.18937036697557
-197.76921903749042 225.12062458572282
-207.1487984323554 223.17698535860634
-217.8171572329918 221.25450621356978
-228.56129776376795 218.8617173374528
-240.63417483826308 216.34337084590078
-254.0677503344846 213.58959655955746
-268.88857786113124 210.48848573534224
-285.1177336369427 206.926338427558
-304.1018358107077 202.99611953867034
-325.88961519483786 198.47189851496108
-349.1627290249718 192.98980383005497
-378.01561622006045 186.72358929333703
-411.15003973651585 179.1565079191824
-451.3678097683271 169.98758370651862
-501.5201724444019 158.61357610699372
-564.4892291561529 144.12816203031008
-647.3944419761143 125.05624049028248
-760.2424964037691 98.92614891067338
-924.4363118202164 60.94562046047631
NaN NaN
NaN NaN
NaN NaN
-1076.9391161670928 -191.9043878976562
-1066.9944487724113 -210.74391141374446
-1058.2791934189775 -233.32347846668634
-1051.1477751650314 -255.96047413488034
-1044.8211077504886 -278.8140160517292
-1039.7302059940548 -302.21417473903097
-1035.6597960610486 -326.1285683882122
-1031.4319116085676 -350.4578436202875
-1028.1706184389673 -374.7888661370724
-1024.574493433432 -399.40269125255537
-1021.7902529608044 -424.1238961679451
-1019.7549758173542 -449.07582898063026
-1017.1769370480162 -474.405672655452
-1015.2287898199252 -500.09921185442454
-1012.6291353154443 -526.1954966467291
-1010.5504603497343 -552.775915285432
-1008.9314916541208 -579.9438247572992
-1006.5087153078929 -607.5807665171933
-1005.6191155055833 -636.1659056634571
-1003.8063403717443 -665.3089376175014
-1002.1935279922249 -695.3104061981763
-1000.7012807557816 -726.248683737917
-986.8438850692307 -753.3842229082742
-968.9068440999981 -778.8208847233451
-950.3391890874254 -803.7371080193668
-931.1558462077859 -828.1203243623881
-911.3719987216749 -851.9581296125025
-891.003092802518 -875.2383373873698
-870.0647624242316 -897.949035328937
-848.5728660561043 -920.0786063646851
-826.5434705530524 -941.6157590559002
-803.9927952590505 -962.5495493958799
-780.9372588010813 -982.869395277531
-757.393597767634 -1002.5651268632548
-733.3981911296917 -1021.6320486097076
-708.9754257875377 -1040.0663489060596
-684.1350736637968 -1057.8610776852847
-658.8878255889431 -1075.0087436246542
-633.2453106724618 -1091.5015129737094
-607.2199085860835 -1107.3313091761304
-580.8248166953516 -1122.4899910355844
-554.0738228579686 -1136.9693651756913
-526.9813776892729 -1150.7613363344756
-499.56247591555484 -1163.8579350124048
-471.83267799272676 -1176.2514303951934
-443.80795881082037 -1187.9342879168746
-415.5047960817194 -1198.8993273744754
-386.94000337822314 -1209.1396284011819
-358.130824211432 -1218.6487003882635
-329.0948136793628 -1227.4204179190622
-299.84982999289485 -1235.4490641074458
-270.41401822952014 -1242.7293729692756
-240.80576822708457 -1249.2565275406366
-211.04368695808796 -1255.0261682135072
-181.14658578006117 -1260.0344379862613
-151.13344245700432 -1264.2779698511258
-121.02337357889057 -1267.7538764827543
-90.83562511733224 -1270.4598166953222
-60.58953352103962 -1272.3939510174505
-30.304506758422136 -1273.5549637563051
0 -1273.9420555206425
30.304506758421656 -1273.5549637563051
60.5895335210392 -1272.3939510174505
90.83562511733224 -1270.4598166953222
121.02337357889002 -1267.7538764827543
151.13344245700384 -1264.2779698511258
181.14658578006117 -1260.0344379862613
211.04368695808762 -1255.0261682135072
240.80576822708395 -1249.2565275406366
270.41401822952014 -1242.7293729692756
299.8498299928944 -1235.4490641074458
329.09481367936246 -1227.4204179190622
358.130824211432 -1218.6487003882635
386.9400033782228 -1209.139628401182
415.50479608171895 -1198.8993273744757
443.80795881082037 -1187.9342879168746
471.8326779927263 -1176.2514303951937
499.56247591555444 -1163.8579350124053
526.9813776892729 -1150.7613363344756
554.0738228579685 -1136.9693651756913
580.8248166953516 -1122.4899910355844
607.2199085860835 -1107.3313091761304
633.2453106724618 -1091.5015129737094
658.8878255889431 -1075.0087436246542
684.1350736637968 -1057.8610776852847
708.9754257875375 -1040.0663489060596
733.3981911296917 -1021.6320486097075
757.393597767634 -1002.5651268632548
780.9372588010805 -982.8693952775313
803.9927952590498 -962.549549395881
826.5434705530524 -941.6157590559002
848.5728660561036 -920.0786063646858
870.0647624242313 -897.9490353289374
891.0030928025178 -875.2383373873699
911.3719987216747 -851.9581296125027
931.1558462077862 -828.1203243623881
950.3391890874254 -803.7371080193668
968.9068440999981 -778.8208847233451
986.8438850692306 -753.3842229082746
1000.7012807557816 -726.248683737917
1002.1935279922243 -695.3104061981768
1003.8063403717443 -665.3089376175014
1005.6191155055833 -636.1659056634571
1006.5087153078929 -607.5807665171933
1008.9314916541208 -579.9438247572994
1010.5504603497346 -552.7759152854316
1012.6291353154443 -526.1954966467291
1015.2287898199247 -500.0992118544257
1017.1769370480162 -474.405672655452
1019.7549758173542 -449.07582898063026
1021.790252960804 -424.1238961679465
1024.5744934334316 -399.4026912525572
1028.1706184389673 -374.788866137072
1031.4319116085667 -350.4578436202901
1035.6597960610486 -326.1285683882122
1039.7302059940548 -302.21417473903097
1044.8211077504886 -278.8140160517292
1051.1477751650314 -255.96047413488034
1058.2791934189775 -233.32347846668634
1066.9944487724113 -210.74391141374446
1076.9391161670928 -191.9043878976562
NaN NaN
NaN NaN
NaN NaN
924.4363118202166 60.945620460474515
760.2424964037691 98.92614891067338
647.3944419761143 125.05624049028248
564.4892291561529 144.12816203031008
501.52017244440196 158.61357610699324
451.3678097683272 169.98758370651848
411.15003973651585 179.1565079191822
378.01561622006045 186.72358929333703
349.1627290249718 192.98980383005497
325.88961519483786 198.47189851496108
304.1018358107077 202.99611953867029
285.1177336369427 206.92633842755802
268.8885778611313 210.48848573534212
254.0677503344846 213.58959655955746
240.63417483826308 216.34337084590078
228.56129776376795 218.8617173374528
217.81715723299192 221.25450621356958
207.14879843235542 223.17698535860626
197.76921903749042 225.12062458572274
189.6332468230392 227.18937036697557
180.38372321613275 228.38520965736183
172.36176356985595 229.78018222729733
165.51207811166694 231.47254823363775
158.69042489367814 232.91585512870682
151.9059371162502 234.11344949294252
145.16762471312668 235.06895721557999
138.48436540999484 235.78627932904237
132.8463410977642 237.02387642582755
127.22589095026612 238.08477321102652
121.62949339122446 238.9713911658731
116.06353535535645 239.6863400618807
110.53430626202227 240.23241509927956
105.88603810235765 241.49128637093185
100.41824532775941 241.73119434809337
95.78138627877082 242.73363537304238
90.39670754498283 242.67731319446077
85.79041747409521 243.43047212522882
81.19012841740863 244.07150978261907
76.59993643747663 244.60171450968056
72.0238861105847 245.0224841163971
67.46596717038717 245.3353244615789
62.93011121718219 245.54184791958158
58.93113959770916 246.70758410179116
54.41594215244082 246.72019299841932
49.933895862188386 246.63098531187342
45.89363522188698 247.5432738762143
41.45297412886062 247.2671310732965
37.38890440665994 248.0159408922852
33.00283057714568 247.55774309594076
28.92702603717944 248.144348204968
24.83143686292481 248.6538081137415
20.53276462518881 247.93592955106536
16.443089433579065 248.28523473584391
12.342167777425564 248.55724363344538
8.232804576322172 248.75171107749478
4.117810488486001 248.8684617362732
