0 1662.1322016569789
-12.629087401377692 1662.0667185434631
-25.24952491193546 1661.8703712529264
-37.85266855417672 1661.5434657391434
-50.4298861732389 1661.0865112714218
-62.97256333818014 1660.5002194543792
-75.47210923124545 1659.7855028572455
-87.9199625211001 1658.9434732538039
-100.3075972160627 1657.9754394745578
-112.62652849336021 1656.88290487336
-124.86831850042498 1655.6675644111588
-137.02458212433424 1654.3313013599752
-149.08699272544547 1652.8761836303368
-165.80666130022797 1662.077226439874
-178.0069465190165 1660.2568568050558
-190.0853276444884 1658.3153852380308
-202.0335320416664 1656.2556683630294
-213.84337602418202 1654.0807298115135
-225.50677044924873 1651.7937543414844
-237.01572624862007 1649.3980816195754
-248.36235989175597 1646.8971996735222
-259.53889877744103 1644.2947380259145
-270.537686550357 1641.5944605195014
-289.4269447952891 1647.8118693451727
-300.35291431174795 1644.7032144642044
-311.07320694594176 1641.5004650110832
-321.58047822816906 1638.2079976573611
-331.86752921152333 1634.8302888140258
-341.92731139954384 1631.3719057961687
-361.56762418399853 1635.3803990739357
-371.4202818946099 1631.5028806283256
-381.0186102903329 1627.5515424673783
-390.3560308982012 1623.531407401523
-410.2682778525203 1625.860523650436
-419.3043031666022 1621.418283737986
-428.05322575991846 1616.916031402348
-448.04440016889725 1617.8541387280065
-456.4176875895139 1612.9293125382121
-476.4363546322367 1612.8074430346876
-484.3793846015058 1607.4584135994696
-504.33884004800376 1606.2534157105747
-511.7970428039613 1600.4810700782664
-531.6097129423371 1598.1740042664194
-551.3982989922513 1595.1356131133036
-571.1321013220879 1591.3583290041138
-590.7802536564517 1586.8354497076912
-610.3117535402205 1581.5611426118207
-629.695492917492 1575.5304485021902
-662.4606891216558 1570.088612253008
-695.237962088223 1563.141313384455
-727.969089648193 1554.6773712399977
-774.4595696127519 1544.9207627317546
-820.9533231557891 1532.8770679976544
-881.3845607564878 1518.0161617706979
-969.9434055864705 1498.3056695537748
NaN NaN
NaN NaN
NaN NaN
NaN NaN
NaN NaN
-1524.5456405184461 -1700.2160410548645
-1503.1203502479784 -1707.8405397516021
-1480.3313266452628 -1717.4982949117175
-1459.9793252210225 -1727.4693699978266
-1440.984813416813 -1737.8269120938332
-1422.1917625893398 -1748.8952995868199
-1416.7090763138415 -1758.9430393518717
-1397.9150376445057 -1771.2644315442292
-1379.227839154555 -1783.8849078997466
-1373.364652189221 -1795.8296121437145
-1354.4245355505402 -1809.1761072140139
-1347.8321901251697 -1822.3048798862828
-1328.3337167084308 -1836.2789663455649
-1320.7649906879635 -1850.5147703388825
-1312.5606526819006 -1865.4139909206556
-1303.6836393181202 -1880.9568559258353
-1294.098655708195 -1897.1226942047133
-1272.2169279324855 -1912.6316965615915
-1272.6844913203638 -1931.2286358335025
-1260.8032502845956 -1949.116266039614
-1248.1066623106863 -1967.523071784131
-1234.575736837518 -1986.4181089714357
-1230.8287922699128 -2008.5216327799812
-1215.370164182693 -2028.5892114948251
-1209.2489871389669 -2052.4070646256678
-1191.7773026324205 -2073.5000950886733
-1183.175053356863 -2098.868987201167
-1173.1846601680168 -2125.1006772782034
-1171.1500907388315 -2156.752137685286
-1158.31536414961 -2184.8514237327818
-1153.2241134543347 -2218.9083937886417
-1137.6301846444744 -2248.703335079754
-1129.275425553131 -2284.994166507005
-1127.4925189207584 -2328.6926402739705
-1115.19906594654 -2367.63553568196
-1108.908383757928 -2414.5039546778116
-1100.1302649148877 -2462.9986372368717
-1088.783184035018 -2513.0221441692725
-1082.0501168269684 -2572.327771772484
-1079.1070613533284 -2641.803038099136
-1072.3224243125242 -2713.756659396173
-1061.572749319875 -2788.0040057871342
-1009.4699642683346 -2809.393813842532
-945.0248500895376 -2811.2896711833637
-881.3128920729313 -2811.5857958962283
-823.5974648858029 -2819.7709615200692
-761.1759383544514 -2817.075115925187
-704.1763107259826 -2822.5399668639525
-647.4323515214113 -2826.728050538173
-590.9812090953291 -2829.6499771008057
-534.8637273228885 -2831.3232632706668
-479.11624597964504 -2831.7617511892595
-423.7785863130287 -2830.987599698897
-371.3570311584993 -2839.14751854387
-316.5934425374798 -2836.040845785471
-264.11481686611853 -2841.9985740761053
-210.06271080315426 -2836.611649710492
-157.65580848088206 -2840.3798732472183
-105.15569897541104 -2843.0744280482736
-52.59340325275089 -2844.6923472001454
0 -2845.2318512607735
52.593403252750015 -2844.6923472001454
105.1556989754102 -2843.0744280482736
157.65580848088206 -2840.3798732472183
210.06271080315358 -2836.611649710492
264.11481686611756 -2841.9985740761053
316.5934425374798 -2836.040845785471
371.35703115849844 -2839.14751854387
423.7785863130277 -2830.987599698897
479.11624597964504 -2831.7617511892595
534.8637273228875 -2831.3232632706668
590.981209095328 -2829.649977100806
647.4323515214113 -2826.728050538173
704.1763107259817 -2822.5399668639525
761.1759383544504 -2817.075115925187
823.5974648858029 -2819.7709615200692
881.3128920729308 -2811.585795896229
945.0248500895366 -2811.2896711833646
1009.4699642683346 -2809.393813842532
1061.572749319874 -2788.0040057871347
1072.322424312524 -2713.756659396173
1079.1070613533284 -2641.803038099136
1082.0501168269684 -2572.327771772484
1088.7831840350166 -2513.022144169273
1100.1302649148877 -2462.9986372368717
1108.9083837579276 -2414.5039546778116
1115.1990659465398 -2367.6355356819604
1127.4925189207584 -2328.6926402739705
1129.27542555313 -2284.994166507006
1137.6301846444733 -2248.7033350797547
1153.2241134543347 -2218.9083937886417
1158.3153641496099 -2184.8514237327818
1171.1500907388315 -2156.752137685286
1173.1846601680163 -2125.1006772782034
1183.175053356862 -2098.8689872011673
1191.7773026324205 -2073.5000950886733
1209.2489871389669 -2052.4070646256678
1215.370164182693 -2028.5892114948251
1230.8287922699105 -2008.521632779982
1234.575736837517 -1986.4181089714364
1248.1066623106865 -1967.523071784131
1260.8032502845958 -1949.1162660396142
1272.6844913203638 -1931.2286358335025
1272.2169279324855 -1912.6316965615915
1294.0986557081949 -1897.1226942047133
1303.6836393181197 -1880.9568559258357
1312.5606526819001 -1865.4139909206558
1320.7649906879633 -1850.514770338883
1328.3337167084308 -1836.2789663455649
1347.8321901251697 -1822.3048798862828
1354.4245355505402 -1809.176107214014
1373.3646521892208 -1795.8296121437145
1379.2278391545537 -1783.8849078997468
1397.915037644505 -1771.2644315442292
1416.7090763138415 -1758.9430393518717
1422.1917625893398 -1748.8952995868199
1440.984813416813 -1737.8269120938332
1459.9793252210225 -1727.4693699978266
1480.3313266452628 -1717.4982949117175
1503.1203502479784 -1707.8405397516021
1524.5456405184461 -1700.2160410548645
NaN NaN
NaN NaN
NaN NaN
NaN NaN
NaN NaN
969.9434055864705 1498.3056695537748
881.3845607564878 1518.0161617706979
820.9533231557892 1532.8770679976537
774.4595696127519 1544.9207627317544
727.9690896481931 1554.6773712399975
695.237962088223 1563.141313384455
662.4606891216558 1570.088612253008
629.695492917492 1575.5304485021902
610.3117535402206 1581.5611426118207
590.7802536564518 1586.835449707691
571.132101322088 1591.3583290041136
551.3982989922513 1595.1356131133036
531.6097129423371 1598.1740042664194
511.7970428039613 1600.4810700782664
504.3388400480038 1606.2534157105745
484.3793846015059 1607.4584135994696
476.43635463223677 1612.8074430346876
456.4176875895139 1612.9293125382121
448.04440016889725 1617.8541387280065
428.05322575991846 1616.916031402348
419.30430316660227 1621.418283737986
410.2682778525203 1625.860523650436
390.35603089820125 1623.5314074015228
381.0186102903329 1627.5515424673783
371.4202818946099 1631.5028806283256
361.56762418399853 1635.3803990739357
341.92731139954395 1631.3719057961687
331.8675292115234 1634.8302888140258
321.5804782281691 1638.207997657361
311.07320694594176 1641.5004650110832
300.35291431174795 1644.7032144642044
289.4269447952891 1647.8118693451727
270.53768655035714 1641.5944605195014
259.5388987774411 1644.2947380259145
248.36235989175603 1646.8971996735222
237.01572624862007 1649.3980816195754
225.50677044924873 1651.7937543414844
213.84337602418202 1654.0807298115135
202.03353204166643 1656.2556683630294
190.08532764448844 1658.3153852380308
178.00694651901654 1660.2568568050558
165.80666130022797 1662.077226439874
149.08699272544547 1652.8761836303368
137.02458212433424 1654.3313013599752
124.86831850042502 1655.6675644111588
112.62652849336027 1656.88290487336
100.30759721606415 1657.9754394745578
87.9199625211001 1658.9434732538039
75.47210923124545 1659.7855028572455
62.97256333818014 1660.5002194543792
50.429886173239055 1661.0865112714218
37.85266855417769 1661.5434657391434
25.249524911935506 1661.8703712529264
12.629087401377692 1662.0667185434631
