0 191.2833903255096
-3.774497057501834 191.24548444519397
-7.546413004230505 191.1317992187501
-11.313168482724029 190.94243185338618
-15.072187640984458 190.6775442399128
-18.82089988231173 190.33736277113738
-22.77978239635035 191.06634341915975
-26.53698794839718 190.56993466966438
-30.276046878876016 189.99829533397082
-34.32724390024385 190.47333397407687
-38.05853512347604 189.74319553478432
-42.16874409647157 190.03979083297673
-45.881105471057786 189.14968169021148
-50.03803007568693 189.26273689524592
-54.23110623758906 189.2755802849823
-57.91117774178846 188.13683348033936
-62.13157330602235 187.9587646300613
-66.3776877843429 187.67576825174854
-70.64580327165896 187.28615227529355
-74.93214107747184 186.78832751720248
-79.23286487196629 186.18080941993006
-83.54408389966073 185.46221968605457
-88.63838803620382 185.55406776269297
-92.98976794214225 184.58801365492877
-98.17717268103235 184.3852554292177
-102.55033607628026 183.16419630744107
-107.80993221955488 182.65649339123877
-113.11191391267381 181.98037243637114
-118.45017265248154 181.1329326406102
-123.81849841970839 180.11145745966098
-129.21058558409078 178.91341775394335
-135.65426352483033 178.23568056447766
-142.15951454811756 177.31967674342707
-148.71762065688776 176.1613966989516
-155.3197270680969 174.75710627816315
-161.95685104778715 173.10335123430363
-169.77338022287205 171.7464773484066
-178.82474515767746 170.58811889892158
-186.76996630717474 168.55613205396995
-195.96633297547586 166.64842759966794
-206.45914295280159 164.76095890406688
-217.03551887590336 162.40215838568704
-228.9485305358546 159.9166830710737
-242.23024937442077 157.19457065282987
-256.90733307527637 154.12382349576728
-273.00095637199445 150.59065626508095
-291.8578303005621 146.68795223527096
-313.52677286926286 142.18970323409752
-336.6895227585711 136.73196436358003
-365.4405945253433 130.4884205341214
-398.4818209052261 122.94226054680604
-438.6150759648524 113.79244907247822
-488.69166375548326 102.43569130506745
-551.5937376008579 87.96561513696639
-634.4408054801903 68.90707595926372
-747.2395927426251 42.78837310525644
-911.3930525345168 4.817207306297426
-933.7293050997438 -21.84097984633702
-935.5765405381024 -46.293398527845405
-936.7838355917189 -70.79254490786758
-937.3809597814111 -100
-937.2736949205505 -119.85872093624789
-936.5549449805171 -144.39661419192655
-935.1935648719132 -168.9130597237961
-933.1899870644728 -193.39169861110076
-930.4537551003721 -218.17894839926262
-926.8346931486676 -243.52946267789073
-922.4357237672723 -268.83930805347427
-917.3170538647288 -293.9260780315145
-911.513663571185 -318.7377430406086
-905.0485470282192 -343.25964604746366
-897.9385412476072 -367.4874246773412
-890.197156197574 -391.41849716103576
-881.8360780348513 -415.0494063081078
-872.8659710134831 -438.3752098584754
-863.2969625031227 -461.3894925053836
-853.1389315565185 -484.08459096211664
-842.4017073803917 -506.4518380957277
-831.0951560870475 -528.4818292689221
-819.229271599901 -550.1646086746536
-806.8142135705953 -571.4898438076406
-793.8603399215827 -592.4469579773851
-780.378225459487 -613.0252390032907
-766.3786641723369 -633.213930280197
-751.8726954864092 -653.0022926153441
-736.8715613497008 -672.3796781224079
-721.386735533997 -691.3355625308241
-705.4299366742375 -709.8595823020607
-689.013060172521 -727.9415790109177
-672.1482210904949 -745.5716122393911
-654.8477440703311 -762.7399841931199
-637.124113000295 -779.4372578964437
-618.9900229026263 -795.65426973338
-600.458315673846 -811.3821405715896
-581.5420007709296 -826.6122850253943
-562.2542442271066 -841.3364200757969
-542.6083580780681 -855.5465717240173
-522.6177539252416 -869.235066163991
-502.29602906738785 -882.394564836486
-481.65684052080115 -895.0180258629194
-460.71398678659995 -907.0987390940842
-439.4813614181621 -918.6303129370349
-417.97294699764177 -929.6066738952159
-396.2028143111631 -940.0220699002449
-374.1851150570604 -949.87107014193
-351.93407492746763 -959.1485645205253
-329.46398475619156 -967.8497602520465
-306.789188142772 -975.970171752278
-283.9241072067572 -983.5056564354358
-260.88319507059396 -990.4523652415878
-237.68095280653293 -996.8067641142387
-214.33197515383935 -1002.5657359183738
-190.8513023903029 -1007.7274817800335
-167.25330912098363 -1012.289337642046
-143.55231193651676 -1016.2485766645297
-119.7627663192861 -1019.6028109366337
-95.89924292257028 -1022.3499814205022
-71.97642197326816 -1024.4884243917159
-48.00905832551295 -1026.0168272468245
-24.011966433962087 -1026.9342505848563
0 -1027.2401207995536
24.01196643396168 -1026.9342505848563
48.00905832551261 -1026.0168272468245
71.97642197326816 -1024.4884243917159
95.89924292256985 -1022.3499814205022
119.7627663192857 -1019.6028109366338
143.55231193651676 -1016.2485766645297
167.25330912098332 -1012.2893376420461
190.85130239030238 -1007.7274817800335
214.33197515383935 -1002.5657359183738
237.68095280653256 -996.8067641142387
260.88319507059373 -990.4523652415878
283.9241072067572 -983.5056564354358
306.78918814277176 -975.9701717522782
329.4639847561912 -967.8497602520465
351.93407492746763 -959.1485645205253
374.18511505706016 -949.8710701419302
396.2028143111628 -940.0220699002452
417.97294699764177 -929.6066738952159
439.48136141816195 -918.6303129370349
460.71398678659995 -907.0987390940842
481.65684052080115 -895.0180258629194
502.29602906738785 -882.394564836486
522.6177539252416 -869.235066163991
542.6083580780681 -855.5465717240173
562.2542442271064 -841.3364200757969
581.5420007709296 -826.6122850253942
600.458315673846 -811.3821405715896
618.9900229026258 -795.6542697333803
637.1241130002945 -779.4372578964444
654.8477440703311 -762.7399841931199
672.1482210904942 -745.5716122393915
689.013060172521 -727.9415790109178
705.4299366742374 -709.8595823020609
721.3867355339968 -691.3355625308243
736.8715613497009 -672.3796781224079
751.8726954864092 -653.0022926153441
766.3786641723369 -633.213930280197
780.3782254594869 -613.0252390032912
793.8603399215827 -592.4469579773851
806.8142135705949 -571.4898438076409
819.229271599901 -550.1646086746536
831.0951560870475 -528.4818292689221
842.4017073803917 -506.4518380957277
853.1389315565185 -484.08459096211675
863.2969625031227 -461.38949250538326
872.8659710134831 -438.37520985847544
881.8360780348509 -415.0494063081088
890.197156197574 -391.41849716103576
897.9385412476072 -367.4874246773412
905.0485470282189 -343.2596460474651
911.5136635711849 -318.7377430406105
917.3170538647288 -293.9260780315141
922.435723767272 -268.8393080534765
926.8346931486676 -243.52946267789073
930.4537551003721 -218.17894839926262
933.1899870644728 -193.39169861110076
935.1935648719132 -168.9130597237961
936.5549449805171 -144.39661419192655
937.2736949205505 -119.85872093624789
937.3809597814111 -100
936.7838355917189 -70.79254490786758
935.5765405381026 -46.293398527844985
933.7293050997438 -21.84097984633702
911.393052534517 4.8172073062956295
747.2395927426251 42.78837310525644
634.4408054801903 68.90707595926372
551.5937376008579 87.96561513696639
488.6916637554833 102.43569130506698
438.6150759648525 113.79244907247808
398.4818209052261 122.94226054680583
365.4405945253433 130.4884205341214
336.6895227585711 136.73196436358003
313.52677286926286 142.18970323409752
291.8578303005621 146.6879522352709
273.00095637199445 150.59065626508098
256.9073330752764 154.12382349576717
242.23024937442077 157.19457065282987
228.9485305358546 159.9166830710737
217.03551887590336 162.40215838568704
206.4591429528017 164.76095890406668
195.9663329754759 166.64842759966785
186.76996630717474 168.55613205396986
178.82474515767746 170.58811889892158
169.77338022287205 171.7464773484066
161.95685104778715 173.10335123430363
155.319727068097 174.75710627816304
148.7176206568878 176.1613966989516
142.15951454811756 177.31967674342704
135.65426352483033 178.23568056447766
129.21058558409078 178.91341775394335
123.81849841970839 180.11145745966098
118.45017265248165 181.13293264061014
113.11191391267386 181.9803724363704
107.80993221955491 182.65649339123874
102.55033607628026 183.16419630744107
98.17717268103235 184.3852554292177
92.98976794214225 184.58801365492877
88.63838803620389 185.55406776269285
83.54408389966076 185.46221968605457
79.2328648719663 186.18080941993006
74.93214107747184 186.78832751720248
70.64580327165896 187.28615227529355
66.3776877843429 187.67576825174854
62.13157330602241 187.95876463006127
57.91117774178851 188.13683348033936
54.23110623758909 189.27558028498225
50.03803007568693 189.26273689524592
45.881105471057786 189.14968169021148
42.16874409647157 190.03979083297673
38.05853512347609 189.7431955347843
34.32724390024389 190.47333397407687
30.27604687887607 189.9982953339708
26.53698794839718 190.56993466966438
22.77978239635035 191.06634341915975
18.82089988231173 190.33736277113738
15.072187640984502 190.67754423991278
11.313168482724071 190.94243185338618
7.5464130042305495 191.1317992187501
3.774497057501834 191.24548444519397
