0 276.3473903255086
-4.281293074668938 276.3079747320252
-8.559657705889567 276.1897643435637
-12.832167441569089 275.99286829061475
-17.0958998110051 275.7174683053366
-21.347938312273136 275.3638184938898
-25.80841518034122 276.0764103492566
-30.065139412790042 275.56073560273325
-34.301299004892876 274.9670039349725
-38.84683798114373 275.4171822819098
-43.06937365523415 274.6594813297294
-47.667392900656225 274.925884849183
-51.86379604844105 274.00303465552196
-56.50066218899029 274.08088638088435
-61.169250721575835 274.0561573478907
-65.3200795387985 272.8775690811255
-70.00615472484651 272.65749580992065
-74.71255198022365 272.330444051944
-79.43523794500885 271.8948393831982
-84.1701223888071 271.3492156232937
-88.91306157034705 270.69221627060915
-93.65986166180284 269.92259581751017
-99.18281401332644 269.96200090178155
-103.95561551138663 268.94223277340984
-109.55692639822684 268.6846344384137
-114.33619682666132 267.40775738110835
-119.99382256288096 266.8434099050427
-125.68548361910565 266.1099715132561
-131.40480442540053 265.20469729217643
-137.14531380160082 264.1250283144783
-142.90045104137772 262.8685943648044
-149.69779670755352 262.132422287534
-156.54709072012287 261.158103183188
-163.4393792921497 259.94178771430455
-170.36557860860492 258.4799015457685
-177.31648381846014 256.76914936681806
-185.43626749863785 255.35603456638813
-194.78015237797337 254.14234725652508
-203.00695843287883 252.05609721989086
-212.4737819832504 250.09534619619606
-223.2257354616538 248.15619540857116
-234.04976390084633 245.7472216001984
-246.1987673632195 243.213222167247
-259.7046555535611 240.44437080085632
-274.59393252106213 237.3288010875208
-290.88762757263237 233.75285374302325
-309.93231462506276 229.8095325402891
-331.7766829689212 225.27294388680087
-355.10235105659115 219.77925119504303
-384.0037217889734 213.5022410834397
-417.1825248942729 205.92519714412362
-457.4405401509341 196.74717162749025
-507.62898610579174 185.36494982219722
-570.629939420579 170.87223197952136
-653.5628403075067 151.79393788600672
-766.4343552900282 125.65842310372928
-930.6473876705495 87.67343624818093
NaN NaN
NaN NaN
NaN NaN
-1108.4286522903326 -244.8055417635605
-1096.0322374748807 -262.2637628750749
-1084.818350146621 -283.2883509631581
-1075.555885567068 -304.47587830319833
-1067.3753135745908 -325.9710663153532
-1060.6340108822315 -348.08065819786003
-1055.0865042018872 -370.77138465460325
-1049.5333601256384 -393.94501532858715
-1045.0930840471963 -417.20185485715774
-1040.4293605719963 -440.8031713532012
-1036.6788599201097 -464.575197464471
-1033.7602436756692 -488.63087757647565
-1030.367021069523 -513.1078948084512
-1027.6643259161212 -537.9893366875924
-1024.363158548833 -563.3101057879242
-1021.6289130955879 -589.1467621669531
-1019.394209206056 -615.597968786825
-1016.3941123261749 -642.5469608012367
-1014.9553772902278 -670.4596401009183
-1012.6255227773387 -698.954821147585
-1010.5216346692443 -728.3252846684654
-1008.5621722773208 -758.647620132278
-1006.6615804226816 -789.9929125296522
-1004.7303841297357 -822.4264397342881
-1003.7617104230845 -856.5208529775963
-1002.5314206002596 -891.8953276221185
-1000.9358886388129 -928.5928417753563
-978.4469073783193 -954.0919375287351
-955.339154887912 -978.9592999008331
-931.6307804964736 -1003.1826946194972
-907.3769841565806 -1026.7523455868884
-882.610527744234 -1049.6640292084098
-857.3374761719249 -1071.9128748896198
-831.565445442589 -1093.4925102415048
-805.3034514982153 -1114.3954213319946
-778.5617377879771 -1134.6132374560038
-751.3517109766328 -1154.1369847978888
-723.685737609182 -1172.9572522652177
-695.5771626813727 -1191.064384679925
-667.0401208923805 -1208.448577688144
-638.0896027794757 -1225.1000520870748
-608.741226219848 -1241.0090630170046
-579.0113075196657 -1256.1660476628851
-548.9167413653526 -1270.5616507005113
-518.4750210826045 -1284.1868354964524
-487.7040857504205 -1297.0328401439604
-456.6224071634263 -1309.0913345266101
-425.24882113435007 -1320.35432472766
-393.6026200476054 -1330.8143223580487
-361.70343271541856 -1340.4642793159642
-329.57121417742894 -1349.297630697221
-297.2262276820712 -1357.3083368524756
-264.68900074074844 -1364.4908812296053
-231.98029564330648 -1370.8402785156945
-199.1210948386573 -1376.3521197975563
-166.13256102855792 -1381.0225598320762
-133.03600764713076 -1384.848306651789
-99.85288748079064 -1387.8266880634906
-66.60475177308018 -1389.955607139207
-33.31322928861344 -1391.2335642934509
0 -1391.659649788481
33.313229288612916 -1391.2335642934509
66.6047517730797 -1389.955607139207
99.85288748079064 -1387.8266880634906
133.0360076471302 -1384.848306651789
166.1325610285574 -1381.0225598320762
199.1210948386573 -1376.3521197975563
231.98029564330608 -1370.8402785156945
264.6890007407477 -1364.4908812296053
297.2262276820712 -1357.3083368524756
329.5712141774285 -1349.297630697221
361.7034327154182 -1340.4642793159642
393.6026200476054 -1330.8143223580487
425.2488211343497 -1320.3543247276605
456.6224071634258 -1309.0913345266104
487.7040857504205 -1297.0328401439604
518.475021082604 -1284.1868354964527
548.9167413653521 -1270.5616507005118
579.0113075196657 -1256.1660476628851
608.7412262198479 -1241.0090630170046
638.0896027794757 -1225.1000520870748
667.0401208923805 -1208.448577688144
695.5771626813727 -1191.064384679925
723.685737609182 -1172.9572522652177
751.3517109766328 -1154.1369847978888
778.5617377879769 -1134.6132374560038
805.3034514982152 -1114.3954213319944
831.565445442589 -1093.4925102415048
857.337476171924 -1071.9128748896203
882.6105277442332 -1049.6640292084112
907.3769841565806 -1026.7523455868884
931.6307804964728 -1003.1826946194981
955.3391548879115 -978.9592999008336
978.4469073783191 -954.0919375287352
1000.9358886388127 -928.5928417753565
1002.5314206002599 -891.8953276221184
1003.7617104230845 -856.5208529775963
1004.7303841297357 -822.4264397342881
1006.6615804226815 -789.9929125296527
1008.5621722773208 -758.647620132278
1010.5216346692438 -728.3252846684659
1012.6255227773387 -698.954821147585
1014.9553772902278 -670.4596401009183
1016.3941123261749 -642.5469608012367
1019.394209206056 -615.5979687868252
1021.6289130955882 -589.1467621669526
1024.363158548833 -563.3101057879242
1027.6643259161208 -537.9893366875935
1030.367021069523 -513.1078948084512
1033.7602436756692 -488.63087757647565
1036.678859920109 -464.5751974644723
1040.4293605719959 -440.80317135320297
1045.0930840471963 -417.20185485715734
1049.5333601256375 -393.9450153285897
1055.0865042018872 -370.77138465460325
1060.6340108822315 -348.08065819786003
1067.3753135745908 -325.9710663153532
1075.555885567068 -304.47587830319833
1084.818350146621 -283.2883509631581
1096.0322374748807 -262.2637628750749
1108.4286522903326 -244.8055417635605
NaN NaN
NaN NaN
NaN NaN
930.6473876705497 87.67343624817913
766.4343552900282 125.65842310372928
653.5628403075067 151.79393788600672
570.629939420579 170.87223197952136
507.6289861057918 185.36494982219673
457.4405401509342 196.7471716274901
417.1825248942729 205.92519714412342
384.0037217889734 213.5022410834397
355.10235105659115 219.77925119504303
331.7766829689212 225.27294388680087
309.93231462506276 229.80953254028904
290.88762757263237 233.75285374302328
274.5939325210622 237.32880108752067
259.7046555535611 240.44437080085632
246.1987673632195 243.213222167247
234.04976390084633 245.7472216001984
223.22573546165393 248.15619540857097
212.47378198325043 250.09534619619598
203.00695843287883 252.05609721989077
194.78015237797337 254.14234725652508
185.43626749863785 255.35603456638813
177.31648381846014 256.76914936681806
170.365578608605 258.47990154576837
163.43937929214974 259.94178771430455
156.54709072012287 261.15810318318796
149.69779670755352 262.132422287534
142.90045104137772 262.8685943648044
137.14531380160082 264.1250283144783
131.40480442540064 265.2046972921764
125.6854836191057 266.10997151325535
119.993822562881 266.8434099050427
114.33619682666132 267.40775738110835
109.55692639822684 268.6846344384137
103.95561551138663 268.94223277340984
99.1828140133265 269.96200090178144
93.65986166180286 269.92259581751017
88.91306157034707 270.69221627060915
84.1701223888071 271.3492156232937
79.43523794500885 271.8948393831982
74.71255198022365 272.330444051944
70.00615472484658 272.65749580992065
65.32007953879854 272.8775690811255
61.169250721575864 274.05615734789063
56.50066218899029 274.08088638088435
51.86379604844105 274.00303465552196
47.667392900656225 274.925884849183
43.0693736552342 274.6594813297293
38.84683798114377 275.4171822819098
34.30129900489293 274.9670039349725
30.065139412790042 275.56073560273325
25.80841518034122 276.0764103492566
21.347938312273136 275.3638184938898
17.095899811005143 275.7174683053366
12.832167441569132 275.99286829061475
8.559657705889611 276.1897643435637
4.281293074668938 276.3079747320252
