-500 1151.0622016569694 0.9972315427317406
-509.5842242337202 1151.005788997582 0.9972315717979733
-519.1618853737383 1150.8366291723594 0.9972316589544077
-528.7264248094954 1150.554956499358 0.9972318040743394
-538.2712928936915 1150.16116103966 0.9972320069468835
-547.7899534162285 1149.6557878942783 0.9972322672774054
-557.2758880693574 1149.0395362207596 0.9972325846881257
-566.7226009003364 1148.3132579704647 0.9972329587188933
-576.1236227492514 1147.4779563475706 0.9972333888281297
-585.4725156685972 1146.534783991623 0.9972338743939388
-594.7628773217338 1145.4850408850768 0.997234414715383
-603.988345357274 1144.3301719883955 0.997235009013921
-613.1426017564955 1143.0717646048827 0.9972356564350068
-626.9787506194793 1152.4843121914655 0.9972308098891329
-636.3221268369855 1150.889680096453 0.997231631621234
-645.5721676543742 1149.1875786042754 0.997232508440047
-654.7225388398462 1147.3802270001647 0.9972334391456589
-663.7669742021682 1145.469976011935 0.997234422468703
-672.699279871456 1143.4593035722355 0.997235457072923
-681.5133385313096 1141.3508103369945 0.9972365415578728
-690.203113599081 1139.147214965813 0.9972376744617432
-698.7626533516615 1136.8513491715892 0.9972388542643138
-707.1860949942678 1134.4661525467332 0.9972400793900189
-723.543425125248 1141.0062786736703 0.9972367187205797
-731.982619801157 1138.2271067073602 0.9972381473542357
-740.2629951795309 1135.359715012048 0.9972396204925966
-748.3788789880161 1132.4075718284616 0.9972411362767667
-756.3247112172585 1129.3742298440318 0.9972426928065825
-764.0950479251412 1126.263319784763 0.9972442881443351
-781.4992575750583 1130.6214451478324 0.9972420529262696
-789.1706870100833 1127.0947630872433 0.9972438618620104
-796.6441568941242 1123.4945055022192 0.997245707201185
-803.9145450260678 1119.824732420735 0.997247586783401
-821.8190021810225 1122.5025292436953 0.9972462154091183
-828.9078564111351 1118.406328299558 0.9972483128856339
-835.771561129674 1114.2465184287983 0.997250441148938
-853.9407629072755 1115.5225247974086 0.9972497885031046
-860.5565716288548 1110.9301179703439 0.9972521366155395
-878.8834583931106 1111.134265223308 0.9972520322808813
-885.2015659660761 1106.1039429993612 0.9972546018962074
-903.6040705391811 1105.209454453674 0.9972550585487422
-909.5743610008749 1099.7385531846296 0.9972578497385094
-927.9691771649984 1097.7230234063543 0.9972588772569898
-946.4109392869539 1094.965442869104 0.9972602823924857
-964.8698707808912 1091.4574555697714 0.9972620687640404
-983.3159791042654 1087.1916019571338 0.9972642393501628
NaN NaN NaN
NaN NaN NaN
NaN NaN NaN
NaN NaN NaN
NaN NaN NaN
NaN NaN NaN
NaN NaN NaN
NaN NaN NaN
NaN NaN NaN
NaN NaN NaN
NaN NaN NaN
NaN NaN NaN
NaN NaN NaN
NaN NaN NaN
-1462.4003297292686 -1370.061359228487 0.9969745249145288
-1449.6489560106652 -1374.9305217476576 0.9969772994864284
-1436.5544528906175 -1380.3686865367656 0.9969803950582539
-1424.154496610655 -1385.8828926215565 0.996983530436649
-1412.160973695335 -1391.5015687746757 0.9969867216179839
-1400.3915768224485 -1397.2363954032805 0.9969899750264501
-1388.723542109693 -1403.0902765750996 0.9969932920815198
-1377.0705522935018 -1409.0610855008142 0.9969966713450488
-1365.3648947789306 -1415.1459454804406 0.9970001109568805
-1365.887177351827 -1419.9507495854298 0.9970028239940613
-1353.6444030294651 -1426.502508116821 0.9970065192000948
-1341.2254183816576 -1433.1502673763516 0.9970102635440738
-1328.622891183538 -1439.8761727377464 0.9970140467783519
-1327.5098461943194 -1446.1316045466392 0.9970175607564862
-1314.3299386885085 -1453.195435059674 0.9970215235046078
-1300.9386495983892 -1460.2991609610108 0.997025502922383
-1298.4963238837984 -1467.5948880365413 0.9970295839437908
-1284.4775655958836 -1474.971216030127 0.9970337039273981
-1281.0554479243258 -1483.0032421169096 0.9970381831536204
-1266.3832683920693 -1490.608326788237 0.9970424175791212
-1261.9477202424328 -1499.340682527604 0.9970472716225455
-1246.5997987464643 -1507.1281891665378 0.9970515932211359
-1241.121040642179 -1516.517674667301 0.9970567947702239
-1235.0218904868732 -1526.353788968276 0.9970622331473589
-1228.291300611408 -1536.6244565745212 0.9970679002431356
-1211.340595758074 -1544.8525497791557 0.9970724318045301
-1203.5002956526048 -1555.675705779337 0.9970783810948188
-1194.9998771191533 -1566.8882883730407 0.9970845307145799
-1185.8271239922512 -1578.4729671664993 0.9970908697694636
-1184.755713309599 -1593.969031100671 0.9970993258989669
-1173.9920993611086 -1606.5099078937037 0.9971061500037874
-1162.518115961911 -1619.359569431026 0.9971131241885757
-1158.470720576812 -1636.9066332836023 0.9971226186486677
-1145.3127978709363 -1650.563579659565 0.9971299849219152
-1139.1028649713244 -1669.4331312980016 0.9971401293210089
-1131.6635557259367 -1689.061942675812 0.9971506408703762
-1122.9665647685447 -1709.4050739323457 0.9971614909719284
-1112.9852065600148 -1730.4143310959191 0.9971726495626467
-1101.693969237145 -1752.0383632152937 0.9971840852359348
-1095.5317292440564 -1780.6993335496006 0.9971991654118183
-1087.4798214617729 -1810.4382772219606 0.9972147205823582
-1083.4690979765855 -1848.3127620520186 0.9972343960612231
-1071.4257261551002 -1880.3298779349425 0.9972509114746322
-1068.4342609188197 -1928.8561366489553 0.9972757397277833
-1057.258749770729 -1971.3026594803289 0.9972972583364534
-1053.4610347351822 -2032.0970976442259 0.9973277584723602
-1045.9607064917318 -2095.3904936856215 0.9973591162741737
-1039.049063210991 -2170.252091623844 0.9973956908413337
-1031.7487118376737 -2257.523359850047 0.9974376350671256
-1026.8847369095222 -2368.1006833004985 0.9974897284164881
-1022.4860533500648 -2503.9080561218143 0.9975521344441309
-967.9538369568155 -2504.329303796837 0.9975523253620374
-913.8340330823904 -2503.4654969651565 0.9975519338499198
-862.668018510941 -2512.105436034632 0.9975558467428444
-809.1256164358363 -2508.7711684760893 0.9975543375150865
-757.8980939925262 -2515.0783360898818 0.9975571915431053
-705.073815555485 -2509.3294169221754 0.9975545902723874
-653.9165816136576 -2513.318584369891 0.9975563956117435
-602.6640443562825 -2516.170829084286 0.9975576855325584
-551.3479247728533 -2517.883311290169 0.9975584596412755
-500 -2518.454327883747 0.9975587177034675
-448.6520752271479 -2517.883311290169 0.9975584596412755
-397.3359556437189 -2516.170829084286 0.9975576855325584
-346.08341838634243 -2513.318584369891 0.9975563956117435
-294.92618444451676 -2509.3294169221754 0.9975545902723874
-242.10190600747407 -2515.0783360898818 0.9975571915431053
-190.87438356416456 -2508.7711684760893 0.9975543375150865
-137.33198148905984 -2512.105436034632 0.9975558467428444
-86.16596691761026 -2503.4654969651565 0.9975519338499198
-32.046163043183384 -2504.329303796837 0.9975523253620374
22.48605335006409 -2503.9080561218143 0.9975521344441309
77.38986524857184 -2502.1781104448337 0.9975513502275061
132.62793967953894 -2499.1244999138157 0.997549965299457
188.15838154034745 -2494.728174811624 0.9975479698974525
243.94298932718078 -2488.977246107186 0.9975453569899573
305.21480174879764 -2491.9101905270672 0.9975466899390656
361.71257047372603 -2483.27257850703 0.9975427620980669
424.27674249392226 -2483.030219691451 0.9975426517896163
487.57438061961864 -2481.089214971585 0.9975417681556474
551.5490899170879 -2477.4136781161787 0.9975400939332142
616.1430503733477 -2471.9701440812014 0.9975376120939949
681.2970816980076 -2464.727664890798 0.9975343058349655
746.9507097613714 -2455.6579114041856 0.9975301585753589
820.8889361842786 -2453.587330212015 0.9975292107092302
895.8047053603444 -2449.2687556706414 0.9975272324843695
971.6167001646604 -2442.652764534294 0.9975241985219223
1048.240093383206 -2433.6935815301736 0.9975200835442264
1053.5862574036414 -2358.1701094884143 0.9974850975494356
1055.5708950299038 -2284.746394121696 0.9974505682182349
1063.7220418898778 -2220.8184315886565 0.9974200841442837
1069.1624115490667 -2158.555030814678 0.9973900125385189
1071.9910874993968 -2098.0647299443913 0.9973604323665449
1082.3242755154188 -2045.6554031061605 0.997334509571484
1080.4255926041817 -1988.643327296583 0.9973059962988258
1086.5976535349482 -1939.170884231354 0.9972809858823592
1101.457905610629 -1896.2513199160924 0.9972590844979378
1104.1819402533743 -1849.2771664206032 0.9972348950951595
1105.2501151707588 -1803.8056379868735 0.9972112594386411
1115.7525435162886 -1763.9719027275341 0.99719037478306
1125.0916250198613 -1725.0030507196618 0.9971697800186471
1133.371833625088 -1686.9121547005611 0.9971494916591092
1140.4338421653056 -1649.8058544301368 0.9971295767539837
1146.0344509934687 -1613.8572646217126 0.9971101400199531
1150.2323291492426 -1579.1439968160773 0.9970912364969041
1165.0521296236902 -1547.6517601128805 0.9970739717289674
1166.793773933554 -1515.2423300514301 0.9970560888401321
1179.6009354496662 -1485.4362469333423 0.9970395385326031
1191.5677102779168 -1456.3828518899795 0.9970233097632634
1202.7583320046128 -1428.1428491978252 0.9970074435890293
1213.253312550653 -1400.772028679656 0.9969919789350169
1223.147047617425 -1374.3247621863263 0.9969769544582872
1232.5552107320973 -1348.851848529259 0.9969624072386973
1241.6253861373561 -1324.3976170116296 0.9969483710033811
1263.7282400961985 -1299.648782965911 0.996934094728681
1272.878312517292 -1277.0022408820391 0.9969209683153101
1295.9215758625642 -1253.4697000628125 0.9969072644302451
1306.5448170330997 -1232.9040920672708 0.9968952347088158
1331.6915875922507 -1211.6756043107098 0.9968827645767422
1356.7896350199248 -1193.375309057817 0.9968719714223776
1386.3653861562389 -1176.0095378015976 0.9968616923744625
1412.3912323641948 -1164.1520000907929 0.9968546529291622
NaN NaN NaN
NaN NaN NaN
889.5698182894729 875.9809427101842 0.9973693922891532
630.7000150020631 935.8895510511538 0.997340022909992
471.52210695899265 973.5989601976585 0.9973213523844462
355.05698666431647 1000.3160555584255 0.9973080375587593
267.01383208148445 1019.907858966646 0.9972982277218402
207.1766687124395 1034.632732552014 0.9972908290870729
161.35496623672174 1046.5234377036663 0.997284838341636
115.61405358496374 1056.110534425484 0.9972799976530295
83.70949586725926 1064.388923793801 0.9972758101662307
51.83522878271377 1071.1351550800969 0.9972723924880885
20.04885562522357 1076.360978451674 0.9972697418378149
1.7190856228560176 1082.1613254566714 0.9972667964819742
-16.68402089572549 1087.1916019571336 0.9972642393501628
-35.13012921910025 1091.4574555697711 0.9972620687640404
-53.58906071305782 1094.965442869104 0.9972602823924857
-72.03082283498316 1097.7230234063543 0.9972588772569898
-90.42563899910647 1099.7385531846296 0.9972578497385094
-96.39592946083101 1105.2094544536737 0.9972550585487422
-114.79843403390538 1106.1039429993612 0.9972546018962074
-121.11654160688921 1111.134265223308 0.9972520322808813
-139.4434283711264 1110.9301179703439 0.9972521366155395
-146.05923709274316 1115.5225247974086 0.9972497885031046
-164.22843887032604 1114.2465184287983 0.997250441148938
-171.0921435888797 1118.406328299558 0.9972483128856339
-178.18099781899633 1122.5025292436953 0.9972462154091183
-196.08545497394806 1119.8247324207348 0.997247586783401
-203.35584310587592 1123.4945055022192 0.997245707201185
-210.82931298990002 1127.0947630872433 0.9972438618620104
-218.50074242494168 1130.6214451478324 0.9972420529262696
-235.90495207485762 1126.263319784763 0.9972442881443351
-243.6752887827595 1129.3742298440318 0.9972426928065825
-251.62112101198403 1132.4075718284614 0.9972411362767667
-259.737004820469 1135.359715012048 0.9972396204925966
-268.0173801988242 1138.2271067073602 0.9972381473542357
-276.4565748747521 1141.0062786736703 0.9972367187205797
-292.813905005751 1134.4661525467332 0.9972400793900189
-301.23734664833853 1136.8513491715892 0.9972388542643138
-309.7968864009377 1139.147214965813 0.9972376744617432
-318.48666146867134 1141.3508103369945 0.9972365415578728
-327.3007201285442 1143.4593035722355 0.997235457072923
-336.23302579783183 1145.469976011935 0.997234422468703
-345.2774611601348 1147.3802270001647 0.9972334391456589
-354.4278323456068 1149.1875786042754 0.997232508440047
-363.67787316299564 1150.889680096453 0.997231631621234
-373.02124938050173 1152.4843121914655 0.9972308098891329
-386.8573982435044 1143.0717646048827 0.9972356564350068
-396.0116546427449 1144.3301719883955 0.997235009013921
-405.2371226782851 1145.4850408850768 0.997234414715383
-414.5274843314026 1146.534783991623 0.9972338743939388
-423.87637725072955 1147.4779563475706 0.9972333888281297
-433.2773990996447 1148.3132579704647 0.9972329587188933
-442.72411193064255 1149.0395362207596 0.9972325846881257
-452.21004658377143 1149.6557878942783 0.9972322672774054
-461.7287071063268 1150.16116103966 0.9972320069468835
-471.2735751905045 1150.554956499358 0.9972318040743394
-480.8381146262517 1150.8366291723594 0.9972316589544077
-490.4157757662798 1151.005788997582 0.9972315717979733
500 1151.0622016569694 0.9972315427317406
490.4157757662798 1151.005788997582 0.9972315717979733
480.8381146262517 1150.8366291723594 0.9972316589544077
471.2735751905047 1150.554956499358 0.9972318040743394
461.72870710632685 1150.16116103966 0.9972320069468835
452.21004658377143 1149.6557878942783 0.9972322672774054
442.72411193064255 1149.0395362207596 0.9972325846881257
433.2773990996447 1148.3132579704647 0.9972329587188933
423.87637725072955 1147.4779563475706 0.9972333888281297
414.5274843314026 1146.534783991623 0.9972338743939388
405.2371226782852 1145.4850408850768 0.997234414715383
396.0116546427449 1144.3301719883955 0.997235009013921
386.8573982435044 1143.0717646048827 0.9972356564350068
373.02124938050173 1152.4843121914655 0.9972308098891329
363.6778731629957 1150.889680096453 0.997231631621234
354.4278323456068 1149.1875786042754 0.997232508440047
345.27746116013486 1147.3802270001647 0.9972334391456589
336.23302579783183 1145.469976011935 0.997234422468703
327.3007201285442 1143.4593035722355 0.997235457072923
318.48666146867134 1141.3508103369945 0.9972365415578728
309.7968864009377 1139.147214965813 0.9972376744617432
301.2373466483386 1136.8513491715892 0.9972388542643138
292.81390500575105 1134.4661525467332 0.9972400793900189
276.4565748747521 1141.0062786736703 0.9972367187205797
268.0173801988242 1138.2271067073602 0.9972381473542357
259.737004820469 1135.359715012048 0.9972396204925966
251.6211210119841 1132.4075718284616 0.9972411362767667
243.67528878275957 1129.3742298440318 0.9972426928065825
235.90495207485773 1126.263319784763 0.9972442881443351
218.50074242494168 1130.6214451478324 0.9972420529262696
210.82931298990002 1127.0947630872433 0.9972438618620104
203.35584310587592 1123.4945055022192 0.997245707201185
196.08545497394823 1119.824732420735 0.997247586783401
178.18099781899633 1122.5025292436953 0.9972462154091183
171.09214358887982 1118.406328299558 0.9972483128856339
164.22843887032604 1114.2465184287983 0.997250441148938
146.05923709274316 1115.5225247974086 0.9972497885031046
139.4434283711264 1110.9301179703439 0.9972521366155395
121.11654160688933 1111.134265223308 0.9972520322808813
114.79843403390538 1106.1039429993612 0.9972546018962074
96.39592946083113 1105.209454453674 0.9972550585487422
90.42563899910647 1099.7385531846296 0.9972578497385094
72.03082283498316 1097.7230234063543 0.9972588772569898
53.58906071305782 1094.965442869104 0.9972602823924857
35.130129219100304 1091.4574555697714 0.9972620687640404
16.684020895725602 1087.1916019571338 0.9972642393501628
-1.7190856228559603 1082.1613254566714 0.9972667964819742
-20.04885562522357 1076.360978451674 0.9972697418378149
-51.83522878271377 1071.1351550800969 0.9972723924880885
-83.70949586725926 1064.388923793801 0.9972758101662307
-115.6140535849637 1056.1105344254843 0.9972799976530295
-161.35496623672174 1046.5234377036666 0.997284838341636
-207.17666871243944 1034.6327325520147 0.9972908290870729
-267.01383208148445 1019.907858966646 0.9972982277218402
-355.05698666431647 1000.3160555584255 0.9973080375587593
-471.52210695899265 973.5989601976585 0.9973213523844462
-630.7000150020629 935.8895510511549 0.997340022909992
-889.5698182894729 875.9809427101842 0.9973693922891532
NaN NaN NaN
NaN NaN NaN
-1412.3912323641948 -1164.1520000907929 0.9968546529291622
-1386.3653861562389 -1176.0095378015976 0.9968616923744625
-1356.7896350199248 -1193.375309057817 0.9968719714223776
-1331.6915875922507 -1211.6756043107098 0.9968827645767422
-1306.5448170330997 -1232.9040920672708 0.9968952347088158
-1295.9215758625642 -1253.4697000628125 0.9969072644302451
-1272.878312517292 -1277.0022408820391 0.9969209683153101
-1263.7282400962001 -1299.6487829659095 0.996934094728681
-1241.6253861373566 -1324.3976170116284 0.9969483710033811
-1232.5552107320973 -1348.8518485292586 0.9969624072386973
-1223.1470476174252 -1374.324762186326 0.9969769544582872
-1213.253312550653 -1400.772028679656 0.9969919789350169
-1202.7583320046128 -1428.1428491978252 0.9970074435890293
-1191.5677102779173 -1456.382851889979 0.9970233097632634
-1179.6009354496662 -1485.4362469333423 0.9970395385326031
-1166.793773933555 -1515.242330051429 0.9970560888401321
-1165.0521296236905 -1547.65176011288 0.9970739717289674
-1150.2323291492426 -1579.1439968160773 0.9970912364969041
-1146.0344509934687 -1613.8572646217126 0.9971101400199531
-1140.4338421653051 -1649.8058544301377 0.9971295767539837
-1133.3718336250874 -1686.9121547005611 0.9971494916591092
-1125.0916250198627 -1725.0030507196607 0.9971697800186471
-1115.7525435162902 -1763.9719027275328 0.99719037478306
-1105.2501151707588 -1803.8056379868735 0.9972112594386411
-1104.1819402533743 -1849.2771664206032 0.9972348950951595
-1101.4579056106295 -1896.251319916092 0.9972590844979378
-1086.5976535349484 -1939.1708842313535 0.9972809858823592
-1080.4255926041817 -1988.643327296583 0.9973059962988258
-1082.3242755154188 -2045.6554031061605 0.997334509571484
-1071.9910874993973 -2098.0647299443913 0.9973604323665449
-1069.1624115490667 -2158.555030814678 0.9973900125385189
-1063.7220418898798 -2220.8184315886547 0.9974200841442837
-1055.5708950299052 -2284.7463941216943 0.9974505682182349
-1053.5862574036414 -2358.1701094884143 0.9974850975494356
-1048.2400933832066 -2433.6935815301736 0.9975200835442264
-971.6167001646609 -2442.652764534294 0.9975241985219223
-895.8047053603444 -2449.2687556706414 0.9975272324843695
-820.8889361842805 -2453.5873302120135 0.9975292107092302
-746.9507097613719 -2455.657911404185 0.9975301585753589
-681.2970816980076 -2464.727664890798 0.9975343058349655
-616.1430503733479 -2471.970144081201 0.9975376120939949
-551.5490899170892 -2477.4136781161787 0.9975400939332142
-487.57438061961864 -2481.089214971585 0.9975417681556474
-424.27674249392334 -2483.03021969145 0.9975426517896163
-361.71257047372694 -2483.2725785070297 0.9975427620980669
-305.21480174879764 -2491.9101905270672 0.9975466899390656
-243.94298932718144 -2488.977246107186 0.9975453569899573
-188.15838154034805 -2494.728174811624 0.9975479698974525
-132.62793967953894 -2499.1244999138157 0.997549965299457
-77.38986524857278 -2502.1781104448332 0.9975513502275061
-22.48605335006483 -2503.9080561218143 0.9975521344441309
32.046163043183384 -2504.329303796837 0.9975523253620374
86.16596691760962 -2503.4654969651565 0.9975519338499198
137.33198148905865 -2512.105436034632 0.9975558467428444
190.87438356416456 -2508.7711684760893 0.9975543375150865
242.10190600747327 -2515.0783360898818 0.9975571915431053
294.9261844445159 -2509.3294169221754 0.9975545902723874
346.08341838634243 -2513.318584369891 0.9975563956117435
397.3359556437181 -2516.170829084286 0.9975576855325584
448.6520752271469 -2517.883311290169 0.9975584596412755
500 -2518.454327883747 0.9975587177034675
551.3479247728529 -2517.883311290169 0.9975584596412755
602.6640443562817 -2516.170829084286 0.9975576855325584
653.9165816136576 -2513.318584369891 0.9975563956117435
705.0738155554837 -2509.3294169221754 0.9975545902723874
757.8980939925253 -2515.0783360898818 0.9975571915431053
809.1256164358363 -2508.7711684760893 0.9975543375150865
862.6680185109401 -2512.105436034632 0.9975558467428444
913.8340330823897 -2503.4654969651565 0.9975519338499198
967.9538369568155 -2504.329303796837 0.9975523253620374
1022.4860533500643 -2503.9080561218143 0.9975521344441309
1026.884736909521 -2368.100683300499 0.9974897284164881
1031.7487118376737 -2257.523359850047 0.9974376350671256
1039.0490632109902 -2170.252091623844 0.9973956908413337
1045.9607064917316 -2095.3904936856215 0.9973591162741737
1053.4610347351822 -2032.0970976442259 0.9973277584723602
1057.2587497707286 -1971.302659480329 0.9972972583364534
1068.4342609188188 -1928.8561366489557 0.9972757397277833
1071.4257261551002 -1880.3298779349425 0.9972509114746322
1083.4690979765849 -1848.3127620520186 0.9972343960612231
1087.4798214617726 -1810.4382772219608 0.9972147205823582
1095.5317292440564 -1780.6993335496006 0.9971991654118183
1101.6939692371448 -1752.0383632152939 0.9971840852359348
1112.9852065600141 -1730.4143310959194 0.9971726495626467
1122.9665647685447 -1709.4050739323457 0.9971614909719284
1131.6635557259365 -1689.061942675812 0.9971506408703762
1139.1028649713242 -1669.4331312980019 0.9971401293210089
1145.3127978709363 -1650.563579659565 0.9971299849219152
1158.4707205768113 -1636.9066332836023 0.9971226186486677
1162.51811596191 -1619.359569431026 0.9971131241885757
1173.9920993611086 -1606.5099078937037 0.9971061500037874
1184.7557133095993 -1593.969031100671 0.9970993258989669
1185.827123992251 -1578.4729671664993 0.9970908697694636
1194.999877119153 -1566.8882883730407 0.9970845307145799
1203.5002956526043 -1555.675705779337 0.9970783810948188
1211.340595758073 -1544.852549779156 0.9970724318045301
1228.291300611408 -1536.6244565745212 0.9970679002431356
1235.0218904868732 -1526.353788968276 0.9970622331473589
1241.1210406421785 -1516.5176746673014 0.9970567947702239
1246.5997987464639 -1507.1281891665383 0.9970515932211359
1261.9477202424328 -1499.340682527604 0.9970472716225455
1266.3832683920693 -1490.608326788237 0.9970424175791212
1281.0554479243258 -1483.0032421169096 0.9970381831536204
1284.4775655958836 -1474.971216030127 0.9970337039273981
1298.4963238837984 -1467.5948880365415 0.9970295839437908
1300.9386495983895 -1460.2991609610112 0.997025502922383
1314.3299386885085 -1453.195435059674 0.9970215235046078
1327.5098461943198 -1446.1316045466394 0.9970175607564862
1328.622891183538 -1439.8761727377464 0.9970140467783519
1341.2254183816576 -1433.1502673763516 0.9970102635440738
1353.6444030294651 -1426.5025081168212 0.9970065192000948
1365.8871773518267 -1419.95074958543 0.9970028239940613
1365.3648947789306 -1415.145945480441 0.9970001109568805
1377.0705522935014 -1409.0610855008144 0.9969966713450488
1388.723542109693 -1403.0902765750996 0.9969932920815198
1400.3915768224485 -1397.2363954032805 0.9969899750264501
1412.160973695335 -1391.5015687746757 0.9969867216179839
1424.154496610655 -1385.8828926215565 0.996983530436649
1436.5544528906175 -1380.3686865367656 0.9969803950582539
1449.6489560106652 -1374.9305217476576 0.9969772994864284
1462.4003297292686 -1370.061359228487 0.9969745249145288
NaN NaN NaN
NaN NaN NaN
NaN NaN NaN
NaN NaN NaN
NaN NaN NaN
NaN NaN NaN
NaN NaN NaN
NaN NaN NaN
NaN NaN NaN
NaN NaN NaN
NaN NaN NaN
NaN NaN NaN
NaN NaN NaN
NaN NaN NaN
983.3159791042654 1087.1916019571336 0.9972642393501628
964.8698707808913 1091.4574555697711 0.9972620687640404
946.4109392869539 1094.965442869104 0.9972602823924857
927.9691771649984 1097.7230234063543 0.9972588772569898
909.5743610008749 1099.7385531846296 0.9972578497385094
903.6040705391811 1105.2094544536737 0.9972550585487422
885.2015659660761 1106.1039429993612 0.9972546018962074
878.8834583931106 1111.134265223308 0.9972520322808813
860.5565716288548 1110.9301179703439 0.9972521366155395
853.9407629072755 1115.5225247974086 0.9972497885031046
835.771561129674 1114.2465184287983 0.997250441148938
828.9078564111351 1118.406328299558 0.9972483128856339
821.8190021810227 1122.5025292436953 0.9972462154091183
803.9145450260678 1119.8247324207348 0.997247586783401
796.6441568941242 1123.4945055022192 0.997245707201185
789.1706870100833 1127.0947630872433 0.9972438618620104
781.4992575750583 1130.6214451478324 0.9972420529262696
764.0950479251412 1126.263319784763 0.9972442881443351
756.3247112172585 1129.3742298440318 0.9972426928065825
748.3788789880161 1132.4075718284614 0.9972411362767667
740.2629951795309 1135.359715012048 0.9972396204925966
731.982619801157 1138.2271067073602 0.9972381473542357
723.543425125248 1141.0062786736703 0.9972367187205797
707.186094994268 1134.4661525467332 0.9972400793900189
698.7626533516615 1136.8513491715892 0.9972388542643138
690.2031135990812 1139.147214965813 0.9972376744617432
681.5133385313096 1141.3508103369945 0.9972365415578728
672.699279871456 1143.4593035722355 0.997235457072923
663.7669742021682 1145.469976011935 0.997234422468703
654.7225388398462 1147.3802270001647 0.9972334391456589
645.5721676543742 1149.1875786042754 0.997232508440047
636.3221268369855 1150.889680096453 0.997231631621234
626.9787506194793 1152.4843121914655 0.9972308098891329
613.1426017564955 1143.0717646048827 0.9972356564350068
603.988345357274 1144.3301719883955 0.997235009013921
594.7628773217339 1145.4850408850768 0.997234414715383
585.4725156685973 1146.534783991623 0.9972338743939388
576.1236227492514 1147.4779563475706 0.9972333888281297
566.7226009003364 1148.3132579704647 0.9972329587188933
557.2758880693574 1149.0395362207596 0.9972325846881257
547.7899534162285 1149.6557878942783 0.9972322672774054
538.2712928936915 1150.16116103966 0.9972320069468835
528.7264248094955 1150.554956499358 0.9972318040743394
519.1618853737383 1150.8366291723594 0.9972316589544077
509.5842242337202 1151.005788997582 0.9972315717979733
