0 1442.6122016569748
-11.32122671191431 1442.550614577447
-22.634699875396173 1442.3659451243607
-33.932671241028174 1442.058468481786
-45.20740315383118 1441.6286427154973
-56.45117384150599 1441.0771079117856
-67.65628269191508 1440.4046849731174
-78.81505551621439 1439.6123740716985
-89.91984979408286 1438.7013527622948
-100.96305989748956 1437.6729737563724
-111.9371222894354 1436.5287623596873
-122.83452069418179 1435.2704135762094
-133.64779123542505 1433.8997888811484
-149.12890100783403 1443.191679380155
-160.1020575280829 1441.46827083626
-170.96558107155917 1439.6296159456795
-181.71203160598932 1437.6782975762956
-192.33404906707403 1435.6170503271308
-202.82435838899278 1433.4487553533506
-213.17577447743048 1431.1764348941715
-223.3812071217429 1428.8032465104793
-233.43366584287895 1426.3324770415063
-243.32626467391256 1423.7675362895875
-261.1279833262732 1430.1235619426482
-270.9858079447908 1427.1564299243519
-280.6580824288257 1424.097726756464
-290.1381805679691 1420.951438912062
-299.4196073884789 1417.721646034968
-308.496003598462 1414.4125131469743
-327.1758425533128 1418.571183964737
-336.0915968435432 1414.8443603422231
-344.77723433491457 1411.0438218917395
-353.2268020672125 1407.1741778795738
-372.27664266475483 1409.6530629656615
-380.47629919109403 1405.3594572409431
-388.4154637710886 1401.0042942861924
-407.62404590886376 1402.0875394558034
-415.2424431500442 1397.3054974218123
-434.5344394691221 1397.3236619613433
-441.77951619434936 1392.111526898752
-461.07021421870405 1391.0399021505636
-467.88931370734156 1385.3970359763016
-487.0929727426836 1383.2151936956532
-506.3030572396313 1380.2974191829092
-525.4892640426481 1376.635806186678
-544.621102170949 1372.2233271839618
-563.6679230253801 1367.0538385988707
-582.5989507248398 1361.1220855274719
-614.9437128686864 1355.7730333330999
-647.333117536934 1348.9120990636372
-679.7092083861367 1340.5278574404751
-725.8777265519104 1330.8440593639853
-772.082813864685 1318.8660782760373
-832.2588786410494 1304.0636021770113
-920.5962189353387 1284.4040903879873
NaN NaN
NaN NaN
NaN NaN
NaN NaN
NaN NaN
-1490.5249042595904 -1522.3194879512691
-1469.2762367877299 -1530.3576594241486
-1446.7283816194338 -1540.5312803303889
-1426.6439762146601 -1551.0259316575093
-1407.9443064859072 -1561.918405241233
-1389.4791262542774 -1573.5497493073408
-1384.321686702294 -1584.0978301904447
-1365.915364680849 -1597.0280557643443
-1347.6374864660847 -1610.26219112418
-1342.1861379457832 -1622.7762169329853
-1323.698826057716 -1636.7524831749265
-1317.5690413408627 -1650.4898676027217
-1298.5612686876466 -1665.1038509906714
-1291.4998774268472 -1679.98174904976
-1283.8253500326587 -1695.5443062065096
-1275.4989388193737 -1711.7700978483547
-1266.4836751552152 -1728.6367991259626
-1245.1700684592788 -1744.80536715567
-1246.2596074018047 -1764.1913520780624
-1234.995441229787 -1782.8231811371807
-1222.9284779700035 -1801.985090289486
-1210.0381700828534 -1821.6443266707745
-1206.9762606351655 -1844.6366880019411
-1192.178065806212 -1865.4919826578962
-1186.763037392882 -1890.2398499735245
-1169.964967792045 -1912.1354380170276
-1162.0823973372512 -1938.4649222064652
-1152.8164096167097 -1965.6731743744026
-1151.5535425684814 -1998.4907046111089
-1139.447588669032 -2027.5970450486225
-1135.1297236879577 -2062.860557800484
-1120.2618982449944 -2093.681424931462
-1112.6747941515573 -2131.2063714730125
-1111.6984238269195 -2176.362745535574
-1100.1590409026528 -2216.5650229190787
-1094.6561219512555 -2264.91823229982
-1086.6530857246642 -2314.9056553170567
-1076.0667761207235 -2366.42456838517
-1070.1170283367605 -2427.4534855109055
-1067.9731797956922 -2498.8788489771982
-1061.9621954408267 -2572.772564149953
-1051.9595878272544 -2648.942352454719
-1000.3958928418359 -2670.8492650871704
-936.4260523853173 -2672.7631706247594
-873.1897981052535 -2673.03782092472
-815.9777614494194 -2681.4037944408524
-754.0332559027846 -2678.6132009880826
-697.5365137277998 -2684.1923856125673
-641.2950892098744 -2688.4637091667646
-585.346523851141 -2691.4382800655767
-529.7320548907921 -2693.134219871693
-474.4883934120778 -2693.565817046898
-419.65573344691376 -2692.7558250734232
-367.7541117224476 -2701.10766863415
-313.4971008491505 -2697.9099907030277
-261.5369040047719 -2704.007451345369
-207.99418110931575 -2698.4757751423604
-156.10530723546503 -2702.3323441268185
-104.12245800507564 -2705.089959969574
-52.076910694915824 -2706.7456985862145
0 -2707.297806273031
52.076910694914986 -2706.7456985862145
104.12245800507482 -2705.089959969574
156.10530723546503 -2702.3323441268185
207.99418110931506 -2698.4757751423604
261.536904004771 -2704.007451345369
313.4971008491505 -2697.9099907030277
367.75411172244674 -2701.10766863415
419.65573344691273 -2692.7558250734232
474.4883934120778 -2693.565817046898
529.7320548907912 -2693.134219871693
585.34652385114 -2691.438280065577
641.2950892098744 -2688.4637091667646
697.5365137277989 -2684.1923856125673
754.0332559027836 -2678.6132009880826
815.9777614494194 -2681.4037944408524
873.1897981052531 -2673.0378209247206
936.4260523853164 -2672.7631706247603
1000.3958928418359 -2670.8492650871704
1051.9595878272535 -2648.9423524547196
1061.9621954408265 -2572.772564149953
1067.9731797956922 -2498.8788489771982
1070.1170283367605 -2427.4534855109055
1076.0667761207221 -2366.4245683851705
1086.6530857246642 -2314.9056553170567
1094.656121951255 -2264.91823229982
1100.1590409026526 -2216.565022919079
1111.6984238269195 -2176.362745535574
1112.6747941515564 -2131.2063714730134
1120.2618982449933 -2093.6814249314625
1135.1297236879577 -2062.860557800484
1139.4475886690318 -2027.5970450486225
1151.5535425684814 -1998.4907046111089
1152.8164096167093 -1965.6731743744026
1162.0823973372503 -1938.4649222064654
1169.9649677920447 -1912.1354380170278
1186.763037392882 -1890.2398499735245
1192.178065806212 -1865.4919826578962
1206.9762606351633 -1844.6366880019418
1210.0381700828525 -1821.6443266707752
1222.9284779700038 -1801.985090289486
1234.9954412297873 -1782.8231811371809
1246.2596074018047 -1764.1913520780624
1245.1700684592788 -1744.80536715567
1266.483675155215 -1728.6367991259626
1275.4989388193733 -1711.7700978483551
1283.8253500326582 -1695.5443062065099
1291.499877426847 -1679.9817490497605
1298.5612686876466 -1665.1038509906714
1317.5690413408627 -1650.4898676027217
1323.698826057716 -1636.7524831749267
1342.186137945783 -1622.7762169329856
1347.6374864660834 -1610.2621911241802
1365.9153646808484 -1597.0280557643443
1384.321686702294 -1584.0978301904447
1389.4791262542774 -1573.5497493073408
1407.9443064859072 -1561.918405241233
1426.6439762146601 -1551.0259316575093
1446.7283816194338 -1540.5312803303889
1469.2762367877299 -1530.3576594241486
1490.5249042595904 -1522.3194879512691
NaN NaN
NaN NaN
NaN NaN
NaN NaN
NaN NaN
920.5962189353387 1284.4040903879873
832.2588786410494 1304.0636021770113
772.0828138646851 1318.8660782760367
725.8777265519104 1330.844059363985
679.7092083861368 1340.527857440475
647.333117536934 1348.9120990636372
614.9437128686864 1355.7730333330999
582.5989507248398 1361.1220855274719
563.6679230253802 1367.0538385988707
544.6211021709491 1372.2233271839616
525.4892640426482 1376.6358061866779
506.3030572396313 1380.2974191829092
487.0929727426836 1383.2151936956532
467.88931370734156 1385.3970359763016
461.0702142187041 1391.0399021505634
441.7795161943494 1392.111526898752
434.53443946912216 1397.3236619613433
415.2424431500442 1397.3054974218123
407.62404590886376 1402.0875394558034
388.4154637710886 1401.0042942861924
380.4762991910941 1405.3594572409431
372.27664266475483 1409.6530629656615
353.22680206721253 1407.1741778795736
344.77723433491457 1411.0438218917395
336.0915968435432 1414.8443603422231
327.1758425533128 1418.571183964737
308.4960035984621 1414.4125131469743
299.41960738847894 1417.721646034968
290.13818056796913 1420.9514389120618
280.6580824288257 1424.097726756464
270.9858079447908 1427.1564299243519
261.1279833262732 1430.1235619426482
243.32626467391265 1423.7675362895875
233.433665842879 1426.3324770415063
223.38120712174296 1428.8032465104793
213.17577447743048 1431.1764348941715
202.82435838899278 1433.4487553533506
192.33404906707403 1435.6170503271308
181.71203160598935 1437.6782975762956
170.96558107155923 1439.6296159456795
160.10205752808292 1441.46827083626
149.12890100783403 1443.191679380155
133.64779123542505 1433.8997888811484
122.83452069418179 1435.2704135762094
111.93712228943544 1436.5287623596873
100.96305989748961 1437.6729737563724
89.91984979408431 1438.7013527622948
78.81505551621439 1439.6123740716985
67.65628269191508 1440.4046849731174
56.45117384150599 1441.0771079117856
45.207403153831336 1441.6286427154973
33.93267124102915 1442.058468481786
22.63469987539622 1442.3659451243607
11.32122671191431 1442.550614577447
