-500 423.90220165697434 0.9975798695868588
-505.2519356998731 423.8586946101721 0.9975798889277322
-510.50027744020815 423.7282176215054 0.9975799469297011
-515.7414337096953 423.5109030843416 0.9975800435308446
-520.9718178918959 423.2069714481403 0.9975801786280707
-526.1878507084999 422.8167309094383 0.9975803520772791
-531.3859626578316 422.3405769796035 0.9975805636935913
-536.5625964466615 421.77899192972217 0.9975808132516428
-541.7142094139522 421.13254411319946 0.9975811004859418
-546.8372759447757 420.4018871666029 0.9975814250912901
-551.9282898728187 419.5877590895793 0.9975817867232681
-556.9837668698831 418.6909812046913 0.9975821849987813
-562.0002468207969 417.71245699821486 0.997582619496668
-571.7336696509365 427.4259375561659 0.9975783025579753
-577.0121820545239 426.15248907483664 0.9975788689983025
-582.2380071315522 424.79096782336177 0.9975794744522551
-587.4075686466718 423.34268626910756 0.9975801183040347
-592.517328656748 421.80903771993724 0.997580799900567
-597.5637899218642 420.1914944240425 0.9975815185525105
-602.5434982892501 418.4916055590942 0.9975822735353177
-607.4530450484067 416.710995113252 0.9975830640903502
-612.2890692559246 414.8513596607573 0.9975838894260454
-617.0482600285362 412.9144660351639 0.9975847487191296
-629.8031152591327 419.91376040280784 0.9975816419221426
-634.7040799606235 417.6033829190785 0.9975826679239097
-639.512895216584 415.2131445436031 0.997583728884576
-644.2262679886037 412.7452209846771 0.9975848237878011
-648.8409701784117 410.20185063840097 0.9975859515897773
-653.3538408340576 407.5853316342879 0.997587111220764
-667.5764809234119 412.4409200986116 0.9975849587540281
-672.1444177784368 409.4134146395309 0.9975863010863321
-676.594599041801 406.3126810954174 0.9975876750320108
-680.9239745234056 403.1414096292574 0.9975890793394935
-695.9717106215372 406.31531572537784 0.9975876738649642
-700.2900932422522 402.71146552810535 0.9975892696584813
-704.471474541675 399.03888923153096 0.9975908946841207
-720.0483394209025 400.79566470821635 0.9975901175047943
-724.1635744231236 396.6762303972715 0.9975919394632946
-740.0833644152934 397.34424041787423 0.9975916441168103
-744.0895018673824 392.7673808032317 0.9975936668761967
-760.2767474796137 392.3146907861394 0.9975938668421009
-764.1300083683341 387.27269022184976 0.997596092794472
-780.5074752536532 385.67196339071063 0.9975967990104384
-797.0329509813985 383.3139254746746 0.9975978389226696
-813.6779722927467 380.1890987370351 0.9975992162282108
-830.4137898085378 376.28894609729997 0.9976009340435251
-847.2113970424491 371.6058809137769 0.9976029948961452
-864.0415596120639 366.133276097942 0.9976054007177141
-894.4352449447501 361.21479990790124 0.9976075606598362
-925.0246982911085 354.7546513560718 0.9976103943526833
-955.7531969044066 346.74026996456587 0.9976139046396499
-1000.4276110976998 337.39435779793035 0.9976179909329214
NaN NaN NaN
NaN NaN NaN
NaN NaN NaN
NaN NaN NaN
NaN NaN NaN
NaN NaN NaN
NaN NaN NaN
NaN NaN NaN
-1275.5395336376089 -625.621282319225 0.9972797541228028
-1264.0506124176457 -632.6152428134865 0.9972699040296461
-1252.4582925602374 -640.3636129828278 0.9972589779779801
-1241.6748807685908 -648.1561684632258 0.9972479761574803
-1231.416057928425 -656.0345670971344 0.9972368403018816
-1221.4989462266337 -664.0162343236999 0.9972255462554903
-1211.7979937324685 -672.1060445916686 0.9972140876325611
-1202.2228972198961 -680.3018027708523 0.9972024681461266
-1192.7017923502092 -688.6003642857457 0.9971906929725981
-1195.22293238315 -695.0504438740147 0.9971815345313672
-1185.422695061623 -703.8972670820219 0.9971689653316503
-1175.5362051585894 -712.8226421241847 0.9971562769667925
-1165.5493096082394 -721.8031972556694 0.997143504077002
-1167.0292781138994 -730.0817598569279 0.9971317256282402
-1156.6577453359143 -739.4304227545967 0.9971184217698954
-1146.1398629854 -748.7850025995849 0.9971051082716523
-1146.6594891701257 -758.3560830834028 0.997091487461267
-1135.667747475024 -767.9916719416623 0.9970777778731346
-1135.427047379533 -778.4764650115095 0.9970628661455747
-1123.9099246125302 -788.3351671871021 0.9970488532958126
-1122.841506933084 -799.6786278549218 0.997032743582702
-1110.7527066981838 -809.7006203343813 0.9970185256964622
-1108.7938560079451 -821.8390977755837 0.9970013284419816
-1106.292781640708 -834.527285027678 0.9969833848845612
-1103.2280697052765 -847.7453528710531 0.9969647337764569
-1089.697515711881 -858.1975153512517 0.996950020241186
-1085.6098195585957 -872.0582055493678 0.9969305625394356
-1080.9032331652943 -886.3817043487419 0.9969105282744246
-1075.5564741362352 -901.1421880218027 0.9968899707840193
-1078.6963854496896 -920.9660660692167 0.9968625210068663
-1071.80541589804 -936.8494269618618 0.9968406766002056
-1064.2092304138687 -953.0769190115957 0.996818512296231
-1064.4164214920322 -975.3087156511901 0.9967884279744593
-1055.1262859642388 -992.439665880351 0.9967654921093724
-1053.1448342506378 -1016.1729203440782 0.9967653654674838
-1049.9037712187449 -1040.7531118776894 0.9967803826119048
-1045.363861732942 -1066.1140291658353 0.9967957985625574
-1039.4888537373886 -1092.1869819226206 0.9968115649878859
-1032.2449946588877 -1118.901008429897 0.9968276329425013
-1030.3961815132304 -1154.21761870174 0.9968487421717217
-1026.5565542757572 -1190.637731695487 0.9968703534106607
-1026.9478292871888 -1236.7715718342304 0.9968975007932203
-1018.878871138926 -1275.455969093994 0.9969200698662145
-1020.2681511731954 -1333.7774405177715 0.9969537630512614
-1013.036149514965 -1384.3528944241891 0.9969826608303245
-1013.4615841483435 -1456.2731253231523 0.9970232482906096
-1009.9430780837571 -1530.4589207215777 0.9970644996693885
-1006.9510510346013 -1617.4113762944266 0.9971120679683336
-1003.452368125802 -1717.8005775652534 0.9971659557458944
-1002.3513737893867 -1843.679713076857 0.9972319973179538
-986.9266726041202 -1949.3464196992554 0.9972861505160804
-939.1858772587113 -1961.2538260579113 0.9972921806822304
-891.1471076975489 -1971.935681979143 0.997297577855881
-842.8408448720849 -1981.3796956190988 0.9973023398855022
-794.3001146399675 -1989.578729543661 0.9973064667771797
-745.5586547138295 -1996.5286680935264 0.9973099595941536
-696.6491579696291 -2002.222727677643 0.9973128175887492
-647.6048983664436 -2006.6558464962343 0.9973150404065706
-598.4594916940326 -2009.824719960607 0.9973166280955676
-549.2466179633977 -2011.726987983389 0.9973175806931319
-500 -2012.3612346419557 0.9973178982229517
-450.75338203660255 -2011.726987983389 0.9973175806931319
-401.540508305968 -2009.824719960607 0.9973166280955676
-352.3951016335568 -2006.6558464962343 0.9973150404065706
-303.35084203037195 -2002.222727677643 0.9973128175887492
-254.44134528617082 -1996.5286680935267 0.9973099595941536
-205.699885360033 -1989.578729543661 0.9973064667771797
-157.1591551279165 -1981.3796956190988 0.9973023398855022
-108.85289230245196 -1971.935681979143 0.997297577855881
-60.81412274128854 -1961.2538260579113 0.9972921806822304
-13.073327395880625 -1949.3464196992554 0.9972861505160804
34.335069091353596 -1936.2182121409787 0.9972794852504511
81.38131478388017 -1921.882850554364 0.9972721868565887
128.03214114658365 -1906.348572502954 0.9972642541375155
174.25911034500686 -1889.63067852113 0.9972556890928375
220.02963179459866 -1871.73930351548 0.9972464906894651
265.3151677651171 -1852.6897694592908 0.9972366601750543
310.08748341847377 -1832.4974660970624 0.9972261984801319
354.31671841593305 -1811.1765311329555 0.9972151055418988
397.97534703935446 -1788.7434548494061 0.9972033821883155
441.0365111623979 -1765.2152953229106 0.9971910292371838
483.47401991312336 -1740.6096406965423 0.997178047495307
525.2623466658674 -1714.9445726045315 0.9971644377584341
566.376258423408 -1688.238491484466 0.9971502007374968
606.7933199538718 -1660.5111022732563 0.9971353376061686
646.4913304000057 -1631.7819228301034 0.9971198492279431
685.4474356619432 -1602.0702482986421 0.9971037361482816
723.6441800292592 -1571.3966937704583 0.9970869994493938
761.0619001007323 -1539.7807553106584 0.9970696394437225
797.6818530819771 -1507.2419169472507 0.9970516562827628
833.4895887927668 -1473.7995741239806 0.9970330499279959
868.4717913453637 -1439.4721239070611 0.9970138196515603
902.6165247456643 -1404.2767988404069 0.9969939639358231
935.915241599107 -1368.2292682554437 0.9969734802342953
968.3594659814562 -1331.3430089477342 0.9969523645875916
999.946724949384 -1293.6282286646447 0.9969306109608554
1008.5915983795899 -1243.388047573249 0.9969013734921253
1004.5243747240332 -1188.2584818947173 0.9968689464552504
1010.0438798709765 -1139.5594969806089 0.9968399991346119
1014.2078090925193 -1091.484194731597 0.9968111411005418
1017.1111988565024 -1044.0373643148678 0.9967823834525202
1018.5947205890585 -997.342797255944 0.9967589701133798
1018.4259687163318 -951.6152113669983 0.9968205020024968
1016.6687123195426 -906.9549523528397 0.9968819020052301
1025.6248291010643 -865.9894391728074 0.9969390738608305
1021.0343789709542 -823.2870473086473 0.9969992789729505
1027.5460646882557 -783.5183169035923 0.997055698627011
1032.979075143288 -744.2235341807775 0.9971116002111096
1037.3928612199825 -705.4716796902395 0.997166727645349
1040.8638932065426 -667.3284475717014 0.9972208560964075
1043.4842342767236 -629.8615085941583 0.9972737837229366
1045.3689243061121 -593.1380350731288 0.9973253339952994
1046.666213821901 -557.2208785387288 0.997375359447355
1060.3221906653189 -520.1029745885569 0.9974265757815242
1061.0471678082306 -485.39961791431796 0.9974739594505357
1074.6201635031255 -448.43784547201403 0.9975238395833113
1076.1267822086984 -415.31676852228395 0.9975679820268198
1090.9871217250961 -380.1510672256934 0.9976142397692526
1106.2601574782586 -348.943673306313 0.9976547397739024
1125.55732899527 -318.4138420053317 0.9976938403863264
1143.9076353177147 -296.97940029413024 0.9977209768103643
NaN NaN NaN
NaN NaN NaN
724.5798628779374 167.78606824884668 0.9976908180410422
466.1065049683345 227.602432676986 0.9976654193729929
307.43784647321166 265.1936940816873 0.997649299304236
191.5944308824328 291.7670745717542 0.997637829585829
104.28501007409433 311.19000531253505 0.9976294069759621
45.293106685655786 325.72132909913694 0.9976230838365879
0.42761109769454553 337.3943577979302 0.9976179909329214
-44.24680309559473 346.74026996456564 0.9976139046396499
-74.97530170888966 354.7546513560718 0.9976103943526833
-105.56475505524973 361.21479990790124 0.9976075606598362
-135.9584403879364 366.133276097942 0.9976054007177141
-152.78860295755084 371.60588091377673 0.9976029948961452
-169.5862101914587 376.28894609729986 0.9976009340435251
-186.32202770725047 380.18909873703507 0.9975992162282108
-202.96704901860568 383.3139254746746 0.9975978389226696
-219.49252474634045 385.67196339071063 0.9975967990104384
-235.86999163165933 387.27269022184976 0.997596092794472
-239.72325252039232 392.31469078613924 0.9975938668421009
-255.91049813261117 392.76738080323156 0.9975936668761967
-259.9166355847065 397.3442404178742 0.9975916441168103
-275.8364255768697 396.6762303972715 0.9975919394632946
-279.9516605791041 400.79566470821635 0.9975901175047943
-295.528525458325 399.03888923153096 0.9975908946841207
-299.70990675775454 402.71146552810524 0.9975892696584813
-304.02828937846954 406.31531572537784 0.9975876738649642
-319.07602547660116 403.14140962925734 0.9975890793394935
-323.40540095819915 406.3126810954174 0.9975876750320108
-327.8555822215562 409.4134146395309 0.9975863010863321
-332.42351907658815 412.4409200986116 0.9975849587540281
-346.6461591659424 407.58533163428785 0.997587111220764
-351.15902982159497 410.20185063840097 0.9975859515897773
-355.7737320113965 412.745220984677 0.9975848237878011
-360.48710478341593 415.2131445436031 0.997583728884576
-365.2959200393698 417.6033829190785 0.9975826679239097
-370.19688474086735 419.91376040280784 0.9975816419221426
-382.95173997147054 412.9144660351639 0.9975847487191296
-387.7109307440754 414.8513596607573 0.9975838894260454
-392.54695495159996 416.710995113252 0.9975830640903502
-397.4565017107429 418.4916055590942 0.9975822735353177
-402.436210078136 420.1914944240425 0.9975815185525105
-407.48267134325204 421.80903771993724 0.997580799900567
-412.59243135332116 423.34268626910756 0.9975801183040347
-417.76199286844087 424.7909678233617 0.9975794744522551
-422.98781794546926 426.15248907483664 0.9975788689983025
-428.26633034905666 427.4259375561659 0.9975783025579753
-437.9997531792031 417.71245699821486 0.997582619496668
-443.0162331301238 418.6909812046913 0.9975821849987813
-448.0717101271881 419.5877590895793 0.9975817867232681
-453.16272405522415 420.4018871666029 0.9975814250912901
-458.2857905860408 421.13254411319946 0.9975811004859418
-463.43740355333165 421.77899192972217 0.9975808132516428
-468.6140373421684 422.3405769796035 0.9975805636935913
-473.8121492915 422.8167309094383 0.9975803520772791
-479.02818210811034 423.2069714481403 0.9975801786280707
-484.25856629030454 423.5109030843416 0.9975800435308446
-489.49972255979185 423.7282176215054 0.9975799469297011
-494.7480643001269 423.8586946101721 0.9975798889277322
500 423.90220165697434 0.9975798695868588
494.7480643001269 423.8586946101721 0.9975798889277322
489.49972255979185 423.7282176215054 0.9975799469297011
484.2585662903047 423.5109030843416 0.9975800435308446
479.0281821081104 423.2069714481403 0.9975801786280707
473.8121492915 422.8167309094383 0.9975803520772791
468.6140373421684 422.3405769796035 0.9975805636935913
463.43740355333165 421.77899192972217 0.9975808132516428
458.2857905860408 421.13254411319946 0.9975811004859418
453.16272405522415 420.4018871666029 0.9975814250912901
448.07171012718817 419.5877590895793 0.9975817867232681
443.0162331301238 418.6909812046913 0.9975821849987813
437.9997531792031 417.71245699821486 0.997582619496668
428.26633034905666 427.4259375561659 0.9975783025579753
422.9878179454693 426.15248907483664 0.9975788689983025
417.76199286844087 424.79096782336177 0.9975794744522551
412.5924313533212 423.34268626910756 0.9975801183040347
407.48267134325204 421.80903771993724 0.997580799900567
402.436210078136 420.1914944240425 0.9975815185525105
397.4565017107429 418.4916055590942 0.9975822735353177
392.54695495159996 416.710995113252 0.9975830640903502
387.7109307440755 414.8513596607573 0.9975838894260454
382.9517399714706 412.9144660351639 0.9975847487191296
370.19688474086735 419.91376040280784 0.9975816419221426
365.2959200393698 417.6033829190785 0.9975826679239097
360.48710478341593 415.2131445436031 0.997583728884576
355.77373201139653 412.7452209846771 0.9975848237878011
351.159029821595 410.20185063840097 0.9975859515897773
346.6461591659425 407.5853316342879 0.997587111220764
332.42351907658815 412.4409200986116 0.9975849587540281
327.8555822215562 409.4134146395309 0.9975863010863321
323.40540095819915 406.3126810954174 0.9975876750320108
319.07602547660133 403.1414096292574 0.9975890793394935
304.02828937846954 406.31531572537784 0.9975876738649642
299.70990675775465 402.71146552810535 0.9975892696584813
295.528525458325 399.03888923153096 0.9975908946841207
279.9516605791041 400.79566470821635 0.9975901175047943
275.8364255768697 396.6762303972715 0.9975919394632946
259.9166355847066 397.34424041787423 0.9975916441168103
255.91049813261117 392.7673808032317 0.9975936668761967
239.72325252039244 392.3146907861394 0.9975938668421009
235.86999163165933 387.27269022184976 0.997596092794472
219.49252474634045 385.67196339071063 0.9975967990104384
202.96704901860568 383.3139254746746 0.9975978389226696
186.32202770725053 380.1890987370351 0.9975992162282108
169.5862101914588 376.28894609729997 0.9976009340435251
152.7886029575509 371.6058809137769 0.9976029948961452
135.9584403879364 366.133276097942 0.9976054007177141
105.56475505524973 361.21479990790124 0.9976075606598362
74.97530170888966 354.7546513560718 0.9976103943526833
44.24680309559476 346.74026996456587 0.9976139046396499
-0.4276110976945313 337.39435779793035 0.9976179909329214
-45.29310668565575 325.72132909913745 0.9976230838365879
-104.28501007409433 311.19000531253505 0.9976294069759621
-191.5944308824328 291.7670745717542 0.997637829585829
-307.43784647321166 265.1936940816873 0.997649299304236
-466.1065049683343 227.60243267698698 0.9976654193729929
-724.5798628779374 167.7860682488467 0.9976908180410422
NaN NaN NaN
NaN NaN NaN
-1143.9076353177147 -296.97940029413024 0.9977209768103643
-1125.55732899527 -318.4138420053317 0.9976938403863264
-1106.2601574782586 -348.943673306313 0.9976547397739024
-1090.9871217250961 -380.1510672256934 0.9976142397692526
-1076.1267822086984 -415.31676852228395 0.9975679820268198
-1074.6201635031255 -448.43784547201403 0.9975238395833113
-1061.0471678082306 -485.39961791431796 0.9974739594505357
-1060.32219066532 -520.1029745885547 0.9974265757815242
-1046.6662138219012 -557.2208785387276 0.997375359447355
-1045.3689243061121 -593.138035073128 0.9973253339952994
-1043.4842342767238 -629.8615085941578 0.9972737837229366
-1040.8638932065426 -667.3284475717014 0.9972208560964075
-1037.3928612199825 -705.4716796902395 0.997166727645349
-1032.9790751432884 -744.2235341807769 0.9971116002111096
-1027.5460646882557 -783.5183169035919 0.997055698627011
-1021.0343789709551 -823.287047308646 0.9969992789729505
-1025.6248291010645 -865.989439172807 0.9969390738608305
-1016.6687123195426 -906.9549523528397 0.9968819020052301
-1018.4259687163318 -951.6152113669983 0.9968205020024968
-1018.5947205890584 -997.3427972559448 0.9967589701133798
-1017.111198856502 -1044.037364314868 0.9967823834525202
-1014.2078090925202 -1091.4841947315954 0.9968111411005418
-1010.0438798709778 -1139.5594969806073 0.9968399991346119
-1004.5243747240332 -1188.2584818947173 0.9968689464552504
-1008.5915983795899 -1243.388047573249 0.9969013734921253
-999.9467249493845 -1293.6282286646442 0.9969306109608554
-968.3594659814564 -1331.3430089477338 0.9969523645875916
-935.9152415991072 -1368.2292682554437 0.9969734802342953
-902.6165247456643 -1404.2767988404069 0.9969939639358231
-868.4717913453642 -1439.4721239070611 0.9970138196515603
-833.4895887927668 -1473.7995741239806 0.9970330499279959
-797.6818530819788 -1507.2419169472496 0.9970516562827628
-761.0619001007332 -1539.780755310657 0.9970696394437225
-723.6441800292592 -1571.3966937704583 0.9970869994493938
-685.4474356619436 -1602.070248298642 0.9971037361482816
-646.4913304000063 -1631.7819228301034 0.9971198492279431
-606.7933199538718 -1660.5111022732563 0.9971353376061686
-566.3762584234094 -1688.2384914844652 0.9971502007374968
-525.2623466658679 -1714.944572604531 0.9971644377584341
-483.47401991312336 -1740.6096406965423 0.997178047495307
-441.0365111623981 -1765.2152953229104 0.9971910292371838
-397.9753470393556 -1788.7434548494057 0.9972033821883155
-354.31671841593305 -1811.1765311329555 0.9972151055418988
-310.0874834184748 -1832.4974660970618 0.9972261984801319
-265.3151677651179 -1852.6897694592906 0.9972366601750543
-220.02963179459866 -1871.73930351548 0.9972464906894651
-174.25911034500746 -1889.6306785211298 0.9972556890928375
-128.03214114658422 -1906.348572502954 0.9972642541375155
-81.38131478388017 -1921.882850554364 0.9972721868565887
-34.33506909135448 -1936.2182121409785 0.9972794852504511
13.07332739587993 -1949.3464196992554 0.9972861505160804
60.81412274128854 -1961.2538260579113 0.9972921806822304
108.85289230245138 -1971.935681979143 0.997297577855881
157.15915512791537 -1981.3796956190988 0.9973023398855022
205.699885360033 -1989.578729543661 0.9973064667771797
254.44134528617005 -1996.5286680935264 0.9973099595941536
303.3508420303711 -2002.222727677643 0.9973128175887492
352.3951016335568 -2006.6558464962343 0.9973150404065706
401.54050830596725 -2009.824719960607 0.9973166280955676
450.7533820366016 -2011.726987983389 0.9973175806931319
500 -2012.3612346419557 0.9973178982229517
549.2466179633975 -2011.726987983389 0.9973175806931319
598.4594916940318 -2009.824719960607 0.9973166280955676
647.6048983664436 -2006.6558464962343 0.9973150404065706
696.6491579696278 -2002.222727677643 0.9973128175887492
745.5586547138286 -1996.5286680935267 0.9973099595941536
794.3001146399675 -1989.578729543661 0.9973064667771797
842.840844872084 -1981.3796956190988 0.9973023398855022
891.1471076975482 -1971.935681979143 0.997297577855881
939.1858772587113 -1961.2538260579113 0.9972921806822304
986.9266726041196 -1949.3464196992554 0.9972861505160804
1002.3513737893855 -1843.6797130768573 0.9972319973179538
1003.452368125802 -1717.8005775652534 0.9971659557458944
1006.9510510346008 -1617.4113762944266 0.9971120679683336
1009.9430780837569 -1530.458920721578 0.9970644996693885
1013.4615841483435 -1456.2731253231523 0.9970232482906096
1013.0361495149647 -1384.3528944241893 0.9969826608303245
1020.2681511731945 -1333.7774405177722 0.9969537630512614
1018.878871138926 -1275.455969093994 0.9969200698662145
1026.9478292871881 -1236.7715718342304 0.9968975007932203
1026.556554275757 -1190.6377316954872 0.9968703534106607
1030.3961815132304 -1154.21761870174 0.9968487421717217
1032.2449946588877 -1118.9010084298975 0.9968276329425013
1039.4888537373881 -1092.1869819226208 0.9968115649878859
1045.363861732942 -1066.1140291658353 0.9967957985625574
1049.9037712187446 -1040.7531118776894 0.9967803826119048
1053.1448342506376 -1016.1729203440783 0.9967653654674838
1055.1262859642388 -992.439665880351 0.9967654921093724
1064.4164214920315 -975.3087156511903 0.9967884279744593
1064.2092304138682 -953.0769190115959 0.996818512296231
1071.80541589804 -936.8494269618618 0.9968406766002056
1078.6963854496896 -920.9660660692169 0.9968625210068663
1075.556474136235 -901.1421880218027 0.9968899707840193
1080.903233165294 -886.3817043487419 0.9969105282744246
1085.6098195585955 -872.0582055493679 0.9969305625394356
1089.69751571188 -858.197515351252 0.996950020241186
1103.2280697052765 -847.7453528710531 0.9969647337764569
1106.292781640708 -834.527285027678 0.9969833848845612
1108.7938560079447 -821.8390977755842 0.9970013284419816
1110.7527066981834 -809.7006203343815 0.9970185256964622
1122.841506933084 -799.6786278549218 0.997032743582702
1123.9099246125302 -788.3351671871022 0.9970488532958126
1135.427047379533 -778.4764650115095 0.9970628661455747
1135.667747475024 -767.9916719416623 0.9970777778731346
1146.6594891701257 -758.3560830834031 0.997091487461267
1146.1398629853998 -748.7850025995853 0.9971051082716523
1156.6577453359143 -739.4304227545967 0.9971184217698954
1167.0292781138996 -730.0817598569281 0.9971317256282402
1165.5493096082394 -721.8031972556694 0.997143504077002
1175.5362051585894 -712.8226421241847 0.9971562769667925
1185.4226950616228 -703.897267082022 0.9971689653316503
1195.22293238315 -695.0504438740148 0.9971815345313672
1192.7017923502092 -688.600364285746 0.9971906929725981
1202.222897219896 -680.3018027708526 0.9972024681461266
1211.7979937324685 -672.1060445916686 0.9972140876325611
1221.4989462266337 -664.0162343236999 0.9972255462554903
1231.416057928425 -656.0345670971344 0.9972368403018816
1241.6748807685908 -648.1561684632258 0.9972479761574803
1252.4582925602374 -640.3636129828278 0.9972589779779801
1264.0506124176457 -632.6152428134865 0.9972699040296461
1275.5395336376089 -625.621282319225 0.9972797541228028
NaN NaN NaN
NaN NaN NaN
NaN NaN NaN
NaN NaN NaN
NaN NaN NaN
NaN NaN NaN
NaN NaN NaN
NaN NaN NaN
1000.4276110976999 337.3943577979302 0.9976179909329214
955.7531969044066 346.74026996456564 0.9976139046396499
925.0246982911085 354.7546513560718 0.9976103943526833
894.4352449447501 361.21479990790124 0.9976075606598362
864.0415596120639 366.133276097942 0.9976054007177141
847.2113970424491 371.60588091377673 0.9976029948961452
830.4137898085378 376.28894609729986 0.9976009340435251
813.6779722927469 380.18909873703507 0.9975992162282108
797.0329509813985 383.3139254746746 0.9975978389226696
780.5074752536532 385.67196339071063 0.9975967990104384
764.1300083683341 387.27269022184976 0.997596092794472
760.2767474796137 392.31469078613924 0.9975938668421009
744.0895018673824 392.76738080323156 0.9975936668761967
740.0833644152934 397.3442404178742 0.9975916441168103
724.1635744231236 396.6762303972715 0.9975919394632946
720.0483394209025 400.79566470821635 0.9975901175047943
704.471474541675 399.03888923153096 0.9975908946841207
700.2900932422522 402.71146552810524 0.9975892696584813
695.9717106215375 406.31531572537784 0.9975876738649642
680.9239745234056 403.14140962925734 0.9975890793394935
676.594599041801 406.3126810954174 0.9975876750320108
672.1444177784368 409.4134146395309 0.9975863010863321
667.5764809234119 412.4409200986116 0.9975849587540281
653.3538408340576 407.58533163428785 0.997587111220764
648.8409701784117 410.20185063840097 0.9975859515897773
644.2262679886037 412.745220984677 0.9975848237878011
639.512895216584 415.2131445436031 0.997583728884576
634.7040799606235 417.6033829190785 0.9975826679239097
629.8031152591327 419.91376040280784 0.9975816419221426
617.0482600285364 412.9144660351639 0.9975847487191296
612.2890692559246 414.8513596607573 0.9975838894260454
607.4530450484069 416.710995113252 0.9975830640903502
602.5434982892501 418.4916055590942 0.9975822735353177
597.5637899218642 420.1914944240425 0.9975815185525105
592.517328656748 421.80903771993724 0.997580799900567
587.4075686466718 423.34268626910756 0.9975801183040347
582.2380071315522 424.7909678233617 0.9975794744522551
577.0121820545239 426.15248907483664 0.9975788689983025
571.7336696509365 427.4259375561659 0.9975783025579753
562.0002468207969 417.71245699821486 0.997582619496668
556.9837668698831 418.6909812046913 0.9975821849987813
551.9282898728188 419.5877590895793 0.9975817867232681
546.8372759447758 420.4018871666029 0.9975814250912901
541.7142094139522 421.13254411319946 0.9975811004859418
536.5625964466615 421.77899192972217 0.9975808132516428
531.3859626578316 422.3405769796035 0.9975805636935913
526.1878507084999 422.8167309094383 0.9975803520772791
520.9718178918959 423.2069714481403 0.9975801786280707
515.7414337096955 423.5109030843416 0.9975800435308446
510.50027744020815 423.7282176215054 0.9975799469297011
505.2519356998731 423.8586946101721 0.9975798889277322
