0 244.79139032550793
-4.093288100558561 244.7525347869104
-8.183776606887012 244.63600308758444
-12.268667827803986 244.44189993486972
-16.34516787696511 244.1703997004203
-20.410488572126162 243.82174620964193
-24.68489011531235 244.54041777841422
-28.75630903083785 244.03189009530345
-32.808060312983535 243.4463539700858
-37.17021437048732 243.90575468384174
-41.21051419990453 243.15827853483137
-45.627571570071595 243.43588223026876
-49.644410834250486 242.52517791032614
-54.1032341469584 242.6160889910498
-58.59542292912913 242.6052981148763
-62.57161596893973 241.44148974535
-67.08493903721819 241.23699875932766
-71.62058623013885 240.92629012606506
-76.1746412113468 240.50774577865292
-80.74312932169886 239.9798539065179
-85.32202085965741 239.34121050342176
-89.9072344274598 238.59052080100318
-95.2711721185874 238.6493805437318
-99.88763980021533 237.6495385842959
-105.33540485797727 237.4122841608094
-109.96402267732641 236.1561137570054
-115.47399227422774 235.61277958540632
-121.02109485704223 234.9006041137665
-126.59905392899569 234.01678459885397
-132.2014951921887 232.95870364252994
-137.8219525652874 231.72393207367816
-144.48809891396266 231.00943745478696
-151.20976407566928 230.05675143940573
-157.97808173390737 228.86196524086716
-164.78405303712614 227.42144523681824
-171.61855553256532 225.7318371563692
-179.625841573757 224.33958592100788
-188.86121098979908 223.14642383354314
-196.98355812818215 221.08030369059762
-206.35005089972114 219.1392312329679
-217.0058704986925 217.21925283431958
-227.7380278432062 214.82889169804096
-239.79948595951961 212.31289314769884
-253.2222145516229 209.56138042336264
-268.0327746621416 206.46243843251546
-284.25224954658927 202.9023611302382
-303.22726398855445 198.97410758842753
-325.00655502872536 194.45174170918511
-348.2717857202289 188.97138672530676
-377.1174003847235 182.70679152482163
-410.2451669628523 175.1412045354412
-450.45690021093606 165.97364551837288
-500.60385039519343 154.6008700497132
-563.568122616489 140.1165515379284
-646.4691822264055 121.045585880924
-759.3137175708302 94.91630778171499
-923.5046504426664 56.936448092320695
NaN NaN
NaN NaN
NaN NaN
-1071.461623672814 -183.59480839519526
-1062.022204755544 -202.6677535833537
-1053.8048505862998 -225.51290527445636
-1047.0850051459956 -248.397897420207
-1041.1070043712732 -271.4831264809753
-1036.319484750811 -295.1022423412308
-1032.515239428754 -319.2229355311266
-1028.5220271404987 -343.74575437809307
-1025.4663305740412 -368.2555068565358
-1022.0539159363883 -393.03675883830175
-1019.4339994171703 -417.9140060842028
-1017.5473912361938 -443.0124840624884
-1015.1052895117266 -468.48107116457356
-1013.2819279581057 -494.30610911801597
-1010.7974250755399 -520.5274225713437
-1008.8256377888355 -547.2272646950446
-1007.3064511032857 -574.5098174139537
-1004.9767090154381 -602.2564142617507
-1004.1751597944905 -630.9483843310276
-1002.444904945 -660.1940164987858
-1000.9101296924006 -690.2951251123338
-989.1876235292862 -717.7648447881774
-972.1708396729246 -743.3293102353526
-954.5176960336138 -768.3946660056234
-936.2426081674191 -792.9483601914153
-917.3602253343854 -816.9779483912596
-897.8854529982211 -840.4711466470159
-877.8334592386464 -863.4158838147756
-857.2196002015968 -885.8003570617199
-836.0594572888017 -907.6130526120916
-814.3688215239655 -928.8427757709928
-792.1636380909365 -949.4786725521273
-769.4600535214445 -969.5102440959764
-746.2743471131646 -988.9273584317917
-722.6252714176522 -1007.7208608932091
-698.5501761791141 -1025.8882736035525
-674.0650704041943 -1043.4242819006263
-649.1803938649273 -1060.321680585592
-623.9075186980238 -1076.5729073037808
-598.2585618401916 -1092.1701428789115
-572.2464523066385 -1107.105490060287
-545.8847041810394 -1121.3709864783887
-519.1874890544989 -1134.9587553336096
-492.16951758593143 -1147.8610333798138
-464.8460613212611 -1160.0702841106895
-437.23280163278145 -1171.5791555568367
-409.34591831685793 -1182.380638562913
-381.2019228893072 -1192.467972424934
-352.8177528870722 -1201.8348149057203
-324.2106537811198 -1210.4751777741865
-295.39817075658704 -1218.3834702119416
-266.3981327274363 -1225.5545412355716
-237.22861050098027 -1231.9836778596414
-207.90788942568716 -1237.6666134645322
-178.4544569165515 -1242.5995730632746
-148.88696476005205 -1246.7792607090853
-119.22420181890006 -1250.2028491985743
-89.48508487221324 -1252.868046524523
-59.68862000360178 -1254.7730514649202
-29.853883934537954 -1255.9165756463062
0 -1256.2978360703457
29.85388393453748 -1255.9165756463062
59.688620003601365 -1254.7730514649202
89.48508487221324 -1252.868046524523
119.2242018188995 -1250.2028491985743
148.88696476005157 -1246.7792607090853
178.4544569165515 -1242.5995730632746
207.90788942568682 -1237.6666134645322
237.22861050097967 -1231.9836778596414
266.3981327274363 -1225.5545412355716
295.3981707565866 -1218.3834702119416
324.21065378111945 -1210.4751777741865
352.8177528870722 -1201.8348149057203
381.20192288930684 -1192.4679724249343
409.3459183168575 -1182.3806385629132
437.23280163278145 -1171.5791555568367
464.8460613212607 -1160.0702841106897
492.16951758593103 -1147.8610333798142
519.1874890544989 -1134.9587553336096
545.8847041810393 -1121.3709864783887
572.2464523066385 -1107.105490060287
598.2585618401916 -1092.1701428789115
623.9075186980238 -1076.5729073037808
649.1803938649273 -1060.321680585592
674.0650704041943 -1043.4242819006263
698.5501761791139 -1025.8882736035525
722.6252714176522 -1007.720860893209
746.2743471131646 -988.9273584317917
769.4600535214437 -969.5102440959768
792.1636380909358 -949.4786725521283
814.3688215239655 -928.8427757709928
836.059457288801 -907.6130526120922
857.2196002015964 -885.8003570617201
877.8334592386461 -863.4158838147757
897.8854529982209 -840.4711466470161
917.3602253343857 -816.9779483912596
936.2426081674191 -792.9483601914153
954.5176960336138 -768.3946660056234
972.1708396729244 -743.3293102353531
989.1876235292862 -717.7648447881774
1000.9101296924 -690.2951251123343
1002.444904945 -660.1940164987858
1004.1751597944905 -630.9483843310276
1004.9767090154381 -602.2564142617507
1007.3064511032857 -574.5098174139538
1008.8256377888358 -547.2272646950441
1010.7974250755399 -520.5274225713437
1013.2819279581053 -494.3061091180171
1015.1052895117266 -468.48107116457356
1017.5473912361938 -443.0124840624884
1019.4339994171698 -417.91400608420423
1022.053915936388 -393.03675883830357
1025.4663305740412 -368.2555068565354
1028.5220271404978 -343.7457543780956
1032.515239428754 -319.2229355311266
1036.319484750811 -295.1022423412308
1041.1070043712732 -271.4831264809753
1047.0850051459956 -248.397897420207
1053.8048505862998 -225.51290527445636
1062.022204755544 -202.6677535833537
1071.461623672814 -183.59480839519526
NaN NaN
NaN NaN
NaN NaN
923.5046504426666 56.9364480923189
759.3137175708302 94.91630778171499
646.4691822264055 121.045585880924
563.568122616489 140.1165515379284
500.6038503951935 154.6008700497127
450.45690021093617 165.97364551837273
410.2451669628523 175.141204535441
377.1174003847235 182.70679152482163
348.2717857202289 188.97138672530676
325.00655502872536 194.45174170918511
303.22726398855445 198.97410758842747
284.25224954658927 202.90236113023823
268.03277466214166 206.46243843251534
253.2222145516229 209.56138042336264
239.79948595951961 212.31289314769884
227.7380278432062 214.82889169804096
217.00587049869262 217.21925283431938
206.35005089972117 219.1392312329678
196.98355812818215 221.08030369059753
188.86121098979908 223.14642383354314
179.625841573757 224.33958592100788
171.61855553256532 225.7318371563692
164.78405303712623 227.42144523681813
157.9780817339074 228.86196524086716
151.20976407566928 230.0567514394057
144.48809891396266 231.00943745478696
137.8219525652874 231.72393207367816
132.2014951921887 232.95870364252994
126.5990539289958 234.01678459885392
121.02109485704227 234.90060411376575
115.47399227422777 235.6127795854063
109.96402267732641 236.1561137570054
105.33540485797727 237.4122841608094
99.88763980021533 237.6495385842959
95.27117211858747 238.6493805437317
89.90723442745983 238.59052080100318
85.32202085965743 239.34121050342176
80.74312932169886 239.9798539065179
76.1746412113468 240.50774577865292
71.62058623013885 240.92629012606506
67.08493903721826 241.23699875932763
62.57161596893978 241.44148974535
58.59542292912916 242.60529811487623
54.1032341469584 242.6160889910498
49.644410834250486 242.52517791032614
45.627571570071595 243.43588223026876
41.21051419990458 243.15827853483134
37.170214370487365 243.90575468384174
32.80806031298359 243.44635397008577
28.75630903083785 244.03189009530345
24.68489011531235 244.54041777841422
20.410488572126162 243.82174620964193
16.345167876965153 244.17039970042026
12.268667827804029 244.44189993486972
8.183776606887056 244.63600308758444
4.093288100558561 244.7525347869104
