0 189.22539032550966
-3.762235863538114 189.18752097051257
-7.521899019512947 189.07394522379494
-11.276418507913261 188.88476000409835
-15.023226862677513 188.62012672220098
-18.759761855780404 188.28027110042567
-22.706509022544118 189.00964825149612
-26.451629445226384 188.5137056148321
-30.17866174679495 187.94260077104332
-34.21789888215756 188.41824086985514
-37.93730515899802 187.68876926555174
-42.03571227056388 187.98609501000396
-45.736362957088836 187.09677798943784
-49.88167607294572 187.21068489156116
-54.06324790329906 187.22443729152485
-57.731930117667254 186.08665439322357
-61.94105923943789 185.90960177893567
-66.17603784411997 185.62767125658252
-70.43315565859405 185.23916790977972
-74.70864152961695 184.74249957915188
-78.9986665647474 184.13617860902653
-83.29934734089923 183.41882348932577
-88.38328095611215 183.51194034803763
-92.72446517837021 182.54718577303004
-97.90185605884216 182.34575432415647
-102.26519428393233 181.12604563630399
-107.51516067899054 180.61971315300156
-112.80771464558272 179.94497891031747
-118.13675414184638 179.0989383345239
-123.49607546692073 178.07887106801218
-128.87937916173706 176.88224412626124
-135.31450062524831 176.20592068408115
-141.8114280278271 175.29132771665866
-148.3614490770024 174.13445175503176
-154.95571453082655 172.73155477975334
-161.58524702914184 171.07917869883957
-169.39443940168417 169.7236654802296
-178.4387272410574 168.56664563220536
-186.3771358525206 166.53597160640734
-195.56695920915874 164.6295505368487
-206.05349958565193 162.74333221444178
-216.62388391562249 160.38574556598113
-228.53118609648286 157.90144422197272
-241.8074814829899 155.18046258473245
-256.47943147578155 152.1107998443539
-272.5682143268177 148.57866761642106
-291.4205443894855 144.67694626014955
-313.0852427862066 140.17962483120954
-336.24405110619966 134.72275581120593
-364.9914866076748 128.4800216498637
-398.0293845183943 120.93460885493553
-438.15962118615687 111.78547997840535
-488.233502730879 100.42933827642727
-551.133184331026 85.95980989077555
-633.9781756053359 66.90174865458448
-746.7752033261556 40.78345254077729
-910.9272218457418 2.812621122219602
-924.7298428897053 -22.638969019624106
-926.5569484948875 -46.85587637342381
-927.7502687554871 -71.11893637581602
-928.3386997192108 -100
-928.2307171586278 -119.7119572491362
-927.5165560597206 -144.01301651643814
-926.1659716020199 -168.2927199300668
-924.1793984803426 -192.53486043962224
-921.4774071509347 -217.04227253681066
-917.9036867307581 -242.115162012268
-913.5563759094563 -267.16183879388024
-908.4955363769255 -291.994934807895
-902.7560550815869 -316.55989426951703
-896.3608454832821 -340.84066488030095
-889.3266646154946 -364.8320761207678
-881.6669393765459 -388.5310681550957
-873.3932685836874 -411.9339026558766
-864.5162246744284 -435.0354790991904
-855.0458388429041 -457.8293032637433
-844.991889859347 -480.3076854948135
-834.3641028273452 -502.4619676979322
-823.1722362539331 -524.282778337444
-811.4261732468475 -545.76021108258
-799.1359597277175 -566.883993922817
-786.3118372552822 -587.6436178833494
-772.9642619103333 -608.0284429784991
-759.1039068561477 -628.0277872699912
-744.7416888417648 -647.6309872210787
-729.8887255353485 -666.8274704804712
-714.556365049442 -685.6067873652944
-698.7561992003928 -703.9586473553443
-682.4999956292006 -721.8729630094518
-665.7997408863566 -739.3398625181466
-648.6676305427865 -756.3497140715131
-631.1160190326314 -772.8931438804523
-613.1574717055197 -788.9610486028452
-594.804700720159 -804.5446063997908
-576.0705858720772 -819.6352861688787
-556.9681637395366 -834.2248561653033
-537.5106172275376 -848.3053906813836
-517.7112292306983 -861.8692612626096
-497.5834688721342 -874.9091718286661
-477.14086558737955 -887.418120174862
-456.3970909757381 -899.3894331112315
-435.3659124197147 -910.8167533790729
-414.0611871081242 -921.6940392882492
-392.49686124835927 -932.0155681510256
-370.68696279963956 -941.7759362156753
-348.6455945691797 -950.9700582230698
-326.3869253638884 -959.5931641149881
-303.9251776072117 -967.6407890170887
-281.2746530896038 -975.1088091497191
-258.4496854152082 -981.9933924353976
-235.46465692491256 -988.2910200756849
-212.3339997857096 -993.9984981410411
-189.07217356735828 -999.1129267265494
-165.69376363685254 -1003.6319603107964
-142.21345031014067 -1007.5539444273918
-118.6455601398025 -1010.8765972310796
-95.00450309482278 -1013.5978887367071
-71.30479803806504 -1015.7161789797858
-47.56103791580398 -1017.230173833697
-23.787874865897447 -1018.1389470929147
0 -1018.441933068485
23.787874865897045 -1018.1389470929147
47.56103791580364 -1017.230173833697
71.30479803806504 -1015.7161789797858
95.00450309482235 -1013.5978887367071
118.6455601398021 -1010.8765972310797
142.21345031014067 -1007.5539444273918
165.69376363685222 -1003.6319603107966
189.07217356735777 -999.1129267265494
212.3339997857096 -993.9984981410411
235.4646569249122 -988.2910200756849
258.44968541520797 -981.9933924353976
281.2746530896038 -975.1088091497191
303.9251776072115 -967.6407890170888
326.38692536388805 -959.5931641149881
348.6455945691797 -950.9700582230698
370.68696279963933 -941.7759362156755
392.496861248359 -932.015568151026
414.0611871081242 -921.6940392882492
435.3659124197145 -910.8167533790729
456.3970909757381 -899.3894331112315
477.14086558737955 -887.418120174862
497.5834688721342 -874.9091718286661
517.7112292306983 -861.8692612626096
537.5106172275376 -848.3053906813836
556.9681637395364 -834.2248561653033
576.0705858720772 -819.6352861688786
594.804700720159 -804.5446063997908
613.1574717055192 -788.9610486028454
631.1160190326309 -772.893143880453
648.6676305427865 -756.3497140715131
665.799740886356 -739.3398625181469
682.4999956292006 -721.872963009452
698.7561992003926 -703.9586473553444
714.5563650494418 -685.6067873652946
729.8887255353486 -666.8274704804712
744.7416888417648 -647.6309872210787
759.1039068561477 -628.0277872699912
772.9642619103332 -608.0284429784996
786.3118372552822 -587.6436178833494
799.1359597277171 -566.8839939228174
811.4261732468475 -545.76021108258
823.1722362539331 -524.282778337444
834.3641028273452 -502.4619676979322
844.991889859347 -480.3076854948136
855.0458388429041 -457.82930326374304
864.5162246744284 -435.03547909919047
873.3932685836869 -411.9339026558776
881.6669393765459 -388.5310681550957
889.3266646154946 -364.8320761207678
896.3608454832818 -340.84066488030237
902.7560550815867 -316.55989426951885
908.4955363769255 -291.9949348078946
913.5563759094559 -267.1618387938823
917.9036867307581 -242.115162012268
921.4774071509347 -217.04227253681066
924.1793984803426 -192.53486043962224
926.1659716020199 -168.2927199300668
927.5165560597206 -144.01301651643814
928.2307171586278 -119.7119572491362
928.3386997192108 -100
927.7502687554871 -71.11893637581602
926.5569484948876 -46.85587637342339
924.7298428897053 -22.638969019624106
910.927221845742 2.8126211222178052
746.7752033261556 40.78345254077729
633.9781756053359 66.90174865458448
551.133184331026 85.95980989077555
488.2335027308791 100.4293382764268
438.159621186157 111.7854799784052
398.0293845183943 120.93460885493532
364.9914866076748 128.4800216498637
336.24405110619966 134.72275581120593
313.0852427862066 140.17962483120954
291.4205443894855 144.6769462601495
272.5682143268177 148.5786676164211
256.4794314757816 152.11079984435378
241.8074814829899 155.18046258473245
228.53118609648286 157.90144422197272
216.62388391562249 160.38574556598113
206.05349958565205 162.74333221444158
195.56695920915877 164.62955053684863
186.3771358525206 166.53597160640726
178.4387272410574 168.56664563220536
169.39443940168417 169.7236654802296
161.58524702914184 171.07917869883957
154.95571453082664 172.73155477975322
148.36144907700242 174.13445175503176
141.8114280278271 175.29132771665863
135.31450062524831 176.20592068408115
128.87937916173706 176.88224412626124
123.49607546692073 178.07887106801218
118.1367541418465 179.09893833452384
112.80771464558276 179.94497891031673
107.51516067899057 180.61971315300153
102.26519428393233 181.12604563630399
97.90185605884216 182.34575432415647
92.72446517837021 182.54718577303004
88.38328095611222 183.5119403480375
83.29934734089926 183.41882348932577
78.99866656474741 184.13617860902653
74.70864152961695 184.74249957915188
70.43315565859405 185.23916790977972
66.17603784411997 185.62767125658252
61.941059239437955 185.90960177893564
57.731930117667304 186.08665439322357
54.063247903299086 187.2244372915248
49.88167607294572 187.21068489156116
45.736362957088836 187.09677798943784
42.03571227056388 187.98609501000396
37.93730515899807 187.6887692655517
34.217898882157606 188.41824086985514
30.178661746795004 187.9426007710433
26.451629445226384 188.5137056148321
22.706509022544118 189.00964825149612
18.759761855780404 188.28027110042567
15.023226862677557 188.62012672220095
11.276418507913304 188.88476000409835
7.521899019512992 189.07394522379494
3.762235863538114 189.18752097051257
