0 102.1033903255113
-3.243178652407289 102.06706720899993
-6.484140333136327 101.95812610402514
-9.720669574257434 101.77665171758137
-12.950553914350165 101.52278513906698
-16.17158539928767 101.19672370696202
-19.604602864747015 101.94288615373561
-22.838119477662726 101.46667562693258
-26.056024488696522 100.91819760711252
-29.588959783171394 101.41929945780208
-32.80523666276189 100.71805720137371
-36.40403164047153 101.04630517082337
-39.60892986573662 100.19052132335374
-43.262689956901156 100.34048340223946
-46.95724508502228 100.39271723516016
-50.14378069653633 99.29573970532165
-53.87596375402927 99.16170774795067
-57.63952370801764 98.92489846122099
-61.43107337217925 98.5834964363625
-65.24716067042681 98.13578353500888
-69.08427155914774 97.58014094744516
-72.93883301999563 96.91505116114021
-77.58374789889785 97.0618797942936
-81.4933148453538 96.15213877265157
-86.24678571945748 96.00687420989819
-90.19419174120334 94.84433389150054
-95.03649879510012 94.39601640096092
-99.92994567205979 93.77998630737888
-104.8687038582913 92.99317937687204
-109.84683713224305 92.03271382154757
-114.8583072820964 90.89589388771711
-120.93120454294309 90.27941908062725
-127.07576533553112 89.42455225013093
-133.28351886185507 88.32711579575897
-139.5458504530482 86.98320801373973
-145.85401023982354 85.38920803086279
-153.3526113047305 84.0912963940711
-162.09730210414142 82.99094400788564
-169.7473132721624 81.01584599292383
-178.66013643506707 79.16375487750135
-188.88126370965006 77.3304690203124
-199.19800393039864 75.0242695317616
-210.8636048297462 72.58966627670077
-223.9103074124172 69.91655436860857
-238.364930430501 66.892798601187
-254.24880108100376 63.404481489818856
-272.9087741539082 59.54435998001011
-294.393802603492 55.086305775621106
-317.3857511558082 49.666260427368826
-345.9792514263762 43.45780221628764
-378.8762441425157 35.94402056575016
-418.8787022213796 26.82378832932117
-468.8380193559663 15.493726730658915
-531.6364292414729 1.047387802028659
-538.3385522791186 -13.15482575606731
-540.4671274487976 -27.264976334096808
-542.2261817870016 -41.42810920039199
-543.6143453504037 -55.63456868047823
-544.6305002969037 -69.87467540466696
-545.2737823803731 -84.1388013126642
-545.5496904193988 -100
-545.4395345298244 -112.69821009351656
-544.9615558565933 -126.97540157049254
-544.1097954858836 -141.23716257746008
-542.8846679448714 -155.4738443097121
-541.2868443185016 -169.67568921974737
-539.3172526183298 -183.83293664347315
-536.9770776585387 -197.93584269795898
-534.2439875731152 -212.0295038153481
-531.0908922773044 -226.14020052697867
-527.5363115998587 -240.1951634149458
-523.5937916813305 -254.1548894957215
-519.2735406324485 -267.9960069872547
-514.5838331980469 -281.7028419314689
-509.5317759984105 -295.26359698635645
-504.123780283743 -308.6684767147402
-498.36584962821934 -321.9087510878934
-492.26378228614414 -334.97625684029043
-485.8232651159185 -347.86317215344917
-479.049971826339 -360.5618694632427
-471.9496092204515 -373.0648572785806
-464.52795800439173 -385.36474734703825
-456.79089970991936 -397.45424354128477
-448.74442727663524 -409.32614473848116
-440.39467917853017 -420.97334099818613
-431.74790472897973 -432.38883778303807
-422.8105007352591 -443.56575071465875
-413.58903194403507 -454.4973138532562
-404.09017039060507 -465.17690191727746
-394.3207449312832 -475.5980262574928
-384.28773786320284 -485.75434646869377
-373.99824093740904 -495.63967873353556
-363.45951323815723 -505.24800099736996
-352.6789226242639 -514.5734587097542
-341.663971799184 -523.6103703081566
-330.42229240153637 -532.3532333653554
-318.9616391597849 -540.7967298331946
-307.2898476035139 -548.9357165759137
-295.41492477712865 -556.7652607709208
-283.3449262556099 -564.2806018014126
-271.0880418313065 -571.4771877202671
-258.6525518582376 -578.3506635453564
-246.04682390694413 -584.8968726377443
-233.27931435244656 -591.1118621408053
-220.35856312432574 -596.9918850592659
-207.29318851796845 -602.5334020729847
-194.0918797417858 -607.7330805373257
-180.76338559342773 -612.5877866932292
-167.3165414806572 -617.094624393658
-153.7602219734933 -621.2508874037186
-140.10335837484638 -625.0540834907963
-126.35494005929922 -628.5019483483604
-112.5239917536734 -631.5924163607489
-98.61958206117957 -634.3236419361007
-84.65081991354467 -636.6940081602235
-70.62683682899375 -638.7020919108571
-56.55679541115359 -640.3466952865506
-42.44988280336535 -641.6268487513767
-28.315300831793145 -642.541789297633
-14.162265016557258 -643.0909717456715
0 -643.2740689185115
14.162265016557011 -643.0909717456715
28.315300831792957 -642.541789297633
42.44988280336535 -641.6268487513767
56.55679541115335 -640.3466952865506
70.62683682899348 -638.7020919108572
84.65081991354467 -636.6940081602235
98.61958206117939 -634.3236419361008
112.5239917536731 -631.5924163607489
126.35494005929922 -628.5019483483604
140.10335837484607 -625.0540834907963
153.7602219734931 -621.2508874037186
167.3165414806572 -617.094624393658
180.76338559342756 -612.5877866932293
194.0918797417856 -607.7330805373257
207.29318851796845 -602.5334020729847
220.35856312432557 -596.9918850592659
233.2793143524464 -591.1118621408053
246.04682390694413 -584.8968726377443
258.6525518582375 -578.3506635453564
271.08804183130644 -571.4771877202671
283.3449262556099 -564.2806018014126
295.41492477712865 -556.7652607709208
307.2898476035139 -548.9357165759137
318.9616391597849 -540.7967298331946
330.42229240153614 -532.3532333653554
341.66397179918397 -523.6103703081567
352.6789226242639 -514.5734587097542
363.4595132381572 -505.24800099737007
373.99824093740887 -495.6396787335358
384.28773786320284 -485.75434646869377
394.320744931283 -475.5980262574931
404.09017039060507 -465.1769019172775
413.58903194403496 -454.49731385325634
422.810500735259 -443.5657507146588
431.7479047289798 -432.38883778303807
440.39467917853017 -420.97334099818613
448.74442727663524 -409.32614473848116
456.7908997099192 -397.454243541285
464.5279580043917 -385.36474734703825
471.9496092204512 -373.0648572785809
479.049971826339 -360.5618694632427
485.8232651159185 -347.86317215344917
492.26378228614414 -334.97625684029043
498.36584962821934 -321.90875108789345
504.1237802837429 -308.66847671474056
509.5317759984105 -295.2635969863565
514.5838331980467 -281.7028419314695
519.2735406324485 -267.9960069872547
523.5937916813305 -254.1548894957215
527.5363115998585 -240.19516341494656
531.0908922773044 -226.14020052697919
534.2439875731152 -212.02950381534825
536.9770776585387 -197.93584269795963
539.3172526183298 -183.83293664347315
541.2868443185016 -169.67568921974737
542.8846679448714 -155.4738443097121
544.1097954858836 -141.23716257746008
544.9615558565933 -126.97540157049254
545.4395345298244 -112.69821009351656
545.5496904193988 -100
545.2737823803731 -84.1388013126642
544.6305002969038 -69.87467540466683
543.6143453504037 -55.63456868047823
542.2261817870017 -41.42810920039315
540.4671274487976 -27.264976334096808
538.3385522791186 -13.15482575606731
531.6364292414729 1.047387802028659
468.83801935596637 15.493726730658445
418.87870222137974 26.823788329321033
378.8762441425157 35.944020565749945
345.9792514263762 43.45780221628764
317.3857511558082 49.666260427368826
294.393802603492 55.086305775621106
272.9087741539082 59.544359980010036
254.24880108100376 63.40448148981887
238.36493043050106 66.89279860118687
223.9103074124172 69.91655436860857
210.8636048297462 72.58966627670077
199.19800393039864 75.0242695317616
188.88126370965017 77.33046902031221
178.6601364350671 79.16375487750126
169.7473132721624 81.01584599292376
162.09730210414142 82.99094400788564
153.3526113047305 84.0912963940711
145.85401023982354 85.38920803086279
139.54585045304827 86.9832080137396
133.2835188618551 88.32711579575897
127.07576533553113 89.4245522501309
120.93120454294309 90.27941908062725
114.8583072820964 90.89589388771711
109.84683713224305 92.03271382154757
104.86870385829141 92.99317937687198
99.92994567205983 93.77998630737814
95.03649879510014 94.3960164009609
90.19419174120334 94.84433389150054
86.24678571945748 96.00687420989819
81.4933148453538 96.15213877265157
77.58374789889793 97.0618797942935
72.93883301999566 96.91505116114021
69.08427155914775 97.58014094744516
65.24716067042681 98.13578353500888
61.43107337217925 98.5834964363625
57.63952370801764 98.92489846122099
53.875963754029335 99.16170774795066
50.14378069653638 99.29573970532165
46.95724508502231 100.3927172351601
43.262689956901156 100.34048340223946
39.60892986573662 100.19052132335374
36.40403164047153 101.04630517082337
32.80523666276194 100.71805720137368
29.58895978317144 101.41929945780207
26.056024488696576 100.9181976071125
22.838119477662726 101.46667562693258
19.604602864747015 101.94288615373561
16.17158539928767 101.19672370696202
12.950553914350209 101.52278513906697
9.720669574257476 101.77665171758136
6.484140333136372 101.95812610402514
3.243178652407289 102.06706720899993
