-644.125 -2460.125 0.0000000000000027366806598211006
-1366.375 -2955.875 0.0000000000000017970093664296602
1425.875 -2815.625 0.000000000000003548151698843805
1611.875 -3843.875 0.0000000000000025427778846011948
1436.375 -3994.625 0.0000000000000025473744939291554
1746.125 -3693.125 0.0000000000000016355591602454437
-558.625 -3126.125 0.000000000000002973621387252967
-1772.125 -3657.125 0.0000000000000032539063485385795
507.875 -3300.125 0.0000000000000014864699859763578
706.625 -2236.625 0.0000000000000013128112948647994
1860.875 -3687.875 0.0000000000000014601672174175427
-1882.375 -3803.375 0.000000000000002708165575831438
-1663.375 -2178.125 0.0000000000000016435570362320477
530.375 -3231.875 0.000000000000001488410307467009
-1986.625 -3617.375 0.000000000021173678772855884
-1597.375 -3904.625 0.00000000000000325057463053818
-1829.875 -3924.125 0.000000000041644126263268294
1882.625 -3883.625 0.000000000020894823460087693
1821.875 -3930.875 0.000000000020804667168900434
-1603.375 -3848.375 0.0000000000000012730586061875314
-1494.625 980.125 0.00000000003679988758862984
618.875 -2745.125 0.0000000000000014418784218256247
1576.625 -2426.375 0.0000000000000033973617108445594
-626.875 -2531.375 0.0000000000000027720180920906944
1675.625 -2142.875 0.00000000000000327068642896227
1788.875 -3638.375 0.0000000000000016177914747709914
1740.125 -1899.125 0.0000000000000031449147992714952
-1539.625 -3900.125 0.0000000000000012780159633077255
-1657.375 -2196.125 0.0000000000000016476363175519271
1761.875 -1828.625 0.0000000000000031101324301146987
545.375 -3153.875 0.000000000000001485856092628985
-1784.125 -3855.875 0.000000000020740158461526358
-776.125 -3974.375 0.0000000000000018248631241794964
1530.875 -2550.875 0.0000000000000034487598394801447
782.375 -1891.625 0.0000000000000012166244745674664
-887.125 -3892.625 0.0000000000000018284780164967658
197.375 -3981.875 0.0000000000000027882065386162782
1524.125 -2598.875 0.00000000000000347797551551639
1848.125 -3645.125 0.000000000000001516511272573274
567.875 -3069.125 0.0000000000000014829804056366658
-1949.125 -3868.625 0.00000000004161863495414686
1575.125 -3869.375 0.0000000000000025532833118889785
-616.375 -2814.125 0.0000000000000029108429676503108
-1766.125 917.125 0.00000000003373614647577564
1292.375 -3184.625 0.000000000000003651903808276421
381.125 -3542.375 0.0000000000000014721575716005348
-1229.125 -3384.875 0.0000000000000018390634365070743
1938.125 -3867.875 0.000000000020837712936442043
-1529.875 -3912.125 0.0000000000000012784347437844459
1608.875 -2337.875 0.0000000000000033590250275197963
1917.875 -3870.875 0.000000000020875178484180412
-1908.625 -3684.125 0.0000000000211407206181425
-633.625 -2496.875 0.0000000000000027539987448497196
804.875 -1800.125 0.00000000000000119022614262788
1857.125 -3670.625 0.000000000000001482350961724425
-1807.375 -3627.125 0.000000000000003203601873432309
-1788.625 -3638.375 0.0000000000000032355826102087826
1875.125 -3725.375 0.00000000004212430073835163
-1879.375 -3788.375 0.0000000000000027318661635853246
1784.375 -3645.125 0.000000000000001620788290979436
1335.875 -3026.375 0.000000000000003614814410688573
-721.375 -2181.125 0.0000000000000025962165443331018
-555.625 -3145.625 0.0000000000000029756249507508105
-456.625 -3411.125 0.000000000000002963364148209763
-42.625 -3893.375 0.0000000000000014167225879356165
-1550.125 -3888.875 0.0000000000000012775180950056566
620.375 -2694.875 0.000000000000001430623556905864
-1745.875 -3693.125 0.0000000000000032711183204908873
-856.375 -1464.875 0.0000000000000021802521362948737
1172.375 -3508.625 0.000000000000003681030792090886
-1583.125 -3861.125 0.000000000000001275590483517748
-1694.875 -3763.625 0.000000000000003277428586039216
-1862.125 -3692.375 0.0000000000000029091354981696185
-1863.625 -3702.125 0.000000000000002886617121971542
-1823.125 -3619.625 0.0000000000000031599266226235532
-1436.125 -3994.625 0.0000000000000012736869047524576
1876.625 -3774.875 0.000000000000001377700133435008
857.375 -1398.875 0.0000000000000010696731224301952
-1871.125 -3742.625 0.0000000000000028136522797759894
-89.875 -3804.875 0.0000000000000028695504791360007
-1822.375 -3930.875 0.00000000004160933433780085
-1764.625 -3993.875 0.00000000004124466042273439
2031.125 -3601.625 0.000000000042190989825970784
-1739.875 -1899.125 0.0000000000000015724579646574408
-1786.375 -3969.125 0.00000000004139566319338397
1274.375 -3264.125 0.000000000000003669233598983459
1459.625 -3974.375 0.000000000000002550960550148252
-1601.875 -2355.875 0.0000000000000016833966253588214
696.125 -2274.125 0.0000000000000013224652283566105
1570.625 -2444.375 0.000000000000003404872280507183
1716.875 -3957.875 0.00000000004092729726908105
1807.625 -3945.125 0.00000000002076528888875694
-545.125 -3153.875 0.000000000000002971711896044602
776.375 -3974.375 0.000000000000003649726248358993
-2010.625 -3882.125 0.000000000041189147179545815
-1209.625 -3435.875 0.000000000000001842264546490476
-530.875 -3231.875 0.0000000000000029768206149340193
-627.625 -2515.625 0.0000000000000027625170466302334
711.125 -2217.875 0.0000000000000013079362633417274
1770.875 -3876.125 0.00000000004137355979048572
1915.625 -3675.875 0.00000000004230566248841385
-1829.875 -3788.375 0.000000000020914976520446224
303.125 -3620.375 0.000000000000001460935834449825
219.125 -3704.375 0.0000000000000014510637796829602
1842.875 -3769.625 0.000000000041921047269396394
1828.625 -3622.625 0.0000000000000015694973531118337
644.375 -2460.125 0.0000000000000013683403299105572
-1814.875 -3938.375 0.000000000041571205584126775
-1807.375 -3945.125 0.00000000004153057777751388
1823.375 -3619.625 0.0000000000000015799633113117766
1777.625 -3866.375 0.00000000004142727214286854
1793.375 -3960.875 0.0000000000207213138875833
-1766.875 -3665.375 0.0000000000000032587322508253177
1084.625 -3666.125 0.000000000000003681179493475015
852.875 -3923.375 0.000000000000003658834776232847
1702.625 -3978.125 0.00000000004081268982356681
1695.125 -3763.625 0.0000000000000016387132095436167
-562.375 -3107.375 0.0000000000000029713832258306575
1858.625 -3678.875 0.0000000000000014713158528690052
-1586.875 -3861.875 0.0000000000000012757413912697024
-164.875 -3747.125 0.0000000000000028878810134803314
1927.625 -3868.625 0.000000000020859329093774707
1425.875 -4001.375 0.0000000000000025437767839349146
1929.875 -3660.875 0.00000000004234472142342073
416.375 -3481.625 0.0000000000000014758221999235456
1851.125 -3650.375 0.0000000000000015059156100996253
1855.625 -3751.625 0.00000000004200675689678373
-1403.875 -2868.125 0.0000000000000017829968012053185
1862.375 -3696.875 0.000000000000001448947791683664
1695.125 -3988.625 0.00000000004075482234322442
846.125 -1567.625 0.000000000000001121417087546558
-1743.625 -3916.625 0.00000000002057682286859593
1878.875 -3788.375 0.0000000000000013659330817926623
-1286.125 -3216.125 0.0000000000000018296097869795867
14.375 -3857.375 0.0000000000000014250556008355279
1853.375 -3657.125 0.0000000000000014951584439779618
1757.375 -3896.375 0.00000000004126423092521431
-735.625 -2125.625 0.0000000000000025663425155724205
164.375 -3747.125 0.0000000000000014439405067401665
1321.625 -3087.875 0.0000000000000036351210236903564
-201.625 -3721.625 0.0000000000000028989417882369608
1222.625 -3402.125 0.0000000000000036803400336686585
1074.125 -3682.625 0.0000000000000036821264211508214
-217.375 -3993.125 0.0000000000000013916427155491213
1669.625 -2160.875 0.0000000000000032789178907977644
72.125 -3820.625 0.0000000000000014329677893424475
-818.125 -1744.625 0.000000000000002348566787581559
-701.125 -2255.375 0.000000000000002635302339473024
24.125 -3886.625 0.0000000000000028422119501931985
2494.625 980.125 0.000000000036640736209742644
-507.625 -3300.125 0.000000000000002972939758307373
-219.625 -3704.375 0.00000000000000290212755936592
-1709.875 -3967.625 0.000000000020435054747760983
1863.875 -3702.125 0.000000000000001443308560985771
-1888.375 -3708.125 0.00000000002109685710720303
-821.125 -1677.875 0.0000000000000023072391492863232
726.125 -2162.375 0.0000000000000012931543640487615
439.625 -3451.625 0.0000000000000014800370103674721
-619.375 -2761.625 0.0000000000000028910193747859622
-1725.625 -3717.125 0.000000000000003276075652920634
-1698.625 -2072.375 0.000000000000001618710812590236
-1873.375 -3755.375 0.000000000000002790468503765446
-1172.125 -3508.625 0.00000000000000184051545573128
-1695.625 -3988.625 0.0000000000203774111716122
-1589.875 -2391.125 0.0000000000000016910897763835448
81.875 -3920.375 0.0000000000000028251735808165754
588.125 -2985.875 0.0000000000000014774949562473506
1476.125 -2691.875 0.0000000000000035037643215779845
-109.375 -3797.375 0.0000000000000028776410069718026
-1952.125 -3640.625 0.00000000002118814185527627
-1020.625 -3753.875 0.00000000000000183698878308142
-82.375 -3920.375 0.0000000000000014125867904082877
-120.625 -3939.125 0.0000000000000014058579877117907
-1842.625 -3769.625 0.000000000020960523634698197
-778.375 -1959.125 0.0000000000000024740152574356128
1761.125 -3674.375 0.0000000000000016315660643592364
-1968.625 -3628.625 0.000000000021186668117340577
600.875 -2875.625 0.0000000000000014632718883975039
773.375 -1929.125 0.000000000000001227110813974784
-177.625 -3969.875 0.0000000000000013965108926507842
1816.625 -3807.125 0.000000000041734617380378375
-1702.375 -3978.125 0.000000000020406344911783395
1743.125 -3692.375 0.000000000000001635737253066413
1750.625 -1863.875 0.0000000000000031275641593610762
1289.375 -3200.375 0.000000000000003655662695335673
1626.125 -3867.125 0.0000000000000016319358883832181
701.375 -2255.375 0.000000000000001317651169736512
1549.625 -3888.875 0.0000000000000025550361900113143
-1750.375 -3906.125 0.000000000020604626109483448
1868.375 -3733.625 0.00000000004208667931480713
-1836.625 -3917.375 0.00000000004167651058992408
627.875 -2562.125 0.0000000000000013957887959163627
-975.625 -3807.875 0.000000000000001832142387335763
-1563.625 -3878.375 0.0000000000000012772620359803062
-1652.125 -3825.125 0.0000000000000032691830391001975
-1326.625 -3057.875 0.0000000000000018125564496274536
1790.375 -3642.125 0.0000000000000016168447133383146
1764.125 -3885.875 0.0000000000413191016181091
1620.875 -2302.625 0.000000000000003343349841610126
-1506.625 -3928.625 0.0000000000000012770137325418853
-1570.375 -2444.375 0.0000000000000017024361402535916
1554.125 -3888.875 0.0000000000000025560161782791354
573.875 -3030.875 0.0000000000000014798215406090603
1869.875 -3736.625 0.0000000000000014125977549807344
1506.875 -3928.625 0.0000000000000025540274650837706
-842.125 -1586.375 0.000000000000002253574397097782
1708.625 -3745.625 0.0000000000000016391956613831866
-1763.875 -3885.875 0.00000000002065955080905455
1032.125 -3738.125 0.0000000000000036731993241898335
1783.625 -1708.625 0.000000000000003041480150687552
621.125 -2727.875 0.0000000000000014383665252642416
-618.625 -2778.875 0.0000000000000028978350571750085
-2499.625 3999.625 NaN
1314.875 -3118.625 0.000000000000003644430271619966
681.125 -2329.625 0.0000000000000013367037055228952
-822.625 -1725.875 0.0000000000000023378483605317343
629.375 -2655.875 0.0000000000000014226049997425824
-1701.625 -2022.875 0.0000000000000016024233303265966
-1523.875 -3913.625 0.0000000000000012777000723962415
1657.625 -2196.125 0.0000000000000032952726351038542
336.125 -3591.875 0.0000000000000014659802294223974
-1883.125 -3883.625 0.000000000041789646920175386
-449.125 -3431.375 0.000000000000002961856969444532
649.625 -2441.375 0.0000000000000013639449254197402
42.125 -3893.375 0.000000000000002833445175871236
-1388.875 -2903.375 0.0000000000000017887316384713397
1865.375 -3712.625 0.0000000000000014319763163896234
-1929.625 -3660.875 0.00000000002117236071171036
-1917.625 -3870.875 0.000000000041750356968360836
730.625 -2143.625 0.0000000000000012881764273708802
1633.625 -2267.375 0.0000000000000033274947088380137
-1695.625 -2040.875 0.0000000000000016066494288111739
870.875 -3907.625 0.000000000000003657813414107409
-1053.625 -3705.125 0.000000000000001835802938144253
1854.875 -3660.125 0.0000000000000014897380342688898
660.125 -2403.875 0.0000000000000013550233533071708
918.875 -3870.875 0.000000000000003667476147118034
-1723.375 -1952.375 0.0000000000000015853858174527292
-791.875 -1854.875 0.000000000000002412183268641917
-778.375 -1910.375 0.000000000000002443751389668895
-1617.625 -3838.625 0.0000000000000012696192812108453
-1944.625 875.125 0.00000000003185282789235408
-1524.625 -2598.875 0.000000000000001738987757758195
889.625 -1221.875 0.0000000000000010300731047137758
1888.625 -3708.125 0.00000000004219371421440606
-2034.625 -3888.875 0.00000000004100343832821474
1245.875 -3334.625 0.000000000000003670831131335289
1102.625 -3632.375 0.0000000000000036791985431700255
1765.625 917.125 0.00000000006747229295155118
-816.625 -1696.625 0.0000000000000023179564581712742
-711.625 -2217.875 0.0000000000000026158717786598584
1538.375 -3987.875 0.000000000000001615541180601406
1996.625 -3612.875 0.00000000004232270683155263
-1875.625 -3768.125 0.000000000000002767111229435854
1686.875 -2107.625 0.0000000000000032541218231525905
1868.375 -3729.125 0.0000000000000014148556908565147
1596.875 -3904.625 0.0000000000000016252869852706761
-1490.125 -2656.625 0.0000000000000017452066078864218
1803.875 -3826.625 0.000000000041635279566110456
1960.625 -3634.625 0.000000000042377660113076746
-395.125 -3522.125 0.00000000000000294684750960533
1745.375 -1881.125 0.0000000000000031362570991825965
-1874.125 -3761.375 0.000000000000002778827102460118
-1810.375 -3624.125 0.0000000000000031958785667533704
-1779.625 -3651.875 0.0000000000000032472634319832354
-1793.125 -3960.875 0.0000000000414426277751666
-1868.125 -3729.125 0.0000000000000028297113817130293
1874.375 -3761.375 0.0000000000000013894135512300594
-696.625 -2274.125 0.0000000000000026449304567132155
998.375 -3786.125 0.0000000000000036753152253019294
837.875 -1604.375 0.000000000000001132157176590436
-1426.375 -4001.375 0.0000000000000012718880487865625
740.375 -2106.875 0.0000000000000012781469160904681
-1454.875 -2745.125 0.0000000000000017616194812625166
-1321.375 -3087.875 0.0000000000000018175605118451782
-1865.125 -3712.625 0.0000000000000028639525874695384
-764.125 -2014.625 0.0000000000000025051974879947576
1583.375 -2409.125 0.000000000000003389795711037659
-833.875 -3938.375 0.000000000000001829865067139803
-1298.875 -3153.125 0.0000000000000018220008916645973
159.125 -3963.875 0.0000000000000028024692121294915
-1915.375 -3675.875 0.00000000002115283124420692
-583.375 -3023.375 0.0000000000000029625948034753127
1872.125 -3748.625 0.000000000000001401038313823349
-1880.875 -3795.875 0.0000000000000027200387257832814
-1862.125 -3742.625 0.00000000002102373327915311
1764.875 -3993.875 0.000000000020622330211367193
1497.125 -2638.625 0.000000000000003483636937547864
-758.125 -3990.125 0.000000000000001824644122878398
-1608.625 -2337.875 0.0000000000000016795125137598981
-1828.375 -3617.375 0.0000000000000031420639345619113
-1317.625 -3103.625 0.0000000000000018199062524773608
-649.375 -2441.375 0.000000000000002727889850839477
-844.375 -1519.625 0.000000000000002212409892165595
-2066.875 -3896.375 0.000000000040773368011065096
-588.625 -2985.875 0.0000000000000029549897797434573
120.875 -3939.125 0.0000000000000028117159754235806
716.375 -2199.875 0.0000000000000013030371948428373
1009.625 -3770.375 0.000000000000003674696142555646
-1848.625 -3760.625 0.000000000020982331059504798
800.375 -1818.125 0.0000000000000011955229209595819
1922.375 -3668.375 0.000000000042326606185299847
496.625 -3340.625 0.0000000000000014860458622441776
1631.375 -3834.125 0.000000000000002530456623777455
1861.625 -3692.375 0.0000000000000014545677490848092
-14.125 -3857.375 0.0000000000000028501112016710558
-1461.625 -2727.125 0.0000000000000017584112277945412
-1892.875 -3850.625 0.0000000000000026357392079910453
2045.375 -3597.875 0.00000000004212403461859874
-1800.625 -3953.375 0.000000000041487656230229885
-271.375 -3658.625 0.000000000000002915821167957126
1624.625 -3836.375 0.000000000000002535077008362308
-759.625 -2032.625 0.0000000000000025155306264631804
1823.375 -3798.125 0.00000000004178275561825629
1215.875 -3419.375 0.000000000000003682527235075751
-1122.625 -3598.625 0.0000000000000018384396907006197
1777.625 -3648.875 0.0000000000000016244117531495555
1851.875 -3904.625 0.000000000020865588633607742
1937.375 -3654.125 0.00000000004235897760105716
2018.375 -3604.625 0.00000000004224701720285716
558.875 -3126.125 0.0000000000000014868104953664694
1785.875 -3969.125 0.000000000020697831596691984
1093.625 -3648.875 0.000000000000003680210581790593
-1482.625 -2674.625 0.0000000000000017485617565249806
1778.375 -1725.875 0.0000000000000030503490222382285
1890.875 -3879.875 0.000000000020895401616934528
-889.375 -1221.875 0.0000000000000020601462094275517
-1763.125 -1779.125 0.0000000000000015384038976696132
1537.625 -2532.875 0.0000000000000034415916420237364
1381.625 -2921.375 0.000000000000003583071590599542
-1451.125 -3979.625 0.000000000000001273962977225258
1179.125 -3491.375 0.000000000000003679443503137957
1156.625 -3542.375 0.000000000000003684031316886151
-1440.625 -2780.375 0.000000000000001767925527139168
-1681.375 -2125.625 0.0000000000000016312106764108113
-675.625 -2348.375 0.000000000000002682688267749774
-1692.625 -2089.625 0.0000000000000016228945703338852
-1820.125 -3621.125 0.0000000000000031685683264848907
-1777.375 -3648.875 0.000000000000003248823506299111
-1835.875 -3779.375 0.000000000020937984851400623
-829.375 -1641.125 0.000000000000002285786287026582
-1494.625 -3942.125 0.0000000000000012769530900223973
1323.875 -3072.875 0.0000000000000036301904032355326
1829.375 -3924.125 0.00000000002082206313163414
-1798.375 -3631.625 0.0000000000000032203841484679183
1652.375 -3825.125 0.0000000000000016345915195500987
-1187.125 -3474.125 0.0000000000000018388682298253897
-1870.375 -3736.625 0.0000000000000028251957776589963
1820.375 -3621.125 0.000000000000001584284645438045
-846.625 -1567.625 0.000000000000002242834175093116
1952.375 -3640.625 0.00000000004237628371055254
665.375 -2385.125 0.000000000000001350503958598588
1815.125 -3938.375 0.000000000020785602792063404
735.875 -2125.625 0.0000000000000012831716540843502
128.375 -3780.875 0.0000000000000014405300463863542
768.875 -1995.875 0.0000000000000012474177226140187
-1268.875 -3280.625 0.0000000000000018361375114753142
1550.375 -2497.625 0.000000000000003427076626776138
1343.375 -3009.125 0.000000000000003609757508767576
-1581.625 -3928.625 0.0000000000000032462062878155083
-1772.875 -1743.875 0.0000000000000015295956559919293
-1704.625 -3747.125 0.000000000000003277400317262604
-1084.375 -3666.125 0.0000000000000018405897467375098
146.375 -3764.375 0.0000000000000014422628302241852
1539.875 -3900.125 0.000000000000002556031926615451
-1736.875 -3926.375 0.000000000020548778410805718
1836.875 -3623.375 0.000000000000001550499185355214
1622.375 -3833.375 0.0000000000000025355961241872247
570.875 -3049.625 0.0000000000000014814579317299124
-629.875 -2623.625 0.0000000000000028282600000416833
1806.875 -3627.125 0.0000000000000016018009367161544
-1538.125 -3987.875 0.000000000000003231082361202812
1837.625 -3629.375 0.0000000000000015488508509169754
-1557.625 -2479.625 0.0000000000000017098654999949268
-1790.875 -3846.125 0.000000000020766351737271486
1895.375 -3699.875 0.00000000004222516042876188
-128.125 -3780.875 0.0000000000000028810610463755262
424.625 -3461.375 0.0000000000000014768949381616945
-1736.125 -3704.375 0.0000000000000032740756045721622
1871.375 -3742.625 0.0000000000000014068262967523274
-1961.875 -3869.375 0.000000000041545676789437285
-870.625 -3907.625 0.000000000000001828906707053704
1302.875 -3136.625 0.0000000000000036398146607257175
616.625 -2814.125 0.0000000000000014554214772331895
1878.125 -3781.625 0.0000000000000013718263823246328
-1784.125 -3645.125 0.0000000000000032415769346983225
-1975.375 -3872.375 0.000000000041453119404138237
-1139.875 -3576.125 0.0000000000000018434151228288717
1881.875 -3716.375 0.00000000004216014164609479
-1239.625 -3351.875 0.0000000000000018366972164473674
621.125 -2710.625 0.0000000000000014346110579526202
2010.125 -3882.125 0.000000000020594573589772904
2083.625 -3591.125 0.00000000004194193322590714
-1855.375 -3751.625 0.00000000002100337844839187
-1716.625 -3957.875 0.000000000020463648634540525
1728.875 -1934.375 0.00000000000000316217373465806
1563.125 -3878.375 0.0000000000000025545240719606124
619.625 -2761.625 0.0000000000000014455097175311099
-1708.375 -3745.625 0.0000000000000032783934030810937
861.875 -1380.125 0.0000000000000010643159483460995
-183.625 -3739.625 0.00000000000000289568922848797
-1669.375 -2160.875 0.0000000000000016394596533525919
-861.625 -1380.125 0.000000000000002128631896692199
-2018.875 -3604.625 0.00000000002112350860142858
1229.375 -3384.875 0.000000000000003678127069778599
-769.375 -1995.875 0.0000000000000024948354452280374
-1728.625 -3717.125 0.0000000000000032762761289123785
-654.625 -2422.625 0.0000000000000027190107444072987
-839.875 -1538.375 0.00000000000000222312489643253
1269.125 -3280.625 0.000000000000003672275022950627
-1625.125 -3836.375 0.0000000000000012675390178777958
1581.125 -3928.625 0.0000000000000016231034789972125
1797.125 -3836.375 0.00000000004158420924498263
686.375 -2310.875 0.0000000000000013319925170727601
1396.625 -2886.125 0.000000000000003571772331244962
1723.625 -1952.375 0.0000000000000031707716349054583
1736.375 -3704.375 0.0000000000000016370368709226036
-236.875 -3686.375 0.0000000000000029052530646706532
1809.875 -3816.875 0.00000000004168561520761271
1411.625 -2850.875 0.000000000000003560125138707315
1555.625 -3963.875 0.0000000000000016175734013478846
-1315.375 -3118.625 0.000000000000001822215135809983
-1447.375 -2762.375 0.0000000000000017647915030610966
-599.875 -2892.875 0.000000000000002931981814986008
1544.375 -2514.875 0.0000000000000034343634503334813
-464.875 -3390.875 0.000000000000002964659692652633
-1510.375 -2634.125 0.0000000000000017458980573272503
-1609.375 -3842.375 0.0000000000000012714697767135449
-1163.875 -3525.875 0.0000000000000018412968314496944
1113.125 -3615.875 0.000000000000003678054377059352
795.875 -1836.875 0.0000000000000012008117435086249
2007.125 -3608.375 0.000000000042290964187598576
561.875 -3107.375 0.0000000000000014856916129153288
1836.125 -3779.375 0.00000000004187596970280125
594.125 -2948.375 0.0000000000000014733101023118433
-254.875 -3677.375 0.000000000000002912704969044506
-773.875 -1977.125 0.0000000000000024844432335170208
1688.375 -3999.125 0.00000000004069693538445506
394.625 -3522.125 0.0000000000000014734240547848057
-511.375 -3280.625 0.0000000000000029729831416012944
1451.375 -3979.625 0.0000000000000025479273215681924
-2045.875 -3597.875 0.00000000002106201730929937
1617.125 -3838.625 0.0000000000000025392396129978938
-1343.125 -3009.125 0.0000000000000018048787543837877
1468.625 -2709.875 0.000000000000003510334442389305
1605.125 -3896.375 0.0000000000000016278936215601934
-1194.625 -3457.625 0.0000000000000018379747660884637
1282.625 -3231.875 0.000000000000003662693690284339
1615.625 951.625 0.00000000007081351917785061
1866.875 -3723.125 0.0000000000000014205779802689084
1593.875 -3854.375 0.000000000000002548955209527701
-1604.875 -3896.375 0.000000000000003255789852942129
1526.375 -4002.125 0.0000000000000016111591784948272
-407.125 -3501.875 0.0000000000000029493231720140374
1771.625 -3985.625 0.00000000002064827022134053
-1277.875 -3248.375 0.0000000000000018330088179663316
-665.125 -2385.125 0.0000000000000027010072724060035
905.375 -3876.875 0.0000000000000036558157122081505
-287.875 -3639.875 0.0000000000000029188436901168154
595.625 -2929.625 0.0000000000000014709767787788604
856.625 -1464.875 0.0000000000000010901260681474368
-1537.375 -2532.875 0.000000000000001720795821011868
-1937.875 -3867.875 0.00000000004167542587288409
-1496.875 -2638.625 0.0000000000000017418184687739343
1784.375 -3855.875 0.000000000041480316923052716
1844.375 -3634.625 0.00000000000000152869151154344
842.375 -1586.375 0.000000000000001126787198548891
1975.625 -3872.375 0.00000000002072655970206911
1859.375 -3898.625 0.00000000002087639369001397
-1687.375 -2107.625 0.0000000000000016270603693350845
-1857.625 -3674.375 0.0000000000000029536931479381364
1669.625 -3801.125 0.0000000000000016369691957961559
-2063.125 -3595.625 0.00000000002101985632433102
1440.125 -2780.375 0.000000000000003535852087699775
-5.125 -3872.375 0.0000000000000014231198565793896
-1685.125 -3780.125 0.0000000000000032771842754228122
-1614.625 -2319.875 0.00000000000000167560580380964
351.125 -3572.375 0.0000000000000014673869386243588
825.125 -1659.875 0.0000000000000011482575534138073
-1899.625 -3876.125 0.00000000004178525510929653
-800.875 -1818.125 0.0000000000000023910458419191554
-1868.875 -3733.625 0.00000000002104333965740356
-1760.875 -3674.375 0.000000000000003263132128718473
-706.375 -2236.625 0.0000000000000026256225897295988
-813.625 -1762.625 0.000000000000002359210927495611
-680.875 -2329.625 0.0000000000000026734074110457904
52.625 -3835.625 0.0000000000000014311747991104576
1812.875 -1569.875 0.0000000000000029659671480398503
-140.125 -3951.875 0.0000000000000014035931217565454
617.375 -2796.125 0.0000000000000014522219560854166
-439.375 -3451.625 0.0000000000000029600740207349435
-725.875 -2162.375 0.0000000000000025863087280975225
1880.375 -3795.875 0.000000000000001360019362891641
1890.875 -3842.375 0.0000000000000013239916502735507
-1245.625 -3334.625 0.0000000000000018354155656676443
1317.875 -3103.625 0.0000000000000036398125049547255
-1778.125 -1725.875 0.0000000000000015251745111191136
1944.875 -3647.375 0.00000000004236937370727338
829.625 -1641.125 0.000000000000001142893143513291
1557.125 -2479.625 0.000000000000003419730999989853
-1803.625 -3826.625 0.000000000020817639783055225
-837.625 -1604.375 0.0000000000000022643141238183676
-1796.875 -3836.375 0.000000000020792104622491316
-1616.125 951.625 0.000000000035406759588925306
1718.375 -1969.625 0.00000000000000317932587257563
-1866.625 -3717.875 0.000000000000002852570036494909
-1622.875 -3833.375 0.0000000000000012677980620936126
1645.625 -2231.375 0.0000000000000033114671803878717
1374.125 -2938.625 0.000000000000003588595909432944
1329.125 -3042.875 0.0000000000000036198825454624566
237.125 -3686.375 0.0000000000000014526265323353266
759.875 -2032.625 0.0000000000000012577653132315902
627.875 -2592.875 0.0000000000000014049807699919168
201.875 -3721.625 0.0000000000000014494708941184804
1130.375 -3581.375 0.0000000000000036757023618072785
1908.875 -3684.125 0.000000000042281441236285
1304.375 -3122.375 0.000000000000003635360762273442
1862.375 -3742.625 0.000000000042047466558306204
818.375 -1744.625 0.0000000000000011742833937907796
758.375 -3990.125 0.000000000000003649288245756796
511.625 -3280.625 0.0000000000000014864915708006545
1494.125 980.125 0.00000000007359977517725974
1583.375 -3861.125 0.0000000000000025511809670354962
598.625 -2910.875 0.0000000000000014685972741172697
-1620.625 -2302.625 0.000000000000001671674920805063
-1829.125 -3622.625 0.0000000000000031389942882297872
-1283.125 -3231.875 0.000000000000001831346785179116
1194.125 -3457.625 0.000000000000003675949532176927
1798.625 -3631.625 0.0000000000000016101920742339591
1758.875 -3672.875 0.0000000000000016320173957658545
822.125 -1725.875 0.0000000000000011689241802658671
-1223.125 -3402.125 0.0000000000000018401700168343293
-805.375 -1800.125 0.00000000000000238045228525576
950.375 -3839.375 0.000000000000003665554291394289
-1757.875 -4002.875 0.000000000041191403295173396
1203.875 -3452.375 0.000000000000003686449837253759
555.125 -3145.625 0.0000000000000014878125455818417
-1717.375 -3731.375 0.0000000000000032774966360684813
1734.875 -1917.125 0.0000000000000031535542616488476
-1723.375 -3947.375 0.000000000020492020694205156
1800.875 -3953.375 0.000000000020743828115114943
1404.125 -2868.125 0.000000000000003565993602410639
-1761.625 -1828.625 0.000000000000001555066983086972
526.625 -3252.125 0.0000000000000014887480697097764
140.375 -3951.875 0.0000000000000028071866052721665
1122.125 -3598.625 0.0000000000000036768793814012394
1602.125 -2355.875 0.0000000000000033667932507176428
-1324.375 -3072.875 0.0000000000000018150952016177655
-1475.875 -2691.875 0.0000000000000017518821607889944
1767.875 -1761.125 0.0000000000000030680047258507905
1596.875 -3855.125 0.0000000000000025491187425827587
1602.875 -3848.375 0.0000000000000025461172123750615
599.375 -2892.875 0.0000000000000014659909475613982
-1425.625 -2815.625 0.0000000000000017740758494219026
1899.875 -3876.125 0.000000000020892627554648262
1701.125 -2022.875 0.0000000000000032048466606531932
1772.375 -3657.125 0.0000000000000016269531742692897
1259.375 -3314.375 0.0000000000000036781138611545305
-617.875 -2796.125 0.0000000000000029044439121708328
534.125 -3212.375 0.0000000000000014879509619118796
1712.375 -1987.625 0.000000000000003187856742564112
-691.375 -2292.125 0.0000000000000026544868930364274
1064.375 -3687.875 0.000000000000003670698456134433
287.375 -3639.875 0.0000000000000014594215359928778
183.125 -3739.625 0.0000000000000014478443005098644
1949.375 -3868.625 0.00000000002080931747707343
1707.125 -2005.625 0.0000000000000031963656055103696
-1156.375 -3542.375 0.0000000000000018420156584430756
1893.125 -3850.625 0.0000000000000013178699453280485
1875.125 -3888.125 0.00000000002089126153005061
407.375 -3501.875 0.0000000000000014746615860070187
1788.875 -1690.625 0.000000000000003032581065739286
-32.875 -3850.625 0.0000000000000028586360625252492
-1094.125 -3648.875 0.0000000000000018401052908952975
1239.875 -3351.875 0.000000000000003673394206699068
-853.375 -3923.375 0.0000000000000018294173961443805
-1729.375 -1934.375 0.00000000000000158108686732903
1991.375 -3876.125 0.000000000020668178096530404
1350.875 -2991.125 0.000000000000003604608329769605
852.125 -1483.625 0.0000000000000010954856574934386
-1373.875 -2938.625 0.000000000000001794297954716473
2034.125 -3888.875 0.000000000020501719164107358
-1881.625 -3716.375 0.000000000021080070823047396
-1891.375 -3879.875 0.00000000004179080323386907
-1712.875 -1987.625 0.0000000000000015939291052582392
1639.625 -3846.125 0.0000000000000016332856329788494
1657.625 -3820.625 0.0000000000000016361429151925127
-52.375 -3835.625 0.0000000000000028623495982209153
-565.375 -3087.875 0.000000000000002968868829706674
1716.875 -3731.375 0.0000000000000016387493234526649
1883.375 -3810.875 0.0000000000000013481230010390542
-755.125 -2051.375 0.0000000000000025258231694276427
1756.625 -1845.875 0.000000000000003118856602679429
1803.875 -3630.875 0.0000000000000016055464479370994
-1639.375 -3846.125 0.000000000000003266573743112268
-1812.625 -1569.875 0.0000000000000014829835740199252
628.625 -2608.625 0.0000000000000014096029189769613
-1855.375 -3663.875 0.0000000000000029685737521500295
-1757.875 -1797.125 0.0000000000000015427953739314895
2062.625 -3595.625 0.00000000004203971264866204
-627.625 -2577.125 0.0000000000000028008559159009386
754.625 -2051.375 0.0000000000000012629115847138213
-620.875 -2727.875 0.0000000000000028767330505284815
-629.125 -2608.625 0.000000000000002819206139392693
-1148.875 -3559.625 0.0000000000000018427311419178767
654.875 -2422.625 0.0000000000000013595053722036519
-1886.875 -3825.875 0.0000000000000026722419129491303
-1825.375 -3618.125 0.000000000000003151058329564303
-1851.625 -3904.625 0.00000000004173117726721547
-1633.375 -2267.375 0.0000000000000016637473544190069
-950.125 -3839.375 0.0000000000000018327771456971447
-1876.375 -3774.875 0.000000000000002755400266870016
777.875 -1910.375 0.0000000000000012218756948344475
1723.625 -3947.375 0.00000000004098404138841031
-629.125 -2688.875 0.0000000000000028616856645121694
1888.625 -3834.125 0.000000000000001330074294881409
-1944.625 -3647.375 0.000000000021184686853636697
-1706.875 -2005.625 0.0000000000000015981828027551848
-1837.375 -3623.375 0.0000000000000031009983707104245
1872.875 -3755.375 0.000000000000001395234149120045
465.125 -3390.875 0.0000000000000014823302194187544
798.125 -3959.375 0.000000000000003648640212203152
-416.875 -3481.625 0.0000000000000029516452581084285
1565.375 -3952.625 0.0000000000000016210984847021517
-1937.125 -3654.125 0.000000000021179488800528575
235.625 -3998.375 0.0000000000000027735932912435556
-236.125 -3998.375 0.0000000000000013867966456217778
1148.375 -3559.625 0.000000000000003685462283835756
1728.125 -3717.125 0.0000000000000016381380644562033
821.375 -1677.875 0.0000000000000011536195746431616
100.625 -3926.375 0.0000000000000028161544372146956
1433.375 -2797.625 0.0000000000000035420458293348684
1709.375 -3967.625 0.00000000004087010949552195
-71.875 -3820.625 0.000000000000002865935578684895
2109.875 -3582.125 0.00000000004186608800303172
-1977.625 -3622.625 0.000000000021182106360798197
-1790.125 -3642.125 0.0000000000000032336894266766296
-2083.375 -3591.125 0.000000000020970966612953573
-1770.625 -3876.125 0.000000000020686779895242856
-1802.125 -3627.125 0.000000000000003213329842746282
-852.625 -1483.625 0.0000000000000021909713149868772
-1658.125 -3820.625 0.0000000000000032722858303850242
-1565.125 -3952.625 0.0000000000000032421969694043034
-1778.875 -3977.375 0.00000000004134691925460754
-1688.125 -3999.125 0.00000000002034846769222753
-628.375 -2672.375 0.0000000000000028534062701028
-1757.125 -3896.375 0.00000000002063211546260715
1750.625 -3906.125 0.000000000041209252218966896
-1289.125 -3200.375 0.000000000000001827831154530754
565.625 -3087.875 0.000000000000001484434414853337
1842.875 -3633.125 0.0000000000000015338023177555028
1234.625 -3368.375 0.00000000000000367578703934175
834.125 -1623.125 0.0000000000000011375262966792737
-62.125 -3906.875 0.000000000000001414675630568584
-1335.625 -3026.375 0.0000000000000018074072053442897
-1927.375 -3868.625 0.00000000004171865818754941
-797.875 -3959.375 0.000000000000001824320106101576
5.375 -3872.375 0.0000000000000028462397131587793
633.125 -2496.875 0.0000000000000013769993724248598
626.375 -2547.125 0.0000000000000013908574292097877
591.125 -2967.125 0.0000000000000014754570530343715
-159.625 -3963.875 0.0000000000000014012346060647457
-1530.625 -2550.875 0.0000000000000017243799197400682
-1651.375 -2214.125 0.0000000000000016516963378848332
-573.625 -3030.875 0.0000000000000029596430812181215
629.375 -2688.875 0.000000000000001430842832256085
583.625 -3023.375 0.0000000000000014812974017376568
-303.625 -3620.375 0.00000000000000292187136291766
1139.375 -3576.125 0.000000000000003686830302875569
626.375 -2531.375 0.0000000000000013860091119838708
-1788.625 -1690.625 0.000000000000001516290532869643
-1885.375 -3818.375 0.0000000000000026842733300321653
-587.125 -3003.875 0.000000000000002958969603154464
1608.875 -3842.375 0.000000000000002542939016017572
-1328.875 -3042.875 0.000000000000001809941472976289
-731.125 -2143.625 0.000000000000002576353642541614
-1554.625 -3888.875 0.0000000000000012780077794725779
-1730.125 -3936.875 0.00000000002052044960147692
-1718.125 -1969.625 0.000000000000001589662936287815
1833.125 -3622.625 0.0000000000000015601383184134473
-515.875 -3260.375 0.0000000000000029727839293047854
-935.875 -3855.125 0.000000000000001833170079596479
-613.375 -2849.375 0.000000000000002922809284191475
1489.625 -2656.625 0.0000000000000034904132157728435
-1817.875 -3623.375 0.0000000000000031770716807238736
1875.875 -3768.125 0.0000000000000013835557440876785
628.625 -2672.375 0.0000000000000014267031350514005
366.125 -3552.125 0.0000000000000014687289164540841
-1265.125 -3297.125 0.0000000000000018376248977184427
-1901.875 -3691.625 0.00000000002112718725015369
-1544.125 -2514.875 0.0000000000000017171817251667407
-745.375 -2088.125 0.0000000000000025461976542646162
1757.375 -4002.875 0.0000000000205957016475867
1512.875 -3926.375 0.0000000000000025558537990668395
-905.875 -3876.875 0.0000000000000018279078525228964
1849.625 -3648.125 0.0000000000000015112328531716894
-1734.625 -1917.125 0.0000000000000015767771308244238
1827.875 -3617.375 0.0000000000000015710319672809557
627.875 -2577.125 0.0000000000000014004279579504693
-1575.625 -3869.375 0.0000000000000012766413599524164
1680.875 -3783.125 0.000000000000001637619412606843
-1295.875 -3168.125 0.0000000000000018240243011146155
1762.625 -1779.125 0.0000000000000030768077953392264
1685.375 -3780.125 0.0000000000000016385918583930544
-620.875 -2694.875 0.000000000000002861247113811728
-626.875 -2547.125 0.000000000000002781714858419578
-526.375 -3252.125 0.000000000000002977496139419553
1885.625 -3818.375 0.0000000000000013421359255055187
-1768.375 -1761.125 0.0000000000000015340023629253953
489.125 -3360.875 0.000000000000001485666751006989
1418.375 -2832.875 0.000000000000003554178039357449
-1743.625 -3692.375 0.0000000000000032714727096762438
-320.875 -3611.375 0.000000000000002929062446828511
-1813.375 -3621.125 0.0000000000000031879318759009756
1563.875 -2461.625 0.00000000000000341232949864169
-1859.125 -3898.625 0.00000000004175278738002794
1020.125 -3753.875 0.00000000000000367397756616284
1836.875 -3917.375 0.000000000020838255294962028
-1381.375 -2921.375 0.000000000000001791535795299771
-787.375 -1873.625 0.0000000000000024227257745522033
-857.875 -1398.875 0.0000000000000021393462448603904
-749.875 -2070.125 0.000000000000002536056573851415
1779.125 -3651.875 0.0000000000000016236315327456494
1844.375 -3910.625 0.000000000020852816404880067
-740.875 -2106.875 0.0000000000000025562938321809362
1698.875 -2072.375 0.000000000000003237421625180472
1447.625 -2762.375 0.0000000000000035295830061221948
-1675.375 -2142.875 0.000000000000001635343214481135
-809.125 -1781.375 0.0000000000000023698377121548953
786.875 -1873.625 0.0000000000000012113632139041032
1250.375 -3318.125 0.000000000000003668222402065761
629.375 -2640.125 0.0000000000000014184134398766195
-1292.125 -3184.625 0.0000000000000018259519041382106
448.625 -3431.375 0.0000000000000014809284847222658
1389.125 -2903.375 0.000000000000003577463276942679
1366.625 -2955.875 0.000000000000003594018732859326
-1883.875 -3810.875 0.0000000000000026962450953612696
-146.125 -3764.375 0.0000000000000028845256604483703
1968.875 -3628.625 0.00000000004237333623468113
1164.125 -3525.875 0.000000000000003682593749970938
-1358.875 -2973.875 0.000000000000001799678128080326
-1895.125 -3699.875 0.00000000002111258021438094
1779.125 -3977.375 0.000000000020673459627303763
1866.125 -3717.875 0.0000000000000014262849534435915
1866.875 -3893.375 0.00000000002088502878301306
-962.125 -3823.625 0.000000000000001832504649707389
-197.875 -3981.875 0.0000000000000013941028959368151
-336.625 -3591.875 0.0000000000000029319604588447948
-1351.375 -2991.125 0.0000000000000018023041648848024
1881.875 -3803.375 0.0000000000000013540832040689961
613.625 -2849.375 0.0000000000000014614046420957376
-1064.125 -3687.875 0.0000000000000018353492280672173
-1074.625 -3682.625 0.0000000000000018410632105754107
-1803.625 -3630.875 0.0000000000000032110928958741965
627.875 -2515.625 0.0000000000000013812585233151163
1639.625 -2249.375 0.000000000000003319502406308418
-2180.125 820.375 0.00000000002955900683089468
1962.125 -3869.375 0.000000000020772838394718623
-918.625 -3870.875 0.000000000000001833738073559017
987.875 -3792.125 0.000000000000003663608538063917
1614.875 -2319.875 0.00000000000000335121160761928
-1418.875 -2832.875 0.0000000000000017770890196787246
1839.875 -3630.125 0.0000000000000015438850360119636
-542.125 -3173.375 0.0000000000000029733418243778885
-1874.875 -3725.375 0.000000000021062150369175813
-1669.375 -3801.125 0.0000000000000032739354869740007
-1550.875 -2497.625 0.000000000000001713538313388069
1737.125 -3926.375 0.00000000004109755682161145
-1043.875 -3720.875 0.0000000000000018361708222698343
614.375 -2832.125 0.0000000000000014584156599053378
-1517.875 -2616.875 0.0000000000000017424592241440866
1473.875 -3960.125 0.000000000000002551260426856187
764.375 -2014.625 0.0000000000000012525987439973796
848.375 -1501.625 0.0000000000000011008467141993684
864.125 -1428.875 0.0000000000000010794100104415477
-1752.625 -3682.625 0.0000000000000032677191371047597
975.125 -3807.875 0.000000000000003664284774671526
586.625 -3003.875 0.0000000000000014794848015772322
1830.875 -3622.625 0.0000000000000015648446265107986
-1215.625 -3419.375 0.000000000000001841263617537874
-1626.625 -3867.125 0.000000000000003263871776766436
537.875 -3192.875 0.0000000000000014873670654162435
-1745.875 -1881.125 0.0000000000000015681285495912982
2067.125 -3896.375 0.000000000020386684005532548
-1823.125 -3798.125 0.000000000020891377809128144
840.125 -1538.375 0.000000000000001111562448216265
1053.125 -3705.125 0.000000000000003671605876288505
-864.625 -1428.875 0.0000000000000021588200208830965
1692.875 -2089.625 0.0000000000000032457891406677704
-627.625 -2592.875 0.000000000000002809961539983834
670.625 -2367.125 0.000000000000001345940503467788
1663.625 -2178.125 0.0000000000000032871140724640953
1209.875 -3435.875 0.000000000000003684528939860019
-100.375 -3926.375 0.0000000000000014080772186073474
1494.125 -3942.125 0.0000000000000025539061800447947
887.375 -3892.625 0.000000000000003656956024997124
1481.375 -3956.375 0.0000000000000025538216463919863
515.375 -3260.375 0.0000000000000014863919646523927
-987.625 -3792.125 0.0000000000000018318042690319583
860.375 -1446.875 0.000000000000001084767978220837
-1523.875 -2568.125 0.0000000000000017279329037686103
1186.625 -3474.125 0.0000000000000036777364596507795
255.125 -3677.375 0.000000000000001456352484522253
-534.625 -3212.375 0.0000000000000029759019238237592
-1555.375 -3963.875 0.0000000000000032351495424933966
270.875 -3658.625 0.000000000000001457910583978563
503.375 -3319.625 0.0000000000000014863195047965366
-618.625 -2745.125 0.0000000000000028837568436512485
1743.875 -3916.625 0.000000000041153645737191865
675.875 -2348.375 0.0000000000000013413443882987874
-2006.875 -3608.375 0.000000000021145482093799288
177.875 -3969.875 0.0000000000000027930217853015684
-1103.125 -3632.375 0.0000000000000018395992715850127
-1991.125 -3876.125 0.000000000041336356193060827
1829.375 -3788.375 0.00000000004182995304089245
-1627.375 -2284.625 0.0000000000000016677219584633237
-1816.375 -3618.125 0.000000000000003179825488260449
1773.125 -1743.875 0.0000000000000030591913119838586
-488.875 -3360.875 0.0000000000000029713335020139767
-1889.125 -3834.125 0.0000000000000026601480089149538
217.625 -3993.125 0.000000000000002783285431098241
1860.125 -3683.375 0.0000000000000014657605196223594
1567.625 -3878.375 0.0000000000000025552833297874353
-593.875 -2948.375 0.000000000000002946620356838816
1524.125 -2568.125 0.0000000000000034558658075372128
-796.375 -1836.875 0.0000000000000024016234870172498
1847.375 -3642.875 0.0000000000000015217473090124858
-2109.625 -3582.125 0.000000000020933044001515836
1835.375 -3622.625 0.0000000000000015553427441815024
962.375 -3823.625 0.000000000000003665009299414778
2180.375 820.375 0.00000000005911801366178936
-591.625 -2967.125 0.0000000000000029509141060687414
-1460.125 -3974.375 0.0000000000000012754802750741258
-2031.625 -3601.625 0.00000000002109549491298539
1482.875 -2674.625 0.0000000000000034971235130499588
-848.125 -1501.625 0.000000000000002201693428398737
1326.875 -3057.875 0.000000000000003625112899254907
90.125 -3804.875 0.0000000000000014347752395679991
-686.125 -2310.875 0.0000000000000026639852092795836
1510.625 -2634.125 0.0000000000000034917949506920994
33.125 -3850.625 0.0000000000000014293180312626246
-670.375 -2367.125 0.000000000000002691881006935571
-773.875 -1929.125 0.000000000000002454222478233946
-1777.375 -3866.375 0.00000000002071363607143427
-1996.375 -3612.875 0.000000000021161353415776306
1944.125 875.125 0.00000000006370565578470816
791.375 -1854.875 0.0000000000000012060916343209585
-1469.125 -2709.875 0.0000000000000017551668168391064
-1772.125 -3985.625 0.00000000004129654044268105
-567.625 -3069.125 0.0000000000000029659608112733316
-638.875 -2478.125 0.0000000000000027453891176571565
-1783.375 -1708.625 0.000000000000001520740075343776
-2494.375 980.125 0.00000000007328147241948527
-1639.375 -2249.375 0.000000000000001659751203154209
1296.125 -3168.125 0.000000000000003648048602229236
-1595.875 -2373.125 0.0000000000000016872557374733271
-595.375 -2929.625 0.0000000000000029419535575577207
-1411.375 -2850.875 0.000000000000001780062569353657
-825.625 -1659.875 0.0000000000000022965151068276146
1977.875 -3622.625 0.000000000042364212721596414
-1794.625 -3636.875 0.0000000000000032271737589037484
-629.125 -2655.875 0.000000000000002845209999485165
1524.125 -3913.625 0.0000000000000025554001447924823
1730.375 -3936.875 0.000000000041040899202953846
778.625 -1959.125 0.000000000000001237007305805834
62.375 -3906.875 0.000000000000002829351261137168
1845.875 -3636.875 0.0000000000000015235318679394415
1887.125 -3825.875 0.0000000000000013361212241695256
-1877.875 -3781.625 0.0000000000000027436527646492648
-1473.625 -3960.125 0.0000000000000012756305520101417
474.125 -3369.875 0.000000000000001482874762366329
1816.625 -3618.125 0.000000000000001589912237745277
-1178.875 -3491.375 0.0000000000000018397218041175722
-503.125 -3319.625 0.0000000000000029726387875022162
-1112.875 -3615.875 0.000000000000001839027188529676
-1891.375 -3842.375 0.0000000000000026479833005471014
773.375 -1977.125 0.0000000000000012422216167585104
1704.875 -3747.125 0.0000000000000016386991106598602
1586.375 -3861.875 0.000000000000002551482782539407
-1274.125 -3264.125 0.0000000000000018346167994917286
-1302.625 -3136.625 0.0000000000000018199073303628584
-1009.375 -3770.375 0.000000000000001837348071277814
1596.125 -2373.125 0.0000000000000033745114749466543
1810.625 -3624.125 0.0000000000000015979392833766866
813.875 -1762.625 0.0000000000000011796054637478055
-1874.875 -3888.125 0.000000000041782523060101204
-1816.375 -3807.125 0.000000000020867308690189178
-629.875 -2640.125 0.000000000000002836826879753239
-473.875 -3369.875 0.000000000000002965748556849217
1680.875 -2125.625 0.0000000000000032624213528216226
1043.375 -3720.875 0.000000000000003672341647849164
-1922.875 -3668.375 0.00000000002116330309264992
-1867.375 -3893.375 0.000000000041770057566026105
1817.375 -3623.375 0.0000000000000015885363435161537
1619.375 -3873.875 0.0000000000000016296974758016693
1358.375 -2973.875 0.000000000000003599356256160652
-1563.625 -2461.625 0.000000000000001706165219230627
-380.875 -3542.375 0.0000000000000029443151432010707
618.875 -2778.875 0.0000000000000014489175285875043
720.875 -2181.125 0.0000000000000012981082721665509
-1596.625 -3855.125 0.0000000000000012745593712913792
-1593.625 -3854.375 0.0000000000000012744773226279426
1529.375 -3912.125 0.000000000000002556867551595797
1626.875 -2284.625 0.0000000000000033354439169266473
108.875 -3797.375 0.0000000000000014388205034859013
1825.625 -3618.125 0.0000000000000015755291647821515
-1433.125 -2797.625 0.0000000000000017710229146674354
-1619.125 -3873.875 0.0000000000000032593923902973768
-1577.125 -2426.375 0.0000000000000016986803777054286
745.625 -2088.125 0.0000000000000012730988271323081
-1512.625 -3926.375 0.0000000000000012779272280861128
816.125 -3944.375 0.000000000000003648324811903476
-1871.875 -3748.625 0.0000000000000028020768083727256
1286.375 -3216.125 0.000000000000003659219573959174
1461.875 -2727.125 0.0000000000000035168232559417674
-598.375 -2910.875 0.0000000000000029371945482345406
-1259.125 -3314.375 0.0000000000000018390567502795997
-23.875 -3886.625 0.0000000000000014211059750965896
1855.625 -3663.875 0.0000000000000014842868760750148
1864.625 -3707.375 0.0000000000000014376510442551153
-1960.375 -3634.625 0.000000000021188830056538373
1517.375 -2616.875 0.0000000000000034849172732037988
936.125 -3855.125 0.000000000000003666340156794098
-860.125 -1446.875 0.000000000000002169535956441674
-614.125 -2832.125 0.0000000000000029168313198106744
-1810.375 -3816.875 0.000000000020842807603806357
843.875 -1519.625 0.000000000000001106204946082819
809.375 -1781.375 0.0000000000000011849188560774477
456.875 -3411.125 0.0000000000000014816820741048816
-1751.125 -1863.875 0.0000000000000015637820796805381
1986.875 -3617.375 0.000000000042347357545711756
-659.875 -2403.875 0.0000000000000027100467066143417
612.125 -2867.375 0.0000000000000014642843572633313
1264.625 -3297.125 0.000000000000003675249795436884
-570.625 -3049.625 0.0000000000000029629158634598224
690.875 -2292.125 0.0000000000000013272435347800244
-1031.875 -3738.125 0.0000000000000018365996620949167
-1645.375 -2231.375 0.000000000000001655733590193934
-998.125 -3786.125 0.0000000000000018376576104781306
-1756.375 -1845.875 0.0000000000000015594283013397145
-611.875 -2867.375 0.0000000000000029285687145266626
-716.125 -2199.875 0.000000000000002606074389685669
1790.375 -3846.125 0.00000000004153270347454297
-1526.125 -4002.125 0.0000000000000032223183569896545
-1203.625 -3452.375 0.0000000000000018432249637293836
1298.375 -3153.125 0.000000000000003644001334297589
-1583.125 -2409.125 0.0000000000000016948978555188299
-1396.375 -2886.125 0.000000000000001785886165622482
1902.125 -3691.625 0.000000000042254374500307386
-833.875 -1623.125 0.0000000000000022750525933585474
1848.875 -3760.625 0.000000000041964662119009576
1841.375 -3631.625 0.0000000000000015388796256922023
639.125 -2478.125 0.0000000000000013726945588285798
1455.125 -2745.125 0.000000000000003523238962525033
-621.625 -2710.625 0.0000000000000028692221159052405
-782.875 -1891.625 0.000000000000002433248949134933
-1908.625 -3873.125 0.000000000041772125382717134
1857.875 -3674.375 0.0000000000000014768465739690684
-538.375 -3192.875 0.0000000000000029747341308324855
1589.375 -2391.125 0.0000000000000033821795527670954
1651.625 -2214.125 0.0000000000000033033926757696775
-1567.375 -3878.375 0.0000000000000012776416648937178
-1844.125 -3910.625 0.000000000041705632809760146
-350.875 -3572.375 0.0000000000000029347738772487177
750.125 -2070.125 0.0000000000000012680282869257074
-496.375 -3340.625 0.0000000000000029720917244883553
-1846.375 -3636.875 0.0000000000000030470639882339052
-1234.375 -3368.375 0.0000000000000018378935196708747
630.125 -2623.625 0.0000000000000014141300000208446
1908.875 -3873.125 0.000000000020886062691358564
1851.875 -3653.375 0.0000000000000015005464177972205
-627.625 -2562.125 0.0000000000000027915775918327254
-1611.625 -3843.875 0.0000000000000012713889423005974
-1680.625 -3783.125 0.000000000000003275236570981688
833.375 -3938.375 0.000000000000003659730134279606
-1759.375 -3672.875 0.0000000000000032640347915317066
1278.125 -3248.375 0.000000000000003666017635932663
541.625 -3173.375 0.0000000000000014866709121889442
