0 149.4373903255109
-3.5251861135728553 149.40022712667215
-7.04796198164016 149.28876798799504
-10.565918994905088 149.10310425120034
-14.076651815409905 148.843388046439
-17.577760009508133 148.50983213333254
-21.289890462290323 149.2468750099992
-24.801365050591013 148.75994388807484
-28.295882526561023 148.199172554445
-32.10389519915601 148.68644085490178
-35.593525845756325 147.96986139372189
-39.463763636348475 148.28130909919707
-42.93800768702247 147.40730644114745
-46.85883201994899 147.53767948698905
-50.81798677369234 147.5690060846806
-54.266476051324 146.4498587089849
-58.25778728547175 146.29245332384016
-62.277472333143855 146.03112935003946
-66.32196847267232 145.66413684317916
-70.38765027108917 145.18982611017375
-74.4708326251822 144.606649598225
-78.56777387151018 143.91316368590245
-83.4512107410064 144.03081033136772
-87.59527841211074 143.09118005632115
-92.57906802983183 142.91539962630623
-96.7524529652057 141.7217993276536
-101.81624422807995 141.24196188041543
-106.92652881515492 140.59403740661324
-112.07732960289997 139.77504841685544
-117.26256504635927 138.7822008294686
-122.47605499623188 137.61288732440715
-128.7457512333294 136.9638963297486
-135.08175530221172 136.07657986580273
-141.47546519921858 134.94684950591505
-147.91813881026636 133.57089247716365
-154.40090266866576 131.9451763465344
-162.06825019205178 130.61596936214147
-170.97571418640285 129.48482914235856
-178.7824137292074 127.47953628686369
-187.84573306036097 125.59792732234361
-198.21106115409202 123.73588288168979
-208.66560801685884 121.40176438499972
-220.46252693529604 118.94015980602106
-233.6339689153268 116.2410399348491
-248.2066672188818 113.192342583695
-264.20186812006773 109.68022040899643
-282.96635010867067 105.79749740780237
-304.5489945137858 101.31810904204298
-327.6315991603516 95.87805713197324
-356.30873353275103 89.65097655421478
-389.2822810396466 82.1200094787724
-429.3541621313767 72.98407749299649
-479.37572292186377 61.6398463893838
-542.229154447608 47.18090846441883
-625.0339980248169 28.13208743078509
-737.79700794108 2.0216549608469956
-748.7502172291433 -18.28496140348455
-750.7103706853461 -37.89842278148115
-752.1571244526723 -57.560623650439084
-753.0891673534749 -77.25833240475593
-753.5216718500053 -100
-753.4056051833942 -116.70290852634703
-752.7891475104262 -136.4256050848245
-751.6562426527723 -156.12915624090863
-750.0073438163863 -175.80032112553
-747.8432585273417 -195.42562209344328
-745.1132337193706 -215.15863965525213
-741.7382871108885 -235.11883874815712
-737.7692480512368 -255.04744415958007
-733.2391140376917 -274.8409948258892
-728.169236636562 -294.4564235656263
-722.5748703178161 -313.8729093735002
-716.467906186576 -333.07813303561545
-709.8583410556076 -352.06291256700456
-702.7550691636951 -370.81908746939064
-695.1663658232134 -389.3386457615715
-687.1001785352281 -407.61340411649394
-678.5643294077654 -425.6349035191779
-669.5666069149181 -443.39444496120694
-660.11486155246 -460.8831193743648
-650.2170487665778 -478.0918730729173
-639.8812663273204 -495.01156287059695
-629.1157776849406 -511.6330087960756
-617.9290189155223 -527.9470440640551
-606.329629355381 -543.9445464347021
-594.3264131791032 -559.6164891702978
-581.928372718491 -574.953956136766
-569.1447254992916 -589.9481658357049
-555.9848401189959 -604.5905058659004
-542.4582826744349 -618.8725383869747
-528.5748102065796 -632.7860191672471
-514.3443236770331 -646.3229117122659
-499.7769229520153 -659.4753969237747
-484.8828454568689 -672.2358822875768
-469.6724895818044 -684.5970099645057
-454.1564062270987 -696.5516648602426
-438.3452905507862 -708.0929812327281
-422.24993753014456 -719.2143341792155
-405.8813302714965 -729.9093754758034
-389.2505153887167 -740.1719958303713
-372.36868655333427 -749.9963612084493
-355.24713924672744 -759.3769009426309
-337.89726584163355 -768.3083087193427
-320.33055572112266 -776.7855474706812
-302.5585887184552 -784.8038508136565
-284.59302874857303 -792.3587241457537
-266.4456153165575 -799.4459428876024
-248.1281513059946 -806.0615439466146
-229.65252898140122 -812.2018633714865
-211.03068210416254 -817.8634881346328
-192.27460276798573 -823.043279258649
-173.39634219118187 -827.7383848441533
-154.40798771695808 -831.9462102866655
-135.32167092430865 -835.6644387444903
-116.14956382553757 -838.8910390598845
-96.90386105066138 -841.6242305421189
-77.59678813644727 -843.8625136222807
-58.2405949363509 -845.6046725065243
-38.8475457925528 -846.8497531291008
-19.429918542902442 -847.597074060752
0 -847.8462264633223
19.4299185429021 -847.597074060752
38.84754579255253 -846.8497531291008
58.2405949363509 -845.6046725065243
77.59678813644692 -843.8625136222807
96.90386105066106 -841.624230542119
116.14956382553757 -838.8910390598845
135.3216709243084 -835.6644387444904
154.40798771695768 -831.9462102866655
173.39634219118187 -827.7383848441533
192.27460276798539 -823.043279258649
211.03068210416234 -817.8634881346328
229.65252898140122 -812.2018633714865
248.12815130599438 -806.0615439466147
266.4456153165572 -799.4459428876024
284.59302874857303 -792.3587241457537
302.558588718455 -784.8038508136567
320.33055572112244 -776.7855474706813
337.89726584163355 -768.3083087193427
355.24713924672733 -759.3769009426309
372.3686865533342 -749.9963612084493
389.2505153887167 -740.1719958303713
405.8813302714965 -729.9093754758034
422.24993753014456 -719.2143341792155
438.3452905507862 -708.0929812327281
454.1564062270985 -696.5516648602426
469.67248958180437 -684.5970099645057
484.8828454568689 -672.2358822875768
499.7769229520152 -659.475396923775
514.3443236770329 -646.3229117122664
528.5748102065796 -632.7860191672471
542.4582826744347 -618.8725383869751
555.9848401189959 -604.5905058659005
569.1447254992914 -589.948165835705
581.9283727184908 -574.9539561367662
594.3264131791033 -559.6164891702978
606.329629355381 -543.9445464347021
617.9290189155223 -527.9470440640551
629.1157776849406 -511.63300879607584
639.8812663273204 -495.01156287059695
650.2170487665775 -478.0918730729176
660.11486155246 -460.8831193743648
669.5666069149181 -443.39444496120694
678.5643294077654 -425.6349035191779
687.1001785352281 -407.61340411649405
695.1663658232134 -389.33864576157157
702.7550691636951 -370.8190874693907
709.8583410556074 -352.06291256700536
716.467906186576 -333.07813303561545
722.5748703178161 -313.8729093735002
728.1692366365618 -294.4564235656274
733.2391140376916 -274.84099482589056
737.7692480512368 -255.04744415957992
741.7382871108883 -235.11883874815834
745.1132337193706 -215.15863965525213
747.8432585273417 -195.42562209344328
750.0073438163863 -175.80032112553
751.6562426527723 -156.12915624090863
752.7891475104262 -136.4256050848245
753.4056051833942 -116.70290852634703
753.5216718500053 -100
753.0891673534749 -77.25833240475593
752.1571244526724 -57.56062365043867
750.7103706853461 -37.89842278148115
748.7502172291436 -18.284961403486317
737.79700794108 2.0216549608469956
625.0339980248169 28.13208743078509
542.229154447608 47.18090846441883
479.3757229218638 61.63984638938332
429.3541621313768 72.98407749299635
389.2822810396466 82.12000947877219
356.30873353275103 89.65097655421478
327.6315991603516 95.87805713197324
304.5489945137858 101.31810904204298
282.96635010867067 105.7974974078023
264.20186812006773 109.68022040899645
248.20666721888185 113.19234258369487
233.6339689153268 116.2410399348491
220.46252693529604 118.94015980602106
208.66560801685884 121.40176438499972
198.21106115409214 123.73588288168959
187.845733060361 125.59792732234352
178.7824137292074 127.47953628686362
170.97571418640285 129.48482914235856
162.06825019205178 130.61596936214147
154.40090266866576 131.9451763465344
147.91813881026644 133.57089247716354
141.4754651992186 134.94684950591505
135.08175530221172 136.0765798658027
128.7457512333294 136.9638963297486
122.47605499623188 137.61288732440715
117.26256504635927 138.7822008294686
112.07732960290008 139.77504841685538
106.92652881515497 140.5940374066125
101.81624422807998 141.2419618804154
96.7524529652057 141.7217993276536
92.57906802983183 142.91539962630623
87.59527841211074 143.09118005632115
83.45121074100648 144.0308103313676
78.56777387151021 143.91316368590245
74.47083262518221 144.606649598225
70.38765027108917 145.18982611017375
66.32196847267232 145.66413684317916
62.277472333143855 146.03112935003946
58.257787285471814 146.29245332384014
54.26647605132405 146.4498587089849
50.81798677369237 147.56900608468055
46.85883201994899 147.53767948698905
42.93800768702247 147.40730644114745
39.463763636348475 148.28130909919707
35.593525845756375 147.96986139372186
32.10389519915605 148.68644085490178
28.295882526561076 148.19917255444497
24.801365050591013 148.75994388807484
21.289890462290323 149.2468750099992
17.577760009508133 148.50983213333254
14.07665181540995 148.84338804643897
10.56591899490513 149.10310425120034
7.047961981640205 149.28876798799504
3.5251861135728553 149.40022712667215
