0 281.8353903255089
-4.313989591905526 281.7958773311756
-8.625028331803055 281.6773749967775
-12.930167374397803 281.4799932220485
-17.226461886490316 281.20391501923524
-21.51097304969 280.84939628245485
-26.003810843824503 281.5609307963596
-30.292762087912163 281.0440130822864
-34.560992690442326 280.44885610277873
-39.138424696040495 280.89743055983485
-43.39265356050887 280.1379513810158
-48.02214443641007 280.4024070437766
-52.249776085691586 279.47744452425167
-56.917606196300184 279.5530250573775
-61.616872946349176 279.5258719971106
-65.79807320312182 278.3447133134343
-70.51419223573839 278.121930079589
-75.25028515415144 277.7920360390534
-80.0022982465153 277.3534643579017
-84.7661211830868 276.8047567914286
-89.53759038959743 276.1445650996852
-94.31249248516684 275.37165234211983
-99.86309956023757 275.4076740075296
-104.66308954811207 274.38444045847314
-110.29110405740067 274.1233040519098
-115.09657493958913 272.8428258374744
-120.77988000438587 272.2748238736748
-126.4966816646819 271.53768758273253
-132.2405871204274 270.6286821084061
-138.00510834236815 269.54525869220845
-143.7836681676543 268.2850573719571
-150.6038311064389 267.54511530192514
-157.4753214408974 266.5670339212371
-164.38917017184403 265.3469742314241
-171.33627870799253 263.8813722081942
-178.30742786818098 262.16694279472176
-186.44677635513887 260.7501995481934
-195.8095334889602 259.5329426344353
-204.05450631195652 257.44319174672444
-213.5387786934294 255.479018363714
-224.3074511073862 253.53653324757144
-235.147457128262 251.12432245274752
-247.3116858682108 248.58719243151626
-260.83203659737626 245.8153256491161
-275.7350034530483 242.6968641579565
-292.0416063597703 239.1181568061163
-311.09841038793377 235.17221514061285
-332.95409652373786 230.63315296116883
-356.290275462915 225.13714066804064
-385.201342902756 218.85797144146025
-418.3890219258243 211.27893498911186
-458.6550862274555 202.09908921168457
-508.8507488380697 190.71522456523792
-571.8580814734643 176.22104596936362
-654.7965199737852 157.1414773651516
-767.67272706728 131.00487794234033
-931.8896028406161 93.01899940572187
NaN NaN
NaN NaN
NaN NaN
-1113.9131816772692 -254.91300826350556
-1101.158475103075 -272.13123456061794
-1089.5673820444756 -292.88587663429917
-1079.9733185665589 -313.82089715819205
-1071.4967478036021 -335.0781056489708
-1064.4860182301295 -356.96009063720953
-1058.6926395127223 -379.4334956022227
-1052.9150946469258 -402.40045097668
-1048.2721562375261 -425.46389544099316
-1043.4224916721503 -448.88177485709076
-1039.5017257023646 -472.480828126803
-1036.4258429294787 -496.37229251349623
-1032.8861499106076 -520.6922618353004
-1030.046753924103 -545.4234533513161
-1026.6175432720263 -570.6001132933848
-1023.7628315160609 -596.2979984770019
-1021.4142881240681 -622.6149739051338
-1018.3068526043799 -649.4346615533995
-1016.765505504493 -677.2205257210135
-1014.3385691049406 -705.5931476112644
-1012.142084938844 -734.8438858855856
-1010.0941760140187 -765.0490275038461
-1008.1090171284947 -796.2794261664017
-1006.0969147217115 -828.600188713372
-1005.0500476531965 -862.5821188925048
-1003.7449341675261 -897.8459691489096
-1002.0778366370583 -934.4347094748039
-995.860294015877 -969.8703229649906
-972.3173187004267 -995.1651471476565
-948.1858963138607 -1019.8034257084172
-923.5237624505841 -1043.7786408759653
-898.3372275609139 -1067.0872554583732
-872.6326492313596 -1089.7238916016533
-846.4179448544753 -1111.6816978071226
-819.7024404509382 -1132.9527068096304
-792.4966981626843 -1153.5281183791294
-764.8124518547552 -1173.3985513520322
-736.6624036261317 -1192.5542081078754
-708.0602422168968 -1210.9850666409163
-679.0204540513555 -1228.680974535351
-649.5583891697187 -1245.6318225321254
-619.6900324666599 -1261.8275530750102
-589.4320745409544 -1277.2583075011378
-558.8017913618334 -1291.9144510541792
-527.8170642513077 -1305.786683746911
-496.49622667492923 -1318.8659960986413
-464.85815091366896 -1331.1438259954289
-432.922079013241 -1342.6119628931124
-400.70771502693606 -1353.2627170327553
-368.2351045068241 -1363.0888540711742
-335.5246239514296 -1372.0836379112334
-302.5969624257028 -1380.2408727013978
-269.47307724005634 -1387.5549006277215
-236.1741640866157 -1394.0206100214887
-202.7216420382174 -1399.633480505736
-169.137113248757 -1404.3895702457075
-135.4423330366369 -1408.2855055409207
-101.65919810932824 -1411.3185473347678
-67.8097052617039 -1413.4865466908384
-33.915930035782495 -1414.7879668745259
0 -1415.2218758559366
33.91593003578196 -1414.7879668745259
67.8097052617034 -1413.4865466908384
101.65919810932824 -1411.3185473347678
135.4423330366363 -1408.2855055409207
169.1371132487565 -1404.3895702457075
202.7216420382174 -1399.633480505736
236.1741640866153 -1394.0206100214887
269.4730772400556 -1387.5549006277215
302.5969624257028 -1380.2408727013978
335.52462395142913 -1372.0836379112334
368.23510450682375 -1363.0888540711742
400.70771502693606 -1353.2627170327553
432.92207901324065 -1342.6119628931128
464.85815091366845 -1331.143825995429
496.49622667492923 -1318.8659960986413
527.8170642513072 -1305.7866837469112
558.8017913618329 -1291.9144510541796
589.4320745409544 -1277.2583075011378
619.6900324666598 -1261.8275530750102
649.5583891697187 -1245.6318225321254
679.0204540513555 -1228.680974535351
708.0602422168968 -1210.9850666409163
736.6624036261317 -1192.5542081078754
764.8124518547552 -1173.3985513520322
792.4966981626841 -1153.5281183791294
819.7024404509381 -1132.9527068096302
846.4179448544753 -1111.6816978071226
872.6326492313585 -1089.7238916016538
898.337227560913 -1067.0872554583746
923.5237624505841 -1043.7786408759653
948.1858963138599 -1019.8034257084182
972.3173187004261 -995.1651471476571
995.8602940158768 -969.8703229649907
1002.0778366370581 -934.4347094748041
1003.7449341675265 -897.8459691489095
1005.0500476531965 -862.5821188925048
1006.0969147217115 -828.600188713372
1008.1090171284945 -796.2794261664021
1010.0941760140187 -765.0490275038461
1012.1420849388435 -734.843885885586
1014.3385691049406 -705.5931476112644
1016.765505504493 -677.2205257210135
1018.3068526043799 -649.4346615533995
1021.4142881240681 -622.6149739051339
1023.7628315160613 -596.2979984770014
1026.6175432720263 -570.6001132933848
1030.0467539241026 -545.4234533513172
1032.8861499106076 -520.6922618353004
1036.4258429294787 -496.37229251349623
1039.501725702364 -472.4808281268042
1043.4224916721498 -448.8817748570925
1048.2721562375261 -425.46389544099276
1052.9150946469247 -402.4004509766826
1058.6926395127223 -379.4334956022227
1064.4860182301295 -356.96009063720953
1071.4967478036021 -335.0781056489708
1079.9733185665589 -313.82089715819205
1089.5673820444756 -292.88587663429917
1101.158475103075 -272.13123456061794
1113.9131816772692 -254.91300826350556
NaN NaN
NaN NaN
NaN NaN
931.8896028406164 93.01899940572007
767.67272706728 131.00487794234033
654.7965199737852 157.1414773651516
571.8580814734643 176.22104596936362
508.85074883806976 190.71522456523743
458.6550862274556 202.09908921168443
418.3890219258243 211.27893498911166
385.201342902756 218.85797144146025
356.290275462915 225.13714066804064
332.95409652373786 230.63315296116883
311.09841038793377 235.1722151406128
292.0416063597703 239.11815680611633
275.73500345304836 242.69686415795638
260.83203659737626 245.8153256491161
247.3116858682108 248.58719243151626
235.147457128262 251.12432245274752
224.30745110738633 253.53653324757124
213.53877869342944 255.47901836371392
204.05450631195652 257.4431917467244
195.8095334889602 259.5329426344353
186.44677635513887 260.7501995481934
178.30742786818098 262.16694279472176
171.33627870799262 263.8813722081941
164.38917017184406 265.3469742314241
157.4753214408974 266.56703392123705
150.6038311064389 267.54511530192514
143.7836681676543 268.2850573719571
138.00510834236815 269.54525869220845
132.2405871204275 270.62868210840605
126.49668166468194 271.5376875827318
120.7798800043859 272.2748238736748
115.09657493958913 272.8428258374744
110.29110405740067 274.1233040519098
104.66308954811207 274.38444045847314
99.86309956023764 275.40767400752947
94.31249248516687 275.37165234211983
89.53759038959744 276.1445650996852
84.7661211830868 276.8047567914286
80.0022982465153 277.3534643579017
75.25028515415144 277.7920360390534
70.51419223573846 278.121930079589
65.79807320312186 278.3447133134343
61.616872946349204 279.5258719971105
56.917606196300184 279.5530250573775
52.249776085691586 279.47744452425167
48.02214443641007 280.4024070437766
43.39265356050892 280.13795138101574
39.13842469604054 280.89743055983485
34.56099269044238 280.44885610277873
30.292762087912163 281.0440130822864
26.003810843824503 281.5609307963596
21.51097304969 280.84939628245485
17.22646188649036 281.20391501923524
12.930167374397845 281.4799932220485
8.6250283318031 281.6773749967775
4.313989591905526 281.7958773311756
