0 187.16739032550973
-3.7499746695743936 187.12955749583116
-7.497385034795389 187.01609122883977
-11.239668533102494 186.82708815481053
-14.974266084370567 186.56270920448915
-18.69862382924908 186.22317942971395
-22.633235648737887 186.95295308383248
-26.36627094205559 186.45747655999983
-30.081276614713886 185.88690620811582
-34.108553864071276 186.3631477656334
-37.81607519452 185.63434299631916
-41.902680444656184 185.9323991870312
-45.591620443119886 185.0438742886642
-49.72532207020451 185.1586328878764
-53.895389569009055 185.1732942980674
-57.55268249354605 184.03647530610777
-61.750545172853435 183.86043892781004
-65.97438790389705 183.5795742614165
-70.22050804552913 183.1921835442659
-74.48514198176207 182.6966716411013
-78.7644682575285 182.091547798123
-83.05461078213773 181.37542729259698
-88.12817387602047 181.4698129333823
-92.45916241459817 180.5063578911313
-97.62653943665197 180.30625321909525
-101.9800524915844 179.0878949651669
-107.2203891384262 178.58293291476434
-112.50351537849163 177.9095853842638
-117.82333563121122 177.0649440284376
-123.17365251413307 176.04628467636337
-128.54817273938335 174.85107049857913
-134.9747377256663 174.17616080368464
-141.46334150753665 173.26297868989025
-148.00527749711702 172.10750681111193
-154.5917019935562 170.70600328134353
-161.21364301049653 169.0550061633755
-169.01549858049628 167.70085361205264
-178.05270932443733 166.54517236548915
-185.98430539786648 164.51581115884474
-195.1675854428416 162.61067347402948
-205.64785621850228 160.72570552481668
-216.2122489553416 158.3693327462752
-228.11384165711112 155.88620537287176
-241.38471359155906 153.16635451663504
-256.05152987628674 150.0977761929405
-272.135472281641 146.56667896776116
-290.98325847840886 142.66594028502814
-312.64371270315036 138.16954642832155
-335.7985794538282 132.71354725883182
-364.54237869000633 126.47162276560597
-397.5769481315625 118.92695716306503
-437.70416640746134 109.77851088433248
-487.7753417062748 98.4229852477871
-550.672631061194 83.9540046445847
-633.5155457304814 64.89642134990524
-746.3108139096862 38.77853197629814
-910.4613911569668 0.8080349381417773
-915.7302277424546 -23.436102111526743
-917.537248384986 -47.41749046541949
-918.7166391240348 -71.44445882069115
-919.2964396570105 -100
-919.1877678321603 -119.56432035501835
-918.4782412996707 -143.62854771737264
-917.1384981140899 -167.67151329599884
-915.1689750706514 -191.677162074503
-912.5005537168491 -215.90756239159103
-908.9720365080132 -240.70284465239925
-904.6762476298865 -265.48636268486393
-899.6731022044828 -290.0657862153663
-893.9973935760107 -314.38403293133484
-887.6719545373143 -338.4236550713974
-880.7134623917 -362.17867383633074
-873.1352613514719 -385.6455512355272
-864.9488633619832 -408.82026775903347
-856.1647495649146 -431.6975646156786
-846.7928555333108 -454.27086870890196
-836.8428603297215 -476.5324640985598
-826.3243855400844 -498.4737018549316
-815.2470826546271 -520.085243714039
-803.6207245506491 -541.3572330348703
-791.4552439964752 -562.2794585579406
-778.7607667506913 -582.8414793222431
-765.5476307145536 -603.0327278756845
-751.8263887519058 -622.8425973245706
-737.6078354355532 -642.2605002031089
-722.9029646274244 -661.2759401452371
-707.7229992242766 -679.8785425390184
-692.07940463468 -698.0580903965084
-675.9838211144398 -715.8045678026632
-659.448107041923 -733.1081721241443
-642.48432921722 -749.959338125821
-625.10471288064 -766.3487558153745
-607.3216939281208 -782.2673827517181
-589.1478549570916 -797.7064550305238
-570.5959462349982 -812.6574964847282
-551.6788749747772 -827.1123273037012
-532.4096949963264 -841.0630707357059
-512.8015604889034 -854.5021443444757
-492.8678123573342 -867.4222951941153
-472.6218523700388 -879.8165614152215
-452.0772250948869 -891.6783074314187
-431.2475715713493 -903.0012109627239
-410.14662338107655 -913.7792627572597
-388.7882018982849 -924.0067701244624
-367.18621104922954 -933.6783569696963
-345.3546304243182 -942.7889634527005
-323.3075064351527 -951.333842796529
-301.05893992581457 -959.3085513672552
-278.62311192126214 -966.7089846947447
-256.0142360397525 -973.5313281582783
-233.2465753940163 -979.7720786608165
-210.33444364679124 -985.4280563091512
-187.29218253800846 -990.4963736384685
-164.13417043062108 -994.9744548504938
-140.8748191063675 -998.8600426694225
-117.52857199956412 -1002.1512211353847
-94.10993841399049 -1004.8466437618149
-70.63330588149601 -1006.9447891625025
-47.11310555815822 -1008.4443816644977
-23.563827383832596 -1009.3445082411234
0 -1009.6446111107507
23.563827383832194 -1009.3445082411234
47.11310555815788 -1008.4443816644977
70.63330588149601 -1006.9447891625025
94.10993841399006 -1004.8466437618149
117.52857199956374 -1002.1512211353848
140.8748191063675 -998.8600426694225
164.13417043062077 -994.9744548504939
187.29218253800795 -990.4963736384685
210.33444364679124 -985.4280563091512
233.24657539401593 -979.7720786608165
256.0142360397523 -973.5313281582783
278.62311192126214 -966.7089846947447
301.05893992581434 -959.3085513672553
323.30750643515233 -951.333842796529
345.3546304243182 -942.7889634527005
367.1862110492293 -933.6783569696966
388.7882018982846 -924.0067701244626
410.14662338107655 -913.7792627572597
431.2475715713491 -903.0012109627239
452.0772250948869 -891.6783074314187
472.6218523700388 -879.8165614152215
492.8678123573342 -867.4222951941153
512.8015604889034 -854.5021443444757
532.4096949963264 -841.0630707357059
551.6788749747769 -827.1123273037012
570.5959462349982 -812.6574964847281
589.1478549570916 -797.7064550305238
607.3216939281203 -782.2673827517183
625.1047128806396 -766.3487558153752
642.48432921722 -749.959338125821
659.4481070419224 -733.1081721241446
675.9838211144398 -715.8045678026633
692.0794046346799 -698.0580903965085
707.7229992242764 -679.8785425390187
722.9029646274245 -661.2759401452371
737.6078354355532 -642.2605002031089
751.8263887519058 -622.8425973245706
765.5476307145535 -603.0327278756849
778.7607667506913 -582.8414793222431
791.4552439964749 -562.279458557941
803.6207245506491 -541.3572330348703
815.2470826546271 -520.085243714039
826.3243855400844 -498.4737018549316
836.8428603297215 -476.5324640985599
846.7928555333108 -454.2708687089017
856.1647495649146 -431.69756461567863
864.9488633619827 -408.8202677590345
873.1352613514719 -385.6455512355272
880.7134623917 -362.17867383633074
887.6719545373139 -338.4236550713988
893.9973935760106 -314.38403293133666
899.6731022044828 -290.0657862153659
904.6762476298862 -265.4863626848659
908.9720365080132 -240.70284465239925
912.5005537168491 -215.90756239159103
915.1689750706514 -191.677162074503
917.1384981140899 -167.67151329599884
918.4782412996707 -143.62854771737264
919.1877678321603 -119.56432035501835
919.2964396570105 -100
918.7166391240348 -71.44445882069115
917.5372483849861 -47.41749046541907
915.7302277424546 -23.436102111526743
910.461391156967 0.8080349381399808
746.3108139096862 38.77853197629814
633.5155457304814 64.89642134990524
550.672631061194 83.9540046445847
487.77534170627484 98.42298524778663
437.70416640746146 109.77851088433233
397.5769481315625 118.92695716306481
364.54237869000633 126.47162276560597
335.7985794538282 132.71354725883182
312.64371270315036 138.16954642832155
290.98325847840886 142.66594028502809
272.135472281641 146.5666789677612
256.0515298762868 150.0977761929404
241.38471359155906 153.16635451663504
228.11384165711112 155.88620537287176
216.2122489553416 158.3693327462752
205.6478562185024 160.72570552481648
195.16758544284164 162.6106734740294
185.98430539786648 164.51581115884466
178.05270932443733 166.54517236548915
169.01549858049628 167.70085361205264
161.21364301049653 169.0550061633755
154.59170199355628 170.7060032813434
148.00527749711705 172.10750681111193
141.46334150753665 173.26297868989022
134.9747377256663 174.17616080368464
128.54817273938335 174.85107049857913
123.17365251413307 176.04628467636337
117.82333563121134 177.06494402843754
112.50351537849167 177.90958538426307
107.22038913842623 178.5829329147643
101.9800524915844 179.0878949651669
97.62653943665197 180.30625321909525
92.45916241459817 180.5063578911313
88.12817387602054 181.46981293338217
83.05461078213776 181.37542729259698
78.76446825752852 182.091547798123
74.48514198176207 182.6966716411013
70.22050804552913 183.1921835442659
65.97438790389705 183.5795742614165
61.7505451728535 183.86043892781
57.5526824935461 184.03647530610777
53.89538956900908 185.17329429806733
49.72532207020451 185.1586328878764
45.591620443119886 185.0438742886642
41.902680444656184 185.9323991870312
37.81607519452005 185.63434299631913
34.10855386407132 186.3631477656334
30.08127661471394 185.8869062081158
26.36627094205559 186.45747655999983
22.633235648737887 186.95295308383248
18.69862382924908 186.22317942971395
14.974266084370612 186.56270920448912
11.239668533102536 186.82708815481053
7.497385034795434 187.01609122883977
3.7499746695743936 187.12955749583116
