-500 1418.6022016569743 0.9970898808741487
-511.17817944900355 1418.541040706164 0.997089914146186
-522.3487033870175 1418.3576485165488 0.9970900139104989
-533.5039215348935 1418.0522969067624 0.9970901800118028
-544.6361940735974 1417.625438342193 0.9970904121916594
-555.7378968652985 1417.0777050868144 0.9970907100890309
-566.8014266641641 1416.4099080170408 0.9970910732410544
-577.8192063125375 1415.6230350986557 0.9970915010840342
-588.783689919786 1414.718249528141 0.9970919929546508
-599.6873680198146 1413.6968875404518 0.997092548091384
-610.5227727038817 1412.5604558853076 0.9970931656361479
-621.2824827252764 1411.31062897486 0.9970938446361325
-631.9591285724601 1409.949245705456 0.9970945840458505
-647.30477097583 1419.2510726704982 0.997089527857775
-658.1437102946836 1417.538269245923 0.9970904596028012
-668.8743587901295 1415.7108599293285 0.9970914533348115
-679.4893674958254 1413.7713976464966 0.9970925075971022
-689.9814664311435 1411.7225853835264 0.997093620849466
-700.3434695698908 1409.5672710890235 0.9970947914714573
-710.5682797524447 1407.3084422835805 0.9970960177658263
-720.6488935375367 1404.9492203832715 0.9970972979621145
-730.578405990659 1402.4928547463367 0.9970986302204046
-740.3500154061879 1399.9427164519407 0.9971000126352154
-758.0327844156111 1406.313903320497 0.9970965575122214
-767.7737806858817 1403.3622503653055 0.9970981587625448
-777.3314281847661 1400.319302259865 0.997099808535339
-786.6991792613849 1397.189002799295 0.9971015046033193
-795.8706159390983 1393.9753882310085 0.9971032446921068
-804.8394543077097 1390.6825795759687 0.9971050264849182
-823.4142414374566 1394.8576760621684 0.9971027670692536
-832.2275219160664 1391.1473346859307 0.9971047750705087
-840.8133338397903 1387.363289953779 0.9971068214015562
-849.1657926638397 1383.5101059006106 0.9971089035064724
-868.1213075661161 1386.0053719532643 0.9971075553514702
-876.2294862562901 1381.728023092829 0.9971098659211349
-884.0800835535604 1377.3889480391128 0.9971122077847698
-903.2030696616957 1378.4880676604062 0.9971116147686241
-910.7389007894541 1373.721642643456 0.9971141854758812
-929.9514174981565 1373.7551234064463 0.997114167427158
-937.1201555872937 1368.557961165861 0.9971169676315479
-956.3377082686445 1367.5009241049374 0.99711753679613
-963.0869058373758 1361.8722197463992 0.9971205655312941
-982.2239542833236 1359.7040737894756 0.9971217312601522
NaN NaN NaN
NaN NaN NaN
NaN NaN NaN
NaN NaN NaN
NaN NaN NaN
NaN NaN NaN
NaN NaN NaN
NaN NaN NaN
NaN NaN NaN
NaN NaN NaN
NaN NaN NaN
NaN NaN NaN
NaN NaN NaN
NaN NaN NaN
NaN NaN NaN
NaN NaN NaN
NaN NaN NaN
-1507.4790590369296 -1595.7402163834881 0.9971002907384149
-1494.569259769265 -1600.2689668527335 0.9971027561676776
-1481.2700125560723 -1605.3342322834455 0.9971055109967742
-1468.6339189170149 -1610.477845885121 0.9971083055479137
-1456.3724799403813 -1615.726193390416 0.9971111540040541
-1444.3035330590887 -1621.090089626087 0.9971140620473694
-1432.3047455519577 -1626.5721755941543 0.9971170309067248
-1420.290401194468 -1632.1703941001545 0.9971200592605212
-1408.193432474892 -1637.8819719293376 0.9971231454015298
-1408.332493803078 -1642.4071617354948 0.9971255879687427
-1395.633417686276 -1648.5673473251586 0.9971289094658926
-1382.7306547504566 -1654.823851651824 0.9971322786605098
-1369.617977632734 -1661.1598503469077 0.9971356863182357
-1367.982893436535 -1667.0629952239708 0.997138857246365
-1354.2372840670903 -1673.7268424895678 0.997142432243243
-1340.2569865173846 -1680.433981326512 0.9971460255994156
-1337.1993602922003 -1687.326311411396 0.9971497130935787
-1322.5424828052103 -1694.2995843934464 0.9971534386620631
-1318.4470318524284 -1701.891447783763 0.9971574887471568
-1303.0920721809393 -1709.0893479242282 0.9971613229190819
-1297.9304435266981 -1717.3472520319403 0.997165714858647
-1281.859536736739 -1724.7258005679446 0.9971696329112137
-1275.6074054103995 -1733.6093962085067 0.9971743423964636
-1268.711058489041 -1742.9168737605414 0.9971792675210449
-1261.1611381230625 -1752.6371674375018 0.9971844011965565
-1243.4171017686147 -1760.446706742241 0.9971885184163877
-1234.721803409218 -1770.695055465835 0.9971939115230628
-1225.3490131993588 -1781.3143305443518 0.9971994880393176
-1215.2881933673061 -1792.2884873330102 0.9972052383375173
-1213.25652414571 -1806.945113078929 0.9972128983058722
-1201.5764102593002 -1818.8310253102698 0.9972190935595989
-1189.1754913103027 -1831.013220566934 0.9972254278000862
-1184.1288297063077 -1847.6256400499988 0.9972340404484646
-1170.0268541593214 -1860.5821832590384 0.9972407376541543
-1162.8022152011154 -1878.4614154547542 0.9972499506012144
-1154.3435541499289 -1897.069908139412 0.99725950399617
-1144.6250062111196 -1916.3665169987655 0.997269372745626
-1133.6221781952945 -1936.3068901262054 0.9972795303321834
-1121.311691507748 -1956.8435378110169 0.997289948911298
-1114.0719033101127 -1984.063180333648 0.9973036913410712
-1104.9517834793498 -2012.3329237493283 0.9973178840502296
-1099.825932681549 -2048.360339932272 0.9973358542289347
-1086.7420644273045 -2078.861534984198 0.9973509659331946
-1082.6181561920832 -2125.1206706737103 0.9973737076537368
-1070.3900313009074 -2165.649637400344 0.9973934581967049
-1065.4699085606842 -2223.7669450776802 0.9974214988304831
-1056.8878178478074 -2284.3808684565056 0.9974503950350277
-1048.8968934780908 -2356.2011317701877 0.9974841782623318
-1040.5325183232706 -2440.093966580901 0.9975230240191835
-1034.6007356445007 -2546.62859722527 0.9975714137097106
-1029.1547851255818 -2677.8058745284866 0.9976295826388683
-973.9678006962151 -2678.236674538533 0.9976297711423986
-919.191941533588 -2677.4225368438697 0.9976294148894483
-867.3488589933561 -2685.7965778679268 0.9976330764311208
-813.1488097052184 -2682.588375107005 0.9976316743796326
-761.2469543799127 -2688.7019953388817 0.9976343453749772
-707.7615042219156 -2683.153578961807 0.9976319214514715
-655.9309103272906 -2687.0203652026794 0.9976336110122317
-604.0062461102942 -2689.7852734581083 0.9976348183070752
-552.0188205545124 -2691.4453852696674 0.9976355428694375
-500 -2691.9989503125144 0.9976357844210506
-447.98117944548875 -2691.4453852696674 0.9976355428694375
-395.99375388970725 -2689.7852734581083 0.9976348183070752
-344.0690896727101 -2687.0203652026794 0.9976336110122317
-292.2384957780858 -2683.153578961807 0.9976319214514715
-238.75304562008745 -2688.7019953388817 0.9976343453749772
-186.8511902947827 -2682.588375107005 0.9976316743796326
-132.65114100664513 -2685.7965778679268 0.9976330764311208
-80.80805846641255 -2677.4225368438697 0.9976294148894483
-26.03219930378367 -2678.236674538533 0.9976297711423986
29.1547851255824 -2677.8058745284866 0.9976295826388683
84.71265546022677 -2676.1073146443655 0.9976288392465068
140.60465542184048 -2673.1266545215085 0.9976275341127016
196.7894999301118 -2668.8457019636603 0.9976256582472807
253.22959958671575 -2663.2532898317836 0.9976232052688166
315.1204746419028 -2666.054845801781 0.9976244344512065
372.2757620850345 -2657.6679528415966 0.9976207526249689
435.4584901657448 -2657.395788123743 0.9976206330407229
499.37482725729046 -2655.4797949558097 0.9976197910018663
563.9693415922308 -2651.8854554604904 0.9976182104851067
629.1852121005036 -2646.58076163061 0.9976158757861441
694.9642971777135 -2639.5363208471517 0.9976127715191393
761.2472055750831 -2630.725467682697 0.9976088826227292
835.7688712045878 -2628.6777299646574 0.9976079778088696
911.2723044379815 -2624.4567429914077 0.9976061115406605
987.6776724796836 -2618.015250484941 0.9976032604270225
1064.9017039086752 -2609.309839971797 0.9975994013621368
1071.3030646446641 -2536.354725880288 0.9975667924290073
1074.3797117443717 -2465.535052628478 0.9975346746547633
1083.597111980316 -2403.960107877678 0.9975063733374477
1090.1336786561537 -2344.0754330920176 0.9974785088753942
1094.0870306347026 -2285.983395499917 0.997451154204878
1105.5053967441224 -2235.718581587086 0.9974272245507564
1104.7812108089195 -2181.129105117794 0.9974009590142355
1112.0820984538295 -2133.825113508152 0.9973779631586056
1128.0222285338896 -2092.8370854410473 0.9973578589812422
1131.9099756278163 -2048.0503841463956 0.9973357001834143
1134.1558339840697 -2004.7643099410361 0.9973140922117608
1145.7825758746865 -1966.8958380674487 0.9972950328497711
1156.2580458543139 -1929.904833713551 0.9972762736027432
1165.6852520696139 -1893.8027124713494 0.9972578292562257
1173.901488557131 -1858.6890111224498 0.9972397601730862
1180.6583057929831 -1824.7251192028605 0.9972221601958454
1186.0102127048592 -1791.9814032437553 0.9972050776035428
1201.9357700567973 -1762.318916596212 0.997189504486185
1204.819540027134 -1731.8465160992348 0.997173408509216
1218.7247723763235 -1703.8650386325269 0.9971585405938702
1231.7836582726645 -1676.635820232773 0.9971439913299626
1244.056668318893 -1650.214132254382 0.9971297966909767
1255.6202970070249 -1624.6502086166854 0.9971159904279999
1266.5645903855595 -1599.992525011962 0.9971026057388729
1277.0006111836694 -1576.285806652629 0.9970896741086581
1287.0711868450167 -1553.568375556323 0.9970772237557222
1310.1849878006458 -1530.623125842293 0.9970645902910147
1320.2785253861623 -1509.6652563551834 0.9970529996703298
1344.291929870995 -1487.9335965501157 0.9970409290626469
1355.7790208078377 -1468.9769634680417 0.9970303563584368
1381.8046207370369 -1449.4508384985309 0.9970194235240245
1407.6637864401278 -1432.6503276307378 0.9970099821287137
1437.9496075938443 -1416.739435619328 0.9970010110151218
1464.4519051833881 -1405.893859746947 0.9969948793177336
NaN NaN NaN
NaN NaN NaN
950.2736698088114 1136.543207842186 0.997239012570536
691.2580045427758 1196.4857549812723 0.997208030169931
531.8927310999861 1234.2386335799442 0.9971883224837049
415.19887039538776 1261.0086051667292 0.9971742562505103
326.885757159675 1280.6625409714518 0.9971638803426509
266.7376019109726 1295.4586262752348 0.9971560416747064
220.56408746711787 1307.4294199331353 0.9971496825320473
174.43078387309458 1317.1052543686521 0.9971445312124592
142.0935251641441 1325.4807787472978 0.9971400639855419
109.74654359102131 1332.332266888735 0.9971364039750925
77.44776642251828 1337.671170827112 0.9971335484430421
58.566254062817166 1343.5921022224543 0.9971303779889631
39.57244497723276 1348.7501262829287 0.9971276129368364
20.497078715218986 1353.1505302535209 0.9971252517302639
1.3707651729452137 1356.7994917217723 0.9971232921383045
-17.776045716653986 1359.7040737894756 0.9971217312601522
-36.91309416260117 1361.8722197463992 0.9971205655312941
-43.66229173136978 1367.5009241049372 0.99711753679613
-62.879844412683454 1368.557961165861 0.9971169676315479
-70.04858250184218 1373.7551234064463 0.997114167427158
-89.26109921052273 1373.721642643456 0.9971141854758812
-96.79693033832734 1378.4880676604062 0.9971116147686241
-115.91991644643963 1377.3889480391128 0.9971122077847698
-123.770513743727 1381.728023092829 0.9971098659211349
-131.87869243390713 1386.0053719532643 0.9971075553514702
-150.83420733617834 1383.5101059006104 0.9971089035064724
-159.18666616020982 1387.363289953779 0.9971068214015562
-167.77247808391468 1391.1473346859307 0.9971047750705087
-176.58575856254345 1394.8576760621684 0.9971027670692536
-195.1605456922869 1390.6825795759687 0.9971050264849182
-204.12938406092186 1393.9753882310085 0.9971032446921068
-213.3008207386153 1397.1890027992947 0.9971015046033193
-222.6685718152338 1400.319302259865 0.997099808535339
-232.22621931409515 1403.3622503653055 0.9970981587625448
-241.96721558438986 1406.313903320497 0.9970965575122214
-259.6499845938353 1399.9427164519407 0.9971000126352154
-269.421594009341 1402.4928547463367 0.9970986302204046
-279.3511064624865 1404.9492203832715 0.9970972979621145
-289.4317202475318 1407.3084422835805 0.9970960177658263
-299.65653043010946 1409.5672710890235 0.9970947914714573
-310.01853356885647 1411.7225853835264 0.997093620849466
-320.51063250415115 1413.7713976464966 0.9970925075971022
-331.1256412098471 1415.7108599293285 0.9970914533348115
-341.8562897052931 1417.538269245923 0.9970904596028012
-352.6952290241466 1419.2510726704982 0.997089527857775
-368.0408714275398 1409.949245705456 0.9970945840458505
-378.71751727474697 1411.31062897486 0.9970938446361325
-389.47722729614156 1412.5604558853076 0.9970931656361479
-400.31263198018524 1413.6968875404518 0.997092548091384
-411.2163100801905 1414.718249528141 0.9970919929546508
-422.1807936874391 1415.6230350986557 0.9970915010840342
-433.1985733358359 1416.4099080170408 0.9970910732410544
-444.2621031347015 1417.0777050868144 0.9970907100890309
-455.3638059264253 1417.625438342193 0.9970904121916594
-466.4960784651064 1418.0522969067624 0.9970901800118028
-477.65129661296805 1418.3576485165488 0.9970900139104989
-488.82182055099645 1418.541040706164 0.997089914146186
500 1418.6022016569743 0.9970898808741487
488.82182055099645 1418.541040706164 0.997089914146186
477.65129661296805 1418.3576485165488 0.9970900139104989
466.49607846510656 1418.0522969067624 0.9970901800118028
455.36380592642536 1417.625438342193 0.9970904121916594
444.2621031347015 1417.0777050868144 0.9970907100890309
433.1985733358359 1416.4099080170408 0.9970910732410544
422.1807936874391 1415.6230350986557 0.9970915010840342
411.2163100801905 1414.718249528141 0.9970919929546508
400.31263198018524 1413.6968875404518 0.997092548091384
389.4772272961416 1412.5604558853076 0.9970931656361479
378.71751727474697 1411.31062897486 0.9970938446361325
368.0408714275398 1409.949245705456 0.9970945840458505
352.6952290241466 1419.2510726704982 0.997089527857775
341.85628970529314 1417.538269245923 0.9970904596028012
331.1256412098471 1415.7108599293285 0.9970914533348115
320.5106325041512 1413.7713976464966 0.9970925075971022
310.01853356885647 1411.7225853835264 0.997093620849466
299.65653043010946 1409.5672710890235 0.9970947914714573
289.4317202475318 1407.3084422835805 0.9970960177658263
279.3511064624865 1404.9492203832715 0.9970972979621145
269.42159400934105 1402.4928547463367 0.9970986302204046
259.64998459383537 1399.9427164519407 0.9971000126352154
241.96721558438986 1406.313903320497 0.9970965575122214
232.22621931409515 1403.3622503653055 0.9970981587625448
222.6685718152338 1400.319302259865 0.997099808535339
213.30082073861536 1397.189002799295 0.9971015046033193
204.12938406092192 1393.9753882310085 0.9971032446921068
195.160545692287 1390.6825795759687 0.9971050264849182
176.58575856254345 1394.8576760621684 0.9971027670692536
167.77247808391468 1391.1473346859307 0.9971047750705087
159.18666616020982 1387.363289953779 0.9971068214015562
150.8342073361785 1383.5101059006106 0.9971089035064724
131.87869243390713 1386.0053719532643 0.9971075553514702
123.77051374372711 1381.728023092829 0.9971098659211349
115.91991644643963 1377.3889480391128 0.9971122077847698
96.79693033832734 1378.4880676604062 0.9971116147686241
89.26109921052273 1373.721642643456 0.9971141854758812
70.04858250184229 1373.7551234064463 0.997114167427158
62.879844412683454 1368.557961165861 0.9971169676315479
43.66229173136989 1367.5009241049374 0.99711753679613
36.91309416260117 1361.8722197463992 0.9971205655312941
17.776045716653986 1359.7040737894756 0.9971217312601522
-1.3707651729452137 1356.7994917217723 0.9971232921383045
-20.497078715218926 1353.150530253521 0.9971252517302639
-39.57244497723265 1348.750126282929 0.9971276129368364
-58.56625406281711 1343.5921022224543 0.9971303779889631
-77.44776642251828 1337.671170827112 0.9971335484430421
-109.74654359102131 1332.332266888735 0.9971364039750925
-142.0935251641441 1325.4807787472978 0.9971400639855419
-174.43078387309282 1317.1052543686524 0.9971445312124592
-220.56408746711787 1307.4294199331355 0.9971496825320473
-266.73760191097256 1295.4586262752355 0.9971560416747064
-326.885757159675 1280.6625409714518 0.9971638803426509
-415.19887039538776 1261.0086051667292 0.9971742562505103
-531.8927310999861 1234.2386335799442 0.9971883224837049
-691.2580045427756 1196.4857549812732 0.997208030169931
-950.2736698088114 1136.543207842186 0.997239012570536
NaN NaN NaN
NaN NaN NaN
-1464.4519051833881 -1405.893859746947 0.9969948793177336
-1437.9496075938443 -1416.739435619328 0.9970010110151218
-1407.6637864401278 -1432.6503276307378 0.9970099821287137
-1381.8046207370369 -1449.4508384985309 0.9970194235240245
-1355.7790208078377 -1468.9769634680417 0.9970303563584368
-1344.291929870995 -1487.9335965501157 0.9970409290626469
-1320.2785253861623 -1509.6652563551834 0.9970529996703298
-1310.1849878006476 -1530.6231258422913 0.9970645902910147
-1287.071186845017 -1553.568375556322 0.9970772237557222
-1277.0006111836694 -1576.2858066526285 0.9970896741086581
-1266.5645903855598 -1599.992525011962 0.9971026057388729
-1255.6202970070249 -1624.6502086166854 0.9971159904279999
-1244.056668318893 -1650.214132254382 0.9971297966909767
-1231.783658272665 -1676.6358202327729 0.9971439913299626
-1218.7247723763235 -1703.8650386325269 0.9971585405938702
-1204.8195400271352 -1731.846516099234 0.997173408509216
-1201.9357700567978 -1762.3189165962115 0.997189504486185
-1186.0102127048592 -1791.9814032437553 0.9972050776035428
-1180.6583057929831 -1824.7251192028605 0.9972221601958454
-1173.9014885571305 -1858.6890111224507 0.9972397601730862
-1165.6852520696134 -1893.8027124713494 0.9972578292562257
-1156.2580458543152 -1929.9048337135498 0.9972762736027432
-1145.7825758746883 -1966.8958380674474 0.9972950328497711
-1134.1558339840697 -2004.7643099410361 0.9973140922117608
-1131.9099756278163 -2048.0503841463956 0.9973357001834143
-1128.02222853389 -2092.837085441047 0.9973578589812422
-1112.0820984538298 -2133.825113508152 0.9973779631586056
-1104.7812108089195 -2181.129105117794 0.9974009590142355
-1105.5053967441224 -2235.718581587086 0.9974272245507564
-1094.087030634703 -2285.983395499917 0.997451154204878
-1090.1336786561537 -2344.0754330920176 0.9974785088753942
-1083.597111980318 -2403.960107877677 0.9975063733374477
-1074.379711744373 -2465.535052628476 0.9975346746547633
-1071.3030646446641 -2536.354725880288 0.9975667924290073
-1064.901703908676 -2609.309839971797 0.9975994013621368
-987.677672479684 -2618.015250484941 0.9976032604270225
-911.2723044379815 -2624.4567429914077 0.9976061115406605
-835.7688712045898 -2628.677729964656 0.9976079778088696
-761.2472055750835 -2630.7254676826965 0.9976088826227292
-694.9642971777135 -2639.5363208471517 0.9976127715191393
-629.1852121005038 -2646.5807616306097 0.9976158757861441
-563.969341592232 -2651.8854554604904 0.9976182104851067
-499.37482725729046 -2655.4797949558097 0.9976197910018663
-435.4584901657459 -2657.395788123742 0.9976206330407229
-372.2757620850354 -2657.667952841596 0.9976207526249689
-315.1204746419028 -2666.054845801781 0.9976244344512065
-253.2295995867164 -2663.2532898317836 0.9976232052688166
-196.7894999301124 -2668.8457019636603 0.9976256582472807
-140.60465542184048 -2673.1266545215085 0.9976275341127016
-84.71265546022772 -2676.107314644365 0.9976288392465068
-29.154785125583146 -2677.8058745284866 0.9976295826388683
26.03219930378367 -2678.236674538533 0.9976297711423986
80.80805846641191 -2677.4225368438697 0.9976294148894483
132.65114100664394 -2685.7965778679268 0.9976330764311208
186.8511902947827 -2682.588375107005 0.9976316743796326
238.75304562008665 -2688.7019953388817 0.9976343453749772
292.23849577808494 -2683.153578961807 0.9976319214514715
344.0690896727101 -2687.0203652026794 0.9976336110122317
395.99375388970645 -2689.7852734581083 0.9976348183070752
447.98117944548767 -2691.4453852696674 0.9976355428694375
500 -2691.9989503125144 0.9976357844210506
552.0188205545121 -2691.4453852696674 0.9976355428694375
604.0062461102934 -2689.7852734581083 0.9976348183070752
655.9309103272906 -2687.0203652026794 0.9976336110122317
707.7615042219144 -2683.153578961807 0.9976319214514715
761.2469543799118 -2688.7019953388817 0.9976343453749772
813.1488097052184 -2682.588375107005 0.9976316743796326
867.3488589933552 -2685.7965778679268 0.9976330764311208
919.1919415335873 -2677.4225368438697 0.9976294148894483
973.9678006962151 -2678.236674538533 0.9976297711423986
1029.1547851255814 -2677.8058745284866 0.9976295826388683
1034.6007356444995 -2546.6285972252704 0.9975714137097106
1040.5325183232706 -2440.093966580901 0.9975230240191835
1048.8968934780899 -2356.2011317701877 0.9974841782623318
1056.8878178478071 -2284.3808684565056 0.9974503950350277
1065.4699085606842 -2223.7669450776802 0.9974214988304831
1070.390031300907 -2165.6496374003445 0.9973934581967049
1082.6181561920823 -2125.1206706737107 0.9973737076537368
1086.7420644273045 -2078.861534984198 0.9973509659331946
1099.8259326815482 -2048.360339932272 0.9973358542289347
1104.9517834793496 -2012.3329237493285 0.9973178840502296
1114.0719033101127 -1984.063180333648 0.9973036913410712
1121.3116915077478 -1956.843537811017 0.997289948911298
1133.6221781952938 -1936.3068901262056 0.9972795303321834
1144.6250062111196 -1916.3665169987655 0.997269372745626
1154.3435541499287 -1897.069908139412 0.99725950399617
1162.8022152011151 -1878.4614154547544 0.9972499506012144
1170.0268541593214 -1860.5821832590384 0.9972407376541543
1184.1288297063068 -1847.6256400499988 0.9972340404484646
1189.1754913103018 -1831.013220566934 0.9972254278000862
1201.5764102593002 -1818.8310253102698 0.9972190935595989
1213.2565241457103 -1806.945113078929 0.9972128983058722
1215.288193367306 -1792.2884873330102 0.9972052383375173
1225.3490131993585 -1781.3143305443518 0.9971994880393176
1234.7218034092175 -1770.695055465835 0.9971939115230628
1243.4171017686137 -1760.4467067422415 0.9971885184163877
1261.1611381230625 -1752.6371674375018 0.9971844011965565
1268.711058489041 -1742.9168737605414 0.9971792675210449
1275.607405410399 -1733.6093962085072 0.9971743423964636
1281.8595367367384 -1724.725800567945 0.9971696329112137
1297.9304435266981 -1717.3472520319403 0.997165714858647
1303.092072180939 -1709.0893479242282 0.9971613229190819
1318.4470318524284 -1701.891447783763 0.9971574887471568
1322.5424828052103 -1694.2995843934464 0.9971534386620631
1337.1993602922005 -1687.326311411396 0.9971497130935787
1340.2569865173848 -1680.4339813265124 0.9971460255994156
1354.2372840670903 -1673.7268424895678 0.997142432243243
1367.9828934365357 -1667.062995223971 0.997138857246365
1369.617977632734 -1661.1598503469077 0.9971356863182357
1382.7306547504566 -1654.823851651824 0.9971322786605098
1395.633417686276 -1648.567347325159 0.9971289094658926
1408.3324938030778 -1642.4071617354948 0.9971255879687427
1408.193432474892 -1637.881971929338 0.9971231454015298
1420.2904011944674 -1632.1703941001547 0.9971200592605212
1432.3047455519577 -1626.5721755941543 0.9971170309067248
1444.3035330590887 -1621.090089626087 0.9971140620473694
1456.3724799403813 -1615.726193390416 0.9971111540040541
1468.6339189170149 -1610.477845885121 0.9971083055479137
1481.2700125560723 -1605.3342322834455 0.9971055109967742
1494.569259769265 -1600.2689668527335 0.9971027561676776
1507.4790590369296 -1595.7402163834881 0.9971002907384149
NaN NaN NaN
NaN NaN NaN
NaN NaN NaN
NaN NaN NaN
NaN NaN NaN
NaN NaN NaN
NaN NaN NaN
NaN NaN NaN
NaN NaN NaN
NaN NaN NaN
NaN NaN NaN
NaN NaN NaN
NaN NaN NaN
NaN NaN NaN
NaN NaN NaN
NaN NaN NaN
NaN NaN NaN
982.2239542833236 1359.7040737894756 0.9971217312601522
963.0869058373758 1361.8722197463992 0.9971205655312941
956.3377082686445 1367.5009241049372 0.99711753679613
937.1201555872937 1368.557961165861 0.9971169676315479
929.9514174981565 1373.7551234064463 0.997114167427158
910.7389007894541 1373.721642643456 0.9971141854758812
903.2030696616957 1378.4880676604062 0.9971116147686241
884.0800835535604 1377.3889480391128 0.9971122077847698
876.2294862562901 1381.728023092829 0.9971098659211349
868.1213075661163 1386.0053719532643 0.9971075553514702
849.1657926638397 1383.5101059006104 0.9971089035064724
840.8133338397903 1387.363289953779 0.9971068214015562
832.2275219160664 1391.1473346859307 0.9971047750705087
823.4142414374566 1394.8576760621684 0.9971027670692536
804.8394543077097 1390.6825795759687 0.9971050264849182
795.8706159390983 1393.9753882310085 0.9971032446921068
786.6991792613849 1397.1890027992947 0.9971015046033193
777.3314281847661 1400.319302259865 0.997099808535339
767.7737806858817 1403.3622503653055 0.9970981587625448
758.0327844156111 1406.313903320497 0.9970965575122214
740.3500154061882 1399.9427164519407 0.9971000126352154
730.578405990659 1402.4928547463367 0.9970986302204046
720.6488935375369 1404.9492203832715 0.9970972979621145
710.5682797524447 1407.3084422835805 0.9970960177658263
700.3434695698908 1409.5672710890235 0.9970947914714573
689.9814664311435 1411.7225853835264 0.997093620849466
679.4893674958254 1413.7713976464966 0.9970925075971022
668.8743587901295 1415.7108599293285 0.9970914533348115
658.1437102946836 1417.538269245923 0.9970904596028012
647.30477097583 1419.2510726704982 0.997089527857775
631.9591285724601 1409.949245705456 0.9970945840458505
621.2824827252764 1411.31062897486 0.9970938446361325
610.5227727038819 1412.5604558853076 0.9970931656361479
599.6873680198147 1413.6968875404518 0.997092548091384
588.783689919786 1414.718249528141 0.9970919929546508
577.8192063125375 1415.6230350986557 0.9970915010840342
566.8014266641641 1416.4099080170408 0.9970910732410544
555.7378968652985 1417.0777050868144 0.9970907100890309
544.6361940735974 1417.625438342193 0.9970904121916594
533.5039215348936 1418.0522969067624 0.9970901800118028
522.3487033870175 1418.3576485165488 0.9970900139104989
511.17817944900355 1418.541040706164 0.997089914146186
