-774.625 -3636.875 0.0000000000000019669408520249572
1650.875 -3726.875 0.000000000000002571202241011937
1746.125 -3781.625 0.000000000042450996888511
261.875 -2600.375 0.0000000000000015586234338247024
-1607.875 -3745.625 0.0000000000000013047943352313858
-1914.625 -3643.625 0.00000000004410279480631656
-1349.125 -3948.125 0.0000000000000013055601050775212
1173.125 -2478.875 0.000000000000003788683315817227
1061.375 -2761.625 0.00000000000000390398185198411
-1634.125 -3734.375 0.0000000000000012959442882254743
458.375 -3839.375 0.000000000000002883760980666496
1503.125 -3827.375 0.000000000000002623539228632182
-1747.375 -3597.125 0.000000000000003350469796505953
1074.875 -2728.625 0.000000000000003891820641105563
-1291.375 -2145.125 0.0000000000000018124765997042095
-803.875 -3585.125 0.0000000000000019703300363548617
1491.125 -3840.125 0.0000000000000026239327074138642
-1721.125 -3635.375 0.0000000000000033565914501346105
1934.375 -3624.875 0.000000000022099695033161104
1903.625 -3500.375 0.000000000044119441683759636
144.875 -3599.375 0.0000000000000030564273374373806
-1637.875 -3953.375 0.000000000020704536734231317
108.875 -3204.875 0.000000000000001599462862670376
186.875 -3021.125 0.0000000000000016080239050706556
1836.875 -3525.125 0.000000000000001590378012184762
1203.125 960.625 0.00000000008272521142106272
1848.125 -3540.125 0.0000000000000015488898741216184
-563.125 -3918.875 0.0000000000000014074372450124785
-324.625 -2309.375 0.000000000000002965932813133649
-391.375 -2046.125 0.0000000000000028125349865076736
2073.875 990.625 0.000000000044454170496650015
1227.875 -2328.875 0.000000000000003718153638039619
1935.875 -3442.625 0.000000000044426313815860135
328.625 -2291.375 0.0000000000000014781579593402233
1687.625 -3878.375 0.0000000000418610072069337
1474.625 896.875 0.00000000007574269835491521
-874.375 -3419.375 0.0000000000000019921864608421705
-1615.375 -3741.875 0.0000000000000013028093431582477
-331.375 -3943.625 0.00000000000000192387837252497
1638.125 -3953.375 0.00000000004140907346846263
-1853.125 -3558.875 0.00000000000000304244958983933
-587.875 -3936.125 0.0000000000000013984713612561967
-2281.375 941.875 0.00000000008119619716004302
-985.375 -3065.375 0.0000000000000019976684452610884
-116.125 -3574.625 0.000000000000001536936798588559
-994.375 -3018.875 0.000000000000001992231966057668
1644.125 -3731.375 0.0000000000000025815009759495433
-452.875 -1784.375 0.00000000000000264520693426176
-518.875 -1302.125 0.0000000000000023132546122374472
-944.875 -3211.625 0.000000000000002003046655453571
-1318.375 -3966.875 0.0000000000000013045077423904783
-452.125 -3876.125 0.000000000000001932984541358778
-404.125 -1993.625 0.0000000000000027798819705237506
-1307.875 -2094.875 0.0000000000000017992069650283056
1280.375 -2178.125 0.000000000000003642398922099577
1263.125 -2228.375 0.000000000000003668168452234795
511.625 -1336.625 0.0000000000000011680701869190996
1596.125 868.375 0.00000000007269642663511285
-1808.875 -3529.625 0.0000000000000032836906043613483
-356.125 -2186.375 0.000000000000002896710778666574
-486.625 -1520.375 0.00000000000000246197054220698
1833.875 -3748.625 0.000000000021709450702165382
-129.625 -3591.125 0.0000000000000015335996037343926
-1721.125 -3824.375 0.000000000021094266070811025
-451.375 -1739.375 0.000000000000002611179382407855
-1818.625 -3524.375 0.0000000000000032578156705028745
-1685.875 -3686.375 0.0000000000000033546824760366128
-260.125 -2631.875 0.0000000000000031333510113482727
57.875 -3306.125 0.0000000000000015891878037859477
1955.375 -3608.375 0.00000000002212908971834677
-1765.375 -3749.375 0.00000000002132392716038841
-229.375 -2829.125 0.0000000000000031961897368663617
-47.125 -3477.875 0.0000000000000015575583991397467
-242.875 -2787.125 0.0000000000000031900811048101095
-887.875 -3369.125 0.0000000000000019934786743089934
1833.125 -3519.875 0.0000000000000016012082714220316
497.375 -1467.875 0.0000000000000012136376633800668
-1004.125 -2959.625 0.0000000000000019836358601641675
2048.375 -3586.625 0.000000000021965700895064788
-662.125 -3995.375 0.0000000000000013740191787767074
-1625.125 -3774.875 0.000000000000003339478026310313
-2156.125 -3235.625 0.00000000002228309649134824
1437.875 -3879.875 0.000000000000002616584941382582
-102.625 -3223.625 0.0000000000000031969874249863866
-485.125 -3858.875 0.0000000000000014324360197191497
1121.375 -2612.375 0.000000000000003846165492412473
1824.125 -3519.875 0.0000000000000016204842916373138
-2374.375 920.125 0.0000000000780748572872961
431.375 -3889.625 0.000000000000003865080690798041
742.625 -4002.875 0.0000000000000027279789957013565
-1948.375 -3612.875 0.00000000004424348279616733
158.375 -3615.875 0.0000000000000030495597910816855
1805.375 -3533.375 0.0000000000000016455369458047068
-1421.875 -3894.125 0.000000000000001308226978527008
-1970.125 -3598.625 0.00000000004427008251522428
-1699.375 -3667.625 0.00000000000000335668900849108
-1952.125 -3415.625 0.000000000022281690995493468
1924.625 791.875 0.00000000006503396660472505
892.625 -3352.625 0.0000000000000039873605051536055
-1673.875 -3987.125 0.00000000004170539556897293
-1211.125 -2407.625 0.000000000000001883534227989863
474.125 -1634.375 0.000000000000001271103288561278
-1763.125 -3853.625 0.0000000000426645178831758
828.875 -3544.625 0.00000000000000395841010696739
1470.125 -3856.625 0.00000000000000262211492587298
-1930.375 -3452.375 0.00000000002218885642088808
261.875 -2538.125 0.0000000000000015409203221275543
243.125 -2787.125 0.0000000000000015950405524050555
-1962.625 -3603.125 0.0000000000442672624519243
447.125 -1756.625 0.0000000000000013113136074138175
1841.375 -3526.625 0.000000000000001575700865704303
-1040.125 -2811.125 0.000000000000001960732024302872
1659.125 -3921.875 0.000000000041601332938782803
390.875 -2046.125 0.0000000000000014062674932538368
1356.875 -1944.125 0.000000000000003516407530807737
-1393.375 -1780.625 0.0000000000000017069524100053779
-1757.125 -3863.375 0.00000000004259206992236773
-1297.375 -2127.875 0.000000000000001808076957688346
-548.875 -3907.625 0.0000000000000014105864822355158
878.375 -3402.875 0.0000000000000039854790857663464
-2139.625 -3600.125 0.00000000004324387336477345
-2123.125 -3245.375 0.00000000002236567265652834
1969.625 -3598.625 0.000000000022135041257612148
1709.375 -3935.375 0.000000000021038319388479427
1147.625 -2545.625 0.0000000000000038180855403902034
1466.375 -1437.875 0.0000000000000031956711654386843
-158.875 -3615.875 0.0000000000000015247798955408428
1829.375 -3521.375 0.0000000000000016103756420621255
325.625 -3758.375 0.000000000000002956246783590178
-1643.875 -3731.375 0.0000000000000012907504879747716
312.875 -3948.125 0.000000000000003834502278366117
-1800.625 -3534.875 0.000000000000003300062748000242
1166.375 -2495.375 0.000000000000003796156899389761
-1474.375 896.875 0.000000000037871349177457626
369.875 -2133.875 0.0000000000000014329049276923055
1013.375 -2914.625 0.0000000000000039526091622405775
-314.875 -2344.625 0.00000000000000298486892920251
485.375 -3858.875 0.0000000000000028648720394382995
-1647.625 -3729.125 0.0000000000000012882076458307698
1941.125 -3433.625 0.00000000004447342028098791
-2080.375 -3264.125 0.000000000022461097148430293
-914.875 -3297.875 0.0000000000000019996103735537305
-508.375 -1353.875 0.000000000000002347602985027068
1569.875 -3771.125 0.0000000000000026205607926947887
-1324.375 -2044.625 0.0000000000000017857304695969645
1034.375 -2826.875 0.000000000000003927304053313391
-1422.625 -1680.875 0.0000000000000016779508994753454
441.125 -3828.125 0.0000000000000028906851912427763
-276.625 -2484.125 0.000000000000003055421691806313
477.875 -1617.125 0.0000000000000012653398412414474
-1254.625 -3999.875 0.0000000000000013037830663547675
-1454.125 -3993.875 0.0000000000000032788675898866983
16.625 -3433.625 0.0000000000000031356028963044554
1892.375 -3519.875 0.000000000044009024809779147
1877.375 -3688.625 0.000000000021914490472295094
-1652.125 -3730.625 0.0000000000000012850423388688325
1413.125 -1713.875 0.0000000000000033753268836577707
-1010.125 -2929.625 0.0000000000000019788120631370986
-1921.375 -3636.875 0.0000000000441385818509011
-1836.625 -3519.875 0.000000000000003183552357182102
-626.125 -3764.375 0.0000000000000019492873012733614
1406.375 -3908.375 0.000000000000002616644542000006
-1205.125 -2424.125 0.0000000000000018874369897136844
-144.625 -3140.375 0.000000000000003210322880407631
-1483.375 -3843.125 0.000000000000001310956589883472
-167.125 -3112.625 0.0000000000000032179997202061754
-1851.625 -3550.625 0.0000000000000030559755975740737
-728.125 -3999.875 0.0000000000000013688647659893786
948.125 -3195.125 0.000000000000004004513760664475
-94.375 -3242.375 0.0000000000000031947468486000463
1887.125 -3529.625 0.00000000004395319660711736
-608.875 -3780.125 0.0000000000000019486383397524325
1828.625 -3516.875 0.0000000000000016117150302323696
-950.875 -3179.375 0.0000000000000020013694000805164
-1622.875 -3975.125 0.000000000020641133014434296
-2003.125 -3586.625 0.000000000044202740150858904
-431.125 -3889.625 0.0000000000000019325403453990204
1791.125 -3542.375 0.0000000000000016574766905940608
131.375 -3177.875 0.000000000000001604062758329696
-1846.375 -3730.625 0.00000000004354355321523807
-226.375 -2863.625 0.000000000000003204922595441988
1588.625 -3755.375 0.000000000000002616052250936238
-1700.875 -3856.625 0.000000000020995801522649635
2498.375 -1717.625 0.000000000051393708288509655
-261.625 -2600.375 0.000000000000003117246867649404
-233.125 -3985.625 0.0000000000000019086151917294114
-1790.125 -3705.875 0.000000000021454277014748674
-428.875 -1889.375 0.0000000000000027133804165462224
382.625 -2081.375 0.0000000000000014170143742645305
-1054.375 -2778.125 0.0000000000000019549601862624903
1925.375 -3461.375 0.00000000004432803374343076
-462.625 -1686.875 0.000000000000002576730863343763
293.375 -3730.625 0.0000000000000029717653940209138
-787.375 -3619.625 0.0000000000000019678585268810915
1607.375 -3745.625 0.0000000000000026095886704627708
-1862.875 -3660.875 0.0000000000000028037435289902658
333.875 -2274.125 0.0000000000000014733031078519404
-1783.375 -3717.125 0.00000000002142167130146325
1373.375 -1847.375 0.0000000000000034520311516449852
-1826.125 -3518.375 0.0000000000000032322593513469006
342.125 -3765.125 0.000000000000002944468313144344
-55.375 -3495.875 0.0000000000000015546493482269825
374.375 -3791.375 0.00000000000000292862098581732
-1556.875 -3779.375 0.0000000000000013109568626322479
-1251.625 -2262.125 0.000000000000001842534522984681
-645.625 -3748.625 0.0000000000000019498070374695643
1780.625 -3553.625 0.0000000000000016639897549962613
1848.125 -3600.875 0.00000000004353960837195664
1800.125 -3534.875 0.000000000000001650031374000121
-1865.125 -3570.125 0.00000000002186018977078978
1053.875 -2778.125 0.000000000000003909920372524981
-485.875 -1582.625 0.000000000000002507613782980251
-482.875 -1537.625 0.000000000000002473544971376727
1927.625 -3630.875 0.000000000022085443566658386
1269.125 -2211.875 0.00000000000000365963403721254
1845.875 -3730.625 0.000000000021771776607619048
-2055.625 -3281.375 0.000000000022485869535900923
261.125 -2508.125 0.0000000000000015312022402939894
-1901.875 -3657.875 0.00000000004402188279638528
-504.625 -1433.375 0.000000000000002404176689584048
1815.125 -3776.375 0.000000000021611588882943506
1863.875 -3682.625 0.0000000000000013807203859867003
1251.125 -2262.125 0.000000000000003685069045969362
5.375 -3406.625 0.0000000000000015748900754729352
1808.375 -3785.375 0.000000000021577968661802045
1947.875 -3612.875 0.000000000022121741398083665
-1865.125 -3705.125 0.00000000004371986959993983
-1776.625 -3834.125 0.00000000004280802555218347
-514.375 -1257.125 0.0000000000000022801415510512
1081.625 -2712.125 0.0000000000000038855791190465895
292.625 -3959.375 0.000000000000003833252296072088
378.125 -2098.625 0.0000000000000014223416761900957
-1820.875 -3522.125 0.0000000000000032494581907533958
-79.375 -3279.125 0.000000000000003189612974995232
-713.125 -3991.625 0.0000000000000013710846218983592
-2012.875 -3585.875 0.00000000004415925055200841
403.625 -1993.625 0.0000000000000013899409852618753
261.125 -2553.875 0.0000000000000015453717421820717
-432.625 -1871.375 0.00000000000000270210782249511
1813.625 -3663.875 0.00000000004316477415294274
33.125 -3469.625 0.00000000000000312502318493647
-1861.375 -3639.875 0.0000000000000028464082530370935
198.125 -3012.875 0.0000000000000016108151484006627
1845.875 -3536.375 0.0000000000000015591613279273913
-1335.625 -3954.875 0.000000000000001303707278168789
1647.125 -3729.125 0.0000000000000025764152916615397
1941.125 -3618.875 0.000000000022111863522288674
-1616.125 -3985.625 0.000000000020609739048388
408.125 -1976.375 0.0000000000000013844511228934255
926.375 -3249.125 0.000000000000003997187383190766
1807.625 -3674.375 0.00000000004310134224923563
-261.625 -2523.125 0.0000000000000030722319347641597
1562.375 -3862.625 0.0000000000000016579773834719118
-382.375 -2081.375 0.0000000000000028340287485290535
-1811.875 -3525.875 0.0000000000000032760811168346845
1861.625 -3634.625 0.000000000000001428559814070216
-1736.875 -3894.125 0.0000000000423725680533419
-1883.125 -3681.125 0.000000000043880610647540685
2139.875 -3600.125 0.00000000002162193668238673
-1739.875 -3609.125 0.0000000000000033530778695398646
1545.125 -3886.625 0.0000000000000016560208580250513
-1499.125 -3944.375 0.000000000000003297756250111762
1447.625 -3874.625 0.0000000000000026196096236244653
518.375 -1239.875 0.0000000000000011343748850581712
-1991.875 -3354.875 0.00000000002241286602265622
-1160.125 -2512.625 0.0000000000000019017760936119087
-504.625 -1371.125 0.000000000000002359069702533664
-173.125 -3093.875 0.0000000000000032183736575105613
-407.125 -3810.125 0.0000000000000014546632395644844
365.375 -2151.875 0.0000000000000014380953671539025
1789.625 -3705.875 0.00000000004290855402949734
338.375 -2256.875 0.0000000000000014683975926345937
-613.375 -3954.125 0.0000000000000013895325863883006
271.625 -2493.125 0.00000000000000000007041777050519975
-1262.875 -2228.375 0.000000000000001834084226117398
-1807.375 -3674.375 0.000000000021550671124617815
-1859.875 -3610.625 0.00000000000000291087159305374
1994.375 -3588.875 0.000000000022116243812341086
144.875 -3140.375 0.0000000000000016051618158118486
152.375 -3121.625 0.000000000000001605583269219903
-834.625 -3528.125 0.0000000000000019804086133493204
574.625 -3930.125 0.000000000000002808128389911886
-489.625 -1565.375 0.0000000000000024960067198432856
626.375 -3764.375 0.000000000000003898574602546723
1215.875 -2361.875 0.000000000000003734317153499784
981.125 -3081.125 0.0000000000000039985380132338375
-1898.125 -3510.125 0.000000000022032300187237353
102.125 -3223.625 0.0000000000000015984932726406717
2281.625 941.875 0.00000000004059809858002151
1862.375 -3660.875 0.0000000000000014018717248498635
1859.375 -3606.125 0.0000000000000014608202564886467
1896.125 -3665.375 0.00000000002198861984981935
-1903.375 -3500.375 0.000000000022059720841879825
1824.875 -3642.875 0.0000000000432913695628087
1346.375 -1977.875 0.0000000000000035349096243593114
1153.625 -2529.125 0.000000000000003810859411498701
-2034.625 -3301.625 0.000000000022484258666818343
432.875 -1871.375 0.000000000000001351053911247555
309.125 -3744.875 0.0000000000000029640441838164593
203.375 -2976.875 0.000000000000001609053155863479
171.875 -3632.375 0.0000000000000030425191422294264
224.375 -2880.875 0.0000000000000016043441591426009
955.625 -3163.625 0.00000000000000400075433927182
-2499.625 3999.625 NaN
2021.375 -3315.875 0.00000000004494377045360996
550.625 -3815.375 0.000000000000003882693450618591
-1351.375 -1960.625 0.0000000000000017628385143175226
-923.125 -3264.875 0.0000000000000019990292542329714
-1547.125 -3789.875 0.0000000000000013116650584064203
-1855.375 -3572.375 0.0000000000000029998039002074957
965.375 -3116.375 0.000000000000003993632430372638
-1592.125 -3756.875 0.0000000000000013079922624194947
-1469.875 -3856.625 0.0000000000000013110574629364897
1254.875 -3999.875 0.000000000000002607566132709535
-1792.375 -3546.125 0.000000000000003313204722755535
1108.625 -2645.375 0.0000000000000038596723888938965
-1486.375 -3958.625 0.000000000000003289290291156343
212.375 -3996.875 0.000000000000003815857534018286
922.625 -3264.875 0.0000000000000039980585441863984
-399.625 -2011.625 0.0000000000000027908173764141814
-144.625 -3599.375 0.0000000000000015282136687186903
-374.125 -3791.375 0.00000000000000146431049290866
-187.375 -3639.875 0.0000000000000015157568595089784
-955.375 -3163.625 0.00000000000000200037716963591
-1723.375 -3914.375 0.00000000004222491765965918
984.875 -3065.375 0.0000000000000039953368905221736
360.875 -2169.125 0.0000000000000014432411385195993
450.875 -1739.375 0.0000000000000013055896912039274
-1805.125 -3533.375 0.000000000000003291073891609412
-261.625 -2584.625 0.00000000000000310864641646359
1138.625 975.625 0.00000000008433371745551337
-1121.875 -2612.375 0.0000000000000019230827462062365
87.125 -3260.375 0.0000000000000015961626914430078
1383.125 -1814.375 0.0000000000000034330286067122924
-455.125 -1721.375 0.000000000000002599707279618279
-1221.625 -2345.375 0.0000000000000018631339869711548
1134.875 -2578.625 0.000000000000003832298262029687
1746.875 -3597.125 0.0000000000000016752358279963627
-1974.625 -3379.625 0.000000000022362437045192714
-1985.875 -3591.875 0.000000000044253710874677955
797.375 -3602.375 0.000000000000003938027772310483
1674.875 -3704.375 0.0000000000000016767222510610457
1789.625 -3814.625 0.000000000021474656317324158
969.125 -3099.875 0.000000000000003990894329824572
-2138.875 975.625 0.00000000008639383446041239
285.875 -2449.625 0.0000000000000015192664394862322
1318.625 -3966.875 0.0000000000000026090154847809566
1630.625 -3964.625 0.00000000004134544639119643
-313.375 -3948.125 0.0000000000000019172511391830583
1395.125 -3914.375 0.00000000000000261319178727785
504.875 -1371.125 0.0000000000000011795348512668532
1957.625 -3406.625 0.00000000004460601689976932
-1863.625 -3671.375 0.000000000000002782541332104333
-1864.375 -3687.875 0.00000000000000275093162634531
-1862.875 -3666.125 0.0000000000000027931303115987647
1074.125 990.625 0.00000000008593146663091875
1733.375 -3802.625 0.00000000004231984606503209
1839.125 -3525.125 0.000000000000001585531926893745
2048.375 -3288.125 0.000000000044976051658376564
-1977.625 -3594.875 0.000000000044265871568870706
261.875 -2523.125 0.0000000000000015361159673820798
-893.125 -3352.625 0.0000000000000019936802525768027
774.875 -3636.875 0.0000000000000039338817040499145
735.875 -3677.375 0.000000000000003916614084361409
-1858.375 -3713.375 0.00000000004366266212505657
1857.125 -3583.625 0.000000000000001483804117980509
-1833.625 -3748.625 0.000000000043418901404330765
-445.375 -1819.625 0.0000000000000026680403046971297
-981.625 -3081.125 0.0000000000000019992688242098218
888.125 -3369.125 0.000000000000003986957348617987
999.875 -2988.875 0.0000000000000039763023016993736
1665.875 -3997.625 0.000000000020815684902610862
855.125 -3459.125 0.000000000000003968922052218367
-325.375 -3758.375 0.0000000000000014781233917950899
1499.375 -3944.375 0.0000000000000016488781250558823
1857.875 -3600.875 0.0000000000000014622723829297994
-2021.875 -3315.875 0.000000000022471885226804972
-260.125 -2664.125 0.000000000000003148860013138472
-1908.625 -3490.625 0.000000000022086518413460447
-1769.875 -3843.875 0.0000000000427365210430854
608.375 -3780.125 0.000000000000003897276679504865
-1088.125 -2694.875 0.0000000000000019396223106806305
1782.875 -3824.375 0.00000000002143948774109426
441.125 -1836.875 0.000000000000001339710492311985
-1863.625 -3676.625 0.0000000000000027719777204946786
599.375 -3948.125 0.0000000000000027901942964566913
1179.125 -2462.375 0.000000000000003781133733961207
1009.625 -2929.625 0.000000000000003957623623942373
-1422.625 -1634.375 0.000000000000001659451634388944
-1154.125 -2529.125 0.0000000000000019054292559621658
-12.625 -3388.625 0.000000000000003154297270138868
357.875 -3778.625 0.0000000000000029364994744912557
-466.375 -1669.625 0.000000000000002565230272007239
-1138.375 975.625 0.000000000042166858727756686
-1860.625 -3620.375 0.0000000000000028893484137201542
1749.875 -3873.875 0.000000000021259614552182362
-1601.125 -3751.625 0.0000000000000013064636189887723
1625.375 -3774.875 0.000000000000001669740306192777
1952.375 -3415.625 0.00000000004456338199098694
1921.625 -3636.875 0.000000000022069290925450556
-959.875 -3147.125 0.000000000000001999297191172456
492.875 -3849.125 0.000000000000003867895624484667
249.125 -2671.625 0.0000000000000015730409904440445
-412.375 -3902.375 0.0000000000000019319368980333837
-1437.625 -3879.875 0.0000000000000013082921458451856
1770.125 -3843.875 0.000000000021368260521542704
216.125 -3671.375 0.000000000000003017210464139015
-1447.375 -3874.625 0.0000000000000013098044878967447
271.625 -2502.125 0.0000000000000015318353873655368
-1274.875 -2194.625 0.0000000000000018255217672642184
1977.875 -3594.875 0.00000000002213293578443536
-926.125 -3249.125 0.000000000000001998593693365687
1830.875 -3520.625 0.0000000000000016058172522869889
-2498.875 -1706.375 0.00000000002572171562628001
-1652.125 -3932.375 0.00000000002076854806729928
260.375 -2664.125 0.000000000000001574430006569236
2474.375 896.875 0.000000000037465693129979216
1008.125 -2943.875 0.0000000000000039626124359094796
1752.875 -3770.375 0.000000000042516925886173455
507.875 -1416.125 0.0000000000000011963209501883353
1857.875 -3596.375 0.0000000000000014676579935545116
-997.375 -3003.875 0.000000000000001990265680433167
2160.125 736.375 0.00000000006015995184305964
1854.125 -3564.875 0.0000000000000015105953121072857
-471.625 -3852.125 0.0000000000000014382759046025172
1870.625 -3560.375 0.0000000000437796741462496
-247.375 -3693.875 0.000000000000001499275377402052
-2499.625 -1763.375 0.00000000002555976826469745
1603.625 -3804.875 0.0000000000000016654790772058659
1694.375 -3867.875 0.00000000004192618784544144
-599.125 -3948.125 0.0000000000000013950971482283457
-762.625 -3642.875 0.0000000000000019603944026604574
2071.625 -3270.125 0.00000000004494625039332478
-1759.375 -3759.875 0.00000000002129117458967062
2499.125 -1740.125 0.000000000051270205745479075
531.125 -3829.625 0.000000000000003881588792370444
1863.125 -3671.375 0.000000000000001391270657620802
-207.625 -2941.625 0.0000000000000032134410251278832
1557.125 -3779.375 0.0000000000000026219137252644973
1777.625 -3727.625 0.00000000004277806608377621
-329.125 -2291.375 0.0000000000000029563159186804466
-338.125 -2256.875 0.0000000000000029367951852691696
-1914.625 -3480.875 0.00000000002211300487267188
-372.625 -3919.625 0.0000000000000019249374841679294
1598.375 -3750.125 0.0000000000000026131037542222075
-1750.375 -3873.875 0.000000000042519229104364725
1408.625 -1731.125 0.0000000000000033850159210222437
510.875 -3843.875 0.000000000000003880706499225163
66.125 -3288.125 0.0000000000000015907269266945812
549.125 -3907.625 0.0000000000000028211729644710316
-1166.875 -2495.375 0.000000000000001898078449694883
935.375 -3216.125 0.0000000000000039947876542255224
-1001.875 -2973.875 0.0000000000000019859462310185162
-1919.875 -3471.125 0.000000000022138851525423125
-473.875 -1634.375 0.000000000000002542206577122556
-1814.875 -3776.375 0.00000000004322317776588701
-991.375 -3033.875 0.0000000000000019941547009362905
-2474.875 896.875 0.0000000000749313862599584
462.875 -1686.875 0.0000000000000012883654316718815
944.375 -3211.625 0.000000000000004006093271009645
-2498.875 -1740.125 0.000000000025635102872739528
-1630.375 -3964.625 0.000000000020672723195598213
962.375 -3131.375 0.000000000000003996216421523391
262.625 -3708.875 0.0000000000000029910437723022423
470.375 -1652.375 0.0000000000000012768607449563772
-333.625 -2274.125 0.000000000000002946606215703877
-1403.125 -1747.625 0.0000000000000016973334362975266
-458.875 -1704.125 0.0000000000000025882239367527777
481.625 -1599.875 0.0000000000000012595753262098246
420.875 -1923.875 0.0000000000000013678533498466868
-500.875 -1450.625 0.0000000000000024157214001784576
1812.125 -3525.875 0.0000000000000016380405584173439
-851.875 -3476.375 0.0000000000000019834776277390017
1378.625 -3928.625 0.0000000000000026137460416723128
-638.125 -3976.625 0.0000000000000013831603382006271
1515.875 -3814.625 0.000000000000002623196895934753
-1233.625 -2311.625 0.0000000000000018549878415396015
245.375 -2753.375 0.0000000000000015894631143329077
201.875 -3655.625 0.000000000000003024403458672381
1329.875 -2027.375 0.000000000000003562383742687443
-1537.375 -3801.125 0.0000000000000013122984796433926
-911.125 -3314.375 0.0000000000000019997355042925003
-351.625 -2204.375 0.000000000000002906852180816652
-829.375 -3544.625 0.0000000000000019792049266814702
-1934.125 -3624.875 0.00000000004419939006632221
1827.875 -3757.625 0.00000000002167736970944429
1436.375 -1584.125 0.000000000000003289438195202469
173.375 -3093.875 0.0000000000000016091868287552806
1727.375 -3813.875 0.00000000004225413657923166
-947.875 -3195.125 0.000000000000002002256925535254
1860.125 -3620.375 0.0000000000000014446742694491707
1365.875 -3935.375 0.000000000000002610035951876256
2138.375 -3240.875 0.00000000004465191540895436
1068.125 -2745.125 0.000000000000003897948534116358
2089.625 -3259.625 0.000000000044891243058061965
-1418.125 -1650.875 0.0000000000000016643422519920402
1764.125 -3579.125 0.0000000000000016710910458614413
-1658.125 -3727.625 0.0000000000000012795543527457148
918.125 -3281.375 0.00000000000000399876762986668
331.625 -3943.625 0.00000000000000384775674504994
1572.125 -3852.125 0.0000000000000016614048455255899
-1687.375 -3878.375 0.000000000020930503603466842
1862.375 -3650.375 0.0000000000000014125182069048161
-86.875 -3260.375 0.0000000000000031923247539969213
-2041.375 -3294.875 0.00000000002248755393657379
-200.125 -2994.875 0.000000000000003220011976013257
1652.375 -3730.625 0.0000000000000025700842242074494
-510.625 -3877.625 0.0000000000000014230403646782
-137.875 -3159.125 0.0000000000000032093466165153716
261.875 -2616.125 0.0000000000000015628038871154182
1652.375 -3932.375 0.00000000004153709613459857
-500.875 -1388.375 0.0000000000000023705450269905934
-1707.625 -3846.125 0.000000000021028377998531665
-1941.625 -3433.625 0.000000000022236710140493945
2012.375 -3585.875 0.0000000000220796252760042
-1674.625 -3704.375 0.000000000000003353441553636916
2055.875 -3281.375 0.000000000044971739071801846
1532.375 -3801.125 0.0000000000000026236093476223478
-1729.375 -3621.875 0.000000000000003355143723584181
-424.375 -1906.625 0.0000000000000027245628348756547
-2048.125 -3288.125 0.000000000022488025829188288
645.875 -3748.625 0.000000000000003899614074939129
1862.375 -3655.625 0.000000000000001407189651199658
1765.625 -3749.375 0.00000000004264785432077682
219.875 -2916.125 0.0000000000000016076516926594754
497.375 -3870.875 0.00000000000000285774224998785
-152.125 -3121.625 0.0000000000000032111655675464407
-1836.625 -3621.875 0.000000000021708219323712423
1712.375 -3650.375 0.000000000000001678757188261596
-341.875 -3765.125 0.000000000000001472234156572172
-2027.875 -3308.375 0.0000000000224791238736667
231.125 -2811.875 0.0000000000000015957708102136278
393.875 -3906.875 0.000000000000003850840115611034
-251.875 -3981.875 0.000000000000001915364660662913
2374.625 920.125 0.00000000003903742864364805
1786.625 -3549.125 0.0000000000000016604422814394802
-1795.375 -3695.375 0.000000000021486363835350313
-1034.875 -2826.875 0.0000000000000019636522527781467
-293.875 -3730.625 0.0000000000000014858826970104569
1808.375 -3529.625 0.0000000000000016418453021806741
-1280.125 -2178.125 0.0000000000000018211994610497887
222.125 -2898.875 0.000000000000001606066452935589
1795.625 -3804.875 0.000000000021509488163467168
-2498.125 -1728.125 0.000000000025668724519081374
804.125 -3585.125 0.0000000000000039406600727097234
-1856.125 -3579.875 0.0000000000000029783544085913547
-360.625 -2169.125 0.0000000000000028864822770391935
51.125 -3324.875 0.0000000000000015875281542720584
8.375 -3414.875 0.000000000000003140475232154196
-309.625 -3744.875 0.0000000000000014820215782540032
2099.375 -3254.375 0.000000000044848652728137705
1980.125 -3371.375 0.000000000044760518950361846
319.625 -2326.625 0.0000000000000014877289401281988
300.875 -2397.125 0.0000000000000015061311269338547
1707.125 -3846.125 0.00000000004205675599706333
291.125 -2431.625 0.0000000000000015149470056194345
-365.125 -2151.875 0.0000000000000028761901525283302
178.625 -3075.125 0.0000000000000016091983311951098
1852.625 -3722.375 0.00000000002180192616231426
-1889.875 -3672.875 0.000000000043930086834867965
-1688.125 -3966.125 0.00000000004185378535258089
-171.625 -3632.375 0.000000000000001521259571114699
1547.375 -3789.875 0.0000000000000026233301168128406
-1801.375 -3684.875 0.00000000002151855357111209
1743.875 -3883.625 0.00000000002122302281069163
1205.375 -2424.125 0.000000000000003774872660424853
416.375 -1941.125 0.0000000000000013734049828104324
727.625 -3999.875 0.0000000000000027377295319787555
-1026.625 -2883.125 0.0000000000000019756899061439986
-1628.125 -3735.125 0.0000000000000012985197816047573
243.125 -2770.625 0.0000000000000015922462408938682
1902.125 -3657.875 0.000000000022010941398192637
-1172.875 -2478.875 0.000000000000001894341657908615
-286.375 -2449.625 0.0000000000000030385328789724645
-2034.625 -3585.125 0.00000000004402679741221946
2156.375 -3235.625 0.00000000004456619298269648
-1245.625 -2278.625 0.0000000000000018467163527701285
-492.625 -3849.125 0.0000000000000019339479806815145
1842.875 -3528.125 0.000000000000001570721728027939
1662.875 -3723.125 0.0000000000000016759294667777822
-1569.625 -3771.125 0.0000000000000013102803963473943
-260.875 -2553.875 0.000000000000003090743484364143
-1858.375 -3600.875 0.0000000000000029245447658595988
-2498.125 -1717.625 0.000000000025696854144254827
-518.125 -1239.875 0.0000000000000022687497701163425
-227.125 -2846.375 0.000000000000003200572857896147
1422.875 -1634.375 0.000000000000003318903268777888
1257.125 -2244.875 0.000000000000003676648754451331
1601.375 -3751.625 0.000000000000002612927237977545
-685.375 -3993.125 0.0000000000000013706067101417749
2498.375 -1728.125 0.00000000005133744903816275
229.625 -2829.125 0.0000000000000015980948684331816
1367.375 -1911.125 0.0000000000000034977598644578103
-1895.875 -3665.375 0.00000000004397723969963869
1854.875 -3568.625 0.0000000000000015052496953953915
-508.375 -1416.125 0.0000000000000023926419003766706
-1127.875 -2595.875 0.0000000000000019196403232293233
-1024.375 -2897.375 0.000000000000001978497362615133
-50.875 -3324.875 0.000000000000003175056308544117
436.625 -1854.125 0.0000000000000013453906231694162
24.125 -3451.625 0.0000000000000031304639450119273
-1985.875 -3363.125 0.00000000002239709343527849
-1733.875 -3802.625 0.000000000021159923032516045
453.125 -1784.375 0.0000000000000013226031119696613
1140.875 -2562.125 0.000000000000003825233072305781
1861.625 -3645.125 0.000000000000001417856667041604
874.625 -3419.375 0.000000000000003984372921684337
1349.375 -3948.125 0.000000000000002611119631917015
-1946.875 -3424.625 0.000000000022259544611271904
-1870.375 -3560.375 0.0000000000218898370731248
1560.875 -3780.125 0.0000000000000026224557094051634
-1650.625 -3726.875 0.0000000000000012856015697170036
514.625 -1257.125 0.0000000000000011400707755256
92.375 -3540.125 0.0000000000000030867874589884396
2041.625 -3294.875 0.00000000004497510787314758
-1115.125 -2628.875 0.0000000000000019264813076140214
-65.125 -3513.875 0.000000000000001551622222858754
1985.375 -3591.875 0.00000000002212685543733897
-1631.875 -3768.875 0.000000000000003343773225836495
-736.375 -3677.375 0.000000000000001958307042180704
-248.875 -2703.875 0.0000000000000031603691349981524
-412.375 -1959.125 0.0000000000000027578812908873564
1047.125 -2794.625 0.000000000000003915743652178553
-446.875 -1756.625 0.0000000000000026226281478529412
-1340.875 -1994.375 0.000000000000001772053932967269
-1886.875 -3529.625 0.000000000021976598303558675
-1545.625 -3886.625 0.0000000000000033120417160501026
-1621.375 -3737.375 0.000000000000001300884467063038
347.375 -2221.625 0.0000000000000014584597831851962
-1862.125 -3650.375 0.0000000000000028250364138096323
-965.125 -3116.375 0.0000000000000019968163213370082
310.625 -2361.875 0.0000000000000014970816997304635
2498.375 -1706.375 0.00000000005144343125256001
-272.125 -3970.625 0.0000000000000019160388085502366
-393.625 -3906.875 0.0000000000000019254200578055176
233.375 -3985.625 0.0000000000000038172299908021145
-1817.875 -3519.875 0.0000000000000032602744184130067
-1533.625 -3900.125 0.0000000000000033034386909683036
93.875 -3242.375 0.0000000000000015973734243000231
-1715.875 -3924.875 0.0000000000421508349991298
-5.875 -3406.625 0.0000000000000031497801509458703
-290.875 -2431.625 0.0000000000000030298940112388624
-1598.875 -3750.125 0.0000000000000013065516062976906
-261.625 -2616.125 0.000000000000003125607869197805
-1994.125 -3588.875 0.00000000004423248762468217
12.875 -3388.625 0.000000000000001577148635069434
-489.625 -1503.125 0.0000000000000024503998127192546
-1732.375 -3621.875 0.0000000000000033552893552744174
1587.875 -3828.875 0.0000000000000016633465758578826
295.625 -2414.375 0.000000000000001510567676653647
2499.125 -1696.625 0.00000000005148687591972161
819.125 -3550.625 0.000000000000003945372999778224
1914.875 -3643.625 0.000000000022051397403158288
1454.375 -3993.875 0.000000000000001639433477345755
1680.125 -3889.625 0.00000000004179553962376855
-1202.875 960.625 0.00000000004136260571053136
-1335.625 -2010.875 0.000000000000001776632592971251
1732.625 -3621.875 0.0000000000000016776446776372233
-1780.375 -3553.625 0.0000000000000033279795099925226
390.875 -3798.125 0.000000000000002916843049641481
1608.125 -3996.125 0.000000000041156690284012966
271.625 -3970.625 0.0000000000000038320774923545615
-1925.125 -3461.375 0.00000000002216401687171536
1859.375 -3610.625 0.0000000000000014554356506684281
276.125 -2484.125 0.0000000000000015277108459031572
1335.125 -3954.875 0.000000000000002607414556337578
-1378.375 -1830.875 0.0000000000000017212715801565774
590.375 -3785.375 0.000000000000003884630348223589
-377.875 -2098.625 0.0000000000000028446831518630648
64.625 -3513.875 0.000000000000003103245791768108
1853.375 -3591.125 0.00000000004360085027632949
1722.875 -3914.375 0.0000000000211124588298296
1851.875 -3555.875 0.0000000000000015265134247079872
1591.625 -3756.875 0.000000000000002615984524838991
46.625 -3477.875 0.0000000000000031151167982794906
840.125 -3510.875 0.000000000000003963024901623779
1341.125 -1994.375 0.0000000000000035441062861207755
351.875 -2204.375 0.000000000000001453426090408326
1849.625 -3545.375 0.0000000000000015384844590537336
1818.875 -3524.375 0.0000000000000016289084117818145
1095.125 -2678.375 0.000000000000003872818739693605
1221.875 -2345.375 0.0000000000000037262679739423096
1673.375 -3987.125 0.00000000002085269778448647
637.625 -3976.625 0.0000000000000027663206764012535
452.375 -3876.125 0.000000000000003865969417807966
588.125 -3936.125 0.0000000000000027969419224479838
1657.625 -3728.375 0.000000000000002559108272301786
-1638.625 -3731.375 0.0000000000000012936074543278023
-28.375 -3351.875 0.000000000000003162587817336763
-845.875 -3493.625 0.0000000000000019825417424100775
-1141.375 -2562.125 0.0000000000000019126165361528908
910.625 -3314.375 0.000000000000003999471008585001
-1712.875 -3650.375 0.0000000000000033575165057199705
1088.375 -2694.875 0.000000000000003879244621361261
-1871.125 -3696.875 0.000000000043775353045889546
-570.625 -3800.375 0.000000000000001941820742858604
1834.625 -3519.875 0.0000000000000015965148613507368
882.875 -3386.375 0.000000000000003986378498456669
664.625 -3732.875 0.0000000000000039007008427689825
-1796.875 -3540.125 0.0000000000000033067678495078552
260.375 -2631.875 0.0000000000000015666755056741367
-1659.625 -3921.875 0.00000000002080066646939139
-1562.125 -3862.625 0.000000000000003315957525819656
1272.125 -3990.125 0.000000000000002604995989603337
399.875 -2011.625 0.0000000000000013954086882070939
1819.625 -3653.375 0.00000000004322856363192752
-1215.625 -2361.875 0.0000000000000018671585767498876
-860.125 -3441.875 0.0000000000000019852739772545235
-8.125 -3414.875 0.000000000000001570237616077098
1114.625 -2628.875 0.000000000000003852962615228043
1199.375 -2441.375 0.000000000000003782606914722203
1756.625 -3863.375 0.000000000021296034961183867
1821.125 -3522.125 0.0000000000000016247296531231748
459.125 -1704.125 0.0000000000000012941123251276338
1792.625 -3546.125 0.0000000000000016566023613777676
1860.875 -3624.875 0.0000000000000014392994080111661
-1573.375 -3771.875 0.0000000000000013104563377106358
896.375 -3336.125 0.000000000000003987622641903755
1422.125 -3894.125 0.0000000000000026164546033143775
-1823.875 -3519.875 0.0000000000000032409685832746276
2123.375 -3245.375 0.00000000004473134531305659
-1655.125 -3729.125 0.0000000000000012823266399301892
305.375 -2379.125 0.0000000000000015016355451148884
930.875 -3232.625 0.000000000000003996085587968109
-212.125 -3996.875 0.000000000000001907928967614284
2034.875 -3301.625 0.00000000004496851733363667
-1666.375 -3910.625 0.00000000002083295151203498
1613.375 -3739.625 0.0000000000000026060817117459164
1626.125 -3732.125 0.0000000000000025978278844596893
1914.125 -3480.875 0.000000000044226009745343766
1997.375 -3346.625 0.000000000044855015609234534
-1862.125 -3645.125 0.000000000000002835713334083208
-1769.875 -3570.125 0.0000000000000033378127626580447
-1094.875 -2678.375 0.0000000000000019364093698468028
-2499.625 -1686.125 0.00000000002576210321813934
1830.875 -3632.375 0.000000000043354047163852926
1644.875 -3747.875 0.0000000000000016731913509554512
261.875 -2584.625 0.000000000000001554323208231795
-722.875 -3693.875 0.0000000000000019572651325656932
1040.375 -2811.125 0.000000000000003921464048605736
-493.375 -1485.125 0.0000000000000024388348037732974
-184.375 -3039.125 0.00000000000000321712456428895
-1642.375 -3728.375 0.0000000000000012912296863411798
-515.125 -1319.375 0.000000000000002324690939441075
993.875 -3018.875 0.000000000000003984463932115336
1775.375 -3561.875 0.0000000000000016665101709285464
2202.875 960.625 0.00000000004199748405021166
-531.625 -3829.625 0.000000000000001940794396185222
1864.625 -3705.125 0.000000000021859934799969918
-664.375 -3732.875 0.0000000000000019503504213844913
-131.125 -3177.875 0.000000000000003208125516659386
-1031.125 -2854.625 0.000000000000001969897137258835
1422.875 -1680.875 0.000000000000003355900089141519
-882.625 -3386.375 0.0000000000000019931892492283348
-1257.625 -2244.875 0.000000000000001838323842526935
834.875 -3528.125 0.000000000000003960817226698658
-1786.375 -3549.125 0.0000000000000033208849396538478
1842.125 -3611.375 0.00000000004347795438730661
-1515.625 -3814.625 0.0000000000000013115984479673766
-1783.375 -3824.375 0.00000000004287897548218852
2079.875 -3264.125 0.000000000044922194296860586
2009.375 -3330.875 0.000000000044905640024276426
-917.875 -3281.375 0.00000000000000199938383610079
412.625 -3902.375 0.0000000000000038638737960667674
-1756.375 -3587.375 0.0000000000000033467158111922075
-1067.875 -2745.125 0.0000000000000019489742670581758
1863.125 -3666.125 0.0000000000000013965651983291632
-812.125 -3567.875 0.000000000000001971499754381046
-2498.875 -1696.625 0.000000000025743437959860806
507.875 -1353.875 0.000000000000001173801492513534
246.875 -2720.375 0.0000000000000015833609743559627
1962.125 -3603.125 0.00000000002213363122596213
-1819.375 -3653.375 0.00000000002161428181596376
-1762.375 -3577.625 0.0000000000000033430484000817517
-550.375 -3815.375 0.0000000000000019413466680781515
471.125 -3852.125 0.000000000000002876551577464211
-203.125 -2976.875 0.000000000000003218106311726958
-1281.625 941.875 0.000000000040352364284950644
1763.375 -3853.625 0.000000000021332258941587905
1634.375 -3734.375 0.00000000000000259189004622569
103.625 -3557.375 0.0000000000000030803620212104174
226.625 -2863.625 0.000000000000001602461297720994
-374.125 -2116.625 0.0000000000000028552837557903864
1627.625 -3735.125 0.0000000000000025970385658756107
-1441.375 -1567.625 0.0000000000000016397806807571628
-1268.875 -2211.875 0.0000000000000018298170186062685
-271.375 -2502.125 0.000000000000003063670774731073
1852.625 -3558.875 0.000000000000001521224794919665
486.125 -1520.375 0.00000000000000123098527110349
-1286.125 -2161.625 0.000000000000001816850178670697
1291.625 -2145.125 0.000000000000003624953199408419
1362.125 -1927.625 0.000000000000003507102548566269
1908.125 -3651.125 0.000000000022031905237951982
-1532.125 -3801.125 0.000000000000001311804673811174
-1304.125 -3972.875 0.0000000000000013029159763932282
-245.125 -2753.375 0.0000000000000031789262286658134
-1861.375 -3634.625 0.000000000000002857119628140432
166.625 -3112.625 0.000000000000001608999860103088
1485.875 -3958.625 0.0000000000000016446448104083092
205.625 -2959.625 0.0000000000000016079533321927507
-1781.875 -3555.875 0.0000000000000033265145410826833
342.875 -2238.875 0.0000000000000014634509437780187
1740.125 -3792.125 0.00000000004238514630988629
648.875 -3984.875 0.0000000000000027541451024475353
-477.625 -1617.125 0.0000000000000025306796824828947
1403.375 -1747.625 0.0000000000000033946656144799896
522.125 -1284.875 0.000000000000001150914165150529
200.375 -2994.875 0.0000000000000016100059880066272
-293.125 -3959.375 0.000000000000001916626148036045
466.625 -1669.625 0.0000000000000012826151360036194
-1789.375 -3814.625 0.000000000042949312634648316
-1940.875 -3618.875 0.00000000004422372704457734
1441.625 -1567.625 0.0000000000000032795613615143255
-231.625 -2811.875 0.000000000000003191541620427257
-1367.125 -1911.125 0.0000000000000017488799322289051
-21.625 -3369.875 0.0000000000000031585676110523448
2500.625 -1676.375 0.00000000005155569145197844
-1936.375 -3442.625 0.00000000002221315690793006
2022.875 -3585.125 0.00000000002205076439955508
-1739.875 -3792.125 0.00000000002119257315494314
-1856.875 -3588.125 0.0000000000000029568503581652076
21.125 -3369.875 0.0000000000000015792834353566975
-1388.875 -1797.875 0.0000000000000017117454017612725
-797.125 -3602.375 0.0000000000000019690138861552415
1848.875 -3542.375 0.0000000000000015436950270739267
1685.375 -3686.375 0.0000000000000016773423835810715
-1468.375 -3980.375 0.0000000000000032871871102999882
-1363.375 -1881.125 0.0000000000000017354599971242792
1864.625 -3687.875 0.0000000000000013754658226868502
2003.375 -3338.375 0.00000000004488181452246915
1026.125 -2883.125 0.000000000000003951379812288002
-1743.625 -3883.625 0.00000000004244604562138325
812.375 -3567.875 0.000000000000003942999508762092
-357.625 -3778.625 0.0000000000000014682497372456278
-216.625 -3671.375 0.0000000000000015086052320695075
-878.875 -3402.875 0.000000000000001992739542883174
387.125 -2064.125 0.0000000000000014116525059238136
-1802.125 -3795.125 0.00000000004308790315305131
-1147.375 -2545.625 0.0000000000000019090427701951017
1963.625 -3397.625 0.00000000004464739734552735
-1859.125 -3606.125 0.0000000000000029216402006035794
-839.875 -3510.875 0.0000000000000019815124508118894
-319.375 -2326.625 0.0000000000000029754577232910433
2500.625 -1763.375 0.00000000005111953652939491
424.625 -1906.625 0.0000000000000013622814174378274
1533.875 -3900.125 0.0000000000000016517193454841516
-437.125 -1854.125 0.0000000000000026907812463388323
1749.125 -3598.625 0.0000000000000016750536271396142
1274.375 -2194.625 0.000000000000003651043534528437
-1560.625 -3780.125 0.0000000000000013112275593590551
-987.625 -3049.625 0.0000000000000019959395088181845
-1373.125 -1847.375 0.0000000000000017260155758224926
-395.125 -2028.875 0.0000000000000028016964167629097
-1608.625 -3996.125 0.000000000020578345142006477
449.375 -1801.625 0.0000000000000013283189047576214
-300.625 -2397.125 0.00000000000000301226225386771
-103.375 -3557.375 0.0000000000000015401810106052087
372.875 -3919.625 0.000000000000003849874968335859
-1844.125 -3529.625 0.00000000000000313139774548792
-2009.125 -3330.875 0.000000000022452820012138213
1795.625 -3695.375 0.000000000042972727670700645
1908.875 -3490.625 0.00000000004417303682692089
1368.125 -1864.625 0.0000000000000034614910688503334
1483.625 -3843.125 0.000000000000002621912538060573
1655.375 -3729.125 0.0000000000000025646523933809765
-247.375 -2720.375 0.0000000000000031667219487119254
1388.375 -1797.875 0.000000000000003423490803522545
-1840.375 -3739.625 0.00000000004348187009884999
1701.875 -3945.125 0.00000000002100118557998013
1128.125 -2595.875 0.000000000000003839280646458644
1860.125 -3615.125 0.0000000000000014500534030248812
-187.375 -3021.125 0.0000000000000032160478101413113
-277.375 -3723.875 0.0000000000000014916790606734231
-76.375 -3531.125 0.0000000000000015485503606276148
-930.625 -3232.625 0.0000000000000019980427939840544
2499.125 -1751.375 0.00000000005119860517906287
-407.875 -1976.375 0.0000000000000027689022457868498
-743.125 -4002.875 0.0000000000000013639894978506782
-1101.625 -2661.875 0.0000000000000019331477255498024
-261.625 -2508.125 0.000000000000003062404480587979
-1730.125 -3903.875 0.00000000004229884349316874
315.125 -2344.625 0.0000000000000014924344646012536
-1625.875 -3732.125 0.000000000000001298913942229845
116.375 -3574.625 0.000000000000003073873597177118
1776.875 -3834.125 0.000000000021404012776091735
1516.625 -3922.625 0.0000000000000016502505522327839
454.625 -1721.375 0.0000000000000012998536398091396
991.625 -3033.875 0.000000000000003988309401872581
-1814.875 -3522.875 0.0000000000000032682543769017924
-1013.125 -2914.625 0.0000000000000019763045811202887
-1727.125 -3813.875 0.00000000002112706828961583
-1958.125 -3406.625 0.00000000002230300844988466
-201.625 -3655.625 0.0000000000000015122017293361906
-511.375 -1336.625 0.0000000000000023361403738381992
1855.625 -3572.375 0.000000000000001499901950103748
-2110.375 -3249.875 0.000000000022398609825410368
-1928.125 -3630.875 0.000000000044170887133316766
1858.625 -3713.375 0.000000000021831331062528288
-2071.375 -3270.125 0.00000000002247312519666239
373.625 -2116.625 0.0000000000000014276417782098097
-523.375 -3889.625 0.000000000000001419669860118243
-1398.625 -1764.125 0.0000000000000017021479268102757
-2063.125 -3589.625 0.00000000004381047747063169
-440.875 -1836.875 0.0000000000000026794209846239684
-1829.125 -3521.375 0.0000000000000032207507788671945
-1061.125 -2761.625 0.000000000000001951990925992055
324.125 -2309.375 0.0000000000000014829664065668247
429.125 -1889.375 0.0000000000000013566902082731112
1857.125 -3588.125 0.000000000000001478425083287661
501.125 -1388.375 0.0000000000000011852725134952967
1701.125 -3856.625 0.00000000004199160304529927
-210.625 -2923.625 0.0000000000000032106956945665326
2106.125 -3598.625 0.000000000021733064210026764
-2105.875 -3598.625 0.00000000004346612842005353
1374.875 920.125 0.00000000007829831464354065
-1852.375 -3722.375 0.00000000004360385232462852
489.875 -1503.125 0.0000000000000012251999063596273
-1862.125 -3655.625 0.000000000000002814379403916238
251.375 -3981.875 0.000000000000003830729321325826
261.125 -2569.625 0.0000000000000015499053235665536
1818.125 -3519.875 0.0000000000000016301366335724983
1285.625 -2161.625 0.000000000000003633700357341394
485.375 -1582.625 0.0000000000000012538068914901254
-281.125 -2466.875 0.0000000000000030470433625858885
-296.125 -2414.375 0.0000000000000030211357666049466
1573.625 -3771.875 0.000000000000002620912675421271
914.375 -3297.875 0.000000000000003999220747107461
246.875 -2736.875 0.0000000000000015865542918356522
1844.375 -3529.625 0.0000000000000015656986862866187
997.625 -3003.875 0.000000000000003980531492022488
-626.875 -3964.625 0.0000000000000013865605728629282
352.625 -3931.625 0.000000000000003848767527108321
76.625 -3531.125 0.0000000000000030971007212552296
1209.875 -2379.125 0.000000000000003742298657650944
-262.375 -2538.125 0.0000000000000030818406442551057
-1000.375 -2988.875 0.0000000000000019881511508496864
-869.875 -3436.625 0.0000000000000019915436854021697
-1689.625 -3684.125 0.0000000000000033564981709363017
-2074.375 990.625 0.00000000008890834099330003
-2138.875 -3240.875 0.000000000022325957704477178
-1830.625 -3632.375 0.000000000021677023581926466
1302.875 -2111.375 0.000000000000003607307171745098
1101.875 -2661.875 0.000000000000003866295451099608
-1925.125 791.875 0.000000000032516983302362526
1688.375 -3966.125 0.000000000020926892676290453
-1702.375 -3945.125 0.00000000004200237115996024
1875.875 -3549.875 0.00000000004383791758446933
-1860.625 -3630.125 0.0000000000000028678455077166195
-1663.375 -3723.125 0.000000000000003351858933555564
2110.625 -3249.875 0.00000000004479721965082074
1632.125 -3768.875 0.0000000000000016718866129182482
-1272.625 -3990.125 0.0000000000000013024979948016685
-1763.875 -3579.125 0.0000000000000033421820917228827
1870.625 -3696.875 0.000000000021887676522944773
-240.625 -2804.375 0.0000000000000031951246890036905
-1881.625 -3540.125 0.000000000021948031085300128
-1746.625 833.875 0.000000000034538257786488645
-1804.375 -3530.375 0.000000000000003293098617671042
-32.875 -3469.625 0.0000000000000015625111668396098
959.375 -3147.125 0.0000000000000039985945475354906
1632.875 -3731.375 0.000000000000002592706656334964
1427.375 -1617.875 0.0000000000000033090998089466266
-2023.375 -3585.125 0.00000000004410152879911016
1335.125 -2010.875 0.000000000000003553265185942502
846.125 -3493.625 0.000000000000003965083484820155
1623.125 -3975.125 0.00000000004128226602886861
1721.375 -3635.375 0.000000000000001678296756059126
-352.375 -3931.625 0.0000000000000019243837635541604
-1864.375 -3682.625 0.0000000000000027614407719734007
412.625 -1959.125 0.0000000000000013789402047810533
-1853.875 -3591.125 0.000000000021800425138164748
407.375 -3810.125 0.0000000000000029093264791289663
1839.875 -3739.625 0.000000000021740935049425002
-1714.375 -3835.625 0.000000000021061274021479258
-2081.875 -3593.375 0.00000000004365767039960988
1920.125 -3471.125 0.000000000044277703050846256
472.625 -3862.625 0.000000000000003866864774484339
1782.125 -3555.875 0.0000000000000016632570756693917
1709.375 -3651.125 0.0000000000000016783082219274984
-1746.625 -3781.625 0.0000000000212254984442555
523.625 -3889.625 0.000000000000002839339720236486
-2063.125 -3275.375 0.000000000022481370402134703
851.375 -3476.375 0.000000000000003966955479577091
2003.375 -3586.625 0.000000000022101370075429452
1947.125 -3424.625 0.00000000004451908922254381
1836.875 -3621.875 0.00000000004341643864742484
1638.125 -3731.375 0.0000000000000025872149086556047
-263.125 -3708.875 0.0000000000000014955216333249475
1716.125 -3924.875 0.000000000021075417499564907
722.375 -3693.875 0.00000000000000391453068021453
2028.125 -3308.375 0.0000000000449582477473334
260.375 -2647.625 0.0000000000000015706155333773205
-369.625 -2133.875 0.000000000000002865809855384611
1826.375 -3518.375 0.0000000000000016161296756734503
-1892.125 -3519.875 0.000000000022004512404889567
-1666.375 -3997.625 0.000000000041631369805221725
-347.125 -2221.625 0.0000000000000029169195663703872
1160.375 -2512.625 0.000000000000003803553095871746
-458.125 -3839.375 0.000000000000001441880607844233
1032.875 -2840.375 0.000000000000003933638978552202
1233.875 -2311.625 0.000000000000003709975683079203
690.125 -3717.875 0.000000000000003899300891698224
1393.625 -1780.625 0.0000000000000034139048200107558
1859.375 -3580.625 0.000000000043660601175717724
987.875 -3049.625 0.0000000000000039918790176363675
-1412.875 -1713.875 0.0000000000000016876634418288853
1758.875 -3759.875 0.00000000004258234917934124
1713.875 -3835.625 0.00000000004212254804295854
-1368.625 -1864.625 0.0000000000000017307455344251667
-1361.875 -1927.625 0.0000000000000017535512742831345
1611.125 -3797.375 0.000000000000001667984232631969
-1081.375 -2712.125 0.0000000000000019427895595232947
-1431.625 -1601.375 0.0000000000000016496426565349676
-1969.375 -3388.625 0.000000000022343589897115028
-42.625 -3342.875 0.000000000000003171394014026099
2063.375 -3589.625 0.000000000021905238735315846
181.625 -3057.125 0.0000000000000016089567569666661
860.375 -3441.875 0.000000000000003970547954509044
-2099.875 -3254.375 0.000000000022424326364068856
-1673.125 -3900.125 0.000000000020865186539639543
-441.625 -3828.125 0.0000000000000014453427150544803
-1709.125 -3651.125 0.000000000000003356618584559128
562.625 -3918.875 0.00000000000000281487449002496
-1330.375 -2027.375 0.0000000000000017811918713437213
-969.625 -3099.875 0.000000000000001995447164912286
1991.375 -3354.875 0.00000000004482573204531246
-707.125 -3711.125 0.0000000000000019561130592010172
1281.875 941.875 0.00000000008070472856990129
518.375 -1302.125 0.0000000000000011566273061187236
1856.375 -3579.875 0.0000000000000014891772042956774
1695.125 -3955.625 0.000000000020964036645214114
-261.625 -2569.625 0.0000000000000030998104974211124
1853.375 -3561.875 0.0000000000000015159180045964453
-574.375 -3930.125 0.000000000000001404064194955943
-1029.625 -2868.125 0.0000000000000019728882147258424
1851.125 -3547.625 0.0000000000000015332481982934057
-1645.375 -3942.875 0.000000000020736349425975442
-260.125 -2647.625 0.000000000000003141231066754641
1029.875 -2868.125 0.000000000000003945776429451685
-224.125 -2880.875 0.0000000000000032086883182852018
-1828.375 -3516.875 0.0000000000000032234300604647392
-1286.875 -3984.125 0.0000000000000013039525792161767
1968.875 -3388.625 0.00000000004468717979423005
-1771.375 -3738.125 0.000000000021356632776227756
-1313.875 -2077.625 0.000000000000001794737191692396
1881.875 -3540.125 0.00000000004389606217060026
1615.625 -3985.625 0.00000000004121947809677599
-1520.875 -3813.125 0.0000000000000013122576709049514
1673.375 -3900.125 0.000000000041730373079279087
1002.125 -2973.875 0.000000000000003971892889677129
-310.375 -2361.875 0.000000000000002994163399460927
-1185.625 -2445.875 0.0000000000000018867560597012736
-1356.625 -1944.125 0.00000000000000175820316059283
1620.875 -3737.375 0.0000000000000026017699501619635
1211.375 -2407.625 0.000000000000003767068455979726
1461.875 -3860.375 0.0000000000000026196417173084612
-1657.375 -3727.625 0.000000000000003348918938573888
612.875 -3954.125 0.000000000000002779065172776601
-818.875 -3550.625 0.0000000000000019726864998891125
-248.875 -2687.375 0.000000000000003153355754470478
-2499.625 -1751.375 0.000000000025599302589531424
-1859.125 -3580.625 0.000000000021830300587858862
1418.375 -1697.375 0.0000000000000033656223650324676
1845.125 -3534.875 0.0000000000000015642437083108653
972.125 -3084.875 0.0000000000000039879122925167086
232.625 -3678.875 0.0000000000000030059837852651974
1031.375 -2854.625 0.000000000000003939794274517672
-1227.625 -2328.875 0.0000000000000018590768190198096
-1859.875 -3615.125 0.0000000000000029001066705224724
-1378.375 -3928.625 0.0000000000000013068727138361185
281.375 -2466.875 0.0000000000000015235216812929443
-1613.125 -3739.625 0.0000000000000013030411148407917
1840.625 -3525.875 0.000000000000001580649100939856
-1777.375 -3727.625 0.000000000021389033041888104
-2015.125 -3323.375 0.000000000022463153201637408
2499.875 -1686.125 0.00000000005152420643627868
247.625 -3693.875 0.0000000000000029985507548041038
627.125 -3964.625 0.0000000000000027731203909845547
-205.375 -2959.625 0.0000000000000032159066643855007
1737.125 -3894.125 0.000000000021186284026670956
-1466.875 -1437.875 0.0000000000000015978355827193421
-2089.375 -3259.625 0.000000000022445621529030976
-1813.375 -3663.875 0.00000000002158238707647137
504.875 -1433.375 0.000000000000001202088344792024
-1825.375 -3642.875 0.00000000002164568478140435
-1808.875 -3785.375 0.00000000004315593732360409
662.375 -3995.375 0.000000000000002748038357553415
-1374.625 920.125 0.000000000039149157321770324
-449.125 -1801.625 0.0000000000000026566378095152427
-521.875 -1284.875 0.00000000000000230182833030106
-2048.125 -3586.625 0.000000000043931401790129556
-1860.625 -3624.875 0.0000000000000028785988160223315
1974.875 -3379.625 0.00000000004472487409038547
-1461.625 -3860.375 0.0000000000000013098202113572257
-1875.625 -3549.875 0.000000000021918958792234658
951.125 -3179.375 0.0000000000000040027388001610375
-1406.125 -3908.375 0.000000000000001308322271000003
1644.875 -3942.875 0.000000000041472698851950885
2082.125 -3593.375 0.000000000021828835199804924
762.125 -3642.875 0.00000000000000392078922856831
-1645.375 -3747.875 0.0000000000000033463852077857306
-1775.125 -3561.875 0.0000000000000033330203418570928
-386.875 -2064.125 0.0000000000000028233050118476272
-1847.875 -3600.875 0.00000000002176980418597832
1666.625 -3910.625 0.00000000004166590302406998
1615.625 -3741.875 0.0000000000000026056186863164954
-1436.875 -1584.125 0.000000000000001644719097601234
1581.125 -3762.875 0.000000000000002618526836999028
-2202.625 960.625 0.00000000008399496810042332
184.625 -3039.125 0.0000000000000016085622821444798
-1589.125 -3755.375 0.0000000000000013080261254681183
-24.625 -3451.625 0.0000000000000015652319725059636
-1571.875 -3852.125 0.0000000000000033228096910511797
1536.875 -3801.125 0.000000000000002624595117233415
-511.375 -3843.875 0.0000000000000019403532496125816
707.375 -3711.125 0.0000000000000039122261184020344
515.375 -1319.375 0.0000000000000011623454697205374
-1709.125 -3935.375 0.00000000004207663877695885
-246.625 -2736.875 0.000000000000003173108641182183
1762.625 -3577.625 0.0000000000000016715242000408772
1185.125 -2445.875 0.000000000000003773512119402541
-1033.375 -2840.375 0.000000000000001966819489276101
210.125 -2923.625 0.0000000000000016053479761586088
-181.375 -3057.125 0.0000000000000032179133038726946
570.875 -3800.375 0.000000000000003883641485717207
787.625 -3619.625 0.0000000000000039357166461756045
-1955.125 -3608.375 0.000000000044258179436693564
123.125 -3196.625 0.0000000000000016032448555547478
-92.125 -3540.125 0.0000000000000015433937294942184
1378.625 -1830.875 0.0000000000000034425415253264037
1863.875 -3676.625 0.0000000000000013859888576712693
1783.625 -3717.125 0.00000000004284334260292652
1729.625 -3903.875 0.00000000002114942174658437
-1979.875 -3371.375 0.000000000022380259475180923
-855.625 -3459.125 0.000000000000001984461026109184
-178.375 -3075.125 0.0000000000000032183964423300646
1313.375 -2077.625 0.000000000000003589474383384792
1861.625 -3639.875 0.0000000000000014232041265185472
-1445.875 -1551.125 0.0000000000000016348255730437046
-1827.625 -3757.625 0.000000000043354739418888566
1680.875 -3976.625 0.000000000020889773316024204
-497.125 -3870.875 0.000000000000001428871124993925
-1580.875 -3762.875 0.000000000000001309263135366865
-1239.625 -2295.125 0.0000000000000018508669628323244
1740.125 -3609.125 0.0000000000000016765379731605552
1657.625 -3727.625 0.000000000000001674459469286944
1864.625 -3570.125 0.00000000004372037954157956
240.875 -2804.375 0.0000000000000015975623445018454
-540.625 -1092.875 0.000000000000002195969137191596
1986.125 -3363.125 0.000000000044794186870557015
501.125 -1450.625 0.0000000000000012078608226123122
-305.875 -2379.125 0.000000000000003003271090229777
-1603.375 -3804.875 0.000000000000003330958819816207
-648.625 -3984.875 0.0000000000000013770724602575555
1699.625 -3667.625 0.0000000000000016783433994274007
-1199.125 -2441.375 0.0000000000000018913041108206897
-1821.625 -3767.375 0.00000000004328947092630789
-1074.625 -2728.625 0.000000000000001945910320552783
-962.125 -3131.375 0.0000000000000019981082107616953
-497.125 -1467.875 0.0000000000000024272753267601336
1287.125 -3984.125 0.000000000000002607905158432355
-1694.875 -3955.625 0.00000000004192807329042822
1319.375 -2061.125 0.0000000000000035804887034250425
-1997.125 -3346.625 0.000000000022427507804617267
-123.625 -3196.625 0.000000000000003206489711109494
1720.625 -3824.375 0.000000000042188532141622056
-748.375 -3660.125 0.000000000000001959455381813648
748.625 -3660.125 0.0000000000000039189110353161536
-1587.625 -3828.875 0.0000000000000033266924763282844
-390.625 -3798.125 0.0000000000000014584208957299426
-1047.625 -2794.625 0.000000000000001957871826089276
-243.625 -2770.625 0.0000000000000031844924070695606
1296.875 -2127.875 0.000000000000003616153915376692
207.875 -2941.625 0.0000000000000016067205125639416
129.125 -3591.125 0.000000000000003067199207468785
-1134.625 -2578.625 0.0000000000000019161485496053416
2015.375 -3323.375 0.000000000044926306403274815
-1365.625 -3935.375 0.0000000000000013050179759381276
-1418.125 -1697.375 0.0000000000000016828111825162338
-1302.625 -2111.375 0.000000000000001803653585872549
-1394.875 -3914.375 0.000000000000001306595893638925
-1610.875 -3797.375 0.000000000000003335971098650342
493.625 -1485.125 0.0000000000000012194174018866487
-1857.625 -3591.875 0.0000000000000029460855332587463
1821.125 -3767.375 0.000000000021644735463153946
-1346.125 -1977.875 0.0000000000000017674548121796557
1801.625 -3684.875 0.00000000004303710714222419
1467.875 -3980.375 0.0000000000000016435951468508458
138.125 -3159.125 0.0000000000000016046733082576858
2063.375 -3275.375 0.0000000000449627408042694
2138.375 975.625 0.000000000043196917230206194
-1908.625 -3651.125 0.00000000004406381047590397
1659.125 -3732.125 0.0000000000000025578374360646994
-219.625 -2916.125 0.000000000000003215303261276921
1024.625 -2897.375 0.000000000000003956994725230266
-1842.625 -3611.375 0.000000000021738977193653306
-1073.875 990.625 0.00000000004296573331545936
906.125 -3330.875 0.000000000000003999578173949644
1351.625 -1960.625 0.0000000000000035256770286350453
444.875 -1819.625 0.0000000000000013340201523485648
537.125 -3900.875 0.00000000000000283278986737931
-1178.875 -2462.375 0.0000000000000018905668669806034
1771.625 -3738.125 0.00000000004271326555245551
-17.125 -3433.625 0.0000000000000015678014481522283
-1877.125 -3688.625 0.000000000043828980944590174
-482.125 -1599.875 0.000000000000002519150652419649
-473.125 -3862.625 0.0000000000000019334323872421694
1245.875 -2278.625 0.000000000000003693431653089222
424.625 -3822.125 0.000000000000002902161772809526
1642.625 -3728.375 0.0000000000000025824603068827902
277.625 -3723.875 0.0000000000000029833581213468463
-221.875 -2898.875 0.0000000000000032121332489653697
1847.375 -3537.875 0.000000000000001554041908176862
1004.375 -2959.625 0.000000000000003967271720328335
-416.125 -1941.125 0.0000000000000027468090806157197
-1408.375 -1731.125 0.0000000000000016925079605111219
-1319.125 -2061.125 0.000000000000001790244351712518
-342.625 -2238.875 0.0000000000000029269018875560343
-1963.375 -3397.625 0.000000000022323698672763676
1521.125 -3813.125 0.0000000000000026245147176416345
1802.375 -3795.125 0.000000000021543951576525665
-2003.125 -3338.375 0.000000000022440907261234574
540.875 -1092.875 0.000000000000001097984568595798
395.375 -2028.875 0.0000000000000014008486298684722
-1790.875 -3542.375 0.000000000000003314953017023328
-1658.875 -3732.125 0.0000000000000012789187180323497
2034.875 -3585.125 0.000000000022013398706109725
-1209.625 -2379.125 0.0000000000000018711493288254754
1239.875 -2295.125 0.00000000000000370173392566465
-2160.625 736.375 0.00000000003007997592152982
1897.625 -3510.125 0.000000000044064600374474725
-1007.875 -2943.875 0.0000000000000019813062179547374
1446.125 -1551.125 0.0000000000000032696511460874092
-420.625 -1923.875 0.0000000000000027357066996933736
1883.375 -3681.125 0.000000000021940305323770346
1851.875 -3550.625 0.0000000000000015279877987870368
1398.125 -1764.125 0.0000000000000034042958536205514
28.625 -3351.875 0.0000000000000015812940870621108
-57.625 -3306.125 0.0000000000000031783756075718954
-935.125 -3216.125 0.0000000000000019973938271127612
78.875 -3279.125 0.0000000000000015948064874976153
1860.875 -3630.125 0.0000000000000014339227016964282
227.375 -2846.375 0.0000000000000016002864289480738
1930.625 -3452.375 0.000000000044377712841776166
356.375 -2186.375 0.000000000000001448355759610102
-1694.125 -3867.875 0.00000000002096309392272072
249.125 -2687.375 0.00000000000000157667786391423
1855.625 -3576.125 0.0000000000000014945437060533361
-1680.625 -3889.625 0.00000000002089776981188426
1836.875 -3519.875 0.0000000000000015917761785910527
-1427.125 -1617.875 0.0000000000000016545499044733133
-1595.875 868.375 0.000000000036348213317556426
-271.375 -2493.125 0.00000000000000000014083554101039944
-197.875 -3012.875 0.0000000000000032216302968013254
1689.875 -3684.125 0.000000000000001678248801077307
-1516.375 -3922.625 0.0000000000000033004983589082313
-470.125 -1652.375 0.000000000000002553721489912745
187.625 -3639.875 0.00000000000000303151371901796
-1503.625 -3827.375 0.000000000000001311769614316091
1324.625 -2044.625 0.000000000000003571460939193942
1857.875 -3591.875 0.0000000000000014730429481512885
869.375 -3436.625 0.0000000000000039830873708043394
1431.875 -1601.375 0.000000000000003299285313069935
713.375 -3991.625 0.0000000000000027421692437967184
-1752.625 -3770.375 0.00000000002125846294308672
1889.375 -3672.875 0.000000000021965043417433983
489.125 -1565.375 0.0000000000000012480033599216428
-1680.625 -3976.625 0.00000000004177954663204837
1304.375 -3972.875 0.0000000000000026058332358239954
-425.125 -3822.125 0.000000000000001451080886404763
1014.125 -2901.125 0.0000000000000039470878700325275
-232.375 -3678.875 0.0000000000000015029918926325975
249.125 -2703.875 0.0000000000000015801845674990756
-1796.125 -3804.875 0.00000000004301897632693431
55.625 -3495.875 0.000000000000003109298696453965
-905.875 -3330.875 0.0000000000000019997891464886794
-1383.625 -1814.375 0.0000000000000017165143033561462
685.625 -3993.125 0.0000000000000027412134202835497
1746.125 833.875 0.00000000006907651557297724
-2499.625 -1676.375 0.00000000002577784572598922
1308.125 -2094.875 0.000000000000003598413930056611
-1108.375 -2645.375 0.0000000000000019298361944469475
-1749.625 -3598.625 0.0000000000000033501072542792285
-1632.625 -3731.375 0.0000000000000012963530849017632
