0 46.194390325510724
-2.910082883059555 46.15905948015558
-5.81817708164267 46.05309257440746
-8.722295258564914 45.876566478597304
-11.62045277034482 45.62960924122903
-14.51066901185336 45.31239998595816
-17.61400954301108 46.0693340988732
-20.519213474856127 45.605786303989184
-23.410395067160916 45.07182864758252
-26.618420125160586 45.58927012644519
-29.511822627775715 44.90614355389057
-32.7900003699792 45.25423531339683
-35.67675823624681 44.41997078567024
-39.01507288243161 44.59307063546962
-42.397093670143875 44.66999924623439
-45.274220241243654 43.59920783867592
-48.70033161181823 43.49278362570397
-52.16136699862943 43.28493009254411
-55.65414655058235 42.973754506572206
-59.17542295370242 42.557457884632136
-62.7218842130348 42.03433725123453
-66.29015650697481 41.40278781667515
-70.65333888974065 41.58408502948834
-74.28592309621334 40.70964798107157
-78.767350816624 40.60042752240221
-82.44783971575127 39.47457399227629
-87.02853860976886 39.06348659551894
-91.66586558275176 38.48512884958705
-96.3541676527028 37.73633406152934
-101.08768024817824 36.814116848423424
-105.86053280815378 35.715677002350866
-111.70097910429841 35.1376089965197
-117.61941486763821 34.321070356258105
-123.60752427497023 33.26177815260424
-129.65684319053688 31.9557256402755
-135.7587677332925 30.39918748409145
-143.05805232912635 29.138240641930707
-151.61048203596306 28.074253595428498
-159.0754192540585 26.134820500807248
-167.81048245011849 24.317594670911546
-177.8612855687512 22.518277285497863
-188.01525417610145 20.24505459641593
-199.5257475601475 17.84234420946013
-212.42511302854575 15.199951851961966
-226.74027031089182 12.205656071122291
-242.49264218704073 8.745456534557484
-261.0291735696598 4.912030989212813
-282.3989020137972 0.47917583049901946
-284.9423206165792 -6.940074748500083
-287.2910357313125 -14.423891571307742
-289.44339582046723 -21.96717516082131
-291.39788242017 -29.564783088816974
-293.1531112981174 -37.211533437938925
-294.70783352343506 -44.90220830883083
-296.06093644744516 -52.631557383904656
-297.2114445944201 -60.39430158110628
-298.1585204615982 -68.18513690135083
-298.9014652283669 -75.99873885197736
-299.4397193778653 -83.8297693377589
-299.7728632659313 -91.67290249673343
-299.90162539629904 -100
-299.82284171816366 -107.37341849434348
-299.5395402167905 -115.22048344225078
-299.0508546290816 -123.05804153012477
-298.3570688838563 -130.88075531000015
-297.4586077807181 -138.6832624834535
-296.3560368943602 -146.46020675390128
-295.0500623330749 -154.2062452624043
-293.5415303934769 -161.91605320512164
-291.8314271158674 -169.58432782993464
-289.9208777410515 -177.20579224210837
-287.8111460688774 -184.77519913303038
-285.50363371863307 -192.28733446806595
-282.99987929148784 -199.73702114559822
-280.2972322984296 -207.12397890289972
-277.3933733160881 -214.4458181602666
-274.2922419815547 -221.69325941130668
-270.9975116511936 -228.85857339245675
-267.512655365341 -235.9350797510874
-263.84104381767224 -242.91679017585798
-259.98599275094153 -249.79820374112913
-255.9508054853873 -256.57416967136066
-251.73880200860867 -263.23980024720237
-247.353332026541 -269.790417392575
-242.79781158288685 -276.22150653681007
-238.07569124610117 -282.5287084191953
-233.19049535733487 -288.70778888157014
-228.14584525544927 -294.7546275381585
-222.94540157004002 -300.66522445846147
-217.59291640996932 -306.43568378265104
-212.09223280371407 -312.0622153409061
-206.44724347777125 -317.5411348984682
-200.66195144230187 -322.8688627188237
-194.74041411316153 -328.04192387721315
-188.68677202191688 -333.0569492720639
-182.50524550865617 -337.9106780802058
-176.20013142088334 -342.5999599470628
-169.77576318858416 -347.12174294514546
-163.23660424457358 -351.47310697566394
-156.58712704234674 -355.6512237970294
-149.83190133666864 -359.65339217540145
-142.97555264215796 -363.4770249658866
-136.02276105991712 -367.1196495325605
-128.97826500477467 -370.57891243618064
-121.84685800435913 -373.85258090596295
-114.63338549550573 -376.9385441774502
-107.3427392794164 -379.83481211089145
-99.97984801568953 -382.5395070641692
-92.54970625377909 -385.0509026674492
-85.0573284607844 -387.3673756746495
-77.50776842511935 -389.4874301155045
-69.90612228619614 -391.40971127754153
-62.25750728178755 -393.1329762454806
-54.567071916116355 -394.656115395581
-46.83999393310373 -395.97816114763106
-39.08146394618141 -397.0982528452496
-31.2966954772246 -398.01566846845725
-23.490919809004595 -398.7298278520008
-15.669377473854029 -399.2402707135412
-7.83731866127326 -399.5466680773778
0 -399.6488224771837
7.837318661273128 -399.5466680773778
15.669377473853919 -399.2402707135412
23.490919809004595 -398.7298278520008
31.296695477224482 -398.01566846845725
39.08146394618127 -397.09825284524965
46.83999393310373 -395.97816114763106
54.56707191611622 -394.656115395581
62.257507281787376 -393.1329762454806
69.90612228619614 -391.40971127754153
77.50776842511917 -389.4874301155045
85.05732846078429 -387.36737567464957
92.54970625377909 -385.0509026674492
99.97984801568936 -382.5395070641693
107.34273927941628 -379.83481211089145
114.63338549550573 -376.9385441774502
121.84685800435902 -373.85258090596295
128.97826500477458 -370.5789124361807
136.02276105991712 -367.1196495325605
142.97555264215794 -363.47702496588664
149.83190133666858 -359.6533921754015
156.58712704234674 -355.6512237970294
163.23660424457356 -351.47310697566394
169.77576318858416 -347.12174294514546
176.20013142088334 -342.5999599470628
182.505245508656 -337.9106780802058
188.6867720219168 -333.05694927206395
194.74041411316153 -328.04192387721315
200.66195144230184 -322.8688627188238
206.44724347777122 -317.54113489846833
212.09223280371407 -312.0622153409061
217.59291640996918 -306.43568378265104
222.94540157004 -300.6652244584615
228.14584525544916 -294.7546275381587
233.19049535733487 -288.7077888815702
238.07569124610112 -282.5287084191954
242.79781158288685 -276.22150653681007
247.353332026541 -269.790417392575
251.73880200860853 -263.23980024720265
255.95080548538724 -256.57416967136066
259.98599275094114 -249.79820374112938
263.84104381767224 -242.91679017585798
267.512655365341 -235.9350797510874
270.9975116511936 -228.85857339245675
274.2922419815547 -221.6932594113067
277.39337331608806 -214.44581816026678
280.2972322984296 -207.12397890289978
282.9998792914878 -199.73702114559836
285.50363371863307 -192.28733446806595
287.8111460688774 -184.77519913303038
289.9208777410514 -177.20579224210877
291.8314271158674 -169.58432782993484
293.5415303934769 -161.9160532051218
295.05006233307483 -154.20624526240445
296.3560368943602 -146.46020675390128
297.4586077807181 -138.6832624834535
298.3570688838563 -130.88075531000015
299.0508546290816 -123.05804153012477
299.5395402167905 -115.22048344225078
299.82284171816366 -107.37341849434348
299.90162539629904 -100
299.7728632659313 -91.67290249673343
299.43971937786534 -83.82976933775927
298.9014652283669 -75.99873885197736
298.1585204615983 -68.18513690135144
297.2114445944201 -60.39430158110628
296.06093644744516 -52.631557383904656
294.70783352343506 -44.90220830883083
293.15311129811744 -37.21153343793922
291.39788242017005 -29.564783088817062
289.44339582046723 -21.96717516082148
287.2910357313125 -14.423891571307742
284.9423206165792 -6.940074748500083
282.3989020137972 0.47917583049901946
261.0291735696598 4.912030989212742
242.49264218704073 8.745456534557492
226.74027031089187 12.205656071122169
212.42511302854575 15.199951851961966
199.5257475601475 17.84234420946013
188.01525417610145 20.24505459641593
177.86128556875133 22.518277285497675
167.8104824501185 24.31759467091146
159.0754192540585 26.134820500807187
151.61048203596306 28.074253595428498
143.05805232912635 29.138240641930707
135.7587677332925 30.39918748409145
129.65684319053696 31.955725640275368
123.60752427497027 33.26177815260424
117.61941486763823 34.32107035625807
111.70097910429841 35.1376089965197
105.86053280815378 35.715677002350866
101.08768024817824 36.814116848423424
96.35416765270291 37.736334061529284
91.6658655827518 38.48512884958684
87.02853860976889 39.06348659551892
82.44783971575127 39.47457399227629
78.767350816624 40.60042752240221
74.28592309621334 40.70964798107157
70.65333888974072 41.58408502948824
66.29015650697484 41.40278781667515
62.72188421303482 42.034337251234525
59.17542295370242 42.557457884632136
55.65414655058235 42.973754506572206
52.16136699862943 43.28493009254411
48.70033161181829 43.49278362570396
45.274220241243704 43.59920783867592
42.3970936701439 44.66999924623434
39.01507288243161 44.59307063546962
35.67675823624681 44.41997078567024
32.7900003699792 45.25423531339683
29.51182262777576 44.906143553890544
26.618420125160632 45.58927012644518
23.41039506716097 45.0718286475825
20.519213474856127 45.605786303989184
17.61400954301108 46.0693340988732
14.51066901185336 45.31239998595816
11.620452770344864 45.62960924122901
8.722295258564957 45.8765664785973
5.818177081642714 46.05309257440746
2.910082883059555 46.15905948015558
