0 873.2322016569692
-7.9289630486186615 873.1807199155978
-15.852497436872396 873.0263398533984
-23.765178210049143 872.76925684551
-31.661587822242407 872.4097961485631
-39.536319834507424 871.9484123481833
-47.383982605526924 871.385688586165
-55.199202972292056 870.7223355681075
-62.97662991832266 869.9591903523627
-70.71093822695005 869.0972149216856
-78.39683211718116 868.1374945386834
-86.02904885972235 867.081235887072
-93.60236237068254 865.9297650004464
-105.87096024943725 875.4572916940135
-113.6612517078481 873.9853759797007
-121.3737383980237 872.4134018436433
-129.0031398509519 870.7432420982047
-136.5442322720752 868.9768816645183
-143.9918521077039 867.1164142278787
-151.34089957090748 865.1640387001552
-158.5863421245215 863.1220554938421
-165.72321791885855 860.992862613203
-172.74663918188216 858.778951568254
-187.72755201601754 865.4945146173502
-194.8148758054957 862.894457524104
-201.76885321255594 860.20937440854
-208.5847210118254 857.442239666448
-215.25781015995506 854.5961038267867
-221.78354898940407 851.6740884631207
-237.9721589487217 856.2222822752527
-244.45781999233947 852.8863233501451
-250.77616545054823 849.4769216486764
-256.9228647868355 845.997613807012
-273.7358388964881 848.8649618145275
-279.7661638796197 844.9568760142382
-285.6050186125611 840.9832261411638
-302.7837520469019 842.4429225935203
-308.44415288516973 838.0312269636504
-325.8513470147936 838.4126048023629
-331.2861075132873 833.5555395187653
-348.84221597395793 832.829851354285
-354.0036413629841 827.5228225243238
-371.6276778498284 825.665778777735
-389.3372739437813 823.0608536759486
-407.103154849101 819.6992626289612
-424.8958030054265 815.5731343880459
-442.68548762751294 810.6755188152816
-460.4422944126484 805.0003940618037
-491.6965557125468 799.8920005095882
-523.0799269820282 793.2550744190081
-554.5351413626781 785.0775560229636
-599.8685711128528 775.5826100038333
-645.3249303908838 763.7750736855842
-704.839140654131 749.1241507308772
-792.6019535589656 729.5968694267257
-908.8295357356402 702.9346839929698
NaN NaN
NaN NaN
NaN NaN
NaN NaN
-1377.079291334447 -1002.835588485061
-1356.684018126509 -1012.623613268995
-1335.2628288984254 -1024.967983266804
-1316.3891792465836 -1037.653167799363
-1298.988172166226 -1050.7708132654927
-1281.9369274799196 -1064.730234341501
-1278.139000308897 -1077.3356496932515
-1261.3466461041198 -1092.7553625608627
-1244.7424487649507 -1108.4831429760966
-1240.936721594661 -1123.2967738987998
-1224.2455239607655 -1139.8020618705225
-1219.9186390824586 -1155.9687488167306
-1202.8048897541496 -1173.1218517215473
-1197.6766772672584 -1190.532280246115
-1192.001007184493 -1208.6954823918732
-1185.7316790586265 -1227.5824356382263
-1178.8245125402323 -1247.163375211946
-1159.5808578316464 -1265.8708136521418
-1162.9417754203196 -1288.2755342886585
-1153.897547917834 -1309.7357921784067
-1144.0750800925466 -1331.749590173798
-1133.4479881388281 -1354.2770290042847
-1132.806603779648 -1380.5833781923723
-1120.301127287257 -1404.3557939340953
-1117.3402339130762 -1432.5249276295115
-1102.8405148961685 -1457.3530021094264
-1097.4180566956175 -1487.1693538748773
-1090.6076111113396 -1517.8969960978811
-1091.9623656452454 -1554.8844000852482
-1082.2843084149235 -1587.5639745292165
-1080.5447264592012 -1627.0757829692916
-1068.0548118283018 -1661.4813994614142
-1062.983546021398 -1703.2862807771476
-1064.6469945754652 -1753.4546175195146
-1055.5341041768881 -1797.9491043488445
-1052.5624079115937 -1851.3201308913976
-1047.0263672349881 -1906.3073086850495
-1038.8391225460157 -1962.7914323610612
-1035.351033582096 -2029.4903898164744
-1035.7057752614685 -2107.267941263318
-1032.0876061793638 -2187.4167791074296
-1024.3718179233822 -2269.724320071549
-974.3888554776208 -2293.272210736337
-911.7833948469943 -2295.24323751738
-849.9102618394598 -2295.449754501505
-794.1511993894911 -2304.3885195340804
-733.569312887131 -2301.29775098704
-678.5192366578569 -2307.2390450828525
-623.7212265738315 -2311.773871692362
-569.2143101234128 -2314.915033397714
-515.041202000917 -2316.682638106381
-461.240010491553 -2317.0924165554447
-407.8523272619055 -2316.1689939522234
-357.44412953668495 -2325.1279632354085
-304.63498948048385 -2321.6424651677676
-254.161145961213 -2328.1817924491793
-202.0738976556753 -2322.1923665970876
-151.66862820980887 -2326.328346955532
-101.16635264378324 -2329.285334732008
-50.59936181221966 -2331.06061348978
0 -2331.6525540566777
50.59936181221883 -2331.06061348978
101.16635264378245 -2329.285334732008
151.66862820980887 -2326.328346955532
202.0738976556746 -2322.1923665970876
254.1611459612121 -2328.1817924491793
304.63498948048385 -2321.6424651677676
357.4441295366841 -2325.1279632354085
407.8523272619045 -2316.1689939522234
461.240010491553 -2317.0924165554447
515.0412020009161 -2316.682638106381
569.2143101234119 -2314.9150333977145
623.7212265738315 -2311.773871692362
678.5192366578561 -2307.2390450828525
733.56931288713 -2301.29775098704
794.1511993894911 -2304.3885195340804
849.9102618394594 -2295.4497545015056
911.7833948469937 -2295.2432375173807
974.3888554776208 -2293.272210736337
1024.3718179233813 -2269.7243200715493
1032.0876061793635 -2187.4167791074296
1035.7057752614685 -2107.267941263318
1035.351033582096 -2029.4903898164746
1038.8391225460143 -1962.7914323610617
1047.0263672349881 -1906.3073086850495
1052.5624079115933 -1851.3201308913976
1055.534104176888 -1797.9491043488447
1064.6469945754652 -1753.4546175195146
1062.9835460213972 -1703.2862807771485
1068.054811828301 -1661.4813994614146
1080.5447264592012 -1627.0757829692916
1082.2843084149233 -1587.5639745292165
1091.9623656452454 -1554.8844000852482
1090.6076111113393 -1517.8969960978811
1097.4180566956168 -1487.1693538748775
1102.840514896168 -1457.3530021094266
1117.3402339130762 -1432.5249276295115
1120.301127287257 -1404.3557939340953
1132.8066037796457 -1380.583378192373
1133.4479881388272 -1354.2770290042854
1144.0750800925468 -1331.749590173798
1153.897547917834 -1309.7357921784069
1162.9417754203196 -1288.2755342886585
1159.5808578316464 -1265.8708136521418
1178.824512540232 -1247.163375211946
1185.731679058626 -1227.5824356382268
1192.0010071844924 -1208.6954823918734
1197.6766772672581 -1190.5322802461155
1202.8048897541496 -1173.1218517215473
1219.9186390824586 -1155.9687488167306
1224.2455239607655 -1139.8020618705227
1240.9367215946609 -1123.2967738988
1244.7424487649496 -1108.483142976097
1261.3466461041191 -1092.755362560863
1278.139000308897 -1077.3356496932515
1281.9369274799196 -1064.730234341501
1298.988172166226 -1050.7708132654927
1316.3891792465836 -1037.653167799363
1335.2628288984254 -1024.967983266804
1356.684018126509 -1012.623613268995
1377.079291334447 -1002.835588485061
NaN NaN
NaN NaN
NaN NaN
NaN NaN
908.8295357356402 702.9346839929698
792.6019535589656 729.5968694267257
704.839140654131 749.1241507308772
645.3249303908839 763.7750736855836
599.8685711128528 775.5826100038331
554.5351413626782 785.0775560229633
523.0799269820282 793.2550744190081
491.6965557125468 799.8920005095882
460.4422944126484 805.0003940618037
442.68548762751306 810.6755188152815
424.89580300542656 815.5731343880458
407.10315484910103 819.699262628961
389.3372739437813 823.0608536759486
371.6276778498284 825.665778777735
354.0036413629841 827.5228225243238
348.842215973958 832.8298513542849
331.28610751328733 833.5555395187652
325.85134701479365 838.4126048023628
308.44415288516973 838.0312269636504
302.7837520469019 842.4429225935203
285.6050186125611 840.9832261411638
279.76616387961974 844.9568760142381
273.7358388964881 848.8649618145275
256.92286478683553 845.9976138070119
250.77616545054823 849.4769216486764
244.45781999233947 852.8863233501451
237.9721589487217 856.2222822752527
221.78354898940418 851.6740884631207
215.2578101599551 854.5961038267867
208.58472101182542 857.4422396664479
201.76885321255594 860.20937440854
194.8148758054957 862.894457524104
187.72755201601754 865.4945146173502
172.74663918188224 858.778951568254
165.7232179188586 860.992862613203
158.58634212452156 863.1220554938421
151.34089957090748 865.1640387001552
143.9918521077039 867.1164142278787
136.5442322720752 868.9768816645183
129.00313985095192 870.7432420982047
121.37373839802375 872.4134018436433
113.66125170784814 873.9853759797007
105.87096024943725 875.4572916940135
93.60236237068254 865.9297650004464
86.02904885972235 867.081235887072
78.3968321171812 868.1374945386834
70.7109382269501 869.0972149216856
62.97662991832406 869.9591903523627
55.199202972292056 870.7223355681075
47.383982605526924 871.385688586165
39.536319834507424 871.9484123481833
31.661587822242563 872.4097961485631
23.765178210049637 872.76925684551
15.852497436872444 873.0263398533984
7.9289630486186615 873.1807199155978
