0 261.25539032550785
-4.191377652268323 261.21624258436157
-8.379888484627475 261.0988350472258
-12.562667626290127 260.9032747291719
-16.736854103420757 260.62973984211527
-20.899592784376757 260.278479575336
-25.271077105762195 260.9939791197233
-29.439177056204212 260.481722533962
-33.58714136963189 259.89191047350545
-38.04497451517762 260.3464995176159
-42.18035391572868 259.5936886886917
-46.69182617733314 259.8654488140506
-50.802350946002086 258.94840751651526
-55.35406616888808 259.03250502052816
-59.93828960344915 259.014442062536
-64.00559696190936 257.84292244227635
-68.60905156989384 257.6303015683327
-73.23378575192223 257.3110660873932
-77.87582211586613 256.8836207027635
-82.53112570453794 256.34647741092266
-87.19560731740853 255.69825699064998
-91.86512689755182 254.93769037483352
-97.31202875932081 254.98639986097453
-102.01006191039166 253.97616163948578
-107.53793783549878 253.72829300129916
-112.24515701610984 252.4613191261021
-117.83216459874247 251.90702149130402
-123.45468899377097 251.18375232219583
-129.10640201407665 250.28873904754437
-134.78087881449068 249.2193947757204
-140.47160394411713 247.97332109513502
-147.20620211061876 247.24751649795905
-153.9944562379929 246.283543653553
-160.82745437299033 245.0775247922258
-167.69615333528898 243.62585722409673
-174.59138768172784 241.9252174400817
-182.65736814326004 240.52208086642366
-191.94935432275958 239.31820996727285
-200.1262017654152 237.24158727109844
-209.54504103025815 235.29024773552172
-220.2510174358897 233.3602663513204
-231.03110752545322 230.96019425568832
-243.13824147449347 228.43480394050658
-256.60435768306945 225.67424496814195
-271.45598745810014 222.56662764382259
-287.71418590800306 218.99827031951736
-306.7255512771675 215.06215538939878
-328.53879569317536 210.532368932289
-351.8355589392005 205.0450551442996
-380.7102637260713 198.77398259888324
-413.8646580575065 191.20241807040594
-454.10053844050026 182.02939827095585
-504.26913859202733 170.6516942788353
-567.2525487751446 156.16299350745516
-650.1702212252409 137.08820431835832
-763.0288329025857 110.95567229754853
-927.2312959528663 72.97313756494336
NaN NaN
NaN NaN
NaN NaN
-1092.065640733131 -216.22551795680747
-1080.8531742691298 -234.40484348267296
-1070.8634532026517 -256.23965485581016
-1062.6590293123434 -278.1828440520674
-1055.4092277588898 -300.3875187976014
-1049.504447649139 -323.17285660350586
-1044.7118206731634 -346.5060429102629
-1039.8408350849193 -370.28809567783117
-1036.011237098502 -394.1119806739932
-1031.903502617111 -418.24912815796876
-1028.658625989724 -442.5246490249327
-1026.204187585784 -467.0567812415066
-1023.240924034499 -491.98807764775563
-1020.9375344516503 -517.302912077771
-1018.0087184398649 -543.0382690521263
-1015.6233767070221 -569.2731789633759
-1013.7171736286733 -596.1087267220654
-1011.0257701777126 -623.4271578714878
-1009.8812417043149 -651.7014322967367
-1007.8289384095799 -680.545406276945
-1005.9890887339633 -710.2559863936784
-1004.2812261591986 -740.9106818302295
-1002.6206620961011 -772.5812865597838
-1000.9186270444163 -805.3336100601547
-992.5523940309507 -836.1239512851288
-972.4640116056563 -861.5642765138153
-951.7510008258139 -886.4319611678384
-930.4296536387258 -910.714487884895
-908.5164479373203 -934.3996312203333
-886.0280827234218 -957.4754803703831
-862.9814605298085 -979.9304704079311
-839.3937069658657 -1001.7534124764165
-815.307180837812 -1022.9373956210155
-790.7522504979405 -1043.4786180684112
-765.7370790372452 -1063.3708080380115
-740.2710336499565 -1082.606771518339
-714.3646216297725 -1101.1786504283377
-688.0292874521672 -1119.0780921966182
-661.2774317885869 -1136.2964460448654
-634.1222233295056 -1152.8248604812984
-606.5776654711096 -1168.6544597310442
-578.6583685343059 -1183.7763547176955
-550.3796215050764 -1198.1817921832408
-521.7572727615342 -1211.8621813377242
-492.80775108565166 -1224.80920599936
-463.5479136573815 -1237.0147814632642
-433.9951338064702 -1248.4712121362086
-404.16713327606107 -1259.1710965244938
-374.0820756205231 -1269.107496882215
-343.7584470540542 -1278.273874335782
-313.21504720660766 -1286.6641320240708
-282.47097208720385 -1294.272657323166
-251.54557115728142 -1301.0943198355606
-220.458418876185 -1307.1244796341762
-189.22930111802873 -1312.3590324682782
-157.87817633379655 -1316.7943970946155
-126.42514710614012 -1320.4275049254848
-94.890449842394 -1323.2558665017543
-63.29441498284969 -1325.2775270278166
-31.6574471616485 -1326.4910884398507
0 -1326.8957019196205
31.657447161648 -1326.4910884398507
63.294414982849226 -1325.2775270278166
94.890449842394 -1323.2558665017543
126.42514710613953 -1320.4275049254848
157.87817633379606 -1316.7943970946155
189.22930111802873 -1312.3590324682782
220.45841887618462 -1307.1244796341762
251.54557115728076 -1301.0943198355606
282.47097208720385 -1294.272657323166
313.2150472066072 -1286.6641320240708
343.7584470540539 -1278.273874335782
374.0820756205231 -1269.107496882215
404.1671332760607 -1259.1710965244943
433.9951338064697 -1248.4712121362088
463.5479136573815 -1237.0147814632642
492.8077510856512 -1224.8092059993603
521.7572727615338 -1211.8621813377247
550.3796215050764 -1198.1817921832408
578.6583685343057 -1183.7763547176955
606.5776654711096 -1168.6544597310442
634.1222233295056 -1152.8248604812984
661.2774317885869 -1136.2964460448654
688.0292874521672 -1119.0780921966182
714.3646216297725 -1101.1786504283377
740.2710336499563 -1082.606771518339
765.737079037245 -1063.3708080380113
790.7522504979405 -1043.4786180684112
815.3071808378112 -1022.9373956210159
839.3937069658649 -1001.7534124764177
862.9814605298085 -979.9304704079311
886.0280827234211 -957.475480370384
908.5164479373199 -934.3996312203337
930.4296536387255 -910.7144878848951
951.7510008258137 -886.4319611678386
972.4640116056567 -861.5642765138152
992.5523940309507 -836.1239512851288
1000.9186270444163 -805.3336100601547
1002.620662096101 -772.5812865597843
1004.2812261591986 -740.9106818302295
1005.9890887339627 -710.2559863936789
1007.8289384095799 -680.545406276945
1009.8812417043149 -651.7014322967367
1011.0257701777126 -623.4271578714878
1013.7171736286733 -596.1087267220655
1015.6233767070224 -569.2731789633755
1018.0087184398649 -543.0382690521263
1020.9375344516499 -517.3029120777721
1023.240924034499 -491.98807764775563
1026.204187585784 -467.0567812415066
1028.6586259897233 -442.5246490249341
1031.9035026171105 -418.2491281579705
1036.011237098502 -394.1119806739928
1039.8408350849184 -370.2880956778337
1044.7118206731634 -346.5060429102629
1049.504447649139 -323.17285660350586
1055.4092277588898 -300.3875187976014
1062.6590293123434 -278.1828440520674
1070.8634532026517 -256.23965485581016
1080.8531742691298 -234.40484348267296
1092.065640733131 -216.22551795680747
NaN NaN
NaN NaN
NaN NaN
927.2312959528665 72.97313756494155
763.0288329025857 110.95567229754853
650.1702212252409 137.08820431835832
567.2525487751446 156.16299350745516
504.2691385920274 170.6516942788348
454.1005384405004 182.0293982709557
413.8646580575065 191.20241807040574
380.7102637260713 198.77398259888324
351.8355589392005 205.0450551442996
328.53879569317536 210.532368932289
306.7255512771675 215.06215538939873
287.71418590800306 218.9982703195174
271.4559874581002 222.56662764382247
256.60435768306945 225.67424496814195
243.13824147449347 228.43480394050658
231.03110752545322 230.96019425568832
220.25101743588982 233.3602663513202
209.54504103025818 235.29024773552163
200.1262017654152 237.24158727109835
191.94935432275958 239.31820996727285
182.65736814326004 240.52208086642366
174.59138768172784 241.9252174400817
167.69615333528907 243.62585722409662
160.82745437299036 245.0775247922258
153.9944562379929 246.28354365355298
147.20620211061876 247.24751649795905
140.47160394411713 247.97332109513502
134.78087881449068 249.2193947757204
129.10640201407676 250.2887390475443
123.45468899377101 251.1837523221951
117.8321645987425 251.907021491304
112.24515701610984 252.4613191261021
107.53793783549878 253.72829300129916
102.01006191039166 253.97616163948578
97.31202875932088 254.98639986097442
91.86512689755185 254.93769037483352
87.19560731740854 255.69825699064998
82.53112570453794 256.34647741092266
77.87582211586613 256.8836207027635
73.23378575192223 257.3110660873932
68.60905156989391 257.6303015683327
64.0055969619094 257.84292244227635
59.93828960344918 259.0144420625359
55.35406616888808 259.03250502052816
50.802350946002086 258.94840751651526
46.69182617733314 259.8654488140506
42.18035391572873 259.59368868869166
38.044974515177664 260.3464995176159
33.587141369631944 259.89191047350545
29.439177056204212 260.481722533962
25.271077105762195 260.9939791197233
20.899592784376757 260.278479575336
16.7368541034208 260.62973984211527
12.56266762629017 260.9032747291719
8.37988848462752 261.0988350472258
4.191377652268323 261.21624258436157
