-500 585.1122016569734 0.9975070190672242
-506.2123958936977 585.0658334602113 0.9975070403654178
-512.4205395764169 584.9267805596655 0.9975071042350546
-518.6201817365378 584.6951979452188 0.9975072106013455
-524.8070788592751 584.3713436689027 0.9975073593397858
-530.976996120119 583.9555784485291 0.997507550276372
-537.125710272651 583.4483651132563 0.9975077831879022
-543.2490125283724 582.8502678915846 0.9975080578023648
-549.3427114269666 582.1619515425176 0.9975083737994093
-555.4026356948682 581.3841803306392 0.9975087308109024
-561.4246370902669 580.5178168461272 0.9975091284215671
-567.4045932326537 579.563820670889 0.9975095661697033
-573.338410415032 578.5232468921463 0.9975100435479891
-583.9813998656606 588.1700111781417 0.997505614088379
-590.1610849072395 586.8253568956658 0.9975062320272001
-596.2790710210458 585.3883296474322 0.9975068922298601
-602.3311705291209 583.8604429406166 0.9975075939642675
-608.3132406408741 582.2433023412755 0.9975083364546202
-614.2211862786133 580.5386030559532 0.9975091188827191
-620.0509628712161 578.7481273730626 0.9975099403893509
-625.7985791138864 576.8737419673579 0.9975108000757406
-631.4600996922436 574.9173950711768 0.9975116970050673
-637.0316479690522 572.8811135165016 0.9975126302040442
-650.5851650879413 579.7786111515368 0.9975094676189091
-656.270548698855 577.364302815538 0.9975105751117219
-661.8490022838411 574.8682804493428 0.9975117195181409
-667.3167053328131 572.2930063132525 0.9975128996534816
-672.6699127672126 569.6410101792733 0.9975141143027747
-677.904957500477 566.9148856110436 0.9975153622227331
-692.8329455584467 571.6601874444294 0.9975131895522721
-698.0889208628113 568.5220154746356 0.9975146266210841
-703.2093595090613 565.3105383931504 0.9975160963114994
-708.1907519461656 562.0287500594442 0.997517597189818
-723.8718177125552 565.0926696657609 0.997516195981581
-728.8044086617687 561.3796662368694 0.9975178939205211
-733.5804560022219 557.5990711762096 0.997519621454848
-749.7320370806173 559.2492610487441 0.9975188675673198
-754.4016445583565 555.0249696233757 0.9975207969265643
-770.8550833632057 555.5901421436081 0.9975205388913255
-775.3737802288853 550.9127507240732 0.9975226735110335
-792.0521445730084 550.3621148067705 0.9975229246713123
-796.3747469236615 545.2250277654855 0.9975252664871835
-813.1994563377722 543.5323399036139 0.9975260375890291
-830.1497691434791 541.0857241423058 0.9975271516738176
-847.1969309198354 537.8759514310864 0.9975286124292927
-864.3119166807038 533.8947235756607 0.997530422949707
-881.465460076785 529.1346822982847 0.9975325857277603
-898.6280827847928 523.5894176574955 0.9975351026479422
-929.3305243805246 518.6028031772088 0.9975373635872237
-960.2048185084614 512.0792306229251 0.9975403179339
-991.1940472062292 504.00631916109023 0.9975439685235834
NaN NaN NaN
NaN NaN NaN
NaN NaN NaN
NaN NaN NaN
NaN NaN NaN
NaN NaN NaN
NaN NaN NaN
NaN NaN NaN
NaN NaN NaN
-1331.6208313973605 -816.7069648232471 0.9970085960222719
-1319.5975601924717 -822.9063728631406 0.9969998177481154
-1307.3882934697156 -829.7949946656177 0.9969900730042275
-1295.9592418765503 -836.7438190759633 0.9969802541253174
-1285.0243056443778 -843.7893969736382 0.9969703108740214
-1274.4006973812927 -850.9468810815106 0.9969602235149793
-1263.9638796352415 -858.2202910102133 0.9969499882163283
-1253.6250400886486 -865.6073333204932 0.9969396101855099
-1243.3138439078552 -873.1048400053254 0.9969290959823158
-1245.1382554037866 -878.962488071255 0.9969208956634501
-1234.4757343757358 -886.98506706916 0.9969096861256836
-1223.7070242618568 -895.0960531801269 0.9968983799833095
-1212.8204359705899 -903.2738998327223 0.9968870098850026
-1213.4253503893472 -910.8353486433778 0.9968765245605441
-1202.1074393773088 -919.3769602249171 0.9968647141045539
-1190.6321044859044 -927.9398053992663 0.9968529126875975
-1190.1735358511403 -936.7137498291924 0.9968408625898499
-1178.1918527242055 -945.5610450542274 0.9968287575705655
-1176.9142718465325 -955.1933283640376 0.9968156338583833
-1164.38367992544 -964.2721768427369 0.996803319969766
-1162.2323787925209 -974.7154532983851 0.996789226252127
-1149.1146109510712 -983.9706783967475 0.9967768026027986
-1146.0388251814577 -995.169277567743 0.9967618588444842
-1142.4030965434017 -1006.886917681558 0.996759672742152
-1138.189794123765 -1019.1068675617477 0.9967671618802202
-1123.6135468213658 -1028.8096342884353 0.9967730951434369
-1118.3662249636764 -1041.6506211515275 0.9967809295269708
-1112.4952088523935 -1054.9351180150331 0.9967890130812772
-1105.982257102746 -1068.6404511945154 0.9967973299466134
-1107.825856350996 -1087.0348764722914 0.9968084560855704
-1099.7715641627672 -1101.8215472167342 0.9968173700132977
-1091.0190116737988 -1116.9468293756197 0.996826460487866
-1089.944878135082 -1137.6596006473153 0.9968388640140458
-1079.5191476010946 -1153.671784498689 0.9968484170665267
-1076.284142906997 -1175.848866847247 0.9968615971021371
-1071.809238869493 -1198.8571889568145 0.9968752087251096
-1066.0583175634008 -1222.6376283865095 0.9968892106315073
-1058.997685547934 -1247.1281181799156 0.996903560303622
-1050.5956282433312 -1272.2638349928752 0.9969182142116074
-1047.5080114407906 -1305.5348543962787 0.9969374965749747
-1042.471676342681 -1339.921878521405 0.9969572896706345
-1041.613724820894 -1383.5696624508948 0.996982215559864
-1032.4412103570392 -1420.2686150560833 0.9970030033840381
-1032.6067763019403 -1475.7065011622715 0.9970341142773673
-1024.2963353453301 -1523.9180246159328 0.9970608874244665
-1023.5659418033241 -1592.6437774858684 0.9970986037510575
-1018.9740437046667 -1663.7459713974388 0.9971370759430871
-1014.9358674681245 -1747.3238092966985 0.9971815962512233
-1010.4342769494982 -1844.1060922042882 0.9972322181680738
-1008.3506277523173 -1965.8449931329187 0.9972945018700465
-1006.6401444961518 -2114.1663042210744 0.9973683415276899
-953.6639413505873 -2114.5619917382046 0.997368535566959
-901.1019790616475 -2113.5653561856393 0.9973680468020121
-851.5518190354119 -2122.9159359398955 0.9973726285938244
-799.568750664721 -2119.2448423512233 0.9973708307881078
-749.9466700739457 -2126.0690450672005 0.9973741716671549
-698.6895023346493 -2119.7844951682764 0.9973710951502607
-649.1331334455532 -2124.1006520166716 0.9973732084873972
-599.4773541922574 -2127.186139343171 0.9973747181163962
-549.7552614522107 -2129.038438783473 0.9973756239340413
-500 -2129.6560397495837 0.9973759258798897
-450.2447385477899 -2129.038438783473 0.9973756239340413
-400.52264580774334 -2127.186139343171 0.9973747181163962
-350.866866554447 -2124.1006520166716 0.9973732084873972
-301.3104976653516 -2119.7844951682764 0.9973710951502607
-250.05332992605472 -2126.0690450672005 0.9973741716671549
-200.4312493352792 -2119.2448423512233 0.9973708307881078
-148.44818096458943 -2122.9159359398955 0.9973726285938244
-98.89802093835327 -2113.5653561856393 0.9973680468020121
-46.336058649412394 -2114.5619917382046 0.997368535566959
6.64014449615093 -2114.1663042210744 0.9973683415276899
59.98793035164371 -2112.3524693712743 0.9973674518512844
113.66812010140023 -2109.1037990136683 0.9973658575795632
167.63686696420714 -2104.398838855504 0.9973635467814481
221.85399662728344 -2098.223588085609 0.9973605105242195
281.6591306004796 -2101.508377142645 0.9973621260667213
336.57769379118474 -2092.199401967567 0.9973575448858676
397.670328488375 -2092.037007326608 0.997357464890799
459.4925511234501 -2090.029104275877 0.9973564755871905
521.9850090700586 -2086.1360903248597 0.9973545563351263
585.0867950989547 -2080.320425831007 0.997351686401419
648.7354924230211 -2072.5466923054805 0.9973478449167397
712.8672188344735 -2062.781653213563 0.9973430108363438
785.4101106274711 -2060.649895770794 0.9973419542617046
858.9136723760035 -2056.0691802826323 0.9973396823545503
933.292056083691 -2048.9839804287553 0.9973361641439545
1008.4556241100117 -2039.3416508456346 0.9973313680628019
1011.0182530229337 -1956.8549275749658 0.9972899546775099
1010.0804952998104 -1876.2813455371395 0.9972488290216057
1015.3530685762075 -1805.810703653046 0.997212306242162
1017.7906051923238 -1736.8496239219003 0.9971760580410892
1017.4908708794168 -1669.5170741307788 0.99714017436274
1024.7798720173455 -1610.9093923047099 0.9971085398769844
1019.5093467844034 -1546.7991319181745 0.997073502766599
1022.4088105509405 -1490.8823934455552 0.9970425700546759
1034.112313776219 -1442.14674634856 0.9970153227837548
1033.347762592742 -1388.4947965731653 0.996985014344274
1030.8192915180302 -1336.2500962417444 0.9969551827673419
1037.8499564620904 -1290.2346168524177 0.9969286453893871
1043.6113602943028 -1244.9526631978435 0.9969022885211478
1048.205936716523 -1200.41613423505 0.996876128697943
1051.4791160510742 -1156.7483768838497 0.9968502490511578
1053.199876584457 -1114.1558388850779 0.9968247851640573
1053.4356237142524 -1072.7363285348627 0.9967998109872954
1064.3912236418037 -1034.9077282594787 0.9967768181778277
1062.018673290645 -995.6721308572318 0.9967611901795772
1070.7847185856253 -959.3190927522702 0.9968100310814683
1078.6193339124573 -923.5999981044112 0.9968588889171697
1085.5935729076148 -888.5890737148774 0.9969074480497022
1091.7964033619378 -854.357136892192 0.9969554225190153
1097.3329516415479 -820.9761469279254 0.9970025500929083
1102.3319178979032 -788.5167127838382 0.9970485953458953
1106.9560039720334 -757.0444755023991 0.997093353910907
1124.367670469071 -724.8420084336898 0.9971391809344516
1128.9759756257931 -695.0540295868493 0.9971815294386505
1147.1059921214262 -663.7188263393573 0.9972259672966406
1153.1758746514163 -636.0086039394685 0.9972651207153637
1173.4263125518394 -607.0282246286246 0.9973058793504563
1194.0763294223798 -581.7233702016493 0.9973412779623846
1219.2598268983197 -557.3938308618286 0.9973751196039687
1242.1831342588869 -540.5880957335354 0.9973983744310921
NaN NaN NaN
NaN NaN NaN
761.1578246908722 324.79153570018036 0.997623488983998
502.5965755890177 384.62835042974945 0.9975972593128724
343.815017429965 422.2458049658867 0.9975806058105229
227.83377107935902 448.85104677162946 0.9975687505158951
140.36168287761984 468.311416264154 0.9975600383613924
81.18238694631086 482.88564967595215 0.9975534911006985
36.104902095497685 494.6069368336358 0.9975482114188872
-8.805952793772803 504.00631916109 0.9975439685235834
-39.79518149153591 512.0792306229251 0.9975403179339
-70.66947561947461 518.6028031772088 0.9975373635872237
-101.3719172152075 523.5894176574955 0.9975351026479422
-118.53453992321512 529.1346822982846 0.9975325857277603
-135.68808331929134 533.8947235756606 0.997530422949707
-152.8030690801605 537.8759514310863 0.9975286124292927
-169.85023085652634 541.0857241423058 0.9975271516738176
-186.8005436622188 543.5323399036139 0.9975260375890291
-203.62525307632922 545.2250277654855 0.9975252664871835
-207.947855426999 550.3621148067704 0.9975229246713123
-224.62621977110564 550.9127507240731 0.9975226735110335
-229.14491663679422 555.590142143608 0.9975205388913255
-245.59835544163417 555.0249696233757 0.9975207969265643
-250.267962919392 559.2492610487441 0.9975188675673198
-266.4195439977781 557.5990711762096 0.997519621454848
-271.1955913382407 561.3796662368693 0.9975178939205211
-276.12818228745425 565.0926696657609 0.997516195981581
-291.8092480538438 562.0287500594441 0.997517597189818
-296.7906404909388 565.3105383931504 0.9975160963114994
-301.91107913717906 568.5220154746356 0.9975146266210841
-307.1670544415533 571.6601874444294 0.9975131895522721
-322.0950424995229 566.9148856110436 0.9975153622227331
-327.3300872327967 569.6410101792733 0.9975141143027747
-332.6832946671871 572.2930063132524 0.9975128996534816
-338.1509977161588 574.8682804493428 0.9975117195181409
-343.7294513011356 577.364302815538 0.9975105751117219
-349.4148349120588 579.7786111515368 0.9975094676189091
-362.96835203095725 572.8811135165016 0.9975126302040442
-368.5399003077564 574.9173950711768 0.9975116970050673
-374.20142088612295 576.8737419673579 0.9975108000757406
-379.9490371287742 578.7481273730626 0.9975099403893509
-385.7788137213869 580.5386030559532 0.9975091188827191
-391.68675935912586 582.2433023412755 0.9975083364546202
-397.66882947086947 583.8604429406166 0.9975075939642675
-403.72092897894464 585.3883296474322 0.9975068922298601
-409.83891509275105 586.8253568956658 0.9975062320272001
-416.01860013432986 588.1700111781417 0.997505614088379
-426.661589584968 578.5232468921463 0.9975100435479891
-432.5954067673558 579.563820670889 0.9975095661697033
-438.57536290974264 580.5178168461272 0.9975091284215671
-444.59736430513163 581.3841803306392 0.9975087308109024
-450.65728857302366 582.1619515425176 0.9975083737994093
-456.75098747161803 582.8502678915846 0.9975080578023648
-462.874289727349 583.4483651132563 0.9975077831879022
-469.02300387988095 583.9555784485291 0.997507550276372
-475.1929211407338 584.3713436689027 0.9975073593397858
-481.3798182634621 584.6951979452188 0.9975072106013455
-487.5794604235825 584.9267805596655 0.9975071042350546
-493.7876041063023 585.0658334602113 0.9975070403654178
500 585.1122016569734 0.9975070190672242
493.7876041063023 585.0658334602113 0.9975070403654178
487.5794604235825 584.9267805596655 0.9975071042350546
481.37981826346225 584.6951979452188 0.9975072106013455
475.19292114073386 584.3713436689027 0.9975073593397858
469.02300387988095 583.9555784485291 0.997507550276372
462.874289727349 583.4483651132563 0.9975077831879022
456.75098747161803 582.8502678915846 0.9975080578023648
450.65728857302366 582.1619515425176 0.9975083737994093
444.59736430513163 581.3841803306392 0.9975087308109024
438.5753629097427 580.5178168461272 0.9975091284215671
432.5954067673558 579.563820670889 0.9975095661697033
426.661589584968 578.5232468921463 0.9975100435479891
416.01860013432986 588.1700111781417 0.997505614088379
409.8389150927511 586.8253568956658 0.9975062320272001
403.72092897894464 585.3883296474322 0.9975068922298601
397.6688294708695 583.8604429406166 0.9975075939642675
391.68675935912586 582.2433023412755 0.9975083364546202
385.7788137213869 580.5386030559532 0.9975091188827191
379.9490371287742 578.7481273730626 0.9975099403893509
374.20142088612295 576.8737419673579 0.9975108000757406
368.53990030775645 574.9173950711768 0.9975116970050673
362.9683520309573 572.8811135165016 0.9975126302040442
349.4148349120588 579.7786111515368 0.9975094676189091
343.7294513011356 577.364302815538 0.9975105751117219
338.1509977161588 574.8682804493428 0.9975117195181409
332.68329466718717 572.2930063132525 0.9975128996534816
327.33008723279676 569.6410101792733 0.9975141143027747
322.095042499523 566.9148856110436 0.9975153622227331
307.1670544415533 571.6601874444294 0.9975131895522721
301.91107913717906 568.5220154746356 0.9975146266210841
296.7906404909388 565.3105383931504 0.9975160963114994
291.809248053844 562.0287500594442 0.997517597189818
276.12818228745425 565.0926696657609 0.997516195981581
271.19559133824083 561.3796662368694 0.9975178939205211
266.4195439977781 557.5990711762096 0.997519621454848
250.267962919392 559.2492610487441 0.9975188675673198
245.59835544163417 555.0249696233757 0.9975207969265643
229.14491663679433 555.5901421436081 0.9975205388913255
224.62621977110564 550.9127507240732 0.9975226735110335
207.94785542699913 550.3621148067705 0.9975229246713123
203.62525307632922 545.2250277654855 0.9975252664871835
186.8005436622188 543.5323399036139 0.9975260375890291
169.85023085652634 541.0857241423058 0.9975271516738176
152.80306908016055 537.8759514310864 0.9975286124292927
135.68808331929145 533.8947235756607 0.997530422949707
118.53453992321518 529.1346822982847 0.9975325857277603
101.3719172152075 523.5894176574955 0.9975351026479422
70.66947561947461 518.6028031772088 0.9975373635872237
39.79518149153591 512.0792306229251 0.9975403179339
8.805952793772832 504.00631916109023 0.9975439685235834
-36.10490209549767 494.606936833636 0.9975482114188872
-81.18238694631081 482.88564967595266 0.9975534911006985
-140.36168287761984 468.311416264154 0.9975600383613924
-227.83377107935902 448.85104677162946 0.9975687505158951
-343.815017429965 422.2458049658867 0.9975806058105229
-502.5965755890175 384.6283504297504 0.9975972593128724
-761.1578246908722 324.79153570018036 0.997623488983998
NaN NaN NaN
NaN NaN NaN
-1242.1831342588869 -540.5880957335354 0.9973983744310921
-1219.2598268983197 -557.3938308618286 0.9973751196039687
-1194.0763294223798 -581.7233702016493 0.9973412779623846
-1173.4263125518394 -607.0282246286246 0.9973058793504563
-1153.1758746514163 -636.0086039394685 0.9972651207153637
-1147.1059921214262 -663.7188263393573 0.9972259672966406
-1128.9759756257931 -695.0540295868493 0.9971815294386505
-1124.3676704690724 -724.8420084336881 0.9971391809344516
-1106.9560039720336 -757.044475502398 0.997093353910907
-1102.3319178979032 -788.5167127838375 0.9970485953458953
-1097.332951641548 -820.976146927925 0.9970025500929083
-1091.7964033619378 -854.357136892192 0.9969554225190153
-1085.5935729076148 -888.5890737148774 0.9969074480497022
-1078.6193339124577 -923.5999981044106 0.9968588889171697
-1070.7847185856253 -959.31909275227 0.9968100310814683
-1062.018673290646 -995.6721308572306 0.9967611901795772
-1064.391223641804 -1034.9077282594783 0.9967768181778277
-1053.4356237142524 -1072.7363285348627 0.9967998109872954
-1053.199876584457 -1114.1558388850779 0.9968247851640573
-1051.479116051074 -1156.7483768838506 0.9968502490511578
-1048.2059367165225 -1200.41613423505 0.996876128697943
-1043.611360294304 -1244.952663197842 0.9969022885211478
-1037.8499564620918 -1290.2346168524164 0.9969286453893871
-1030.8192915180302 -1336.2500962417444 0.9969551827673419
-1033.347762592742 -1388.4947965731653 0.996985014344274
-1034.1123137762195 -1442.1467463485596 0.9970153227837548
-1022.4088105509408 -1490.8823934455547 0.9970425700546759
-1019.5093467844035 -1546.7991319181745 0.997073502766599
-1024.7798720173455 -1610.9093923047099 0.9971085398769844
-1017.4908708794172 -1669.5170741307788 0.99714017436274
-1017.7906051923238 -1736.8496239219003 0.9971760580410892
-1015.3530685762096 -1805.8107036530441 0.997212306242162
-1010.0804952998117 -1876.281345537138 0.9972488290216057
-1011.0182530229337 -1956.8549275749658 0.9972899546775099
-1008.4556241100122 -2039.3416508456344 0.9973313680628019
-933.2920560836915 -2048.9839804287553 0.9973361641439545
-858.9136723760035 -2056.0691802826323 0.9973396823545503
-785.4101106274728 -2060.6498957707927 0.9973419542617046
-712.867218834474 -2062.7816532135625 0.9973430108363438
-648.7354924230211 -2072.5466923054805 0.9973478449167397
-585.0867950989549 -2080.3204258310066 0.997351686401419
-521.9850090700598 -2086.1360903248597 0.9973545563351263
-459.4925511234501 -2090.029104275877 0.9973564755871905
-397.670328488376 -2092.037007326607 0.997357464890799
-336.5776937911856 -2092.1994019675667 0.9973575448858676
-281.6591306004796 -2101.508377142645 0.9973621260667213
-221.8539966272841 -2098.223588085609 0.9973605105242195
-167.6368669642077 -2104.398838855504 0.9973635467814481
-113.66812010140023 -2109.1037990136683 0.9973658575795632
-59.98793035164463 -2112.352469371274 0.9973674518512844
-6.640144496151656 -2114.1663042210744 0.9973683415276899
46.336058649412394 -2114.5619917382046 0.997368535566959
98.89802093835266 -2113.5653561856393 0.9973680468020121
148.44818096458826 -2122.9159359398955 0.9973726285938244
200.4312493352792 -2119.2448423512233 0.9973708307881078
250.05332992605392 -2126.0690450672005 0.9973741716671549
301.31049766535074 -2119.7844951682764 0.9973710951502607
350.866866554447 -2124.1006520166716 0.9973732084873972
400.5226458077426 -2127.186139343171 0.9973747181163962
450.24473854778887 -2129.038438783473 0.9973756239340413
500 -2129.6560397495837 0.9973759258798897
549.7552614522104 -2129.038438783473 0.9973756239340413
599.4773541922566 -2127.186139343171 0.9973747181163962
649.1331334455532 -2124.1006520166716 0.9973732084873972
698.6895023346481 -2119.7844951682764 0.9973710951502607
749.9466700739448 -2126.0690450672005 0.9973741716671549
799.568750664721 -2119.2448423512233 0.9973708307881078
851.551819035411 -2122.9159359398955 0.9973726285938244
901.1019790616468 -2113.5653561856393 0.9973680468020121
953.6639413505873 -2114.5619917382046 0.997368535566959
1006.6401444961513 -2114.1663042210744 0.9973683415276899
1008.3506277523162 -1965.844993132919 0.9972945018700465
1010.4342769494982 -1844.1060922042882 0.9972322181680738
1014.935867468124 -1747.3238092966985 0.9971815962512233
1018.9740437046664 -1663.745971397439 0.9971370759430871
1023.5659418033241 -1592.6437774858684 0.9970986037510575
1024.2963353453297 -1523.918024615933 0.9970608874244665
1032.6067763019394 -1475.7065011622722 0.9970341142773673
1032.4412103570392 -1420.2686150560833 0.9970030033840381
1041.6137248208934 -1383.5696624508948 0.996982215559864
1042.4716763426807 -1339.9218785214052 0.9969572896706345
1047.5080114407906 -1305.5348543962787 0.9969374965749747
1050.5956282433312 -1272.2638349928754 0.9969182142116074
1058.9976855479335 -1247.1281181799159 0.996903560303622
1066.0583175634008 -1222.6376283865095 0.9968892106315073
1071.8092388694927 -1198.8571889568145 0.9968752087251096
1076.2841429069967 -1175.8488668472476 0.9968615971021371
1079.5191476010946 -1153.671784498689 0.9968484170665267
1089.9448781350814 -1137.6596006473153 0.9968388640140458
1091.0190116737983 -1116.94682937562 0.996826460487866
1099.7715641627672 -1101.8215472167342 0.9968173700132977
1107.825856350996 -1087.0348764722917 0.9968084560855704
1105.9822571027457 -1068.6404511945154 0.9967973299466134
1112.4952088523933 -1054.9351180150331 0.9967890130812772
1118.3662249636761 -1041.6506211515275 0.9967809295269708
1123.613546821365 -1028.8096342884355 0.9967730951434369
1138.189794123765 -1019.1068675617477 0.9967671618802202
1142.4030965434017 -1006.886917681558 0.996759672742152
1146.0388251814572 -995.1692775677435 0.9967618588444842
1149.1146109510707 -983.9706783967478 0.9967768026027986
1162.2323787925209 -974.7154532983851 0.996789226252127
1164.38367992544 -964.272176842737 0.996803319969766
1176.9142718465325 -955.1933283640376 0.9968156338583833
1178.1918527242055 -945.5610450542274 0.9968287575705655
1190.1735358511403 -936.7137498291926 0.9968408625898499
1190.6321044859042 -927.9398053992667 0.9968529126875975
1202.1074393773088 -919.3769602249171 0.9968647141045539
1213.4253503893474 -910.835348643378 0.9968765245605441
1212.8204359705899 -903.2738998327223 0.9968870098850026
1223.7070242618568 -895.0960531801269 0.9968983799833095
1234.4757343757356 -886.9850670691601 0.9969096861256836
1245.1382554037866 -878.9624880712552 0.9969208956634501
1243.3138439078552 -873.1048400053256 0.9969290959823158
1253.6250400886481 -865.6073333204935 0.9969396101855099
1263.9638796352415 -858.2202910102133 0.9969499882163283
1274.4006973812927 -850.9468810815106 0.9969602235149793
1285.0243056443778 -843.7893969736382 0.9969703108740214
1295.9592418765503 -836.7438190759633 0.9969802541253174
1307.3882934697156 -829.7949946656177 0.9969900730042275
1319.5975601924717 -822.9063728631406 0.9969998177481154
1331.6208313973605 -816.7069648232471 0.9970085960222719
NaN NaN NaN
NaN NaN NaN
NaN NaN NaN
NaN NaN NaN
NaN NaN NaN
NaN NaN NaN
NaN NaN NaN
NaN NaN NaN
NaN NaN NaN
991.1940472062292 504.00631916109 0.9975439685235834
960.2048185084614 512.0792306229251 0.9975403179339
929.3305243805246 518.6028031772088 0.9975373635872237
898.6280827847928 523.5894176574955 0.9975351026479422
881.465460076785 529.1346822982846 0.9975325857277603
864.3119166807038 533.8947235756606 0.997530422949707
847.1969309198355 537.8759514310863 0.9975286124292927
830.1497691434791 541.0857241423058 0.9975271516738176
813.1994563377722 543.5323399036139 0.9975260375890291
796.3747469236615 545.2250277654855 0.9975252664871835
792.0521445730084 550.3621148067704 0.9975229246713123
775.3737802288853 550.9127507240731 0.9975226735110335
770.8550833632057 555.590142143608 0.9975205388913255
754.4016445583565 555.0249696233757 0.9975207969265643
749.7320370806173 559.2492610487441 0.9975188675673198
733.5804560022219 557.5990711762096 0.997519621454848
728.8044086617687 561.3796662368693 0.9975178939205211
723.8718177125554 565.0926696657609 0.997516195981581
708.1907519461656 562.0287500594441 0.997517597189818
703.2093595090613 565.3105383931504 0.9975160963114994
698.0889208628113 568.5220154746356 0.9975146266210841
692.8329455584467 571.6601874444294 0.9975131895522721
677.904957500477 566.9148856110436 0.9975153622227331
672.6699127672126 569.6410101792733 0.9975141143027747
667.3167053328131 572.2930063132524 0.9975128996534816
661.8490022838411 574.8682804493428 0.9975117195181409
656.270548698855 577.364302815538 0.9975105751117219
650.5851650879413 579.7786111515368 0.9975094676189091
637.0316479690524 572.8811135165016 0.9975126302040442
631.4600996922436 574.9173950711768 0.9975116970050673
625.7985791138866 576.8737419673579 0.9975108000757406
620.0509628712161 578.7481273730626 0.9975099403893509
614.2211862786133 580.5386030559532 0.9975091188827191
608.3132406408741 582.2433023412755 0.9975083364546202
602.3311705291209 583.8604429406166 0.9975075939642675
596.2790710210458 585.3883296474322 0.9975068922298601
590.1610849072395 586.8253568956658 0.9975062320272001
583.9813998656606 588.1700111781417 0.997505614088379
573.338410415032 578.5232468921463 0.9975100435479891
567.4045932326537 579.563820670889 0.9975095661697033
561.424637090267 580.5178168461272 0.9975091284215671
555.4026356948683 581.3841803306392 0.9975087308109024
549.3427114269666 582.1619515425176 0.9975083737994093
543.2490125283724 582.8502678915846 0.9975080578023648
537.125710272651 583.4483651132563 0.9975077831879022
530.976996120119 583.9555784485291 0.997507550276372
524.8070788592751 584.3713436689027 0.9975073593397858
518.6201817365379 584.6951979452188 0.9975072106013455
512.4205395764169 584.9267805596655 0.9975071042350546
506.2123958936977 585.0658334602113 0.9975070403654178
