0 245.13439032550792
-4.095331632885848 245.0955286993573
-8.187862271006605 244.9789787534103
-12.27479282360578 244.78484524308436
-16.353328006682936 244.51330262003893
-20.420678243214716 244.16459482142722
-24.697102344280054 244.88320030635816
-28.770535448032984 244.3745949377755
-32.824291168330376 243.7889697305737
-37.18843854016837 244.24827020121202
-41.2307191939842 243.5006829130368
-45.64974354105621 243.7781648674309
-49.668534586578645 242.86732852712174
-54.12929314741527 242.9580976583306
-58.62339931817746 242.94715528045253
-62.60149057295993 241.7831862598693
-67.11669138164893 241.57852590118193
-71.65419455350934 241.2676396252594
-76.21008248019095 240.8489098395719
-80.78037924634134 240.32082522952632
-85.36105391086056 239.68198230523902
-89.94802385392005 238.9310868337913
-95.31368996526935 238.98973511284103
-99.93185692751067 237.98967656461235
-105.38129096167563 237.75220101165294
-110.0115463093844 236.49580553552823
-115.5231208643218 235.95224295844585
-121.07179473489074 235.23983636810877
-126.65129034743488 234.35578364986836
-132.25523235098666 233.29746804113807
-137.8771536356797 232.06246101162517
-144.544726063893 231.34773076818638
-151.2677784957177 230.3948096105338
-158.03744366388827 229.19978939818714
-164.84472179333787 227.75903715321988
-171.68048953567288 226.06919924561322
-179.6889983772883 224.6767212323707
-188.92554730923575 223.4833360446625
-197.0490298706245 221.41699709852472
-206.41661319410733 219.47571074343776
-217.07347772655078 217.5555239492571
-227.80663366991968 215.16496050132528
-239.86904336608157 212.64876628921567
-253.29267586686137 209.89706510137887
-268.10409159539074 206.7979423744177
-284.3243732207854 203.23769257168152
-303.3001449737339 199.30927525094776
-325.0801433759014 194.7867547763331
-348.3460309956241 189.3062548173691
-377.1922517043349 183.0415246721979
-410.32057302732426 175.47581315075297
-450.53280934071864 166.30814036738502
-500.6802105659608 154.93526222115324
-563.6448814947943 140.45085241229353
-646.5462872055479 121.37980709837053
-759.3911158069085 95.25046120912819
-923.5822888907956 57.270545789667
NaN NaN
NaN NaN
NaN NaN
-1071.9274958539274 -184.29126563036954
-1062.444089356001 -203.34453250570243
-1054.1836071611533 -226.16722123074214
-1047.42827716635 -249.03121393466915
-1041.420331992231 -272.0968243771614
-1036.6068427101632 -295.69740884611156
-1032.7798779214697 -319.80065476181045
-1028.766683187309 -344.30711867011854
-1025.6935169680257 -368.801780645351
-1022.2655207389834 -393.5689078344397
-1019.6316891096683 -418.43300073253005
-1017.7325090333798 -443.5191337010541
-1015.2789261830737 -468.9760406863903
-1013.445036891561 -494.79001516569076
-1010.9508285859262 -521.0008154421976
-1008.9700403156914 -547.6906209717948
-1007.4424576714655 -574.9635435382357
-1005.1048930653186 -602.7009334266777
-1004.2959451343669 -631.3839374682644
-1002.5587604661181 -660.6209621104854
-1001.0174354436796 -690.7137146505552
-990.433724353272 -718.5708960590301
-973.3940451177043 -744.1670447408545
-955.7172595201309 -769.2633641540233
-937.4178059792689 -793.8472917847521
-918.5103567470467 -817.906372814142
-899.0098403582759 -841.4283131817605
-878.9314479947567 -864.4010320480775
-858.2905588889663 -886.8127173559811
-837.102777472716 -908.6518466202128
-815.3839177039323 -929.9072169787382
-793.1499475688095 -950.5679668352414
-770.417036236895 -970.6235902819699
-747.2014854495195 -990.063948858389
-723.522886691545 -1008.880093440668
-699.4188206633282 -1027.069740421409
-674.9041130698675 -1044.6273024718032
-649.9892246017301 -1061.545550567632
-624.6855488059161 -1077.816899755954
-599.005224508531 -1093.4335094299067
-572.9612030810694 -1108.387462027403
-546.5670214144428 -1122.6707759453689
-519.8368743435148 -1136.2755561955676
-492.7854961902573 -1149.1940223601468
-465.42818256627453 -1161.4186217559793
-437.7806392926273 -1172.9419872121998
-409.8590709800762 -1183.7570953337652
-381.6800143031426 -1193.8571721250305
-353.2604322831357 -1203.23586299736
-324.6175961790716 -1211.8871682995996
-295.7690772466838 -1219.8054867189599
-266.732730731385 -1226.9856576990278
-237.5266540102779 -1233.4229595990041
-208.1691592172208 -1239.1131180588295
-178.67876074533652 -1244.0523512646287
-149.07413752839926 -1248.2373573545492
-119.37410572186943 -1251.665304120728
-89.59760951941644 -1254.3338954624096
-59.763682516678166 -1256.241326973792
-29.89142902045941 -1257.3863080074211
0 -1257.7680542004614
29.891429020458933 -1257.3863080074211
59.763682516677754 -1256.241326973792
89.59760951941644 -1254.3338954624096
119.37410572186887 -1251.665304120728
149.07413752839878 -1248.2373573545492
178.67876074533652 -1244.0523512646287
208.16915921722045 -1239.1131180588295
237.5266540102773 -1233.4229595990041
266.732730731385 -1226.9856576990278
295.76907724668337 -1219.8054867189599
324.61759617907126 -1211.8871682995996
353.2604322831357 -1203.23586299736
381.6800143031423 -1193.8571721250307
409.8590709800757 -1183.7570953337654
437.7806392926273 -1172.9419872121998
465.42818256627413 -1161.4186217559795
492.7854961902569 -1149.1940223601473
519.8368743435148 -1136.2755561955676
546.5670214144427 -1122.6707759453689
572.9612030810694 -1108.387462027403
599.005224508531 -1093.4335094299067
624.6855488059161 -1077.816899755954
649.9892246017301 -1061.545550567632
674.9041130698675 -1044.6273024718032
699.418820663328 -1027.069740421409
723.522886691545 -1008.8800934406679
747.2014854495195 -990.063948858389
770.4170362368942 -970.6235902819702
793.1499475688088 -950.5679668352424
815.3839177039323 -929.9072169787382
837.1027774727153 -908.6518466202135
858.290558888966 -886.8127173559814
878.9314479947565 -864.4010320480776
899.0098403582757 -841.4283131817607
918.510356747047 -817.906372814142
937.4178059792689 -793.8472917847521
955.7172595201309 -769.2633641540233
973.3940451177042 -744.167044740855
990.433724353272 -718.5708960590301
1001.017435443679 -690.7137146505556
1002.5587604661181 -660.6209621104854
1004.2959451343669 -631.3839374682644
1005.1048930653186 -602.7009334266777
1007.4424576714655 -574.9635435382359
1008.9700403156918 -547.6906209717944
1010.9508285859262 -521.0008154421976
1013.4450368915606 -494.7900151656919
1015.2789261830737 -468.9760406863903
1017.7325090333798 -443.5191337010541
1019.6316891096678 -418.43300073253147
1022.265520738983 -393.5689078344415
1025.6935169680257 -368.8017806453506
1028.766683187308 -344.3071186701211
1032.7798779214697 -319.80065476181045
1036.6068427101632 -295.69740884611156
1041.420331992231 -272.0968243771614
1047.42827716635 -249.03121393466915
1054.1836071611533 -226.16722123074214
1062.444089356001 -203.34453250570243
1071.9274958539274 -184.29126563036954
NaN NaN
NaN NaN
NaN NaN
923.5822888907958 57.2705457896652
759.3911158069085 95.25046120912819
646.5462872055479 121.37980709837053
563.6448814947943 140.45085241229353
500.68021056596086 154.93526222115275
450.53280934071876 166.30814036738488
410.32057302732426 175.47581315075277
377.1922517043349 183.0415246721979
348.3460309956241 189.3062548173691
325.0801433759014 194.7867547763331
303.3001449737339 199.3092752509477
284.3243732207854 203.23769257168155
268.1040915953908 206.79794237441757
253.29267586686137 209.89706510137887
239.86904336608157 212.64876628921567
227.80663366991968 215.16496050132528
217.0734777265509 217.5555239492569
206.41661319410736 219.47571074343767
197.0490298706245 221.41699709852463
188.92554730923575 223.4833360446625
179.6889983772883 224.6767212323707
171.68048953567288 226.06919924561322
164.84472179333795 227.75903715321977
158.0374436638883 229.19978939818714
151.2677784957177 230.39480961053377
144.544726063893 231.34773076818638
137.8771536356797 232.06246101162517
132.25523235098666 233.29746804113807
126.651290347435 234.3557836498683
121.07179473489079 235.23983636810803
115.52312086432183 235.95224295844582
110.0115463093844 236.49580553552823
105.38129096167563 237.75220101165294
99.93185692751067 237.98967656461235
95.31368996526942 238.98973511284092
89.94802385392008 238.9310868337913
85.36105391086058 239.68198230523902
80.78037924634134 240.32082522952632
76.21008248019095 240.8489098395719
71.65419455350934 241.2676396252594
67.116691381649 241.5785259011819
62.60149057295998 241.7831862598693
58.62339931817749 242.94715528045248
54.12929314741527 242.9580976583306
49.668534586578645 242.86732852712174
45.64974354105621 243.7781648674309
41.23071919398425 243.50068291303677
37.18843854016841 244.24827020121202
32.82429116833043 243.78896973057368
28.770535448032984 244.3745949377755
24.697102344280054 244.88320030635816
20.420678243214716 244.16459482142722
16.35332800668298 244.5133026200389
12.274792823605823 244.78484524308436
8.187862271006649 244.9789787534103
4.095331632885848 245.0955286993573
