0 313.73439032551056
-4.50403809834319 313.6943111887373
-9.004995094925203 313.57411191858256
-13.4997919839647 313.3739068860072
-17.985353950248133 313.0938865437712
-22.45861246092553 312.73431717848905
-27.13954813782108 313.43970589514595
-31.615818887059486 312.9155634321893
-36.07046223769851 312.3121218281523
-40.83327247637795 312.75137367527424
-45.27171800991816 311.9815585541181
-50.08413773797932 312.2346922998519
-54.49328505221031 311.2974518862431
-59.34109323878894 311.359831114494
-64.21867712784422 311.3185883957012
-68.57641137700112 310.1224891637291
-73.46716026779745 309.88395427203625
-78.37585922760672 309.5375394641267
-83.2983362490215 309.08172202336596
-88.23036417483752 308.5150898312128
-93.16766415149021 307.8363426686899
-98.10590914597013 307.0442933914135
-103.81725930165855 307.06064893469
-108.77528238657871 306.01727262790354
-114.5585117013486 305.7355711803561
-119.51627272098203 304.4341612401019
-125.34883888313315 303.84491756634895
-131.21177030459293 303.0862872365644
-137.09857403527104 302.1555938527411
-143.00266411057822 301.05034776276494
-148.9173677141369 299.76824860103244
-155.8701560499601 299.0063934480737
-162.8706625053994 298.00644383614747
-169.90982966006726 296.76462086218146
-176.97847303568304 295.2774204335436
-184.06729015718335 293.54161709441206
-192.32035908355104 292.1037835049365
-201.79281119657117 290.86577826853926
-210.14337835909555 288.7556786839448
-219.72907207134486 286.7716128374121
-230.5949232982058 284.8097469367605
-241.52779901261562 282.3787211581893
-253.78052467847263 279.82339459257923
-267.3849389145518 277.0340007046278
-282.36747824521797 273.89873075486406
-298.7491080600095 270.30398086034467
-317.8763420096215 266.3428077549946
-339.79781281110974 261.7893682059326
-363.19508607467253 256.27987322983927
-392.1625156266173 249.98815414745462
-425.40178592171685 242.39753621310604
-465.71463529723616 233.2071101698141
-515.9522447194324 221.81369650916199
-578.9966571558597 207.31102728532173
-661.9672830340288 188.22405058768115
-774.8707630225562 162.0811466917665
-939.1099785166284 124.09008525892857
NaN NaN
NaN NaN
NaN NaN
-1142.110273405474 -311.0627802867111
-1127.7714698009347 -327.083225415438
-1114.4735157316577 -346.48336721090067
-1103.344975859007 -366.14292985223193
-1093.471372981694 -386.1896737415356
-1085.1665100227585 -406.9058419611601
-1078.1733289587487 -428.25842663263836
-1071.2850480086636 -450.1523589370227
-1065.6259837452565 -472.20538934526815
-1059.8333095186624 -494.65923031215425
-1055.0400459367875 -517.3442280541393
-1051.1507453129072 -540.3634640385129
-1046.8470856467527 -563.84528196984
-1043.2891914954935 -587.7710030031323
-1039.1822609181474 -612.1718697696542
-1035.6858447702332 -637.1197544484204
-1032.7273366145703 -662.7085757687838
-1029.0416313845499 -688.8243864208011
-1026.9447682513248 -715.9176453795868
-1023.9897924103573 -743.6188089739842
-1021.2875228410765 -772.2116737886587
-1018.7545820178246 -801.7710393918622
-1016.303955538403 -832.3666399859661
-1013.8450019854937 -864.0627770099813
-1012.3649178304236 -897.420114438724
-1010.6439913907158 -932.0682449895655
-1008.5780478628104 -968.0502053632731
-1006.060183344525 -1005.4019699823631
-1004.9965317871523 -1045.4629760906987
-1003.4097419780102 -1087.0915506843542
-1001.2171043251064 -1130.3335841080593
-989.8702910738209 -1168.372148004144
-961.6568083990544 -1193.2688288040256
-932.8681037546744 -1217.4307500239834
-903.5153049085146 -1240.8472919691385
-873.6108269205422 -1263.5071404142845
-843.1683071058206 -1285.3985292063628
-812.2024006309949 -1306.5093969052623
-780.7287979511448 -1326.827572400449
-748.7640346123248 -1346.3408635061066
-716.3255559798625 -1365.0372261621687
-683.4314869206037 -1382.904769277228
-650.1007012336802 -1399.9318989993683
-616.3526996309256 -1416.1073412621079
-582.207628079389 -1431.420250734585
-547.6861226787585 -1445.860164870912
-512.8093946093787 -1459.417159633665
-477.59905899005184 -1472.081752540948
-442.0772252747328 -1483.8450712697227
-406.26637457972834 -1494.6987875755906
-370.1893470413698 -1504.635159694986
-333.8693212889112 -1513.6470740445163
-297.32976789478863 -1521.7280427523456
-260.5944172567078 -1528.8722115957978
-223.68724232706552 -1535.0744050935114
-186.6324159735611 -1540.3301136641146
-149.45427870635757 -1544.6354831606532
-112.17732454949181 -1547.9873814621567
-74.82615732024253 -1550.383353879334
-37.425466882664686 -1551.821645273038
0 -1552.3011925517346
37.42546688266405 -1551.821645273038
74.82615732024195 -1550.383353879334
112.17732454949181 -1547.9873814621567
149.45427870635694 -1544.6354831606532
186.63241597356057 -1540.3301136641146
223.68724232706552 -1535.0744050935114
260.59441725670735 -1528.8722115957978
297.3297678947879 -1521.7280427523456
333.8693212889112 -1513.6470740445163
370.1893470413692 -1504.635159694986
406.26637457972794 -1494.6987875755906
442.0772252747328 -1483.8450712697227
477.5990589900515 -1472.0817525409484
512.8093946093782 -1459.4171596336653
547.6861226787585 -1445.860164870912
582.2076280793885 -1431.4202507345851
616.3526996309251 -1416.1073412621083
650.1007012336802 -1399.9318989993683
683.4314869206034 -1382.904769277228
716.3255559798625 -1365.0372261621687
748.7640346123248 -1346.3408635061066
780.7287979511448 -1326.827572400449
812.2024006309949 -1306.5093969052623
843.1683071058206 -1285.3985292063628
873.610826920542 -1263.5071404142845
903.5153049085145 -1240.8472919691383
932.8681037546744 -1217.4307500239834
961.6568083990533 -1193.268828804026
989.8702910738199 -1168.3721480041454
1001.2171043251064 -1130.3335841080593
1003.4097419780094 -1087.0915506843558
1004.9965317871518 -1045.4629760906992
1006.0601833445247 -1005.4019699823632
1008.5780478628102 -968.0502053632733
1010.6439913907161 -932.0682449895654
1012.3649178304236 -897.420114438724
1013.8450019854937 -864.0627770099813
1016.3039555384029 -832.3666399859666
1018.7545820178246 -801.7710393918622
1021.2875228410758 -772.2116737886591
1023.9897924103573 -743.6188089739842
1026.9447682513248 -715.9176453795868
1029.0416313845499 -688.8243864208011
1032.7273366145703 -662.7085757687839
1035.6858447702334 -637.11975444842
1039.1822609181472 -612.1718697696542
1043.289191495493 -587.7710030031334
1046.8470856467527 -563.84528196984
1051.1507453129072 -540.3634640385129
1055.0400459367868 -517.3442280541404
1059.833309518662 -494.65923031215596
1065.6259837452565 -472.2053893452678
1071.2850480086622 -450.1523589370251
1078.1733289587487 -428.25842663263836
1085.1665100227585 -406.9058419611601
1093.471372981694 -386.1896737415356
1103.344975859007 -366.14292985223193
1114.4735157316577 -346.48336721090067
1127.7714698009347 -327.083225415438
1142.110273405474 -311.0627802867111
NaN NaN
NaN NaN
NaN NaN
939.1099785166286 124.09008525892676
774.8707630225562 162.0811466917665
661.9672830340288 188.22405058768115
578.9966571558597 207.31102728532173
515.9522447194325 221.8136965091615
465.71463529723627 233.20711016981394
425.40178592171685 242.39753621310584
392.1625156266173 249.98815414745462
363.19508607467253 256.27987322983927
339.79781281110974 261.7893682059326
317.8763420096215 266.34280775499457
298.7491080600095 270.3039808603447
282.367478245218 273.89873075486395
267.3849389145518 277.0340007046278
253.78052467847263 279.82339459257923
241.52779901261562 282.3787211581893
230.5949232982059 284.80974693676035
219.7290720713449 286.77161283741196
210.14337835909555 288.7556786839447
201.79281119657117 290.86577826853926
192.32035908355104 292.1037835049365
184.06729015718335 293.54161709441206
176.97847303568312 295.2774204335435
169.9098296600673 296.76462086218146
162.8706625053994 298.0064438361474
155.8701560499601 299.0063934480737
148.9173677141369 299.76824860103244
143.00266411057822 301.05034776276494
137.09857403527116 302.15559385274105
131.211770304593 303.08628723656363
125.34883888313318 303.84491756634895
119.51627272098203 304.4341612401019
114.5585117013486 305.7355711803561
108.77528238657871 306.01727262790354
103.81725930165862 307.0606489346899
98.10590914597016 307.0442933914135
93.16766415149023 307.8363426686899
88.23036417483752 308.5150898312128
83.2983362490215 309.08172202336596
78.37585922760672 309.5375394641267
73.46716026779752 309.88395427203625
68.57641137700116 310.1224891637291
64.21867712784424 311.31858839570117
59.34109323878894 311.359831114494
54.49328505221031 311.2974518862431
50.08413773797932 312.2346922998519
45.27171800991821 311.98155855411807
40.83327247637799 312.75137367527424
36.070462237698564 312.3121218281523
31.615818887059486 312.9155634321893
27.13954813782108 313.43970589514595
22.45861246092553 312.73431717848905
17.985353950248175 313.0938865437712
13.499791983964743 313.3739068860072
9.004995094925247 313.57411191858256
4.50403809834319 313.6943111887373
