0 173.79039032551015
-3.670276908810212 173.75279491040206
-7.3380441341312626 173.64004026163119
-11.000793696832504 173.45222113443964
-14.656021025375424 173.18949533936228
-18.30122665679547 172.8520835700878
-22.156958718997387 173.58443449401886
-25.81144067144542 173.09198770359006
-29.448273256186962 172.52489154908707
-33.39781124651041 173.0050425881922
-37.02808042541288 172.2805722463074
-41.03797357625618 172.5833763377082
-44.65079410232171 171.70000023363554
-48.709021052386646 171.82029486392543
-52.80431039612404 171.8408648405939
-56.38757293675823 170.71031123985512
-60.512203740054474 170.54088039549345
-64.66366329244806 170.26694379283737
-68.83829856060717 169.88678516842606
-73.03239492070531 169.39879004377244
-77.24217926060572 168.80144752725008
-81.46382315018796 168.09335201385983
-86.46997785542457 168.19598473812258
-90.7346944500799 167.24097665878952
-95.83698139241574 167.04949603619733
-100.12663084132286 165.83991560277582
-105.30437412475798 165.34386136622246
-110.52622014239952 164.67952746491497
-115.78611531208269 163.84398103887665
-121.07790332101327 162.83447313064613
-126.39533099408419 161.64844191864543
-132.76627887838322 160.9827215811073
-139.20077912564872 160.07871001589558
-145.69016222786212 158.93236467563304
-152.2256205012989 157.53991854167975
-158.79821688930198 155.89788468285911
-166.55238324277505 154.55257646890232
-175.54359286640693 153.40559613183376
-183.43090744261463 151.38476824968782
-192.5716559617803 149.4879725657045
-203.01117433202955 147.6111320422535
-213.5366217135159 145.26264941818673
-225.40110280119487 142.78715285371547
-238.63672229725853 140.07465207400185
-253.27016947957046 137.01312245875346
-269.3226489879923 133.48875275147185
-288.14090005641077 129.594401446739
-309.77376716328473 125.10403680954978
-332.90301371341377 119.65369166840014
-361.62317722516127 113.41703001793091
-394.63611161715596 105.87722116590673
-434.7437103459404 96.73321177285881
-484.79729504634724 85.38169056162594
-547.6790348072863 70.9162705443442
-630.5084515439277 51.86179386948991
-743.2922827026349 25.746548307183662
-854.9654063393469 -6.203255998321814
-857.2290124271399 -28.596596223512215
-858.9065748429311 -51.046925248551034
-859.996527393402 -73.5391706683494
-860.5217492527087 -100
-860.4093019555182 -118.58339704936246
-859.7310145609072 -141.10826885558566
-858.4628514662681 -163.61254406799637
-856.6052600805416 -186.08115975200027
-854.1387883841203 -208.57970834761608
-850.9007456802351 -231.57094014128046
-846.9365474491251 -254.64413846079148
-842.3051229319069 -277.5747030763224
-837.0406464642575 -300.2891213866921
-831.1654265763946 -322.7608702477513
-824.6956280786386 -344.97871375902423
-817.6440667784668 -366.9360038045966
-810.0217010417939 -388.626892109067
-801.8384309659198 -410.04509108394484
-793.1035837855212 -431.18351590837773
-783.8262041599272 -452.03428178876055
-774.015254769778 -472.5888024119982
-763.6797055334913 -492.8379598709147
-752.8286267969528 -512.7722256358667
-741.4712296000345 -532.3817894788406
-729.6169004592363 -551.6566596770474
-717.2752221600272 -570.5867483642271
-704.4559781744255 -589.1619454869185
-691.1691809073657 -607.3721679818844
-677.4250308069654 -625.2074241723263
-663.2339474773283 -642.6578389845658
-648.6065845095334 -659.7136857033869
-633.553763157029 -676.3654263227363
-618.0865168016891 -692.603721456434
-602.2160824339988 -708.4194527551779
-585.953851777232 -723.8037395348975
-569.3114245326665 -738.7479502500537
-552.3005453902118 -753.243712948382
-534.9331258926006 -767.2829241863136
-517.2212345390006 -780.8577575628127
-499.1770872014103 -793.9606704981184
-480.8130015312225 -806.5843956814746
-462.14148400340406 -818.7219765985271
-443.17510448977725 -830.3667294477427
-423.92657875416893 -841.5122788645955
-404.4087224839777 -852.1525454212157
-384.63444568981856 -862.2817459052006
-364.6167522282279 -871.8943974340149
-344.36873276026466 -880.9853180837702
-323.90355799972053 -889.5496271497941
-303.23446994096133 -897.5827425524684
-282.3747694736575 -905.0803714915672
-261.33784215905354 -912.0385471287656
-240.13711046644482 -918.4535797346241
-218.7860505793775 -924.32207894977
-197.2981932814666 -929.6409660094162
-175.68710121529745 -934.4074433781103
-153.96637719116538 -938.6190144803343
-132.1496606842272 -942.2734909843105
-110.25061043152662 -945.3689572003524
-88.28291306678835 -947.9038001258099
-66.26027697755114 -949.8767116744227
-44.1964229726049 -951.2866663911662
-22.10508377128188 -952.1329320458833
0 -952.4150693967202
22.1050837712815 -952.1329320458833
44.1964229726046 -951.2866663911662
66.26027697755114 -949.8767116744227
88.28291306678797 -947.9038001258099
110.25061043152627 -945.3689572003525
132.1496606842272 -942.2734909843105
153.9663771911651 -938.6190144803344
175.68710121529696 -934.4074433781103
197.2981932814666 -929.6409660094162
218.78605057937713 -924.32207894977
240.13711046644457 -918.4535797346241
261.33784215905354 -912.0385471287656
282.3747694736573 -905.0803714915673
303.23446994096105 -897.5827425524684
323.90355799972053 -889.5496271497941
344.36873276026444 -880.9853180837704
364.6167522282276 -871.8943974340151
384.63444568981856 -862.2817459052006
404.4087224839776 -852.1525454212157
423.9265787541689 -841.5122788645955
443.17510448977725 -830.3667294477427
462.14148400340406 -818.7219765985271
480.8130015312225 -806.5843956814746
499.1770872014103 -793.9606704981184
517.2212345390004 -780.8577575628127
534.9331258926006 -767.2829241863135
552.3005453902118 -753.243712948382
569.311424532666 -738.7479502500539
585.9538517772315 -723.8037395348982
602.2160824339988 -708.4194527551779
618.0865168016886 -692.6037214564343
633.553763157029 -676.3654263227364
648.6065845095333 -659.713685703387
663.2339474773281 -642.6578389845661
677.4250308069655 -625.2074241723263
691.1691809073657 -607.3721679818844
704.4559781744255 -589.1619454869185
717.2752221600272 -570.5867483642274
729.6169004592363 -551.6566596770474
741.4712296000341 -532.3817894788409
752.8286267969528 -512.7722256358667
763.6797055334913 -492.8379598709147
774.015254769778 -472.5888024119982
783.8262041599272 -452.03428178876067
793.1035837855212 -431.18351590837756
801.8384309659198 -410.0450910839449
810.0217010417934 -388.626892109068
817.6440667784668 -366.9360038045966
824.6956280786386 -344.97871375902423
831.1654265763942 -322.7608702477526
837.0406464642574 -300.2891213866938
842.3051229319069 -277.5747030763221
846.9365474491249 -254.64413846079316
850.9007456802351 -231.57094014128046
854.1387883841203 -208.57970834761608
856.6052600805416 -186.08115975200027
858.4628514662681 -163.61254406799637
859.7310145609072 -141.10826885558566
860.4093019555182 -118.58339704936246
860.5217492527087 -100
859.996527393402 -73.5391706683494
858.9065748429313 -51.046925248550615
857.2290124271399 -28.596596223512215
854.9654063393472 -6.203255998323523
743.2922827026349 25.746548307183662
630.5084515439277 51.86179386948991
547.6790348072863 70.9162705443442
484.7972950463473 85.38169056162548
434.74371034594054 96.73321177285867
394.63611161715596 105.87722116590652
361.62317722516127 113.41703001793091
332.90301371341377 119.65369166840014
309.77376716328473 125.10403680954978
288.14090005641077 129.59440144673894
269.3226489879923 133.48875275147188
253.2701694795705 137.01312245875334
238.63672229725853 140.07465207400185
225.40110280119487 142.78715285371547
213.5366217135159 145.26264941818673
203.01117433202967 147.6111320422533
192.57165596178032 149.4879725657044
183.43090744261463 151.38476824968774
175.54359286640693 153.40559613183376
166.55238324277505 154.55257646890232
158.79821688930198 155.89788468285911
152.22562050129898 157.53991854167964
145.69016222786215 158.93236467563304
139.20077912564872 160.07871001589555
132.76627887838322 160.9827215811073
126.39533099408419 161.64844191864543
121.07790332101327 162.83447313064613
115.7861153120828 163.8439810388766
110.52622014239957 164.67952746491423
105.30437412475801 165.34386136622243
100.12663084132286 165.83991560277582
95.83698139241574 167.04949603619733
90.7346944500799 167.24097665878952
86.46997785542464 168.19598473812246
81.46382315018799 168.09335201385983
77.24217926060574 168.80144752725008
73.03239492070531 169.39879004377244
68.83829856060717 169.88678516842606
64.66366329244806 170.26694379283737
60.51220374005454 170.54088039549342
56.38757293675828 170.71031123985512
52.804310396124066 171.84086484059384
48.709021052386646 171.82029486392543
44.65079410232171 171.70000023363554
41.03797357625618 172.5833763377082
37.02808042541293 172.28057224630737
33.39781124651045 173.0050425881922
29.448273256187015 172.52489154908704
25.81144067144542 173.09198770359006
22.156958718997387 173.58443449401886
18.30122665679547 172.8520835700878
14.656021025375468 173.18949533936225
11.000793696832547 173.45222113443964
7.338044134131307 173.64004026163119
3.670276908810212 173.75279491040206
