0 1185.36220165697
-9.788577466449409 1185.305180242272
-19.570451785701696 1185.1341957549478
-29.338924389682226 1184.8494873208201
-39.08730586546276 1184.4514530015233
-48.808920525090976 1183.9406490728086
-58.4971109661373 1183.3177890151546
-68.14524261986394 1182.5837422176687
-77.74670828395024 1181.7395323963617
-87.29493263670363 1180.7863357286524
-96.78337672968198 1179.7254787056193
-106.2055424557212 1178.5584357046089
-115.55497698930662 1177.2868262844434
-129.58465066518488 1186.6851789195466
-139.11976574183257 1185.0753966540774
-148.55962805640775 1183.3572300562053
-157.89777328293025 1181.5329411855919
-167.1278065392131 1179.6049259313697
-176.24340675588033 1177.5757096641314
-185.23833099556768 1175.4479426378389
-194.10641871938384 1173.2243951475384
-202.841595997689 1170.907952450403
-211.43787966245304 1168.5016094576572
-227.96513785477197 1175.0200767053148
-236.5712301710129 1172.2187917917122
-245.01535838533033 1169.3288928643321
-253.29173799742225 1166.3539091324146
-261.39469900209866 1163.2974552782596
-269.3186897690692 1160.1632248861997
-286.87297345485297 1164.4978850086447
-294.6907940493244 1160.9476568819468
-302.3068718871587 1157.3238368421628
-309.71598703089757 1153.6305495335396
-327.75519517909214 1156.2849449756914
-334.9747320322954 1152.165519939721
-341.96496144042857 1147.9827273531976
-360.256443260387 1149.2360559336903
-366.9902035725407 1144.6213390822813
-385.4306326373472 1144.803606016018
-391.8577954047129 1139.7518940463483
-410.36479332499346 1138.8365659474257
-416.4349436722403 1133.3454335130616
-434.9249178212129 1131.3103375580365
-453.4570708107834 1128.5339106707281
-472.0015641058045 1125.0078497599957
-490.5283465238756 1120.7247461014665
-509.0071841408016 1115.6780917086949
-527.4076903428256 1109.8622851664738
-559.2597563222378 1104.6219642863325
-591.1946278283922 1097.8622385314288
-623.1546600321644 1089.5713959566597
-668.9458792149868 1079.9729226048805
-714.8126857891724 1068.0719496960173
-774.68971991202 1053.3379464031598
-862.7674845785436 1033.73817730308
-979.2619305667957 1007.0143029389781
NaN NaN
NaN NaN
NaN NaN
NaN NaN
-1444.9710966409637 -1300.0906700896132
-1424.0072149768475 -1308.7548227994578
-1401.84148516157 -1319.707268928097
-1382.1741979378555 -1330.9903730630078
-1363.927934354299 -1342.6863374673742
-1345.9617066859305 -1355.1610607310704
-1341.2914886674414 -1366.4567934351148
-1323.465074954355 -1380.2945065747974
-1305.7941040788235 -1394.4407511741913
-1300.9464538322727 -1407.7986752323084
-1283.120725051414 -1422.7059721703906
-1277.6609926219521 -1437.340613366594
-1259.3607939475967 -1452.8954136420787
-1253.0264340311915 -1468.7147331828069
-1246.1075820802055 -1485.2471493834867
-1238.5628666803952 -1502.4686065650606
-1230.3527428262707 -1520.3541727336146
-1209.8359046191065 -1537.4788391035163
-1211.7991331991125 -1558.0053150467304
-1201.3953565082725 -1577.7094474277237
-1190.2024215553947 -1597.9561160575208
-1178.1975312841334 -1618.7098871001108
-1176.0828589346163 -1642.971252896507
-1162.1897510307513 -1664.9474982760348
-1157.7433521015598 -1691.0145475824438
-1141.8606375171087 -1714.0447725763745
-1134.9572822495493 -1741.727937927727
-1126.6728717607702 -1770.3074996881596
-1126.456416198601 -1804.7561716450898
-1115.329517832888 -1835.2657508492443
-1112.0513543662044 -1872.2040174179765
-1098.150649253259 -1904.4434464461708
-1091.5867006998665 -1943.6683500179274
-1091.6849116801907 -1990.8240144875576
-1081.1412727652366 -2032.7457159070514
-1076.6780653200522 -2083.117289437787
-1069.6930162897006 -2135.1245065430035
-1060.1010876431417 -2188.6576555457946
-1055.1735310256647 -2251.9967204530617
-1054.0699313085481 -2326.0224763429956
-1049.0602212990207 -2402.489205694477
-1040.0191674654293 -2481.195287165303
-989.1330328329302 -2503.782205680324
-925.7536348282655 -2505.7198104351965
-863.1077665739092 -2505.966223822954
-806.5229664729468 -2514.569744814283
-745.1694677646767 -2511.654665974963
-689.298183674699 -2517.3840423398497
-633.6812497502677 -2521.764683302095
-578.3567801794991 -2524.8083777317247
-523.3665831944262 -2526.534057530426
-468.7479096096291 -2526.9566038740377
-414.5414942250521 -2526.099548788422
-363.2859912383845 -2534.7033481993353
-309.6567966255067 -2531.386213732191
-258.3401965788854 -2537.6670779677993
-205.42866790257466 -2531.945407604677
-154.18251362351106 -2535.917942532138
-102.84123378090042 -2538.758318818223
-51.43648993233527 -2540.4636847435277
0 -2541.0323300395535
51.43648993233444 -2540.4636847435277
102.84123378089961 -2538.758318818223
154.18251362351106 -2535.917942532138
205.42866790257398 -2531.945407604677
258.3401965788845 -2537.6670779677993
309.6567966255067 -2531.386213732191
363.28599123838364 -2534.7033481993353
414.54149422505105 -2526.099548788422
468.7479096096291 -2526.9566038740377
523.3665831944253 -2526.534057530426
578.3567801794981 -2524.808377731725
633.6812497502677 -2521.764683302095
689.2981836746981 -2517.3840423398497
745.1694677646757 -2511.654665974963
806.5229664729468 -2514.569744814283
863.1077665739087 -2505.9662238229544
925.7536348282647 -2505.7198104351974
989.1330328329302 -2503.782205680324
1040.0191674654284 -2481.1952871653034
1049.0602212990204 -2402.489205694477
1054.0699313085481 -2326.0224763429956
1055.1735310256647 -2251.9967204530617
1060.1010876431403 -2188.657655545795
1069.6930162897006 -2135.1245065430035
1076.6780653200517 -2083.117289437787
1081.1412727652364 -2032.7457159070516
1091.6849116801907 -1990.8240144875576
1091.5867006998656 -1943.6683500179283
1098.1506492532578 -1904.4434464461713
1112.0513543662044 -1872.2040174179765
1115.3295178328879 -1835.2657508492443
1126.456416198601 -1804.7561716450898
1126.6728717607698 -1770.3074996881596
1134.9572822495486 -1741.7279379277272
1141.8606375171084 -1714.0447725763747
1157.7433521015598 -1691.0145475824438
1162.1897510307513 -1664.9474982760348
1176.082858934614 -1642.9712528965076
1178.1975312841325 -1618.7098871001115
1190.202421555395 -1597.9561160575208
1201.3953565082727 -1577.709447427724
1211.7991331991125 -1558.0053150467304
1209.8359046191065 -1537.4788391035163
1230.3527428262705 -1520.3541727336146
1238.5628666803948 -1502.468606565061
1246.107582080205 -1485.2471493834869
1253.0264340311912 -1468.7147331828073
1259.3607939475967 -1452.8954136420787
1277.6609926219521 -1437.340613366594
1283.120725051414 -1422.7059721703909
1300.9464538322725 -1407.7986752323086
1305.794104078822 -1394.4407511741917
1323.4650749543543 -1380.2945065747974
1341.2914886674414 -1366.4567934351148
1345.9617066859305 -1355.1610607310704
1363.927934354299 -1342.6863374673742
1382.1741979378555 -1330.9903730630078
1401.84148516157 -1319.707268928097
1424.0072149768475 -1308.7548227994578
1444.9710966409637 -1300.0906700896132
NaN NaN
NaN NaN
NaN NaN
NaN NaN
979.2619305667957 1007.0143029389781
862.7674845785436 1033.73817730308
774.68971991202 1053.3379464031598
714.8126857891725 1068.0719496960166
668.9458792149868 1079.9729226048803
623.1546600321645 1089.5713959566594
591.1946278283922 1097.8622385314288
559.2597563222378 1104.6219642863325
527.4076903428256 1109.8622851664738
509.0071841408017 1115.6780917086949
490.52834652387565 1120.7247461014663
472.00156410580456 1125.0078497599955
453.4570708107834 1128.5339106707281
434.9249178212129 1131.3103375580365
416.4349436722403 1133.3454335130616
410.3647933249935 1138.8365659474255
391.85779540471293 1139.7518940463483
385.43063263734723 1144.803606016018
366.9902035725407 1144.6213390822813
360.256443260387 1149.2360559336903
341.96496144042857 1147.9827273531976
334.97473203229544 1152.165519939721
327.75519517909214 1156.2849449756914
309.7159870308976 1153.6305495335394
302.3068718871587 1157.3238368421628
294.6907940493244 1160.9476568819468
286.87297345485297 1164.4978850086447
269.3186897690693 1160.1632248861997
261.3946990020987 1163.2974552782596
253.29173799742227 1166.3539091324144
245.01535838533033 1169.3288928643321
236.5712301710129 1172.2187917917122
227.96513785477197 1175.0200767053148
211.43787966245313 1168.5016094576572
202.84159599768907 1170.907952450403
194.1064187193839 1173.2243951475384
185.23833099556768 1175.4479426378389
176.24340675588033 1177.5757096641314
167.1278065392131 1179.6049259313697
157.89777328293027 1181.5329411855919
148.5596280564078 1183.3572300562053
139.1197657418326 1185.0753966540774
129.58465066518488 1186.6851789195466
115.55497698930662 1177.2868262844434
106.2055424557212 1178.5584357046089
96.78337672968202 1179.7254787056193
87.29493263670369 1180.7863357286524
77.74670828395169 1181.7395323963617
68.14524261986394 1182.5837422176687
58.4971109661373 1183.3177890151546
48.808920525090976 1183.9406490728086
39.087305865462916 1184.4514530015233
29.338924389683044 1184.8494873208201
19.570451785701742 1185.1341957549478
9.788577466449409 1185.305180242272
