0 148.75139032551093
-3.521099048918282 148.71423930177835
-7.039790653400974 148.60281665634332
-10.553669003301499 148.41721363477106
-14.060331555974257 148.15758220720173
-17.557380667331024 147.82413490976197
-21.265466004354913 148.56130995411132
-24.772912216200748 148.07453420313075
-28.263420815867335 147.51394103346917
-32.06744685979391 148.0014098201612
-35.553115857596985 147.28505263731103
-39.41941969437924 147.59674382487282
-42.88976018236615 146.72300520755624
-46.806714019035255 146.85366215242746
-50.76203399559567 146.88529175352812
-54.2067268432836 145.7664656799463
-58.194282596610265 145.60939904013162
-62.210255686402895 145.3484303516508
-66.25108593498402 144.98180872134122
-70.31315042180421 144.5078834641569
-74.3927665227759 143.9251059945905
-78.48619501858968 143.23203162032618
-83.36617504764251 143.35010119314927
-87.50684415752006 142.41090409568824
-92.4872958224351 142.23556592461915
-96.65740570108973 141.0424157706079
-101.71798704789184 140.56303513433636
-106.8251290594579 139.91557289792868
-111.97285676602158 139.09705031482667
-117.15509072876338 138.10467203225232
-122.36565285544731 136.93582944851312
-128.63249693346873 136.28730970294976
-134.9657264621149 135.4004635235466
-141.35674133925679 134.2712011912751
-147.7968012978429 132.89570864436038
-154.27703466245066 131.27045216804638
-161.94193658498915 129.9416987394158
-170.8470415475295 128.81100472011983
-178.6514702443227 126.80614947100949
-187.7126084715886 124.92496830140387
-198.07584669837547 123.06334065181476
-208.52839636343188 120.72962677843105
-220.32341212217213 118.26841352298743
-233.49304628484984 115.56967057881663
-248.06403335238352 112.52133469989053
-264.0576207716755 109.0095575261098
-282.8205881383118 105.1271620827619
-304.4018178194337 100.64808290774701
-327.4831086095611 95.20832094784853
-356.1590308935282 88.98151025946221
-389.13146891070267 81.4507922481489
-429.20234387181154 72.3150877949722
-479.223002580329 60.971062046503725
-542.0756366909974 46.51230671568853
-624.8797880665321 27.463644995892004
-737.6422114689235 1.3533481060206105
-745.7578448392293 -18.623573162155047
-747.7095404485668 -38.15870831325587
-749.1498836913457 -57.74235534064937
-750.0775703271836 -77.36133462014841
-750.5075851626052 -100
-750.3914794949734 -116.6481667778135
-749.7768561790002 -136.29193352633726
-748.6478538318754 -155.91660025945623
-747.0049255699961 -175.508977711869
-744.8488774159662 -195.05564213293744
-742.1320557538355 -214.70025935426796
-738.7734433557094 -234.57277547837455
-734.8228005210033 -254.41681062294649
-730.3130906125441 -274.1280593811622
-725.265638141468 -293.6629881192716
-719.6956723055171 -313.0005055612989
-713.6150588045093 -332.1281325817854
-707.0337681743998 -351.0365932137622
-699.9606672346164 -369.71767420792196
-692.4040026478157 -388.163337552684
-684.3716920323673 -406.3653916778263
-675.8715264132192 -424.3153813996836
-666.9112620380976 -442.00461983420246
-657.4987160909761 -459.42421576534343
-647.6418096859493 -476.565137297954
-637.3486053051444 -493.4182657030205
-626.6273302197241 -509.9744472116746
-615.4863834998997 -526.224542308059
-603.93436671045 -542.1594565838312
-591.9800455525615 -557.770191312857
-579.6323832398307 -573.0478582640426
-566.9005575924444 -587.9837035117422
-553.7938969727242 -602.569141727022
-540.3219267642254 -616.7957615114168
-526.4943628684879 -630.6553443450416
-512.3210647307523 -644.139878639668
-497.8120903704009 -657.2415693413834
-482.9776350796647 -669.9528470774382
-467.82805487109965 -682.2663762185628
-452.37385806210943 -694.175062930214
-436.6256970592645 -705.6720617696179
-420.5943239519023 -716.750767168404
-404.29067885738283 -727.4048492753377
-387.7257653227449 -737.6282162133177
-370.91073390508416 -747.4150504167022
-353.8568369451514 -756.7597967525886
-336.5754236694741 -765.6571635223048
-319.0779403278559 -774.1021273700483
-301.3759236488571 -782.0899347400219
-283.4809944844601 -789.6161029907519
-265.40484932911164 -796.6764186567623
-247.15924811595167 -803.2669289306735
-228.75604022873273 -809.3839793408104
-210.20711661794542 -815.0241655477801
-191.52442664072416 -820.1843564915653
-172.7199788543748 -824.8617074385309
-153.80581801353645 -829.0536302116611
-134.7940331797304 -832.7578136762647
-115.6967539148695 -835.9722316764719
-96.52613245865736 -838.6951078269695
-77.29435201253857 -840.9249461828595
-58.01362014184871 -842.660533903129
-38.6961589388062 -843.9009192090805
-19.354204020818095 -844.6454223004533
0 -844.8936353146397
19.354204020817754 -844.6454223004533
38.69615893880594 -843.9009192090805
58.01362014184871 -842.660533903129
77.29435201253821 -840.9249461828595
96.52613245865705 -838.6951078269697
115.6967539148695 -835.9722316764719
134.79403317973015 -832.7578136762648
153.80581801353605 -829.0536302116611
172.7199788543748 -824.8617074385309
191.52442664072382 -820.1843564915653
210.20711661794522 -815.0241655477801
228.75604022873273 -809.3839793408104
247.15924811595144 -803.2669289306737
265.40484932911136 -796.6764186567623
283.4809944844601 -789.6161029907519
301.3759236488569 -782.0899347400222
319.0779403278557 -774.1021273700484
336.5754236694741 -765.6571635223048
353.85683694515126 -756.7597967525886
370.9107339050841 -747.4150504167022
387.7257653227449 -737.6282162133177
404.29067885738283 -727.4048492753377
420.5943239519023 -716.750767168404
436.6256970592645 -705.6720617696179
452.3738580621092 -694.175062930214
467.8280548710996 -682.2663762185628
482.9776350796647 -669.9528470774382
497.81209037040077 -657.2415693413836
512.321064730752 -644.1398786396686
526.4943628684879 -630.6553443450416
540.3219267642252 -616.7957615114171
553.7938969727242 -602.5691417270222
566.9005575924443 -587.9837035117423
579.6323832398305 -573.0478582640428
591.9800455525616 -557.770191312857
603.93436671045 -542.1594565838312
615.4863834998997 -526.224542308059
626.6273302197241 -509.9744472116748
637.3486053051444 -493.4182657030205
647.6418096859489 -476.5651372979543
657.4987160909761 -459.42421576534343
666.9112620380976 -442.00461983420246
675.8715264132192 -424.3153813996836
684.3716920323673 -406.36539167782644
692.4040026478157 -388.1633375526841
699.9606672346164 -369.717674207922
707.0337681743996 -351.036593213763
713.6150588045093 -332.1281325817854
719.6956723055171 -313.0005055612989
725.2656381414678 -293.66298811927265
730.313090612544 -274.12805938116355
734.8228005210033 -254.4168106229464
738.7734433557093 -234.57277547837577
742.1320557538355 -214.70025935426796
744.8488774159662 -195.05564213293744
747.0049255699961 -175.508977711869
748.6478538318754 -155.91660025945623
749.7768561790002 -136.29193352633726
750.3914794949734 -116.6481667778135
750.5075851626052 -100
750.0775703271836 -77.36133462014841
749.1498836913458 -57.742355340648956
747.7095404485668 -38.15870831325587
745.7578448392295 -18.623573162156813
737.6422114689235 1.3533481060206105
624.8797880665321 27.463644995892004
542.0756366909974 46.51230671568853
479.2230025803291 60.97106204650325
429.20234387181165 72.31508779497206
389.13146891070267 81.45079224814869
356.1590308935282 88.98151025946221
327.4831086095611 95.20832094784853
304.4018178194337 100.64808290774701
282.8205881383118 105.12716208276183
264.0576207716755 109.00955752610982
248.06403335238357 112.5213346998904
233.49304628484984 115.56967057881663
220.32341212217213 118.26841352298743
208.52839636343188 120.72962677843105
198.07584669837559 123.06334065181456
187.71260847158862 124.92496830140378
178.6514702443227 126.80614947100942
170.8470415475295 128.81100472011983
161.94193658498915 129.9416987394158
154.27703466245066 131.27045216804638
147.796801297843 132.89570864436027
141.3567413392568 134.2712011912751
134.9657264621149 135.40046352354656
128.63249693346873 136.28730970294976
122.36565285544731 136.93582944851312
117.15509072876338 138.10467203225232
111.97285676602169 139.09705031482662
106.82512905945794 139.91557289792794
101.71798704789187 140.56303513433633
96.65740570108973 141.0424157706079
92.4872958224351 142.23556592461915
87.50684415752006 142.41090409568824
83.36617504764259 143.35010119314916
78.48619501858971 143.23203162032618
74.39276652277591 143.9251059945905
70.31315042180421 144.5078834641569
66.25108593498402 144.98180872134122
62.210255686402895 145.3484303516508
58.19428259661033 145.6093990401316
54.20672684328365 145.7664656799463
50.7620339955957 146.88529175352807
46.806714019035255 146.85366215242746
42.88976018236615 146.72300520755624
39.41941969437924 147.59674382487282
35.553115857597035 147.285052637311
32.067446859793954 148.0014098201612
28.263420815867388 147.51394103346914
24.772912216200748 148.07453420313075
21.265466004354913 148.56130995411132
17.557380667331024 147.82413490976197
14.060331555974301 148.1575822072017
10.553669003301541 148.41721363477106
7.039790653401019 148.60281665634332
3.521099048918282 148.71423930177835
