-500 543.952201656974 0.9975258463462301
-505.96717201442334 543.9065639665846 0.9975258671345276
-511.9302598820662 543.7697006605608 0.9975259294755974
-517.8851822403227 543.5417609594629 0.9975260332980117
-523.8278632931357 543.2229933146655 0.9975261784828596
-529.7542355894929 542.8137450342928 0.9975263648639487
-535.6602427965269 542.3144617599836 0.9975265922280879
-541.5418424649569 541.7256867949385 0.9975268603154502
-547.3950087853459 541.0480602839683 0.9975271688200148
-553.2157353331424 540.282318246204 0.9975275173900869
-559.0000378007056 539.4292914614763 0.9975279056288971
-564.7439567144995 538.4899042114342 0.9975283330952759
-570.4435601356528 537.4651728766748 0.9975287993044046
-580.8543198108374 547.1289711044458 0.9975243988316094
-586.8039182214397 545.8024970265179 0.9975250033611845
-592.6941185386219 544.3847479051163 0.9975256493087317
-598.5208891974318 542.877185918104 0.9975263359725233
-604.2802418364164 541.2813624379551 0.9975270626088002
-609.9682340173157 539.5989157456781 0.9975278284330044
-615.5809719141184 537.8315686120494 0.9975286326210785
-621.1146129695086 535.9811257492887 0.9975294743108297
-626.5653685170132 534.0494711366016 0.9975303526033538
-631.9295063672183 532.0385652233941 0.9975312665645197
-645.2791098125008 538.9620535135634 0.9975281182548204
-650.7642162550512 536.5742807143143 0.99752920454364
-656.1461664368818 534.1052670266004 0.9975303272386811
-661.4212745215256 531.5574015485103 0.9975314851991818
-666.5859274253911 528.9331396581999 0.9975326772548266
-671.6365872877742 526.2349994893183 0.9975339022076013
-686.3844865026931 531.0084596114547 0.997531734605358
-691.464792415737 527.8985429209914 0.9975331470399256
-696.4141015174204 524.7153407852181 0.9975345918358629
-701.2290215403546 521.4617695240773 0.9975360676069591
-716.7483861148485 524.5537707873657 0.9975346651445816
-721.5241579163602 520.8686362686739 0.9975363365383205
-726.1483756293163 517.1156204669304 0.9975380374355729
-742.1532206568603 518.7930236852046 0.9975372773828927
-746.6812862259566 514.5955042890507 0.9975391788460056
-762.9984742701217 515.1869331923574 0.997538911028578
-767.3863049025441 510.5352094676887 0.9975410166064882
-783.939277230014 510.00958101426846 0.9975412544044517
-788.142047718046 504.89677137136573 0.9975435661523425
-804.8525675503375 503.2275629215964 0.9975443203628509
-821.6944113148628 500.8035627803571 0.9975454151616094
-838.6388989299404 497.61547840281827 0.9975468542391374
-855.657075777172 493.65495060246246 0.9975486406957796
-872.7197418552524 488.91456279585697 0.9975507770335692
-889.7974811236705 483.3878495997371 0.9975532651494912
-920.4210913330928 478.418632129726 0.9975554999009404
-951.2226601550947 471.91125293777105 0.9975584229876078
-982.1453194695937 463.85328532367976 0.9975620372473988
NaN NaN NaN
NaN NaN NaN
NaN NaN NaN
NaN NaN NaN
NaN NaN NaN
NaN NaN NaN
NaN NaN NaN
NaN NaN NaN
NaN NaN NaN
-1318.6501663305246 -770.0458227693521 0.9970748558206216
-1306.7336402573383 -776.41423695987 0.9970657984571676
-1294.6492421217506 -783.4862047588356 0.9970557442702511
-1283.352473492038 -790.6154311966312 0.997045613643054
-1272.5575654871468 -797.8395299490007 0.9970353542886287
-1262.0816904685234 -805.1741182436612 0.9970249453524496
-1251.800084660259 -812.623379766986 0.9970143823692182
-1241.623611131832 -820.1850240020399 0.9970036701924228
-1231.4815998777867 -827.8558703793253 0.9969928150590942
-1233.457519749706 -833.8420295103002 0.9969843530222382
-1222.9816646069391 -842.0436449840881 0.9969727733952461
-1212.4050767332324 -850.3319143228302 0.9969610896395632
-1201.715524879722 -858.6848738219046 0.9969493350023031
-1202.513635746802 -866.4030990402526 0.9969384933031438
-1191.4048925165441 -875.1214518863111 0.9969262714118625
-1180.1422191179422 -883.85803442164 0.9969140523150622
-1179.9017827892037 -892.8072403036142 0.9969015675812523
-1168.1417951492294 -901.8281884454844 0.996889017715465
-1167.0968349709772 -911.6486170009863 0.9968753984706188
-1154.794984097862 -920.8999308492351 0.9968626122523564
-1152.8880818770003 -931.5426360057619 0.9968479592613076
-1140.0042777089716 -940.9680968321176 0.9968350358196071
-1137.1820687485383 -952.375722071258 0.9968194666074148
-1133.8046551045652 -964.3096748929028 0.9968032692265133
-1129.8535843213629 -976.7525750720572 0.9967864862405289
-1115.5183424023119 -986.6231091262838 0.9967732541714258
-1110.5373190868336 -999.6927615932 0.9967558512634577
-1104.934475584413 -1013.2107815540659 0.9967635507100132
-1098.6908821048853 -1027.1538117991029 0.9967720834294261
-1100.8329832543193 -1045.8710845914522 0.9967835000172905
-1093.0490246471006 -1060.9061526927342 0.9967926393480758
-1084.5659805587445 -1076.2816663419655 0.996801956882255
-1083.7895775769164 -1097.3402181755382 0.9968146713287676
-1073.630157927768 -1113.6077925303553 0.9968244560817353
-1070.6882675341717 -1136.141064580435 0.9968379564285494
-1066.502853744753 -1159.5103105325843 0.9968518926972895
-1061.0370348357706 -1183.6547893662478 0.9968662221628609
-1054.2564715419212 -1208.5109020033383 0.9968809009570968
-1046.128915679082 -1234.0123862720318 0.9968958842765179
-1043.3346934227025 -1267.7590673528575 0.9969155934538246
-1038.5829073713173 -1302.6206136453527 0.9969358128006327
-1038.0222575938267 -1346.8509738459697 0.9969612613860104
-1029.1142838972557 -1384.016992415237 0.9969824698773581
-1029.5728065743297 -1440.1359840866473 0.9970141928155337
-1021.5223243246128 -1488.9082393220303 0.9970414715552969
-1021.0706207258014 -1558.3949988466943 0.9970798737925725
-1016.7388132847223 -1630.2352162521504 0.9971190128149916
-1012.9549721246922 -1714.6244240532426 0.9971642675424471
-1008.6981175444117 -1812.2780017898876 0.9972156797924521
-1006.855047728066 -1935.0219398399076 0.9972788770156295
-1005.3739851230079 -2084.4493143645705 0.9973537242868212
-952.5221263408624 -2084.8427623822267 0.997353918391188
-900.0845666639483 -2083.834493964475 0.9973534209392642
-850.664024714261 -2093.2472774127277 0.9973580610027034
-798.8053149428872 -2089.5467080722437 0.9973562378483628
-749.3117402395347 -2096.416149703696 0.9973596211222888
-698.1795103404204 -2090.084732726642 0.9973565030010112
-648.751119914015 -2094.4295049705656 0.9973586431615289
-599.2229067335682 -2097.5353954087245 0.9973601719175949
-549.6281060791973 -2099.3999221647755 0.9973610891985076
-500 -2100.021596480727 0.9973613949632856
-450.37189392080336 -2099.3999221647755 0.9973610891985076
-400.77709326643264 -2097.5353954087245 0.9973601719175949
-351.2488800859853 -2094.4295049705656 0.9973586431615289
-301.82048965958046 -2090.084732726642 0.9973565030010112
-250.68825976046563 -2096.416149703696 0.9973596211222888
-201.19468505711316 -2089.5467080722437 0.9973562378483628
-149.33597528574035 -2093.2472774127277 0.9973580610027034
-99.91543333605269 -2083.834493964475 0.9973534209392642
-47.477873659137394 -2084.8427623822267 0.997353918391188
5.373985123006865 -2084.4493143645705 0.9973537242868212
58.59730416579658 -2082.6281358340543 0.997352825621991
112.15272293774946 -2079.362384401234 0.997351213299923
165.99620236541256 -2074.6303867888087 0.9973488751922891
220.08737271139674 -2068.4179435512324 0.9973458021879885
279.77562687993446 -2071.7335821768165 0.9973474427594334
334.56679673540145 -2062.3657436639637 0.9973428047325849
395.54172844351524 -2062.210370852438 0.9973427277332207
457.2456837739123 -2060.1966074688376 0.9973417295371886
519.6190252463142 -2056.2845212536795 0.9973397892048311
582.6005467105244 -2050.4362022306027 0.9973368856667942
646.1275159043532 -2042.6158167830572 0.997332997677425
710.1357157648656 -2032.7896637129998 0.9973281037713511
782.5664733429313 -2030.6525407597762 0.9973270380907323
855.9560568250836 -2026.048777686836 0.9973247408492405
930.2181817029225 -2018.922290184986 0.9973211805661649
1005.2627421070132 -2009.2197890414109 0.9973163250878574
1007.5825955010755 -1926.1159640882815 0.9972743442148028
1006.3866494487673 -1844.9017146499623 0.9972326302229289
1011.4026839211232 -1773.838270386803 0.9971955633731607
1013.5690362454492 -1704.2635498938685 0.9971587529338034
1012.9827713460849 -1636.2966752910727 0.9971222891747228
1019.9904465960843 -1577.1075751685398 0.9970901234091037
1014.4018921844238 -1512.3231647483078 0.9970544723344826
1016.9894076618006 -1455.786336905686 0.9970229755582738
1028.3891812205436 -1406.484180187489 0.9969952134102261
1027.2813417648454 -1352.1733498333545 0.9969643083577177
1024.392532624423 -1299.250734401262 0.9969338645306925
1031.0710043310835 -1252.6076934946557 0.9969067612103548
1036.4625594934485 -1206.6757069154473 0.996879819706067
1040.668415581169 -1161.4655309784694 0.99685305570701
1043.533464182351 -1117.1011838883069 0.9968265531132847
1044.8269699018892 -1073.7916139209153 0.9968004498834571
1044.6161963499235 -1031.6358306418326 0.9967748211767311
1055.1276604947002 -993.0994667804613 0.9967646133249295
1052.2682512368183 -953.0875085243213 0.9968184978866176
1060.544748074082 -915.9757054689004 0.9968694125488687
1067.8644618832705 -879.469063443893 0.9969201871017354
1074.2974114565889 -843.6418248105241 0.996970519004404
1079.9316191506784 -808.5649947136452 0.9970201359654703
1084.87146907282 -774.311054776315 0.9970687893486675
1089.245164563793 -740.9514758650342 0.9971162570284788
1093.2151729916795 -708.5530566259748 0.9971623474838933
1109.9066308081944 -675.3412573992548 0.9972095021666949
1113.7894809422464 -644.5599771254166 0.9972530550173856
1131.095222631651 -612.1080440951971 0.9972987508209327
1136.366997228441 -583.3447192779794 0.997339015753314
1155.7123403905864 -553.1861834080943 0.9973809515713283
1175.4982117342265 -526.7828971133199 0.9974173977869749
1199.7812024898585 -501.32711171827333 0.9974522756320847
1222.0373128421618 -483.69909175499396 0.9974762679977883
NaN NaN NaN
NaN NaN NaN
751.818770610974 284.7050333721801 0.9976408837699083
493.2799618135241 344.53662674819276 0.9976148688320485
334.52722910058117 382.14739367630386 0.9975983531879473
218.58117358227148 408.7445006780443 0.9975865975575295
131.15061748097514 428.1953113403364 0.9975779602632784
72.01916645422867 442.75858910314827 0.9975714709669751
26.9958065215905 454.46755495217906 0.9975662396086206
-17.85468053040819 463.85328532367953 0.9975620372473988
-48.77733984490285 471.91125293777105 0.9975584229876078
-79.57890866690656 478.418632129726 0.9975554999009404
-110.20251887632978 483.3878495997371 0.9975532651494912
-127.28025814474752 488.9145627958568 0.9975507770335692
-144.34292422282343 493.65495060246235 0.9975486406957796
-161.3611010700558 497.6154784028182 0.9975468542391374
-178.30558868514234 500.8035627803571 0.9975454151616094
-195.1474324496541 503.2275629215964 0.9975443203628509
-211.85795228194542 504.89677137136573 0.9975435661523425
-216.06072276999305 510.0095810142683 0.9975412544044517
-232.61369509744748 510.53520946768856 0.9975410166064882
-237.0015257298782 515.1869331923573 0.997538911028578
-253.31871377403473 514.5955042890507 0.9975391788460056
-257.8467793431483 518.7930236852046 0.9975372773828927
-273.8516243706837 517.1156204669304 0.9975380374355729
-278.4758420836485 520.8686362686738 0.9975363365383205
-283.2516138851603 524.5537707873657 0.9975346651445816
-298.7709784596542 521.4617695240772 0.9975360676069591
-303.58589848257975 524.7153407852181 0.9975345918358629
-308.53520758425407 527.8985429209914 0.9975331470399256
-313.6155134973069 531.0084596114547 0.997531734605358
-328.36341271222574 526.2349994893183 0.9975339022076013
-333.41407257461753 528.9331396581999 0.9975326772548266
-338.5787254784746 531.5574015485101 0.9975314851991818
-343.8538335631181 534.1052670266004 0.9975303272386811
-349.2357837449401 536.5742807143143 0.99752920454364
-354.72089018749926 538.9620535135634 0.9975281182548204
-368.07049363279043 532.0385652233941 0.9975312665645197
-373.4346314829868 534.0494711366016 0.9975303526033538
-378.88538703050006 535.9811257492887 0.9975294743108297
-384.4190280858726 537.8315686120494 0.9975286326210785
-390.03176598268453 539.5989157456781 0.9975278284330044
-395.7197581635836 541.2813624379551 0.9975270626088002
-401.47911080255926 542.877185918104 0.9975263359725233
-407.3058814613692 544.3847479051163 0.9975256493087317
-413.19608177855145 545.8024970265179 0.9975250033611845
-419.1456801891537 547.1289711044458 0.9975243988316094
-429.55643986434717 537.4651728766748 0.9975287993044046
-435.25604328550935 538.4899042114342 0.9975283330952759
-440.9999621993032 539.4292914614763 0.9975279056288971
-446.7842646668574 540.282318246204 0.9975275173900869
-452.60499121464505 541.0480602839683 0.9975271688200148
-458.4581575350343 541.7256867949385 0.9975268603154502
-464.3397572034731 542.3144617599836 0.9975265922280879
-470.2457644105071 542.8137450342928 0.9975263648639487
-476.1721367068725 543.2229933146655 0.9975261784828596
-482.1148177596772 543.5417609594629 0.9975260332980117
-488.0697401179338 543.7697006605608 0.9975259294755974
-494.03282798557666 543.9065639665846 0.9975258671345276
500 543.952201656974 0.9975258463462301
494.03282798557666 543.9065639665846 0.9975258671345276
488.0697401179338 543.7697006605608 0.9975259294755974
482.11481775967735 543.5417609594629 0.9975260332980117
476.17213670687255 543.2229933146655 0.9975261784828596
470.2457644105071 542.8137450342928 0.9975263648639487
464.3397572034731 542.3144617599836 0.9975265922280879
458.4581575350343 541.7256867949385 0.9975268603154502
452.60499121464505 541.0480602839683 0.9975271688200148
446.7842646668574 540.282318246204 0.9975275173900869
440.99996219930324 539.4292914614763 0.9975279056288971
435.25604328550935 538.4899042114342 0.9975283330952759
429.55643986434717 537.4651728766748 0.9975287993044046
419.1456801891537 547.1289711044458 0.9975243988316094
413.1960817785515 545.8024970265179 0.9975250033611845
407.3058814613692 544.3847479051163 0.9975256493087317
401.4791108025593 542.877185918104 0.9975263359725233
395.7197581635836 541.2813624379551 0.9975270626088002
390.03176598268453 539.5989157456781 0.9975278284330044
384.4190280858726 537.8315686120494 0.9975286326210785
378.88538703050006 535.9811257492887 0.9975294743108297
373.43463148298684 534.0494711366016 0.9975303526033538
368.0704936327905 532.0385652233941 0.9975312665645197
354.72089018749926 538.9620535135634 0.9975281182548204
349.2357837449401 536.5742807143143 0.99752920454364
343.8538335631181 534.1052670266004 0.9975303272386811
338.57872547847467 531.5574015485103 0.9975314851991818
333.4140725746176 528.9331396581999 0.9975326772548266
328.36341271222585 526.2349994893183 0.9975339022076013
313.6155134973069 531.0084596114547 0.997531734605358
308.53520758425407 527.8985429209914 0.9975331470399256
303.58589848257975 524.7153407852181 0.9975345918358629
298.7709784596544 521.4617695240773 0.9975360676069591
283.2516138851603 524.5537707873657 0.9975346651445816
278.4758420836486 520.8686362686739 0.9975363365383205
273.8516243706837 517.1156204669304 0.9975380374355729
257.8467793431483 518.7930236852046 0.9975372773828927
253.31871377403473 514.5955042890507 0.9975391788460056
237.00152572987832 515.1869331923574 0.997538911028578
232.61369509744748 510.5352094676887 0.9975410166064882
216.06072276999316 510.00958101426846 0.9975412544044517
211.85795228194542 504.89677137136573 0.9975435661523425
195.1474324496541 503.2275629215964 0.9975443203628509
178.30558868514234 500.8035627803571 0.9975454151616094
161.36110107005587 497.61547840281827 0.9975468542391374
144.34292422282354 493.65495060246246 0.9975486406957796
127.28025814474758 488.91456279585697 0.9975507770335692
110.20251887632978 483.3878495997371 0.9975532651494912
79.57890866690656 478.418632129726 0.9975554999009404
48.77733984490285 471.91125293777105 0.9975584229876078
17.854680530408217 463.85328532367976 0.9975620372473988
-26.995806521590485 454.4675549521792 0.9975662396086206
-72.01916645422862 442.7585891031488 0.9975714709669751
-131.15061748097514 428.1953113403364 0.9975779602632784
-218.58117358227148 408.7445006780443 0.9975865975575295
-334.52722910058117 382.14739367630386 0.9975983531879473
-493.2799618135239 344.5366267481937 0.9976148688320485
-751.818770610974 284.7050333721801 0.9976408837699083
NaN NaN NaN
NaN NaN NaN
-1222.0373128421618 -483.69909175499396 0.9974762679977883
-1199.7812024898585 -501.32711171827333 0.9974522756320847
-1175.4982117342265 -526.7828971133199 0.9974173977869749
-1155.7123403905864 -553.1861834080943 0.9973809515713283
-1136.366997228441 -583.3447192779794 0.997339015753314
-1131.095222631651 -612.1080440951971 0.9972987508209327
-1113.7894809422464 -644.5599771254166 0.9972530550173856
-1109.9066308081956 -675.341257399253 0.9972095021666949
-1093.2151729916798 -708.5530566259737 0.9971623474838933
-1089.245164563793 -740.9514758650334 0.9971162570284788
-1084.8714690728202 -774.3110547763146 0.9970687893486675
-1079.9316191506784 -808.5649947136452 0.9970201359654703
-1074.2974114565889 -843.6418248105241 0.996970519004404
-1067.864461883271 -879.4690634438924 0.9969201871017354
-1060.544748074082 -915.9757054689002 0.9968694125488687
-1052.2682512368192 -953.0875085243201 0.9968184978866176
-1055.1276604947004 -993.099466780461 0.9967646133249295
-1044.6161963499235 -1031.6358306418326 0.9967748211767311
-1044.8269699018892 -1073.7916139209153 0.9968004498834571
-1043.5334641823508 -1117.1011838883078 0.9968265531132847
-1040.6684155811686 -1161.4655309784694 0.99685305570701
-1036.4625594934496 -1206.6757069154457 0.996879819706067
-1031.0710043310849 -1252.607693494654 0.9969067612103548
-1024.392532624423 -1299.250734401262 0.9969338645306925
-1027.2813417648454 -1352.1733498333545 0.9969643083577177
-1028.389181220544 -1406.4841801874886 0.9969952134102261
-1016.9894076618008 -1455.7863369056856 0.9970229755582738
-1014.4018921844239 -1512.3231647483078 0.9970544723344826
-1019.9904465960843 -1577.1075751685398 0.9970901234091037
-1012.9827713460853 -1636.2966752910727 0.9971222891747228
-1013.5690362454492 -1704.2635498938685 0.9971587529338034
-1011.4026839211252 -1773.8382703868012 0.9971955633731607
-1006.3866494487686 -1844.9017146499607 0.9972326302229289
-1007.5825955010755 -1926.1159640882815 0.9972743442148028
-1005.2627421070137 -2009.2197890414106 0.9973163250878574
-930.218181702923 -2018.922290184986 0.9973211805661649
-855.9560568250836 -2026.048777686836 0.9973247408492405
-782.566473342933 -2030.6525407597749 0.9973270380907323
-710.1357157648661 -2032.7896637129993 0.9973281037713511
-646.1275159043532 -2042.6158167830572 0.997332997677425
-582.6005467105247 -2050.4362022306022 0.9973368856667942
-519.6190252463155 -2056.2845212536795 0.9973397892048311
-457.2456837739123 -2060.1966074688376 0.9973417295371886
-395.54172844351626 -2062.210370852437 0.9973427277332207
-334.5667967354023 -2062.3657436639633 0.9973428047325849
-279.77562687993446 -2071.7335821768165 0.9973474427594334
-220.0873727113974 -2068.4179435512324 0.9973458021879885
-165.99620236541313 -2074.6303867888087 0.9973488751922891
-112.15272293774946 -2079.362384401234 0.997351213299923
-58.597304165797496 -2082.628135834054 0.997352825621991
-5.373985123007589 -2084.4493143645705 0.9973537242868212
47.477873659137394 -2084.8427623822267 0.997353918391188
99.91543333605208 -2083.834493964475 0.9973534209392642
149.33597528573918 -2093.2472774127277 0.9973580610027034
201.19468505711316 -2089.5467080722437 0.9973562378483628
250.68825976046483 -2096.416149703696 0.9973596211222888
301.8204896595796 -2090.084732726642 0.9973565030010112
351.2488800859853 -2094.4295049705656 0.9973586431615289
400.7770932664319 -2097.5353954087245 0.9973601719175949
450.37189392080234 -2099.3999221647755 0.9973610891985076
500 -2100.021596480727 0.9973613949632856
549.6281060791971 -2099.3999221647755 0.9973610891985076
599.2229067335674 -2097.5353954087245 0.9973601719175949
648.751119914015 -2094.4295049705656 0.9973586431615289
698.1795103404191 -2090.084732726642 0.9973565030010112
749.3117402395338 -2096.416149703696 0.9973596211222888
798.8053149428872 -2089.5467080722437 0.9973562378483628
850.6640247142601 -2093.2472774127277 0.9973580610027034
900.0845666639476 -2083.834493964475 0.9973534209392642
952.5221263408624 -2084.8427623822267 0.997353918391188
1005.3739851230073 -2084.4493143645705 0.9973537242868212
1006.8550477280648 -1935.0219398399079 0.9972788770156295
1008.6981175444117 -1812.2780017898876 0.9972156797924521
1012.9549721246917 -1714.6244240532426 0.9971642675424471
1016.738813284722 -1630.2352162521506 0.9971190128149916
1021.0706207258014 -1558.3949988466943 0.9970798737925725
1021.5223243246123 -1488.9082393220306 0.9970414715552969
1029.5728065743288 -1440.135984086648 0.9970141928155337
1029.1142838972557 -1384.016992415237 0.9969824698773581
1038.022257593826 -1346.8509738459697 0.9969612613860104
1038.582907371317 -1302.620613645353 0.9969358128006327
1043.3346934227025 -1267.7590673528575 0.9969155934538246
1046.128915679082 -1234.012386272032 0.9968958842765179
1054.2564715419207 -1208.5109020033385 0.9968809009570968
1061.0370348357706 -1183.6547893662478 0.9968662221628609
1066.5028537447529 -1159.5103105325843 0.9968518926972895
1070.6882675341715 -1136.1410645804353 0.9968379564285494
1073.630157927768 -1113.6077925303553 0.9968244560817353
1083.7895775769157 -1097.3402181755382 0.9968146713287676
1084.565980558744 -1076.2816663419658 0.996801956882255
1093.0490246471006 -1060.9061526927342 0.9967926393480758
1100.8329832543193 -1045.8710845914525 0.9967835000172905
1098.690882104885 -1027.1538117991029 0.9967720834294261
1104.9344755844127 -1013.2107815540659 0.9967635507100132
1110.5373190868333 -999.6927615932001 0.9967558512634577
1115.518342402311 -986.6231091262841 0.9967732541714258
1129.8535843213629 -976.7525750720572 0.9967864862405289
1133.8046551045652 -964.3096748929028 0.9968032692265133
1137.1820687485379 -952.3757220712585 0.9968194666074148
1140.0042777089711 -940.9680968321178 0.9968350358196071
1152.8880818770003 -931.5426360057619 0.9968479592613076
1154.794984097862 -920.8999308492353 0.9968626122523564
1167.0968349709772 -911.6486170009863 0.9968753984706188
1168.1417951492294 -901.8281884454844 0.996889017715465
1179.9017827892037 -892.8072403036144 0.9969015675812523
1180.142219117942 -883.8580344216404 0.9969140523150622
1191.4048925165441 -875.1214518863111 0.9969262714118625
1202.5136357468023 -866.4030990402529 0.9969384933031438
1201.715524879722 -858.6848738219046 0.9969493350023031
1212.4050767332324 -850.3319143228302 0.9969610896395632
1222.981664606939 -842.0436449840882 0.9969727733952461
1233.457519749706 -833.8420295103003 0.9969843530222382
1231.4815998777867 -827.8558703793256 0.9969928150590942
1241.6236111318315 -820.1850240020402 0.9970036701924228
1251.800084660259 -812.623379766986 0.9970143823692182
1262.0816904685234 -805.1741182436612 0.9970249453524496
1272.5575654871468 -797.8395299490007 0.9970353542886287
1283.352473492038 -790.6154311966312 0.997045613643054
1294.6492421217506 -783.4862047588356 0.9970557442702511
1306.7336402573383 -776.41423695987 0.9970657984571676
1318.6501663305246 -770.0458227693521 0.9970748558206216
NaN NaN NaN
NaN NaN NaN
NaN NaN NaN
NaN NaN NaN
NaN NaN NaN
NaN NaN NaN
NaN NaN NaN
NaN NaN NaN
NaN NaN NaN
982.1453194695937 463.85328532367953 0.9975620372473988
951.2226601550947 471.91125293777105 0.9975584229876078
920.4210913330928 478.418632129726 0.9975554999009404
889.7974811236705 483.3878495997371 0.9975532651494912
872.7197418552524 488.9145627958568 0.9975507770335692
855.657075777172 493.65495060246235 0.9975486406957796
838.6388989299405 497.6154784028182 0.9975468542391374
821.6944113148628 500.8035627803571 0.9975454151616094
804.8525675503375 503.2275629215964 0.9975443203628509
788.142047718046 504.89677137136573 0.9975435661523425
783.939277230014 510.0095810142683 0.9975412544044517
767.3863049025441 510.53520946768856 0.9975410166064882
762.9984742701217 515.1869331923573 0.997538911028578
746.6812862259566 514.5955042890507 0.9975391788460056
742.1532206568603 518.7930236852046 0.9975372773828927
726.1483756293163 517.1156204669304 0.9975380374355729
721.5241579163602 520.8686362686738 0.9975363365383205
716.7483861148487 524.5537707873657 0.9975346651445816
701.2290215403546 521.4617695240772 0.9975360676069591
696.4141015174204 524.7153407852181 0.9975345918358629
691.464792415737 527.8985429209914 0.9975331470399256
686.3844865026931 531.0084596114547 0.997531734605358
671.6365872877742 526.2349994893183 0.9975339022076013
666.5859274253911 528.9331396581999 0.9975326772548266
661.4212745215256 531.5574015485101 0.9975314851991818
656.1461664368818 534.1052670266004 0.9975303272386811
650.7642162550512 536.5742807143143 0.99752920454364
645.2791098125008 538.9620535135634 0.9975281182548204
631.9295063672186 532.0385652233941 0.9975312665645197
626.5653685170132 534.0494711366016 0.9975303526033538
621.1146129695088 535.9811257492887 0.9975294743108297
615.5809719141184 537.8315686120494 0.9975286326210785
609.9682340173157 539.5989157456781 0.9975278284330044
604.2802418364164 541.2813624379551 0.9975270626088002
598.5208891974318 542.877185918104 0.9975263359725233
592.6941185386219 544.3847479051163 0.9975256493087317
586.8039182214397 545.8024970265179 0.9975250033611845
580.8543198108374 547.1289711044458 0.9975243988316094
570.4435601356528 537.4651728766748 0.9975287993044046
564.7439567144995 538.4899042114342 0.9975283330952759
559.0000378007057 539.4292914614763 0.9975279056288971
553.2157353331426 540.282318246204 0.9975275173900869
547.3950087853459 541.0480602839683 0.9975271688200148
541.5418424649569 541.7256867949385 0.9975268603154502
535.6602427965269 542.3144617599836 0.9975265922280879
529.7542355894929 542.8137450342928 0.9975263648639487
523.8278632931357 543.2229933146655 0.9975261784828596
517.8851822403228 543.5417609594629 0.9975260332980117
511.9302598820662 543.7697006605608 0.9975259294755974
505.96717201442334 543.9065639665846 0.9975258671345276
