-500 108.34220165697373 0.9977157550853736
-503.37188595876967 108.30429515902931 0.9977157708916334
-506.7414664501813 108.19060506170155 0.9977158182974263
-510.1064375720462 108.00121952688092 0.9977158972638069
-513.464498551494 107.7362853989896 0.9977160077259144
-516.8133533070328 107.39600806696389 0.997716149593044
-520.1507120075468 106.98065127117458 0.9977163227487481
-523.4742926271422 106.49053685544033 0.9977165270509648
-526.7818224948601 105.92604446432144 0.9977167623321753
-530.0710398382116 105.28761118593813 0.9977170283995896
-533.339695319516 104.57573114059319 0.9977173250353599
-536.5855535640342 103.79095501553842 0.9977176519968205
-539.8063946788899 102.93388954626197 0.9977180090167571
-547.7593892306254 112.77796365783011 0.9977139046209454
-551.2739041300595 111.64389674470301 0.9977143778774479
-554.7533714329691 110.43017446560785 0.9977148842542812
-558.1954117703887 109.13771576317252 0.9977154233436888
-561.5976711559052 107.7674984611474 0.9977159947121931
-564.9578225852489 106.32055837859902 0.9977165979010639
-568.2735676181677 104.79798839132606 0.9977172324268122
-571.5426379415103 103.20093744138434 0.99771789778171
-574.7627969124916 101.53060949568093 0.9977185934343346
-577.9318410811433 99.78826245467194 0.9977193188301363
-589.1233581474223 106.98681851168008 0.9977163201778294
-592.4888645581278 104.87988014303018 0.9977171983036954
-595.7911537232296 102.69670830258266 0.9977181078062185
-599.0279651020662 100.43891778831609 0.9977190479711266
-602.19708255778 98.1081766435013 0.9977200180618296
-605.2963358700024 95.70620470106566 0.9977210173201814
-618.1382948293011 100.77767337913734 0.9977189069376083
-621.3594330175337 97.96679172826259 0.9977200768936778
-624.4976211058871 95.08283276794049 0.997721276573218
-627.5507080788541 92.1278921914462 0.9977225050523006
-641.3587350391191 95.51709099100935 0.9977210959738072
-644.4748375274539 92.12690243861141 0.9977225054636545
-647.492191682732 88.66576712705336 0.9977239434505422
-661.9440801720991 90.63117825441888 0.9977231270112895
-664.9741605413911 86.71699616745202 0.9977247526561321
-679.8493613683162 87.58630512494724 0.9977243917247163
-682.8521910321002 83.2062311709449 0.997726209655587
-698.0780978499902 82.9452650436275 0.9977263179174871
-701.0126477919484 78.08939120026619 0.9977283313336913
-716.5146612166543 76.66867319524073 0.9977289200385197
-732.2085409620065 74.48402169973623 0.9977298249645771
-748.066393703552 71.52547218697661 0.9977310498155616
-764.0600095481277 67.78401996944453 0.9977325977392288
-780.1608906773661 63.25163139516618 0.9977344713185508
-796.3402802101265 57.92125432179454 0.9977366725642286
-826.1295915811065 53.13615521053501 0.9977386466045507
-856.1614842486306 46.80015576989062 0.9977412575057698
-886.3796175902007 38.90034387775078 0.9977445081176839
-930.5912116977402 29.65909670676179 0.997748304099108
-975.0417495796929 18.080531374306098 0.9977530501389239
NaN NaN NaN
NaN NaN NaN
NaN NaN NaN
NaN NaN NaN
NaN NaN NaN
-1050.5715695923361 -56.76976714479909 0.9977834637541474
-1045.095571641967 -65.30360868989935 0.9977869020480113
-1036.3450772766196 -122.52402680364088 0.997809803148888
-1033.7925392303396 -134.60915386114823 0.9978146060369507
-1031.1438903899616 -147.83470990244643 0.9978198486852334
-1028.5431370303504 -160.9253201766037 0.9978250240138731
-1025.8863886120062 -173.93510659191995 0.9978301537967269
-1023.1044587826615 -186.88813049714952 0.9978352477719926
-1020.1492954508543 -199.79355348533636 0.9978403097396948
-1016.9865434130822 -212.6525280725312 0.9978251293949131
-1013.588539618019 -225.46685392131292 0.9978095747343362
-1020.866874192825 -235.1708038880832 0.9977977300521311
-1016.9817504247602 -248.49085462451973 0.9977813799777948
-1012.767544606004 -261.7386052891845 0.9977650141310271
-1008.2278969919228 -274.88862695155245 0.9977486666122276
-1014.6333229622684 -286.81232775119105 0.997733756033531
-1009.4564667297792 -300.1944475675792 0.9977169233049695
-1003.9393469670238 -313.427731123123 0.9977001763540579
-1009.3593812968146 -326.830788472485 0.9976831127702557
-1003.1218928361563 -340.1857007269499 0.9976660097318729
-996.5387091189209 -353.35591809228674 0.9976490459288309
-989.6159922753947 -366.3334450900596 0.997632237051933
-982.3580877826199 -379.1116038178795 0.9976155972195151
-974.7723117791033 -391.68191500374104 0.997599143003244
-966.8644222436301 -404.0371270865326 0.9975828894707973
-958.6399929556803 -416.17013036291394 0.9975668515615461
-950.1057744149673 -428.07343767460156 0.997551044751338
-941.2685106274904 -439.7398269124015 0.9975354841829052
-932.1331591231531 -451.16268374359106 0.9975201841763999
-922.7084186473774 -462.3345937664887 0.9975051600893008
-913.0002768931342 -473.2490218907352 0.9974904260462735
-903.0146363440559 -483.89940658623 0.9974759961273597
-892.7602039892607 -494.2791066457905 0.9974618844240275
-882.2441209035572 -504.3818872416054 0.9974481043608086
-871.4731138756761 -514.201596465157 0.9974346691151191
-860.4541719227262 -523.7321313288403 0.9974215916494954
-849.1960527817923 -532.9677916476121 0.9974088842117943
-837.706480907214 -541.9029869440322 0.9973965587232668
-825.993312204601 -550.5323024407231 0.9973846266779075
-814.0645284840681 -558.850505189973 0.9973730991254536
-801.9275786509121 -566.8522596581663 0.9973619870601419
-789.5910857100413 -574.5327919753471 0.9973513004946469
-777.063740928154 -581.8875968409302 0.9973410488611122
-764.3539722461226 -588.9122275361526 0.9973312413028259
-751.4703059229429 -595.6024393910377 0.9973218864757745
-738.4213612320915 -601.9541926351792 0.9973129925468467
-725.2158452047408 -607.9636549183037 0.997304567193937
-711.8625474205579 -613.6272035405536 0.9972966176077434
-698.3703348463819 -618.9414274263618 0.9972891504950484
-684.7481467226014 -623.9031288708136 0.9972821720832673
-671.0048695792947 -628.5091602879343 0.9972756883581115
-657.1495778881904 -632.7567053723619 0.9972697046765414
-643.1915736915928 -636.643443809622 0.9972642255425044
-629.1400301561996 -640.1670502398779 0.9972592553216123
-615.0041676399007 -643.3254182573803 0.9972547979348362
-600.7932488551888 -646.1166612125062 0.9972508568660575
-586.5165740682979 -648.5391129028318 0.9972474351693952
-572.1834763308464 -650.5913281625235 0.9972445354761287
-557.8033167405183 -652.2720833579498 0.997242160001051
-543.3854797270749 -653.5803767961905 0.9972403105481071
-528.9393683597834 -654.5154290519621 0.9972389885151857
-514.4743996721868 -655.0766832173833 0.9972381948979608
-500 -655.2638050779893 0.997237930292698
-485.5256003278133 -655.0766832173833 0.9972381948979608
-471.0606316402167 -654.5154290519621 0.9972389885151857
-456.6145202729254 -653.5803767961905 0.9972403105481071
-442.1966832594821 -652.2720833579498 0.997242160001051
-427.8165236691538 -650.5913281625236 0.9972445354761287
-413.4834259317022 -648.5391129028318 0.9972474351693952
-399.2067511448118 -646.1166612125062 0.9972508568660575
-384.9958323600998 -643.3254182573804 0.9972547979348362
-370.8599698438003 -640.1670502398779 0.9972592553216123
-356.8084263084075 -636.6434438096221 0.9972642255425044
-342.8504221118098 -632.756705372362 0.9972697046765414
-328.99513042070544 -628.5091602879343 0.9972756883581115
-315.2518532773989 -623.9031288708137 0.9972821720832673
-301.629665153618 -618.9414274263619 0.9972891504950484
-288.1374525794419 -613.6272035405536 0.9972966176077434
-274.78415479525967 -607.963654918304 0.997304567193937
-261.5786387679086 -601.9541926351793 0.9973129925468467
-248.52969407705754 -595.6024393910377 0.9973218864757745
-235.64602775387758 -588.9122275361526 0.9973312413028259
-222.9362590718459 -581.8875968409303 0.9973410488611122
-210.40891428995863 -574.5327919753471 0.9973513004946469
-198.07242134908788 -566.8522596581664 0.9973619870601419
-185.93547151593214 -558.850505189973 0.9973730991254536
-174.00668779539876 -550.5323024407231 0.9973846266779075
-162.29351909278654 -541.9029869440322 0.9973965587232668
-150.80394721820784 -532.9677916476123 0.9974088842117943
-139.54582807727365 -523.7321313288403 0.9974215916494954
-128.52688612432445 -514.2015964651572 0.9974346691151191
-117.75587909644298 -504.38188724160574 0.9974481043608086
-107.23979601073903 -494.2791066457905 0.9974618844240275
-96.98536365594438 -483.89940658623016 0.9974759961273597
-86.999723106866 -473.2490218907352 0.9974904260462735
-77.29158135262274 -462.3345937664888 0.9975051600893008
-67.86684087684725 -451.1626837435913 0.9975201841763999
-58.7314893725099 -439.73982691240184 0.9975354841829052
-49.89422558503256 -428.07343767460156 0.997551044751338
-41.360007044319474 -416.17013036291394 0.9975668515615461
-33.13557775636987 -404.0371270865332 0.9975828894707973
-25.22768822089661 -391.68191500374144 0.997599143003244
-17.64191221738006 -379.1116038178795 0.9976155972195151
-10.384007724605148 -366.33344509005974 0.997632237051933
-3.461290881079023 -353.35591809228674 0.9976490459288309
3.1218928361564604 -340.1857007269499 0.9976660097318729
9.359381296815032 -326.83078847248527 0.9976831127702557
15.24518737887086 -313.29930767077894 0.9977003393577064
20.77351761065323 -299.59945831370004 0.9977176739119628
25.93879141044728 -285.7394261641998 0.9977351010894898
30.7329928776603 -271.7309690695751 0.9977526013401604
35.15042242256722 -257.5840494487401 0.9977701577145671
39.182454803721086 -243.3145237472364 0.9977877463660736
42.81827923691695 -228.94650532278982 0.9978053339409481
46.0448038213077 -214.51817148052945 0.9978228709275011
48.84254630641651 -200.1037585467806 0.9978402658496174
51.23466126236514 -185.6891487628312 0.9978347768157267
53.24800650724211 -171.21894061150405 0.9978290839248622
54.88137029248104 -156.70305928717588 0.997823356257894
56.1338031709301 -142.15140074843347 0.9978175975278485
57.00461768729441 -127.57369028253382 0.9978118114248031
57.49338475567746 -112.9784576611803 0.9978060012068771
57.606037169000146 -100 0.9978008201470352
57.32447214583329 -83.79689243742811 0.997794332624414
56.667199437726914 -69.215511728511 0.9977884761700586
55.62881691192539 -54.65997040524425 0.9977826127970126
54.21020356428193 -40.13915061987647 0.9977767461399208
52.41250054165693 -25.66274316879941 0.9977708802041143
50.237107184826115 -11.240548099322947 0.9977650190857954
33.66684203315033 3.6332008966006253 0.9977589564746185
-24.958250420307035 18.08053137430558 0.9977530501389239
-69.40878830226058 29.659096706761606 0.997748304099108
-113.62038240979935 38.90034387775052 0.9977445081176839
-143.8385157513692 46.80015576989062 0.9977412575057698
-173.8704084188938 53.13615521053501 0.9977386466045507
-203.65971978987383 57.92125432179454 0.9977366725642286
-219.83910932263387 63.251631395165994 0.9977344713185508
-235.93999045187138 67.78401996944444 0.9977325977392288
-251.93360629644786 71.52547218697651 0.9977310498155616
-267.79145903799457 74.48402169973623 0.9977298249645771
-283.48533878334456 76.66867319524073 0.9977289200385197
-298.9873522080502 78.08939120026619 0.9977283313336913
-301.92190215001136 82.94526504362733 0.9977263179174871
-317.1478089678986 83.20623117094482 0.997726209655587
-320.15063863168376 87.5863051249472 0.9977243917247163
-335.0258394586074 86.71699616745202 0.9977247526561321
-338.05591982790224 90.63117825441888 0.9977231270112895
-352.507808317268 88.66576712705336 0.9977239434505422
-355.52516247254755 92.1269024386113 0.9977225054636545
-358.64126496088244 95.51709099100931 0.9977210959738072
-372.44929192114745 92.12789219144614 0.9977225050523006
-375.502378894113 95.08283276794049 0.997721276573218
-378.6405669824646 97.96679172826259 0.9977200768936778
-381.8617051706989 100.77767337913734 0.9977189069376083
-394.70366412999755 95.7062047010656 0.9977210173201814
-397.80291744222137 98.10817664350127 0.9977200180618296
-400.97203489793395 100.43891778831605 0.9977190479711266
-404.20884627677026 102.69670830258266 0.9977181078062185
-407.5111354418707 104.87988014303018 0.9977171983036954
-410.87664185257773 106.98681851168008 0.9977163201778294
-422.0681589188583 99.7882624546719 0.9977193188301363
-425.2372030875084 101.53060949568092 0.9977185934343346
-428.4573620584911 103.20093744138433 0.99771789778171
-431.72643238183053 104.79798839132606 0.9977172324268122
-435.04217741475134 106.32055837859902 0.9977165979010639
-438.40232884409477 107.7674984611474 0.9977159947121931
-441.8045882296096 109.13771576317251 0.9977154233436888
-445.24662856702923 110.43017446560783 0.9977148842542812
-448.72609586993894 111.64389674470301 0.9977143778774479
-452.24061076937295 112.77796365783011 0.9977139046209454
-460.19360532111006 102.93388954626197 0.9977180090167571
-463.4144464359675 103.79095501553842 0.9977176519968205
-466.66030468048564 104.57573114059318 0.9977173250353599
-469.9289601617882 105.28761118593813 0.9977170283995896
-473.2181775051381 105.92604446432144 0.9977167623321753
-476.5257073728562 106.49053685544033 0.9977165270509648
-479.8492879924532 106.98065127117458 0.9977163227487481
-483.18664669296714 107.39600806696389 0.997716149593044
-486.535501448507 107.7362853989896 0.9977160077259144
-489.8935624279536 108.00121952688092 0.9977158972638069
-493.2585335498187 108.19060506170155 0.9977158182974263
-496.62811404123033 108.30429515902931 0.9977157708916334
500 108.34220165697373 0.9977157550853736
496.62811404123033 108.30429515902931 0.9977157708916334
493.2585335498187 108.19060506170155 0.9977158182974263
489.8935624279538 108.00121952688092 0.9977158972638069
486.53550144850703 107.7362853989896 0.9977160077259144
483.18664669296714 107.39600806696389 0.997716149593044
479.8492879924532 106.98065127117458 0.9977163227487481
476.5257073728562 106.49053685544033 0.9977165270509648
473.2181775051381 105.92604446432144 0.9977167623321753
469.9289601617882 105.28761118593813 0.9977170283995896
466.6603046804857 104.57573114059319 0.9977173250353599
463.4144464359675 103.79095501553842 0.9977176519968205
460.19360532111006 102.93388954626197 0.9977180090167571
452.24061076937295 112.77796365783011 0.9977139046209454
448.726095869939 111.64389674470301 0.9977143778774479
445.24662856702923 110.43017446560785 0.9977148842542812
441.80458822960964 109.13771576317252 0.9977154233436888
438.40232884409477 107.7674984611474 0.9977159947121931
435.04217741475134 106.32055837859902 0.9977165979010639
431.72643238183053 104.79798839132606 0.9977172324268122
428.4573620584911 103.20093744138434 0.99771789778171
425.2372030875085 101.53060949568093 0.9977185934343346
422.06815891885833 99.78826245467194 0.9977193188301363
410.87664185257773 106.98681851168008 0.9977163201778294
407.5111354418707 104.87988014303018 0.9977171983036954
404.20884627677026 102.69670830258266 0.9977181078062185
400.972034897934 100.43891778831609 0.9977190479711266
397.8029174422214 98.1081766435013 0.9977200180618296
394.70366412999766 95.70620470106566 0.9977210173201814
381.8617051706989 100.77767337913734 0.9977189069376083
378.6405669824646 97.96679172826259 0.9977200768936778
375.502378894113 95.08283276794049 0.997721276573218
372.4492919211476 92.1278921914462 0.9977225050523006
358.64126496088244 95.51709099100935 0.9977210959738072
355.52516247254766 92.12690243861141 0.9977225054636545
352.507808317268 88.66576712705336 0.9977239434505422
338.05591982790224 90.63117825441888 0.9977231270112895
335.0258394586074 86.71699616745202 0.9977247526561321
320.1506386316839 87.58630512494724 0.9977243917247163
317.1478089678986 83.2062311709449 0.997726209655587
301.9219021500115 82.9452650436275 0.9977263179174871
298.9873522080502 78.08939120026619 0.9977283313336913
283.48533878334456 76.66867319524073 0.9977289200385197
267.79145903799457 74.48402169973623 0.9977298249645771
251.93360629644792 71.52547218697661 0.9977310498155616
235.9399904518715 67.78401996944453 0.9977325977392288
219.83910932263393 63.25163139516618 0.9977344713185508
203.65971978987383 57.92125432179454 0.9977366725642286
173.8704084188938 53.13615521053501 0.9977386466045507
143.8385157513692 46.80015576989062 0.9977412575057698
113.62038240979938 38.90034387775078 0.9977445081176839
69.40878830226059 29.65909670676179 0.997748304099108
24.958250420307067 18.080531374306098 0.9977530501389239
-33.66684203315033 3.6332008966006253 0.9977589564746185
-50.237107184826115 -11.240548099322947 0.9977650190857954
-52.41250054165693 -25.66274316879941 0.9977708802041143
-54.21020356428183 -40.139150619875906 0.9977767461399208
-55.62881691192539 -54.65997040524424 0.9977826127970126
-56.66719943772689 -69.2155117285098 0.9977884761700586
-57.32447214583329 -83.79689243742811 0.997794332624414
-57.606037169000146 -100 0.9978008201470352
-57.49338475567746 -112.9784576611803 0.9978060012068771
-57.00461768729441 -127.5736902825338 0.9978118114248031
-56.1338031709301 -142.15140074843347 0.9978175975278485
-54.88137029248104 -156.70305928717588 0.997823356257894
-53.24800650724211 -171.21894061150405 0.9978290839248622
-51.23466126236514 -185.6891487628312 0.9978347768157267
-48.84254630641658 -200.10375854678028 0.9978402658496174
-46.0448038213077 -214.51817148052902 0.9978228709275011
-42.818279236916965 -228.9465053227896 0.9978053339409481
-39.18245480372116 -243.31452374723617 0.9977877463660736
-35.15042242256722 -257.5840494487401 0.9977701577145671
-30.7329928776603 -271.7309690695751 0.9977526013401604
-25.93879141044731 -285.7394261641996 0.9977351010894898
-20.773517610653265 -299.5994583136999 0.9977176739119628
-15.245187378871156 -313.2993076707785 0.9977003393577064
-9.359381296815258 -326.830788472485 0.9976831127702557
-3.1218928361564604 -340.1857007269499 0.9976660097318729
3.461290881079023 -353.35591809228674 0.9976490459288309
10.384007724605205 -366.3334450900596 0.997632237051933
17.641912217380153 -379.1116038178795 0.9976155972195151
25.227688220896464 -391.68191500374104 0.997599143003244
33.135577756369536 -404.0371270865326 0.9975828894707973
41.360007044319474 -416.17013036291394 0.9975668515615461
49.89422558503256 -428.07343767460156 0.997551044751338
58.73148937250954 -439.7398269124015 0.9975354841829052
67.86684087684719 -451.16268374359106 0.9975201841763999
77.29158135262269 -462.3345937664887 0.9975051600893008
86.99972310686594 -473.2490218907352 0.9974904260462735
96.9853636559441 -483.89940658623 0.9974759961273597
107.23979601073903 -494.2791066457905 0.9974618844240275
117.75587909644284 -504.3818872416054 0.9974481043608086
128.5268861243243 -514.201596465157 0.9974346691151191
139.54582807727365 -523.7321313288403 0.9974215916494954
150.80394721820758 -532.9677916476121 0.9974088842117943
162.29351909278637 -541.9029869440322 0.9973965587232668
174.00668779539876 -550.5323024407231 0.9973846266779075
185.93547151593208 -558.850505189973 0.9973730991254536
198.07242134908756 -566.8522596581663 0.9973619870601419
210.40891428995863 -574.5327919753471 0.9973513004946469
222.9362590718458 -581.8875968409302 0.9973410488611122
235.64602775387706 -588.9122275361526 0.9973312413028259
248.52969407705754 -595.6024393910377 0.9973218864757745
261.5786387679083 -601.9541926351792 0.9973129925468467
274.7841547952594 -607.9636549183037 0.997304567193937
288.1374525794419 -613.6272035405536 0.9972966176077434
301.6296651536179 -618.9414274263618 0.9972891504950484
315.2518532773987 -623.9031288708136 0.9972821720832673
328.99513042070544 -628.5091602879343 0.9972756883581115
342.8504221118095 -632.7567053723619 0.9972697046765414
356.80842630840726 -636.643443809622 0.9972642255425044
370.8599698438003 -640.1670502398779 0.9972592553216123
384.99583236009966 -643.3254182573803 0.9972547979348362
399.2067511448113 -646.1166612125062 0.9972508568660575
413.4834259317022 -648.5391129028318 0.9972474351693952
427.8165236691537 -650.5913281625235 0.9972445354761287
442.19668325948186 -652.2720833579498 0.997242160001051
456.6145202729254 -653.5803767961905 0.9972403105481071
471.06063164021646 -654.5154290519621 0.9972389885151857
485.52560032781327 -655.0766832173833 0.9972381948979608
500 -655.2638050779893 0.997237930292698
514.4743996721868 -655.0766832173833 0.9972381948979608
528.9393683597833 -654.5154290519621 0.9972389885151857
543.3854797270749 -653.5803767961905 0.9972403105481071
557.8033167405181 -652.2720833579498 0.997242160001051
572.1834763308459 -650.5913281625236 0.9972445354761287
586.5165740682979 -648.5391129028318 0.9972474351693952
600.7932488551883 -646.1166612125062 0.9972508568660575
615.0041676399006 -643.3254182573804 0.9972547979348362
629.1400301561996 -640.1670502398779 0.9972592553216123
643.1915736915927 -636.6434438096221 0.9972642255425044
657.1495778881899 -632.756705372362 0.9972697046765414
671.0048695792947 -628.5091602879343 0.9972756883581115
684.7481467226011 -623.9031288708137 0.9972821720832673
698.3703348463816 -618.9414274263619 0.9972891504950484
711.8625474205579 -613.6272035405536 0.9972966176077434
725.2158452047407 -607.963654918304 0.997304567193937
738.4213612320914 -601.9541926351793 0.9973129925468467
751.4703059229429 -595.6024393910377 0.9973218864757745
764.3539722461223 -588.9122275361526 0.9973312413028259
777.0637409281537 -581.8875968409303 0.9973410488611122
789.5910857100413 -574.5327919753471 0.9973513004946469
801.927578650912 -566.8522596581664 0.9973619870601419
814.064528484068 -558.850505189973 0.9973730991254536
825.993312204601 -550.5323024407231 0.9973846266779075
837.7064809072136 -541.9029869440322 0.9973965587232668
849.1960527817921 -532.9677916476123 0.9974088842117943
860.4541719227262 -523.7321313288403 0.9974215916494954
871.4731138756756 -514.2015964651572 0.9974346691151191
882.244120903557 -504.38188724160574 0.9974481043608086
892.7602039892607 -494.2791066457905 0.9974618844240275
903.0146363440559 -483.89940658623016 0.9974759961273597
913.0002768931341 -473.2490218907352 0.9974904260462735
922.7084186473772 -462.3345937664888 0.9975051600893008
932.1331591231531 -451.1626837435913 0.9975201841763999
941.26851062749 -439.73982691240184 0.9975354841829052
950.1057744149673 -428.07343767460156 0.997551044751338
958.6399929556803 -416.17013036291394 0.9975668515615461
966.8644222436299 -404.0371270865332 0.9975828894707973
974.7723117791032 -391.68191500374144 0.997599143003244
982.3580877826198 -379.1116038178795 0.9976155972195151
989.6159922753945 -366.33344509005974 0.997632237051933
996.5387091189209 -353.35591809228674 0.9976490459288309
1003.1218928361563 -340.1857007269499 0.9976660097318729
1009.3593812968147 -326.83078847248527 0.9976831127702557
1003.9393469670237 -313.4277311231234 0.9977001763540579
1009.4564667297791 -300.1944475675793 0.9977169233049695
1014.6333229622683 -286.8123277511913 0.997733756033531
1008.2278969919228 -274.88862695155245 0.9977486666122276
1012.767544606004 -261.7386052891845 0.9977650141310271
1016.9817504247601 -248.49085462451995 0.9977813799777948
1020.866874192825 -235.1708038880834 0.9977977300521311
1013.5885396180189 -225.4668539213133 0.9978095747343362
1016.9865434130822 -212.65252807253148 0.9978251293949131
1020.1492954508543 -199.79355348533636 0.9978403097396948
1023.1044587826615 -186.88813049714952 0.9978352477719926
1025.8863886120062 -173.93510659191995 0.9978301537967269
1028.5431370303504 -160.9253201766037 0.9978250240138731
1031.1438903899616 -147.83470990244643 0.9978198486852334
1033.7925392303396 -134.60915386114823 0.9978146060369507
1036.3450772766196 -122.52402680364088 0.997809803148888
1045.095571641967 -65.30360868989935 0.9977869020480113
1050.5715695923354 -56.769767144799545 0.9977834637541474
NaN NaN NaN
NaN NaN NaN
NaN NaN NaN
NaN NaN NaN
NaN NaN NaN
975.041749579693 18.08053137430558 0.9977530501389239
930.5912116977403 29.659096706761606 0.997748304099108
886.3796175902007 38.90034387775052 0.9977445081176839
856.1614842486306 46.80015576989062 0.9977412575057698
826.1295915811065 53.13615521053501 0.9977386466045507
796.3402802101265 57.92125432179454 0.9977366725642286
780.1608906773661 63.251631395165994 0.9977344713185508
764.0600095481277 67.78401996944444 0.9977325977392288
748.0663937035521 71.52547218697651 0.9977310498155616
732.2085409620065 74.48402169973623 0.9977298249645771
716.5146612166543 76.66867319524073 0.9977289200385197
701.0126477919484 78.08939120026619 0.9977283313336913
698.0780978499902 82.94526504362733 0.9977263179174871
682.8521910321002 83.20623117094482 0.997726209655587
679.8493613683162 87.5863051249472 0.9977243917247163
664.9741605413911 86.71699616745202 0.9977247526561321
661.9440801720991 90.63117825441888 0.9977231270112895
647.492191682732 88.66576712705336 0.9977239434505422
644.4748375274539 92.1269024386113 0.9977225054636545
641.3587350391193 95.51709099100931 0.9977210959738072
627.5507080788541 92.12789219144614 0.9977225050523006
624.4976211058871 95.08283276794049 0.997721276573218
621.3594330175337 97.96679172826259 0.9977200768936778
618.1382948293011 100.77767337913734 0.9977189069376083
605.2963358700024 95.7062047010656 0.9977210173201814
602.19708255778 98.10817664350127 0.9977200180618296
599.0279651020662 100.43891778831605 0.9977190479711266
595.7911537232296 102.69670830258266 0.9977181078062185
592.4888645581278 104.87988014303018 0.9977171983036954
589.1233581474223 106.98681851168008 0.9977163201778294
577.9318410811435 99.7882624546719 0.9977193188301363
574.7627969124916 101.53060949568092 0.9977185934343346
571.5426379415105 103.20093744138433 0.99771789778171
568.2735676181677 104.79798839132606 0.9977172324268122
564.9578225852489 106.32055837859902 0.9977165979010639
561.5976711559052 107.7674984611474 0.9977159947121931
558.1954117703887 109.13771576317251 0.9977154233436888
554.7533714329691 110.43017446560783 0.9977148842542812
551.2739041300595 111.64389674470301 0.9977143778774479
547.7593892306254 112.77796365783011 0.9977139046209454
539.8063946788899 102.93388954626197 0.9977180090167571
536.5855535640342 103.79095501553842 0.9977176519968205
533.3396953195161 104.57573114059318 0.9977173250353599
530.0710398382117 105.28761118593813 0.9977170283995896
526.7818224948601 105.92604446432144 0.9977167623321753
523.4742926271422 106.49053685544033 0.9977165270509648
520.1507120075468 106.98065127117458 0.9977163227487481
516.8133533070328 107.39600806696389 0.997716149593044
513.464498551494 107.7362853989896 0.9977160077259144
510.1064375720464 108.00121952688092 0.9977158972638069
506.7414664501813 108.19060506170155 0.9977158182974263
503.37188595876967 108.30429515902931 0.9977157708916334
