0 1109.9022016569686
-9.339000354446371 1109.846519503954
-18.671605679391316 1109.6795492732533
-27.991425313287415 1109.4015195136035
-37.29207732754136 1109.0128106854243
-46.56719288560924 1108.513954480042
-55.81042059324248 1107.9056328674856
-65.01543083693447 1107.18867687382
-74.17592010764467 1106.3640650890213
-83.2856153068731 1105.4329219071878
-92.3382780321543 1104.396515500426
-101.3277088391061 1103.2562555289394
-110.24775147711179 1102.0136905894099
-123.85167056467446 1111.4432721177682
-132.96496015119914 1109.8668202273038
-141.98721517196333 1108.1839968619595
-150.91225750816625 1106.3969699776521
-159.73397539770724 1104.5080361086132
-168.44632761016734 1102.5196162619604
-177.04334757422126 1100.4342515759813
-185.51914745469185 1098.2545987477424
-193.8679221764333 1095.9834252370126
-202.08395339242492 1093.6236042536243
-218.23736984979837 1100.189721035697
-226.47628735737138 1097.437084606138
-234.5601593325717 1094.5967015893068
-242.4834481767285 1091.671967063718
-250.24072587542682 1088.6663593229584
-257.8266777124473 1085.5834336630392
-275.05079851930475 1089.9697173148577
-282.5465585630202 1086.4712905335991
-289.84889890248365 1082.899307894287
-296.9528146202452 1079.2577518853695
-314.69557058329775 1081.9636303653
-321.62760566571444 1077.8952983313625
-328.3394807567683 1073.763067719519
-346.3619464835005 1075.0662874338705
-352.836213296473 1070.500652636019
-371.0268493000265 1070.7310562720559
-377.21409063975284 1065.7264017429766
-395.4912031961717 1064.856920661172
-401.3416617952773 1059.4102967905112
-419.62228837758147 1057.4182464243356
-437.9555814583214 1054.683281507155
-456.31183879099706 1051.1969825415022
-474.66113820073406 1046.9518289839345
-492.9733674013252 1041.9412059542433
-511.21825396410145 1036.1594103939144
-542.9257957352795 1030.950984032614
-574.7273375138866 1024.2209461086477
-606.5653258483326 1015.9575005880738
-652.2458706628225 1006.3840558222097
-698.0134482203554 994.5056719792104
-757.802766684838 979.7917540428284
-845.8043891672171 960.2095094648404
-962.2343186295933 933.500548908075
NaN NaN
NaN NaN
NaN NaN
NaN NaN
-1430.0847147286377 -1231.4346339088802
-1409.2286333546917 -1240.3238622731772
-1387.2057477003573 -1251.555759085238
-1367.692514363486 -1263.1211205295774
-1349.6119973538173 -1275.1040653452935
-1331.826683984242 -1287.8793123569428
-1327.3309987673133 -1299.4408492976709
-1309.7119730651589 -1313.600469322719
-1292.2565208102567 -1328.0694524970809
-1287.621304448617 -1341.7252581668001
-1270.0276912293566 -1356.960423638393
-1264.8014013397149 -1371.9102687617583
-1246.7467468714988 -1387.7947862036783
-1240.6633729144448 -1403.9432305696653
-1234.004341575858 -1420.813888155411
-1226.7273213466926 -1438.381726904052
-1218.7918342761295 -1456.6208555021128
-1198.5450660626766 -1474.0764846055756
-1200.8046948613094 -1494.99676644611
-1190.6910144676376 -1515.0701617999346
-1179.7916610430714 -1535.6894222498863
-1168.083067503444 -1556.8181769974944
-1166.285378959741 -1581.5131183823453
-1152.692943703467 -1603.8712879424165
-1148.5684518725634 -1630.3865717836402
-1132.9876223840272 -1653.8012517622055
-1126.4074424675132 -1681.9418438366713
-1118.4458429896795 -1710.9834097242797
-1118.5735887531803 -1745.9798610296164
-1107.7663241629557 -1776.9591598646423
-1104.8276642251667 -1814.456245618095
-1091.2404134203623 -1847.167501986098
-1085.0081592337854 -1886.9560609019773
-1085.4545172498854 -1934.7722139584537
-1075.231185053904 -1977.2598976231825
-1071.1021980953908 -2028.2935083642276
-1064.4430696318198 -2080.9607537600195
-1055.1682470413896 -2135.149712946198
-1050.5661683634073 -2199.238066353735
-1049.79304853283 -2274.1036987917714
-1045.099980345615 -2351.397883774578
-1036.3616680947232 -2430.916251487023
-985.6850073384013 -2453.7203965693593
-922.4864941198942 -2455.665563525488
-860.0213506216182 -2455.9029574973497
-803.6291587756458 -2464.5823077126493
-742.4563298148937 -2461.6274900599183
-686.7768309575315 -2467.404804920937
-631.3512573466498 -2471.820330868329
-576.2179191181432 -2474.8860804429232
-521.4188193882966 -2476.621248139642
-466.9913932937587 -2477.0409059211484
-412.9765600456302 -2476.1688336648344
-361.91904701668653 -2484.853012364357
-308.48182247459636 -2481.4977721491173
-257.3622823292359 -2487.837137320566
-204.64373289806582 -2482.0548632369682
-153.59427828638013 -2486.0643906161786
-102.44929850054618 -2488.931162970247
-51.240588724703805 -2490.652355694429
0 -2491.2262747833825
51.240588724702974 -2490.652355694429
102.44929850054538 -2488.931162970247
153.59427828638013 -2486.0643906161786
204.64373289806514 -2482.0548632369682
257.362282329235 -2487.837137320566
308.48182247459636 -2481.4977721491173
361.9190470166857 -2484.853012364357
412.9765600456292 -2476.1688336648344
466.9913932937587 -2477.0409059211484
521.4188193882957 -2476.621248139642
576.2179191181422 -2474.8860804429237
631.3512573466498 -2471.820330868329
686.7768309575306 -2467.404804920937
742.4563298148927 -2461.6274900599183
803.6291587756458 -2464.5823077126493
860.0213506216178 -2455.90295749735
922.4864941198936 -2455.665563525489
985.6850073384013 -2453.7203965693593
1036.3616680947223 -2430.9162514870236
1045.0999803456148 -2351.397883774578
1049.79304853283 -2274.1036987917714
1050.5661683634073 -2199.238066353735
1055.1682470413882 -2135.1497129461986
1064.4430696318198 -2080.9607537600195
1071.1021980953903 -2028.2935083642276
1075.2311850539038 -1977.2598976231827
1085.4545172498854 -1934.7722139584537
1085.0081592337845 -1886.9560609019782
1091.2404134203612 -1847.1675019860984
1104.8276642251667 -1814.456245618095
1107.7663241629555 -1776.9591598646423
1118.5735887531803 -1745.9798610296164
1118.445842989679 -1710.9834097242797
1126.4074424675125 -1681.9418438366715
1132.987622384027 -1653.8012517622058
1148.5684518725634 -1630.3865717836402
1152.692943703467 -1603.8712879424165
1166.2853789597386 -1581.513118382346
1168.083067503443 -1556.8181769974951
1179.7916610430716 -1535.6894222498863
1190.6910144676378 -1515.0701617999348
1200.8046948613094 -1494.99676644611
1198.5450660626766 -1474.0764846055756
1218.7918342761293 -1456.6208555021128
1226.7273213466922 -1438.3817269040524
1234.0043415758576 -1420.8138881554112
1240.6633729144446 -1403.9432305696657
1246.7467468714988 -1387.7947862036783
1264.8014013397149 -1371.9102687617583
1270.0276912293566 -1356.9604236383932
1287.6213044486167 -1341.7252581668004
1292.2565208102553 -1328.0694524970813
1309.7119730651582 -1313.600469322719
1327.3309987673133 -1299.4408492976709
1331.826683984242 -1287.8793123569428
1349.6119973538173 -1275.1040653452935
1367.692514363486 -1263.1211205295774
1387.2057477003573 -1251.555759085238
1409.2286333546917 -1240.3238622731772
1430.0847147286377 -1231.4346339088802
NaN NaN
NaN NaN
NaN NaN
NaN NaN
962.2343186295933 933.500548908075
845.8043891672171 960.2095094648404
757.802766684838 979.7917540428284
698.0134482203555 994.5056719792099
652.2458706628225 1006.3840558222095
606.5653258483327 1015.9575005880736
574.7273375138866 1024.2209461086477
542.9257957352795 1030.950984032614
511.21825396410145 1036.1594103939144
492.97336740132533 1041.9412059542433
474.6611382007341 1046.9518289839343
456.3118387909971 1051.196982541502
437.9555814583214 1054.683281507155
419.62228837758147 1057.4182464243356
401.3416617952773 1059.4102967905112
395.49120319617174 1064.8569206611717
377.2140906397529 1065.7264017429766
371.0268493000266 1070.7310562720559
352.836213296473 1070.500652636019
346.3619464835005 1075.0662874338705
328.3394807567683 1073.763067719519
321.6276056657145 1077.8952983313625
314.69557058329775 1081.9636303653
296.95281462024525 1079.2577518853693
289.84889890248365 1082.899307894287
282.5465585630202 1086.4712905335991
275.05079851930475 1089.9697173148577
257.8266777124474 1085.5834336630392
250.24072587542688 1088.6663593229584
242.48344817672853 1091.6719670637178
234.5601593325717 1094.5967015893068
226.47628735737138 1097.437084606138
218.23736984979837 1100.189721035697
202.083953392425 1093.6236042536243
193.86792217643335 1095.9834252370126
185.5191474546919 1098.2545987477424
177.04334757422126 1100.4342515759813
168.44632761016734 1102.5196162619604
159.73397539770724 1104.5080361086132
150.91225750816628 1106.3969699776521
141.98721517196338 1108.1839968619595
132.96496015119916 1109.8668202273038
123.85167056467446 1111.4432721177682
110.24775147711179 1102.0136905894099
101.3277088391061 1103.2562555289394
92.33827803215435 1104.396515500426
83.28561530687315 1105.4329219071878
74.17592010764612 1106.3640650890213
65.01543083693447 1107.18867687382
55.81042059324248 1107.9056328674856
46.56719288560924 1108.513954480042
37.29207732754151 1109.0128106854243
27.991425313288154 1109.4015195136035
18.671605679391362 1109.6795492732533
9.339000354446371 1109.846519503954
