0 192.65539032550956
-3.782671186810981 192.61746009498157
-7.562755660708877 192.50370188205355
-11.337668465931207 192.31421308624473
-15.104828159855755 192.04915591838736
-18.861658566665945 191.70875721827852
-22.82863131222117 192.4374735309355
-26.59389361717771 191.94075403955256
-30.340970300263393 191.36875837592248
-34.40014057896804 191.84339604355802
-38.13935509979472 191.11281304760604
-42.25743198041003 191.40892138162525
-45.97760048037042 190.5182841573939
-50.14226607751441 190.6307715643691
-54.343011793782395 190.64300894728729
-58.03067615786926 189.50361953841656
-62.25858268374532 189.32487319747838
-66.51212107782484 189.04116624852588
-70.78756834703557 188.65080851896943
-75.08114077604176 188.1522128092362
-79.38899707677888 187.54389662719908
-83.70724160550174 186.8244838172071
-88.8084594229316 186.91548603912986
-93.16663645132361 185.9485655761946
-98.3607170958258 185.74492283259184
-102.74043060451221 184.52296342153247
-108.00644657993111 184.0143468833969
-113.31471342406788 183.33730145374025
-118.65911832623831 182.48892884466773
-124.03344705490017 181.46651505409352
-129.43138986565992 180.26753350573142
-135.88077212455167 179.58885381807534
-142.3915722283112 178.67190942793934
-148.95506837681134 177.51269332823148
-155.5624020929438 176.1074739437697
-162.20458706021736 174.45279959127967
-170.0260074369973 173.0950185938579
-179.08209043542416 171.93576774339905
-187.03185327694416 169.90290568567835
-196.23258215302062 167.99434564154743
-206.72957186423469 166.10604336381695
-217.30994218275728 163.74643359882432
-229.2267601621024 161.260175637141
-242.51209463537467 158.5373093648948
-257.1926008082729 155.4658392633762
-273.28945106877893 151.93198203085421
-292.14935424127987 148.0286228853519
-313.821126257967 143.5297555026895
-336.9865038601521 138.07143673182944
-365.7399998037889 131.82735312362652
-398.7834451631139 124.28069500805304
-438.91871248398274 115.1304284685268
-488.99710443855275 103.77325999082757
-551.9007731140792 89.30281863442696
-634.7492253967599 70.24396082904988
-747.549185686938 44.12498681490921
-911.7036063270334 6.153598095682643
-939.7288615294597 -21.3085114920629
-941.5895417824361 -45.9179334546048
-942.806178514037 -70.57446781686939
-943.4091331562113 -100
-943.3023624761329 -119.95607827272984
-942.5805787123121 -144.6518620040316
-941.2120268496117 -169.32613798603117
-939.1971378051194 -193.96244614293175
-936.4377054993878 -218.93782546593442
-932.7883388342543 -244.47343294819763
-928.3548543129289 -269.95872972037256
-923.1975549089709 -295.214616666473
-917.3514826409983 -320.1907481841043
-910.839685448661 -344.8733973072586
-903.6790538025599 -369.2587403493154
-895.8831532663028 -393.34451420296597
-887.4637284849346 -417.1274490768868
-878.4315052150548 -440.60270821818153
-868.796675253609 -463.76392895157267
-858.5691848299622 -486.60346561499904
-847.7589328804243 -509.112645120265
-836.3758575832622 -531.2820408571907
-824.4300270662773 -553.101664153711
-811.9316771235781 -574.5611423178013
-798.891243568492 -595.6498536816488
-785.3193806635768 -616.3570381238665
-771.2269632403143 -636.671889472336
-756.6251127897983 -656.5836183287341
-741.5251543778922 -676.0815267015197
-725.9386457969769 -695.1550408649323
-709.8773904572179 -713.7937488886157
-693.3533691447442 -731.9874453274603
-676.378782784645 -749.7261443414459
-658.9660422343278 -767.000104476266
-641.1277178301136 -783.7998469726496
-622.876591164831 -800.1161683822406
-604.2255907253682 -815.9401517350456
-585.1878124840387 -831.2631758205922
-565.7765088273306 -846.0769238055216
-546.0050779034061 -860.3733898680999
-525.8870171189308 -874.1448703400022
-505.436009199179 -887.3839987141318
-484.665796165972 -900.0837070317318
-463.590261049183 -912.2372608692227
-442.2233814199153 -923.838246103745
-420.5792233364528 -934.8805683869625
-398.67194049532463 -945.3584564073215
-376.515766923553 -955.2664616495662
-354.1250100512905 -964.5994577760607
-331.51404185799225 -973.352637162127
-308.6972865022141 -981.5215007128336
-285.68924607939283 -989.1018935856777
-262.50445312996425 -996.0899556635685
-239.15753380105667 -1002.4822257482966
-215.66376102189523 -1008.2768269505225
-192.0375581088974 -1013.4709121039845
-168.29317391442527 -1018.0613731550583
-144.44503104203415 -1022.0454568025151
-120.50769161806028 -1025.42075221423
-96.49583348217679 -1028.1851809638276
-72.42424450188317 -1030.3370634704427
-48.307787535301586 -1031.875074799856
-24.161385314337675 -1032.7982667449016
0 -1033.1060604155687
24.161385314337267 -1032.7982667449016
48.307787535301244 -1031.875074799856
72.42424450188317 -1030.3370634704427
96.49583348217637 -1028.1851809638276
120.50769161805988 -1025.42075221423
144.44503104203415 -1022.0454568025151
168.29317391442495 -1018.0613731550584
192.03755810889686 -1013.4709121039845
215.66376102189523 -1008.2768269505225
239.1575338010563 -1002.4822257482966
262.504453129964 -996.0899556635685
285.68924607939283 -989.1018935856777
308.6972865022139 -981.5215007128338
331.5140418579919 -973.352637162127
354.1250100512905 -964.5994577760607
376.51576692355275 -955.2664616495664
398.67194049532435 -945.3584564073218
420.5792233364528 -934.8805683869625
442.22338141991514 -923.838246103745
463.590261049183 -912.2372608692227
484.665796165972 -900.0837070317318
505.436009199179 -887.3839987141318
525.8870171189308 -874.1448703400022
546.0050779034061 -860.3733898680999
565.7765088273304 -846.0769238055216
585.1878124840387 -831.2631758205921
604.2255907253682 -815.9401517350456
622.8765911648304 -800.1161683822409
641.1277178301132 -783.7998469726502
658.9660422343278 -767.000104476266
676.3787827846443 -749.7261443414462
693.3533691447442 -731.9874453274604
709.8773904572178 -713.7937488886158
725.9386457969766 -695.1550408649325
741.5251543778924 -676.0815267015197
756.6251127897983 -656.5836183287341
771.2269632403143 -636.671889472336
785.3193806635767 -616.3570381238669
798.891243568492 -595.6498536816488
811.9316771235777 -574.5611423178017
824.4300270662773 -553.101664153711
836.3758575832622 -531.2820408571907
847.7589328804243 -509.112645120265
858.5691848299622 -486.60346561499915
868.796675253609 -463.7639289515723
878.4315052150548 -440.6027082181816
887.4637284849341 -417.12744907688784
895.8831532663028 -393.34451420296597
903.6790538025599 -369.2587403493154
910.8396854486607 -344.87339730726
917.3514826409981 -320.19074818410616
923.1975549089709 -295.2146166664726
928.3548543129285 -269.9587297203748
932.7883388342543 -244.47343294819763
936.4377054993878 -218.93782546593442
939.1971378051194 -193.96244614293175
941.2120268496117 -169.32613798603117
942.5805787123121 -144.6518620040316
943.3023624761329 -119.95607827272984
943.4091331562113 -100
942.806178514037 -70.57446781686939
941.5895417824362 -45.91793345460438
939.7288615294597 -21.3085114920629
911.7036063270336 6.153598095680846
747.549185686938 44.12498681490921
634.7492253967599 70.24396082904988
551.9007731140792 89.30281863442696
488.9971044385528 103.7732599908271
438.91871248398286 115.13042846852666
398.7834451631139 124.28069500805283
365.7399998037889 131.82735312362652
336.9865038601521 138.07143673182944
313.821126257967 143.5297555026895
292.14935424127987 148.02862288535184
273.28945106877893 151.93198203085424
257.19260080827297 155.4658392633761
242.51209463537467 158.5373093648948
229.2267601621024 161.260175637141
217.30994218275728 163.74643359882432
206.7295718642348 166.10604336381675
196.23258215302064 167.99434564154734
187.03185327694416 169.90290568567826
179.08209043542416 171.93576774339905
170.0260074369973 173.0950185938579
162.20458706021736 174.45279959127967
155.5624020929439 176.10747394376958
148.95506837681137 177.51269332823148
142.3915722283112 178.6719094279393
135.88077212455167 179.58885381807534
129.43138986565992 180.26753350573142
124.03344705490017 181.46651505409352
118.65911832623843 182.48892884466767
113.31471342406792 183.3373014537395
108.00644657993114 184.01434688339688
102.74043060451221 184.52296342153247
98.3607170958258 185.74492283259184
93.16663645132361 185.9485655761946
88.80845942293168 186.91548603912975
83.70724160550176 186.8244838172071
79.38899707677889 187.54389662719908
75.08114077604176 188.1522128092362
70.78756834703557 188.65080851896943
66.51212107782484 189.04116624852588
62.25858268374538 189.32487319747835
58.03067615786931 189.50361953841656
54.34301179378242 190.64300894728723
50.14226607751441 190.6307715643691
45.97760048037042 190.5182841573939
42.25743198041003 191.40892138162525
38.13935509979477 191.112813047606
34.400140578968085 191.84339604355802
30.340970300263447 191.36875837592245
26.59389361717771 191.94075403955256
22.82863131222117 192.4374735309355
18.861658566665945 191.70875721827852
15.1048281598558 192.04915591838733
11.33766846593125 192.31421308624473
7.5627556607089215 192.50370188205355
3.782671186810981 192.61746009498157
