0 192.31239032550957
-3.7806276544836943 192.27446618253467
-7.558669996589284 192.1607262162277
-11.331543470129413 191.9712677780301
-15.09666803013793 191.70625299876872
-18.85146889557739 191.36590860649324
-22.816419083253464 192.09469100299157
-26.579667199982577 191.5980491970805
-30.32473944491655 191.02614261543457
-34.381916409286994 191.50088052618773
-38.11915010571505 190.7704086694006
-42.23526000942542 191.06663874446312
-45.95347672804226 190.1761335405983
-50.11620707705754 190.2887628970883
-54.31503540473406 190.30115178171104
-58.00080155384906 189.16192302389726
-62.226830339314574 188.9833460556241
-66.47851275445436 188.69981674933155
-70.75212707819142 188.30964445805046
-75.04389085139928 187.81124148622777
-79.34996402557573 187.20312482538182
-83.66645217904149 186.48391778441896
-88.76594157624966 186.57513147002064
-93.12241932402827 185.60842759587814
-98.31483099212744 185.4050059817483
-102.69290697245422 184.18327164300962
-107.95731798983705 183.67488351035738
-113.26401354621936 182.99806919939797
-118.60688190779912 182.14992979365334
-123.97970989610222 181.12775065548539
-129.37618879526764 179.9290045677844
-135.82414497462133 179.25056050467592
-142.33355780826278 178.33385125681127
-148.89570644683045 177.1748691709115
-155.5017333367321 175.76988202736806
-162.1426530571098 174.11543750203566
-169.962850633466 172.75788328249507
-179.0177541159875 171.59885553227969
-186.9663815345018 169.56621227775125
-196.16601985863443 167.65786613107755
-206.6619646363764 165.76977224887943
-217.2413363560438 163.41036479554
-229.15720275554045 160.92430249562418
-242.4416333201362 158.20162468687857
-257.1212838750238 155.13033532147398
-273.2173273945828 151.5966505894109
-292.0764732561004 147.69345522283166
-313.747537910791 143.1947424355415
-336.91225858475684 137.73656863976709
-365.6651484841775 131.49261997625024
-398.70803909864196 123.9460863927413
-438.84280335420016 114.79593361951466
-488.9207442677854 103.43886781938754
-551.8240142357739 88.96851776006181
-634.6721204176175 69.90973961160334
-747.4717874508598 43.790833387496015
-911.6259678789042 5.819500398336339
-938.2289788036163 -21.441664247326592
-940.0862959835953 -46.01183571027408
-941.3005954095659 -70.62902329755765
-941.9020898125112 -100
-941.7951944121737 -119.93177532300633
-941.0741671989986 -144.58808634946217
-939.7074063737759 -169.22290454143058
-937.6953432469497 -193.81979510494503
-934.941739048557 -218.74802416623191
-931.2999543463685 -244.23735758777312
-926.8751043260312 -269.678791077415
-921.7274680008151 -294.8923986999572
-915.8920719345859 -319.82741387368776
-909.3919506166201 -344.46987712397214
-902.2439811422254 -368.81583009779007
-894.4617151599132 -392.8629300260552
-886.0568826729068 -416.60786026958857
-877.0401940402068 -440.04575769885605
-867.421824928569 -463.1702464790782
-857.2117047489886 -485.9736765385766
-846.4197149807218 -508.44737627267676
-835.055775760769 -530.5819245572869
-823.1299366412001 -552.3673409276352
-810.6524143562359 -573.7932627276198
-797.633625222772 -594.8490795212338
-784.0842036163999 -615.5240431580586
-770.0150041356421 -635.8073598418448
-755.437127734319 -655.6882527082233
-740.3618786789145 -675.156036273039
-724.8007937380191 -694.2001491540243
-708.7656551107264 -712.8101914971838
-692.2684222213632 -730.9759695896088
-675.3212745149164 -748.6875089229372
-657.9366012823692 -765.9350789330498
-640.1269512371015 -782.709211280947
-621.9050843201078 -799.0007124500262
-603.2839073632804 -814.8006749027842
-584.2764947045088 -830.1004863575683
-564.8960771382145 -844.8918384069029
-545.1560312825408 -859.1667331568854
-525.069833092796 -872.9174743767746
-504.6511439394296 -886.1367025185136
-483.91368459651903 -898.8173561156381
-462.87131696720206 -910.9527067857103
-441.5379976253879 -922.5363460113163
-419.9277717693123 -933.5621846305654
-398.0547723785901 -944.0244561168431
-375.9332129104097 -953.9177163560597
-353.57738037435064 -963.2368430458093
-331.0016264789172 -971.9770322483013
-308.22035525983216 -980.1337882240458
-285.24804883686795 -987.7029591736234
-262.09921991557593 -994.6806877243572
-238.78842874685918 -1001.0634323575385
-215.33079860577453 -1006.8490218550575
-191.74097989135737 -1012.0350214102615
-168.0331951280938 -1016.618330474526
-144.22184041174435 -1020.5962023639829
-120.32145120298392 -1023.9662319785924
-96.34667854012014 -1026.726345740614
-72.31228337565702 -1028.8748680345316
-48.233101561811196 -1030.410477009785
-24.124028756220497 -1031.3322266614489
0 -1031.6395394208678
24.12402875622009 -1031.3322266614489
48.233101561810855 -1030.410477009785
72.31228337565702 -1028.8748680345316
96.34667854011971 -1026.726345740614
120.32145120298352 -1023.9662319785925
144.22184041174435 -1020.5962023639829
168.0331951280935 -1016.6183304745261
191.74097989135683 -1012.0350214102615
215.33079860577453 -1006.8490218550575
238.7884287468588 -1001.0634323575385
262.0992199155757 -994.6806877243572
285.24804883686795 -987.7029591736234
308.22035525983193 -980.133788224046
331.0016264789169 -971.9770322483013
353.57738037435064 -963.2368430458093
375.93321291040945 -953.9177163560599
398.0547723785898 -944.0244561168435
419.9277717693123 -933.5621846305654
441.53799762538773 -922.5363460113163
462.87131696720206 -910.9527067857103
483.91368459651903 -898.8173561156381
504.6511439394296 -886.1367025185136
525.069833092796 -872.9174743767746
545.1560312825408 -859.1667331568854
564.8960771382143 -844.8918384069029
584.2764947045088 -830.1004863575682
603.2839073632804 -814.8006749027842
621.9050843201073 -799.0007124500264
640.126951237101 -782.7092112809477
657.9366012823692 -765.9350789330498
675.3212745149157 -748.6875089229376
692.2684222213632 -730.9759695896089
708.7656551107262 -712.810191497184
724.8007937380189 -694.2001491540245
740.3618786789146 -675.156036273039
755.437127734319 -655.6882527082233
770.0150041356421 -635.8073598418448
784.0842036163998 -615.524043158059
797.633625222772 -594.8490795212338
810.6524143562356 -573.7932627276201
823.1299366412001 -552.3673409276352
835.055775760769 -530.5819245572869
846.4197149807218 -508.44737627267676
857.2117047489886 -485.97367653857674
867.421824928569 -463.17024647907783
877.0401940402068 -440.0457576988561
886.0568826729063 -416.6078602695896
894.4617151599132 -392.8629300260552
902.2439811422254 -368.81583009779007
909.3919506166197 -344.46987712397356
915.8920719345858 -319.82741387368964
921.7274680008151 -294.8923986999568
926.8751043260309 -269.6787910774172
931.2999543463685 -244.23735758777312
934.941739048557 -218.74802416623191
937.6953432469497 -193.81979510494503
939.7074063737759 -169.22290454143058
941.0741671989986 -144.58808634946217
941.7951944121737 -119.93177532300633
941.9020898125112 -100
941.3005954095659 -70.62902329755765
940.0862959835954 -46.01183571027366
938.2289788036163 -21.441664247326592
911.6259678789045 5.819500398334542
747.4717874508598 43.790833387496015
634.6721204176175 69.90973961160334
551.8240142357739 88.96851776006181
488.92074426778544 103.43886781938707
438.84280335420027 114.79593361951451
398.70803909864196 123.94608639274108
365.6651484841775 131.49261997625024
336.91225858475684 137.73656863976709
313.747537910791 143.1947424355415
292.0764732561004 147.6934552228316
273.2173273945828 151.59665058941093
257.12128387502383 155.13033532147386
242.4416333201362 158.20162468687857
229.15720275554045 160.92430249562418
217.2413363560438 163.41036479554
206.66196463637652 165.76977224887924
196.16601985863446 167.65786613107747
186.9663815345018 169.56621227775116
179.0177541159875 171.59885553227969
169.962850633466 172.75788328249507
162.1426530571098 174.11543750203566
155.50173333673217 175.76988202736794
148.89570644683047 177.1748691709115
142.33355780826278 178.33385125681124
135.82414497462133 179.25056050467592
129.37618879526764 179.9290045677844
123.97970989610222 181.12775065548539
118.60688190779923 182.14992979365329
113.2640135462194 182.99806919939724
107.95731798983708 183.67488351035735
102.69290697245422 184.18327164300962
98.31483099212744 185.4050059817483
93.12241932402827 185.60842759587814
88.76594157624973 186.57513147002052
83.66645217904151 186.48391778441896
79.34996402557574 187.20312482538182
75.04389085139928 187.81124148622777
70.75212707819142 188.30964445805046
66.47851275445436 188.69981674933155
62.22683033931464 188.98334605562408
58.00080155384911 189.16192302389726
54.31503540473409 190.30115178171098
50.11620707705754 190.2887628970883
45.95347672804226 190.1761335405983
42.23526000942542 191.06663874446312
38.1191501057151 190.77040866940058
34.38191640928704 191.50088052618773
30.324739444916602 191.02614261543454
26.579667199982577 191.5980491970805
22.816419083253464 192.09469100299157
18.85146889557739 191.36590860649324
15.096668030137975 191.7062529987687
11.331543470129455 191.9712677780301
7.5586699965893285 192.1607262162277
3.7806276544836943 192.27446618253467
