0 206.03239032550914
-3.862368947575163 205.99422268041067
-7.722096561373004 205.87975284926213
-11.576543302201197 205.68908010661562
-15.423073218850899 205.42236978351423
-19.259055739119553 205.07985307790466
-23.30490824196167 205.80599212074912
-27.148723887787877 205.30624289596233
-30.973973658790317 204.73077303495123
-35.11088319652891 205.20150122099923
-38.92734986890184 204.4665837976178
-43.12213884881004 204.75794423094825
-46.918426821168595 203.86215821242257
-51.15856709533227 203.96910958832007
-55.43409096666741 203.97543840476078
-59.19578571465708 202.82978360466922
-63.49692411654428 202.64443172979497
-67.82284568927383 202.353796717105
-72.16977783195753 201.95620689480927
-76.53388783709852 201.45009440656506
-80.91128607370166 200.833996898072
-85.2980292374515 200.10655909594425
-90.4666554435275 200.18931423438957
-94.89110441584188 199.21394680853638
-100.15027514006204 199.00168001548977
-104.59385225477375 197.77094278392354
-109.92246159359932 197.2534184319388
-115.29200866015998 196.5673593730891
-120.69633864536685 195.70989183422867
-126.12919624801997 194.67832659981076
-131.58423161095908 193.47016208566512
-138.08923097183475 192.78229304065266
-144.65413461019912 191.856178101934
-151.27018364606624 190.68783546371037
-157.92848358520112 189.27355868343346
-164.6200131814119 187.60992107179607
-172.48912277471854 186.24329573700822
-181.59120689345457 185.07534397705444
-189.58525123219601 183.03394859483527
-198.82851163408193 181.1170465498724
-209.36625375070741 179.22061684638012
-219.985569424583 176.8531169269128
-231.93949901801867 174.3592281562973
-245.2600859296752 171.629011807528
-259.9739612049892 168.55049299756325
-276.10227436242764 165.00990824714353
-294.99171266327795 161.10016172364104
-316.69107179783265 156.5952651214614
-339.8820696005665 151.13129232226112
-368.659201268634 144.88194587130158
-401.7242816775205 137.33043100521172
-441.87916854550366 128.17572758000045
-491.9751510984803 116.81455467698872
-554.894369367987 102.34055273466745
-637.7563195833137 83.27858830946495
-750.5677168939893 57.15697048402368
-914.7315058040708 19.183408292188492
-998.2209611863734 -16.097010370889436
-1000.2137731090049 -42.23703418777727
-1001.2655426785466 -67.914769317301
-1001.5320973550948 -100.74661408569727
-1001.2827618171469 -121.61397007394734
-1001.3322208740424 -147.12023587474275
-999.8948072377746 -173.33345710021908
-997.7706912517397 -199.50719405514312
-994.7693212421858 -226.38284829497283
-990.8212309094035 -253.72356327145582
-986.0480072780857 -280.9197740537652
-980.5108588978715 -307.82461465868545
-974.245421707068 -334.40415109959054
-967.2752688722904 -360.6537200283364
-959.6178182295422 -386.5747468179724
-951.2871867114318 -412.16807322971795
-942.2957004951174 -437.4322555188243
-932.6546975000957 -462.3634855261844
-922.3750109893938 -486.9559146454429
-911.4672559380393 -511.20207099912255
-899.9420251630307 -535.0932264226807
-887.8099735649804 -558.6197441036395
-875.0819067585751 -581.7713200078002
-861.7688167098621 -604.5371957171433
-847.8819121300587 -626.9063181290152
-833.4326350200507 -648.8674677616667
-818.4326609708102 -670.4093641585255
-802.8939235547008 -691.5207382980815
-786.8285695263666 -712.1904143832819
-770.2489864439996 -732.4073480064806
-753.1678140576342 -752.160667651943
-735.5978745920406 -771.4397223330559
-717.552214202071 -790.2340968514128
-699.0440914808511 -808.5336381116001
-680.0869258115158 -826.3284744759127
-660.6943480405707 -843.6090290402451
-640.8801350903208 -860.3660311540362
-620.6582296081534 -876.5905258061224
-600.0427280343143 -892.2738821461019
-579.0478691751105 -907.4077998608963
-557.6879870508197 -921.9842999453066
-535.9775962607745 -935.995759186525
-513.9312655592119 -949.4348710266025
-491.56369903435836 -962.294679876364
-468.8896893255383 -974.5685672160567
-445.9241112927108 -986.250250357369
-422.6819209577542 -997.3337849646693
-399.1794377973892 -1007.814783273924
-375.434722162685 -1017.6914668503641
-351.461452866459 -1026.9586658359722
-327.2733133222847 -1035.6111057008955
-302.88437705783406 -1043.6438249968198
-278.30899205835044 -1051.0521119395476
-253.56177488052552 -1057.8315485063902
-228.65759706153727 -1063.9780533829162
-203.61154576851496 -1069.4878805899057
-178.43889895484617 -1074.3576281929377
-153.15511540620693 -1078.5842837584473
-127.77579964449214 -1082.1652119815542
-102.31667724625412 -1085.0981445544553
-76.79358828839392 -1087.3812466022694
-51.22245141682825 -1089.0130724239605
-25.619247842148365 -1089.9925875637205
0 -1090.319161381504
25.619247842147946 -1089.9925875637205
51.22245141682788 -1089.0130724239605
76.79358828839392 -1087.3812466022694
102.3166772462536 -1085.0981445544553
127.77579964449173 -1082.1652119815542
153.15511540620693 -1078.5842837584473
178.43889895484585 -1074.3576281929377
203.61154576851442 -1069.4878805899057
228.65759706153727 -1063.9780533829162
253.56177488052515 -1057.8315485063902
278.3089920583502 -1051.0521119395476
302.88437705783406 -1043.6438249968198
327.2733133222845 -1035.6111057008957
351.46145286645867 -1026.9586658359722
375.434722162685 -1017.6914668503641
399.1794377973889 -1007.8147832739243
422.6819209577539 -997.3337849646698
445.9241112927108 -986.250250357369
468.88968932553814 -974.5685672160567
491.56369903435836 -962.294679876364
513.9312655592119 -949.4348710266025
535.9775962607745 -935.995759186525
557.6879870508197 -921.9842999453066
579.0478691751105 -907.4077998608963
600.0427280343141 -892.2738821461019
620.6582296081534 -876.5905258061223
640.8801350903208 -860.3660311540362
660.6943480405699 -843.6090290402454
680.0869258115154 -826.3284744759134
699.0440914808511 -808.5336381116001
717.5522142020703 -790.2340968514134
735.5978745920406 -771.439722333056
753.1678140576341 -752.1606676519431
770.2489864439993 -732.4073480064808
786.8285695263667 -712.1904143832819
802.8939235547008 -691.5207382980815
818.4326609708102 -670.4093641585255
833.4326350200506 -648.8674677616672
847.8819121300587 -626.9063181290152
861.7688167098618 -604.5371957171436
875.0819067585751 -581.7713200078002
887.8099735649804 -558.6197441036395
899.9420251630307 -535.0932264226807
911.4672559380393 -511.20207099912267
922.375010989394 -486.95591464544253
932.6546975000957 -462.36348552618443
942.295700495117 -437.4322555188255
951.2871867114318 -412.16807322971795
959.6178182295422 -386.5747468179724
967.2752688722901 -360.653720028338
974.2454217070677 -334.4041510995925
980.5108588978715 -307.824614658685
986.0480072780854 -280.91977405376775
990.8212309094035 -253.72356327145582
994.7693212421858 -226.38284829497283
997.7706912517397 -199.50719405514312
999.8948072377746 -173.33345710021908
1001.3322208740424 -147.12023587474275
1001.2827618171469 -121.61397007394734
1001.5320973550948 -100.74661408569727
1001.2655426785466 -67.914769317301
1000.213773109005 -42.237034187776736
998.2209611863734 -16.097010370889436
914.731505804071 19.183408292186694
750.5677168939893 57.15697048402368
637.7563195833137 83.27858830946495
554.894369367987 102.34055273466745
491.97515109848035 116.81455467698825
441.8791685455038 128.1757275800003
401.7242816775205 137.33043100521152
368.659201268634 144.88194587130158
339.8820696005665 151.13129232226112
316.69107179783265 156.5952651214614
294.99171266327795 161.10016172364098
276.10227436242764 165.00990824714356
259.9739612049893 168.55049299756314
245.2600859296752 171.629011807528
231.93949901801867 174.3592281562973
219.985569424583 176.8531169269128
209.36625375070753 179.22061684637993
198.82851163408196 181.11704654987233
189.58525123219601 183.03394859483518
181.59120689345457 185.07534397705444
172.48912277471854 186.24329573700822
164.6200131814119 187.60992107179607
157.9284835852012 189.27355868343335
151.27018364606627 190.68783546371037
144.65413461019912 191.85617810193398
138.08923097183475 192.78229304065266
131.58423161095908 193.47016208566512
126.12919624801997 194.67832659981076
120.69633864536696 195.7098918342286
115.29200866016002 196.56735937308835
109.92246159359935 197.25341843193877
104.59385225477375 197.77094278392354
100.15027514006204 199.00168001548977
94.89110441584188 199.21394680853638
90.46665544352757 200.18931423438946
85.29802923745153 200.10655909594425
80.91128607370167 200.833996898072
76.53388783709852 201.45009440656506
72.16977783195753 201.95620689480927
67.82284568927383 202.353796717105
63.49692411654434 202.64443172979495
59.19578571465713 202.82978360466922
55.43409096666744 203.97543840476072
51.15856709533227 203.96910958832007
46.918426821168595 203.86215821242257
43.12213884881004 204.75794423094825
38.92734986890189 204.46658379761777
35.11088319652895 205.20150122099923
30.97397365879037 204.7307730349512
27.148723887787877 205.30624289596233
23.30490824196167 205.80599212074912
19.259055739119553 205.07985307790466
15.423073218850943 205.4223697835142
11.57654330220124 205.68908010661562
7.722096561373048 205.87975284926213
3.862368947575163 205.99422268041067
