-257.5 452.5 0.000000000656423140239539
-1092.5 487.5 0.0000000004829243018637409
-1117.5 -1452.5 0.00000000024489730446942954
1322.5 -1277.5 0.0000000019582247783759137
-1177.5 467.5 0.0000000004348506896326948
627.5 -1992.5 0.00000000041072689843043506
-437.5 572.5 0.000000000952461547662568
-1347.5 432.5 0.00000000036277180724063914
842.5 537.5 0.00000000138468634937232
707.5 -1922.5 0.0000000004209554274927654
1287.5 -1037.5 0.00000000020747269167053286
-137.5 532.5 0.0000000020326381042982657
107.5 482.5 0.00000000030911022449934986
-962.5 -1637.5 0.00000000023335091053448265
-117.5 532.5 0.0000000004864269554463321
1082.5 -1487.5 0.0000000004884482367302847
-177.5 542.5 0.0000000005483947795480519
922.5 522.5 0.0000000012219126405705124
-917.5 522.5 0.0000000006104080636526681
-1127.5 -1437.5 0.00000000024601936401610657
-37.5 497.5 0.000000000705176041147555
-1007.5 502.5 0.0000000005377799960516981
-637.5 567.5 0.000000009092641012528966
-967.5 517.5 0.0000000005713187540198327
-727.5 -1917.5 0.00000000020990568178055798
377.5 572.5 0.000000006720898224806158
-1037.5 -1542.5 0.00000000024041223000326567
1427.5 -892.5 0.00000000019032776083780722
-1397.5 -1227.5 0.0000000002398454597079811
-627.5 567.5 0.000000009255412015333664
-1037.5 497.5 0.0000000005198516952690945
-1227.5 -1347.5 0.00000000024710821401092313
-1437.5 -887.5 0.00000000037967383345900705
867.5 -1757.5 0.00000000044718859621796346
1227.5 -1347.5 0.0000000004952772719937166
992.5 507.5 0.000000001103079791741276
897.5 527.5 0.000000001259404726475152
187.5 542.5 0.0000000011260863954813353
-137.5 477.5 0.000000000627177796586854
-1067.5 492.5 0.000000000498057617122145
-1367.5 -1247.5 0.00000000024181386763832784
-1107.5 -1462.5 0.00000000024440830653302943
472.5 402.5 0.00000000032069297226072897
262.5 552.5 0.0000000013346589881051578
-707.5 347.5 0.0000000005759727519260509
-1172.5 472.5 0.0000000004388182438071739
-1227.5 457.5 0.00000000041253044187164965
-747.5 -1887.5 0.00000000021271620086247506
-1272.5 217.5 0.0000000004129331580531972
1202.5 -1367.5 0.0000000004956225956887596
1362.5 -1247.5 0.0000000004854227271226491
1422.5 -1212.5 0.000000000477394232943448
1177.5 467.5 0.0000000008711831587828167
-947.5 -1657.5 0.0000000002312230687596773
-67.5 522.5 0.0000000004376033399416763
-52.5 497.5 0.0000000006823792592139946
-1112.5 -1457.5 0.00000000024510972071844797
237.5 552.5 0.000000011340402963128949
907.5 -1712.5 0.0000000004544618092087787
107.5 532.5 0.0000000009542096934739408
427.5 412.5 0.00000000032482537261097736
-577.5 572.5 0.000000004410483782762201
1487.5 -1177.5 0.0000000004682055608510431
937.5 522.5 0.0000000011898194346380074
802.5 547.5 0.000000005884928433099202
-1427.5 412.5 0.0000000003348288473852461
-1297.5 -1022.5 0.00000000041272005003731765
-1387.5 -932.5 0.00000000039140923948676573
1497.5 -1172.5 0.0000000004665510445830676
-657.5 567.5 0.000000003859910100194793
472.5 572.5 0.00000001816192839508886
1137.5 -1432.5 0.0000000004939092289046295
877.5 532.5 0.0000000012986494160391184
272.5 557.5 0.0000000013504290682818158
-322.5 562.5 0.0000000030140819550283625
17.5 502.5 0.0000000003643535833638891
-187.5 542.5 0.000000000562071023814631
-732.5 557.5 0.000000007477853704674198
982.5 512.5 0.000000001116739856381185
642.5 -2002.5 0.00000000019605122880056917
-1157.5 -1412.5 0.00000000024693673868864946
-702.5 557.5 0.0000000008815973633928769
-1257.5 -1322.5 0.00000000024617282291369055
642.5 567.5 0.0000000019752177537280086
-702.5 562.5 0.0000000008839188093966742
-937.5 522.5 0.0000000005938874888161534
-1347.5 -977.5 0.00000000040176236756088987
852.5 537.5 0.000000001360723663978983
1392.5 -927.5 0.0000000001943844048646708
-812.5 542.5 0.0000000007199014524740481
137.5 477.5 0.00000000031305451404500656
397.5 567.5 0.00000000703943454833258
-17.5 502.5 0.0000000007299573780464214
677.5 -1957.5 0.00000000041552254042775145
1142.5 -1427.5 0.0000000004934400023330381
1092.5 487.5 0.0000000009675004521915186
-317.5 562.5 0.00000000673696338965171
-62.5 522.5 0.0000000004295880905435694
1277.5 -1307.5 0.0000000004931168216740783
437.5 577.5 0.0000000018689476282268
432.5 577.5 0.000000007437749379109461
567.5 577.5 0.000000008855051529810043
-922.5 -1687.5 0.00000000022912477436761846
-787.5 547.5 0.0000000007508014218161243
-1277.5 -1047.5 0.0000000004174532954454192
792.5 327.5 0.00000000027309239708839127
-1312.5 -1282.5 0.0000000002447635937406401
922.5 -1687.5 0.00000000045917005834842403
652.5 -1972.5 0.00000000041307966052927505
-152.5 537.5 0.0000000020846434800331556
32.5 517.5 0.0000000008129741706305047
-942.5 -1662.5 0.00000000023129911296589182
-577.5 377.5 0.0000000006165915501152815
587.5 572.5 0.000000008789220742098946
-537.5 572.5 0.00000001000793419914142
7.5 507.5 0.0000000007692798053649755
-777.5 547.5 0.0000000007661042958543003
987.5 -1612.5 0.000000000471511040734886
-487.5 572.5 0.000000009303683121875604
287.5 562.5 0.0000000055979255931152055
-667.5 -1957.5 0.00000000020748122676661195
797.5 -1837.5 0.0000000004342738306038169
1292.5 442.5 0.0000000007673385670002933
737.5 552.5 0.0000000016533671081078628
-822.5 542.5 0.0000000007066462968179398
-1062.5 -1517.5 0.00000000024166615363599984
17.5 507.5 0.0000000007828015814984495
-1102.5 487.5 0.0000000004780916650545339
1122.5 477.5 0.0000000009299540582706291
912.5 527.5 0.0000000012402808543561093
-602.5 567.5 0.000000004331455955990275
-827.5 542.5 0.0000000028204792356447523
-1332.5 -992.5 0.00000000040510058253749417
137.5 532.5 0.000000004072292714948015
-1332.5 432.5 0.0000000003683365648627925
1312.5 -1282.5 0.0000000004905912306635181
77.5 522.5 0.0000000008944745017205365
732.5 557.5 0.000000014981638801309115
-27.5 512.5 0.0000000003981441614566877
1307.5 -1017.5 0.00000000020508175979150562
-1437.5 -1207.5 0.00000000023699428748100023
1027.5 502.5 0.000000001053436966823816
-242.5 457.5 0.0000000006550442961566802
-682.5 562.5 0.000000008269680138783719
1107.5 482.5 0.000000000948336861299643
547.5 572.5 0.000000008968363900059964
-1202.5 462.5 0.0000000004233955880829884
-677.5 562.5 0.0000000037022805088510202
647.5 567.5 0.00000000786099050191501
-1082.5 -1487.5 0.0000000002437151564939843
-907.5 -1702.5 0.0000000002279935903115118
-607.5 567.5 0.000000004310953371928289
707.5 347.5 0.00000000028750806453369403
-572.5 577.5 0.000000001104662073255605
-642.5 567.5 0.000000000985895194591448
1227.5 457.5 0.0000000008264636152838266
-222.5 547.5 0.0000000006088474978058366
692.5 562.5 0.000000007170426574704498
-842.5 -1787.5 0.0000000002206153020193883
1087.5 -1487.5 0.0000000004880732124761661
1302.5 -1292.5 0.000000000490557261385678
1157.5 -1412.5 0.0000000004949210188914655
-1402.5 -1227.5 0.00000000023946476800202657
-1052.5 497.5 0.0000000005087110387264312
202.5 462.5 0.0000000003232880946198483
1272.5 217.5 0.00000000020613233014792738
347.5 567.5 0.000000014261992362957439
-1122.5 252.5 0.0000000004505479318878214
-1002.5 507.5 0.000000002176418002326891
1412.5 -1222.5 0.0000000004784488832446527
812.5 542.5 0.0000000014422932287390698
-952.5 -1647.5 0.00000000023234069578197035
-652.5 -1972.5 0.00000000020614800870910996
72.5 522.5 0.0000000008779199075726878
1007.5 -1577.5 0.0000000004770619259847343
862.5 532.5 0.000000005354140237965012
-1392.5 -927.5 0.00000000038963582272579013
-1457.5 -1197.5 0.0000000002360252830699449
-282.5 557.5 0.000000002773561827311294
272.5 447.5 0.00000000032825827847017666
-747.5 557.5 0.0000000008088998547385924
1062.5 -1517.5 0.0000000004843361935519228
-1337.5 -1267.5 0.00000000024336436112065055
427.5 577.5 0.0000000018500407817070627
-1122.5 477.5 0.00000000046418446005003865
-222.5 552.5 0.0000000024431293631876125
577.5 572.5 0.000000008836312972660342
-922.5 522.5 0.0000000006099061368806219
147.5 477.5 0.0000000003150629710747236
-1007.5 -1577.5 0.0000000002380422360809881
777.5 547.5 0.000000001534861096733577
482.5 572.5 0.000000008206914297717557
132.5 532.5 0.0000000009971609302148797
-1247.5 -1082.5 0.00000000042499606009314995
992.5 282.5 0.0000000002430705116551883
557.5 572.5 0.000000009004721335564127
807.5 -1832.5 0.0000000004341754303085435
632.5 567.5 0.000000008167842933230382
-262.5 557.5 0.0000000006677145046188047
-2.5 507.5 0.000000003022696073143137
1167.5 -1397.5 0.0000000004950721562718915
-1307.5 -1287.5 0.00000000024510466214824336
-82.5 487.5 0.0000000006400266975276893
-377.5 572.5 0.000000003354617646891285
-1027.5 -1552.5 0.0000000002396549827048756
-1447.5 -1202.5 0.000000000236201658580859
-1442.5 -1202.5 0.00000000023659872293057826
-77.5 492.5 0.0000000006502337618760953
1127.5 -1437.5 0.0000000004930764720781435
-1162.5 -1407.5 0.00000000024668701234515787
-1422.5 -902.5 0.00000000038330540104301455
-1387.5 -1232.5 0.0000000002406025542278542
1277.5 -1047.5 0.0000000002082522516705095
1122.5 252.5 0.0000000002249067416694238
1192.5 -1377.5 0.0000000004951404331850435
787.5 552.5 0.0000000015068586359427226
-122.5 477.5 0.0000000006249723669466372
782.5 547.5 0.0000000015320660252141112
-87.5 527.5 0.0000000004562806230935833
-1272.5 -1312.5 0.000000000984605832081796
-1167.5 -1402.5 0.0000000002464361370702177
-1132.5 -1437.5 0.00000000024579219448719656
1292.5 -1032.5 0.0000000002066879793755431
-162.5 542.5 0.0000000005342504757970842
187.5 467.5 0.0000000003223181196070142
212.5 547.5 0.000000001188912130270778
-1077.5 -1497.5 0.00000000024293878862014867
157.5 537.5 0.0000000010665367080893242
1152.5 -1417.5 0.0000000004937202883978716
1417.5 -1217.5 0.000000000478174754725504
-227.5 457.5 0.0000000006534950696476738
-642.5 -2002.5 0.0000000003928436311151037
-187.5 467.5 0.0000000006457339329701153
-1017.5 -1567.5 0.0000000002388649957156556
852.5 -1782.5 0.000000000442015697504618
-442.5 572.5 0.000000003829135646532302
367.5 427.5 0.0000000003284964826860608
457.5 572.5 0.000000007858537858032288
-147.5 477.5 0.0000000006312010459707394
-257.5 557.5 0.0000000006516097786881535
62.5 522.5 0.0000000008606550376009006
-1337.5 -987.5 0.0000000004034357026149844
-982.5 507.5 0.0000000005571117776028481
372.5 567.5 0.000000015010044531946797
-122.5 532.5 0.0000000004872071473254325
-217.5 547.5 0.0000000006075802717992323
367.5 567.5 0.000000006622408613994758
302.5 562.5 0.000000013027353601651493
827.5 542.5 0.000000005650708487035407
-132.5 532.5 0.0000000004977213812062241
-482.5 572.5 0.000000004096330787037778
892.5 532.5 0.0000000012780193346148146
-862.5 -1767.5 0.00000000022185123943811266
962.5 -1647.5 0.0000000004654585338353102
1027.5 -1552.5 0.0000000004802984924161899
-932.5 -1677.5 0.00000000023022690285592803
717.5 -1922.5 0.00000000042077905251659845
492.5 572.5 0.000000008363456814876577
712.5 562.5 0.000000006906134245051509
-57.5 492.5 0.0000000006714008250733159
-1342.5 -1267.5 0.0000000002430112112462746
642.5 362.5 0.0000000002975985711697315
-367.5 427.5 0.0000000006581031252491063
982.5 -1617.5 0.0000000004694227259777767
-727.5 557.5 0.0000000008347355608511389
412.5 572.5 0.000000007196342052366232
1102.5 487.5 0.000000000957818021302327
-32.5 517.5 0.0000000004057893053230028
822.5 542.5 0.0000000014157364943693706
572.5 572.5 0.00000000884727728434984
-1267.5 -1317.5 0.0000000002462711869002613
1472.5 402.5 0.0000000006436087152253025
-1252.5 -1327.5 0.0000000002464846014489478
687.5 562.5 0.000000001830404792632387
-752.5 552.5 0.000000007234037495347558
-627.5 -1992.5 0.00000000020497518148616228
-697.5 562.5 0.000000007997962893057886
817.5 -1817.5 0.00000000043685073229927103
-587.5 572.5 0.000000004386981297984606
-912.5 527.5 0.0000000006190736677597116
907.5 -1702.5 0.00000000045690065880446877
7.5 502.5 0.0000000003705814155860732
-1137.5 477.5 0.0000000004554253669781574
-787.5 552.5 0.0000000007521269790972139
-737.5 557.5 0.000000000827098199709355
-882.5 532.5 0.000000000647514216006868
967.5 517.5 0.0000000011446023444240781
1037.5 -1542.5 0.0000000004818182853158212
-807.5 542.5 0.0000000029279439500667143
-852.5 537.5 0.0000000006791892667939818
-962.5 -1647.5 0.0000000002322587086081345
-632.5 567.5 0.000000004076838504316985
-1317.5 -1002.5 0.0000000004078418367423316
-1322.5 -1277.5 0.0000000009769859129948154
1377.5 -1242.5 0.0000000004832066812517338
1292.5 -1297.5 0.0000000004918989004946845
37.5 497.5 0.00000000035198472814942697
-1277.5 -1307.5 0.0000000002460260625274837
-1262.5 -1317.5 0.0000000002465888558794533
347.5 432.5 0.000000000329998318078074
-1087.5 -1487.5 0.0000000002435277289864338
-1057.5 267.5 0.000000000468158427125713
1067.5 492.5 0.0000000009978206195372785
-522.5 572.5 0.000000004376472862767786
-817.5 542.5 0.0000000028730443782907974
32.5 502.5 0.0000000003523649676887232
-57.5 517.5 0.00000000042901320032975094
-202.5 462.5 0.0000000006476767008362708
1412.5 -907.5 0.00000000019212972225517637
327.5 567.5 0.000000013678802150960339
-957.5 517.5 0.000000002314257097036294
117.5 482.5 0.00000000031018382518753357
232.5 552.5 0.0000000012545685651515102
597.5 572.5 0.000000008715086966325638
-1287.5 -1302.5 0.00000000024537266276600187
127.5 532.5 0.0000000009955314281048702
-857.5 537.5 0.0000000006693047013529163
1357.5 -962.5 0.00000000019873209236975711
-212.5 547.5 0.0000000005934287920304682
842.5 -1787.5 0.00000000044210002405145515
-712.5 562.5 0.000000003447085307027863
267.5 557.5 0.000000012096255637442886
-1272.5 -1052.5 0.0000000004190039828859924
-262.5 552.5 0.0000000006661751627856292
-717.5 562.5 0.000000000858522810775625
702.5 -1937.5 0.0000000004180404013621782
17.5 512.5 0.0000000007837475259793708
942.5 517.5 0.0000000011889546497923886
157.5 472.5 0.00000000031710996847565334
1257.5 452.5 0.0000000007991053806890948
-177.5 467.5 0.0000000006415954893976663
-1372.5 -1242.5 0.0000000002414450724968372
1052.5 -1522.5 0.0000000004846626385820539
-52.5 517.5 0.0000000004212324838106683
-1297.5 -1292.5 0.0000000002450829175036127
-82.5 522.5 0.00000000044709954876141863
-642.5 -1977.5 0.00000000020628401464424684
317.5 437.5 0.0000000003295555598453091
-1392.5 -1232.5 0.00000000024022471844374204
742.5 -1902.5 0.00000000042337237618053076
-1407.5 -1222.5 0.00000000023908263335296063
-1207.5 -1367.5 0.0000000002470022142751059
-77.5 522.5 0.0000000004464684870007369
277.5 557.5 0.000000005529994644589925
662.5 -1957.5 0.0000000004160022595718944
1317.5 -1282.5 0.0000000004899054633484589
-407.5 572.5 0.000000008017701837462286
-857.5 -1772.5 0.00000000022189456328248365
-1342.5 -1262.5 0.00000000024332734584559643
-1422.5 -1212.5 0.0000000002381720811502174
217.5 462.5 0.00000000032417746828711534
617.5 -1992.5 0.0000000004110446201962609
627.5 567.5 0.0000000185429932898427
-762.5 552.5 0.000000007080506063832958
1497.5 397.5 0.0000000006308192675653564
1042.5 497.5 0.0000000010301991239604128
-832.5 537.5 0.0000000007036300290896534
732.5 -1902.5 0.0000000004235190106098127
42.5 517.5 0.0000000033128881599452574
1442.5 -877.5 0.00000000018851226645858372
-847.5 537.5 0.000000002721876560222125
-1412.5 -1222.5 0.0000000002386990458259567
452.5 407.5 0.0000000003228136442615884
497.5 397.5 0.00000000031847389498468684
-1237.5 -1337.5 0.00000000024696851329316335
-232.5 552.5 0.0000000006261999674279455
-902.5 527.5 0.000000002510944784715555
1067.5 -1507.5 0.0000000004856454284589659
1147.5 -1422.5 0.0000000004929686138489543
1382.5 -1237.5 0.0000000004824623524460815
1437.5 -1207.5 0.0000000004750350222335166
-737.5 552.5 0.0000000008252535757855913
1347.5 -977.5 0.00000000020042452018248854
1232.5 -1347.5 0.0000000004946851876529961
1387.5 -932.5 0.00000000019526775976046045
892.5 527.5 0.0000000012767487169786466
767.5 552.5 0.000000001569961237123335
-272.5 557.5 0.000000000674045332963764
407.5 417.5 0.00000000032671719777501523
-252.5 557.5 0.0000000006501133598366985
762.5 -1882.5 0.0000000004259991128086076
-607.5 372.5 0.0000000006080885677768899
642.5 -1977.5 0.0000000004133519079473027
1147.5 477.5 0.0000000009038263444835103
-617.5 -1992.5 0.00000000020513385983158127
-352.5 567.5 0.0000000031863285565851378
1017.5 502.5 0.0000000010652812663191012
-72.5 522.5 0.00000000043820538680345665
82.5 522.5 0.0000000008957394297253059
502.5 572.5 0.000000019145235079475033
422.5 572.5 0.000000007314413351329194
357.5 567.5 0.0000000016028188416613584
947.5 517.5 0.0000000011740372000341995
87.5 522.5 0.0000000009128098391596875
1172.5 -1397.5 0.0000000004945559780745779
1357.5 -1252.5 0.0000000004855560696583703
722.5 557.5 0.000000006821409650531196
-807.5 -1832.5 0.00000000021666465651237018
1032.5 -1552.5 0.0000000004800196607824921
-1172.5 -1397.5 0.0000000002467531692278992
-1212.5 -1357.5 0.00000000024721323060009253
-1127.5 -1447.5 0.00000000024535828783624364
-507.5 572.5 0.0000000042849477252178325
-592.5 572.5 0.000000009832464271585127
-7.5 507.5 0.0000000003839804549096155
-212.5 552.5 0.0000000005946560529260028
107.5 527.5 0.0000000009527370462620358
-1252.5 -1072.5 0.0000000004235200665590752
-1407.5 417.5 0.0000000003420301321136719
-42.5 497.5 0.0000000006936341455577427
-972.5 512.5 0.0000000005641077164083043
782.5 -1852.5 0.0000000004315760098359224
-427.5 577.5 0.0000000009234136114446222
-767.5 -1867.5 0.00000000021401316732385937
227.5 457.5 0.00000000032619295617764956
-1052.5 -1522.5 0.000000000241829347657557
1267.5 -1317.5 0.0000000004936062024535913
-477.5 572.5 0.000000004066052063469644
1472.5 -1187.5 0.0000000004706639636838889
1452.5 -872.5 0.00000000018759314388784597
882.5 527.5 0.0000000012959071770353652
1232.5 -1342.5 0.0000000004956038055008453
1057.5 267.5 0.0000000002336964883294967
-447.5 572.5 0.00000000868912611511388
1367.5 -957.5 0.00000000019787481790868253
-392.5 567.5 0.0000000034920972178091625
-1452.5 407.5 0.0000000003279146885956787
692.5 -1937.5 0.0000000004182343955753146
-302.5 562.5 0.000000006502391879630657
-277.5 557.5 0.0000000027602121179693476
1332.5 -992.5 0.00000000020208715648974496
-967.5 512.5 0.0000000005709714409283073
-982.5 512.5 0.0000000005574120433771474
-87.5 522.5 0.0000000004556201291452714
-1482.5 -847.5 0.00000000036952826112402815
-1357.5 -962.5 0.00000000039836442942373537
1332.5 432.5 0.0000000007379198979641904
-1332.5 -1272.5 0.0000000002437161344731115
77.5 492.5 0.00000000032456140252212533
1262.5 -1067.5 0.00000000021053721747107708
1497.5 -827.5 0.00000000018249106987905042
-197.5 547.5 0.0000000023073725919824813
-552.5 572.5 0.000000010096130345549953
-547.5 387.5 0.0000000006250213906488439
-1427.5 -892.5 0.00000000038149289045906223
407.5 572.5 0.00000001606328416335657
-1292.5 -1297.5 0.0000000002454172032791931
1242.5 457.5 0.0000000008125577936457039
-1052.5 -1527.5 0.0000000002409818008433877
467.5 572.5 0.000000007999237650858747
672.5 357.5 0.0000000002933538590973202
-1472.5 -852.5 0.00000000037139095830611214
1217.5 462.5 0.0000000008335966541187711
-1462.5 -1192.5 0.0000000002356222878324936
-792.5 -1852.5 0.0000000002153169449273083
382.5 422.5 0.00000000032847780491227763
777.5 552.5 0.000000006156559745443506
177.5 542.5 0.0000000010986861549036734
-672.5 357.5 0.000000000587685414298905
1317.5 437.5 0.0000000007494093968076924
837.5 537.5 0.0000000013865218164231407
-532.5 572.5 0.0000000044273997778361725
727.5 -1917.5 0.0000000004206178962819976
1342.5 -1267.5 0.0000000004870827879691931
292.5 557.5 0.0000000014329635808283178
-837.5 537.5 0.0000000006920652768367622
252.5 557.5 0.0000000013024805858316522
-232.5 547.5 0.0000000006248568422535969
-172.5 472.5 0.0000000006374820433428427
532.5 572.5 0.000000008870201855460423
-1217.5 462.5 0.0000000004160904539592118
-717.5 -1922.5 0.00000000020998630574535045
-812.5 -1822.5 0.00000000021804582982430606
-1122.5 -1447.5 0.0000000002455781209778062
1047.5 -1532.5 0.0000000004832728764101055
212.5 552.5 0.0000000011913714487980655
1397.5 -1227.5 0.0000000004807451707934167
-992.5 -1607.5 0.0000000002351737365348628
1007.5 502.5 0.0000000010774056371065916
622.5 572.5 0.000000008312493402546866
-1207.5 -1362.5 0.00000000024750008952445346
-1487.5 -837.5 0.0000000003676577135259922
-1202.5 -1367.5 0.00000000024728261554203307
-17.5 512.5 0.0000000003912015027059485
-327.5 567.5 0.000000006827541613739885
542.5 572.5 0.00000000894598365463006
957.5 517.5 0.0000000046364754586169194
-1087.5 -1477.5 0.00000000024428106854937446
1252.5 -1327.5 0.0000000004940319858827174
952.5 -1647.5 0.0000000004656222199504617
-27.5 502.5 0.0000000007177924135463148
1402.5 -1227.5 0.0000000004799826411576571
872.5 532.5 0.0000000013171629379925089
-997.5 -1587.5 0.00000000023718676231592583
-972.5 -1622.5 0.00000000023432940821247967
-437.5 577.5 0.0000000009328503301186313
-1267.5 -1057.5 0.00000000042052719316517434
-1097.5 -1477.5 0.0000000002440855848687826
402.5 572.5 0.000000007083294811803037
-472.5 572.5 0.000000009065194919240643
117.5 532.5 0.0000000009745322012782058
67.5 522.5 0.0000000008767131065759883
-1357.5 197.5 0.00000000039360509499590687
-597.5 572.5 0.00000000434998181082279
-1057.5 492.5 0.0000000005033254123047262
-1317.5 437.5 0.0000000003740711274351018
652.5 -1947.5 0.00000000019791984305686884
667.5 -1957.5 0.00000000041575360661619885
-1117.5 482.5 0.000000000468724745900345
-1187.5 467.5 0.00000000043095823926439603
-337.5 562.5 0.000000007020783508132432
-997.5 -1597.5 0.0000000002361892458535314
1247.5 -1082.5 0.00000000021201855556000733
-362.5 567.5 0.000000007383845068273805
1352.5 -972.5 0.00000000019958550514622608
1202.5 462.5 0.0000000008482324657228063
-1277.5 447.5 0.00000000038921360081742604
172.5 472.5 0.0000000003181985832392985
-347.5 432.5 0.0000000006611127448409664
262.5 557.5 0.0000000013377435022412772
1132.5 -1437.5 0.0000000004926217744673984
-1262.5 -1067.5 0.00000000042202946461518564
-1027.5 502.5 0.0000000005258165516517244
-1412.5 -907.5 0.00000000038511039965982456
-937.5 -1672.5 0.00000000023015646156533745
1052.5 497.5 0.0000000010191649895119294
972.5 512.5 0.0000000011301544103511318
-1032.5 -1552.5 0.00000000023951554224937985
1287.5 -1297.5 0.0000000004925657120255483
1342.5 -1262.5 0.0000000004877171128097097
1427.5 412.5 0.0000000006707862047370444
-1147.5 -1422.5 0.00000000024596405140134435
-492.5 572.5 0.0000000041744657201721345
827.5 -1817.5 0.00000000043676570573477976
-672.5 567.5 0.000000008392648121206924
-1147.5 -1417.5 0.0000000002465808794873757
-1472.5 402.5 0.0000000003212640753851538
1207.5 -1362.5 0.0000000004960600382163165
-742.5 -1902.5 0.0000000002112789983136222
332.5 432.5 0.00000000032981864929583783
1452.5 -1197.5 0.0000000004738990572378236
252.5 552.5 0.0000000012995099854715842
697.5 562.5 0.000000016023686764964462
-1077.5 492.5 0.0000000004929038840627764
52.5 517.5 0.000000000843914417141415
887.5 -1737.5 0.0000000004495690284882775
652.5 567.5 0.000000017541371975172304
117.5 527.5 0.0000000009729960698523885
-752.5 337.5 0.0000000005613269713551267
-1287.5 -1297.5 0.0000000002457501604481224
-662.5 562.5 0.000000008616431269497182
1282.5 -1307.5 0.0000000004924638879114173
-1497.5 -1172.5 0.00000000023275855349420574
-1007.5 -1587.5 0.0000000002370702162302772
-1197.5 -1372.5 0.00000000024676903233827916
-972.5 -1632.5 0.00000000023326263096106756
1482.5 -847.5 0.00000000018436732614932634
1477.5 -1182.5 0.0000000004698475851210871
-272.5 447.5 0.0000000006576308048359422
1097.5 -1477.5 0.0000000004891932293331512
-1382.5 -942.5 0.0000000003931756396473195
1077.5 492.5 0.000000000987494952532532
547.5 387.5 0.0000000003119878279797313
617.5 572.5 0.000000018850693927096724
837.5 317.5 0.0000000002662012753912343
1147.5 -1417.5 0.0000000004942060528121986
-817.5 -1817.5 0.00000000021799839648451275
-312.5 562.5 0.0000000007446539681829349
947.5 -1657.5 0.0000000004633806370893354
882.5 307.5 0.00000000025953050086650006
602.5 567.5 0.000000008677968227442891
147.5 537.5 0.0000000010414180326334954
-892.5 532.5 0.0000000006379094290557026
-1497.5 1997.5 NaN
1057.5 492.5 0.0000000010083747816722264
-7.5 502.5 0.000000000742434655604024
1337.5 -987.5 0.00000000020125794690678747
527.5 572.5 0.000000019850391341213486
-1232.5 -1342.5 0.00000000024727038705338604
-1472.5 -1187.5 0.0000000002348117653329374
222.5 547.5 0.0000000012198030258839399
-1312.5 -1007.5 0.0000000004094771500046929
-557.5 572.5 0.000000004494546358608391
167.5 537.5 0.0000000010926249640343493
207.5 547.5 0.00000001065678932695335
-827.5 -1817.5 0.00000000021795570078708478
-652.5 -1947.5 0.0000000003965958111006285
-1082.5 487.5 0.0000000004878606004089294
1197.5 -1372.5 0.0000000004945922211433275
682.5 -1942.5 0.00000000041844480208290213
1362.5 -1252.5 0.0000000004848301508588632
997.5 -1587.5 0.000000000475345206376017
1217.5 -1357.5 0.0000000004949087874626752
387.5 572.5 0.00000000682384642598754
707.5 557.5 0.000000001761661971617407
917.5 522.5 0.0000000012229190844648682
582.5 572.5 0.000000019835768832406
-1497.5 397.5 0.00000000031488066113950576
607.5 567.5 0.00000000863688907783374
512.5 572.5 0.00000001947465674012196
-927.5 522.5 0.0000000006020164611518242
-1017.5 502.5 0.0000000005317283698297004
742.5 557.5 0.0000000016241252835814928
937.5 -1672.5 0.0000000004612406672267574
1252.5 -1072.5 0.00000000021128152790812908
862.5 -1767.5 0.00000000044457993293438225
-107.5 532.5 0.0000000004762833740280122
637.5 -1977.5 0.00000000041364287735319884
-732.5 -1902.5 0.00000000021135238556912205
937.5 297.5 0.00000000025044825466764145
-1292.5 -1032.5 0.0000000004143203585966167
-1497.5 -827.5 0.00000000036576183309784053
832.5 -1802.5 0.0000000004394937832127039
1337.5 -1267.5 0.0000000004877900892027513
-282.5 562.5 0.0000000006959362273766878
27.5 512.5 0.0000000007976568427228214
52.5 497.5 0.00000000034060614849648993
517.5 392.5 0.0000000003161393707551929
767.5 -1867.5 0.0000000004288564446834959
1457.5 -1197.5 0.0000000004730948069430524
-667.5 -1882.5 0.0000000003937398730244643
-1382.5 422.5 0.0000000003495369526398617
-1427.5 -1212.5 0.0000000002377809567178479
1187.5 467.5 0.0000000008633841594924038
1082.5 487.5 0.000000000977390543394851
-1137.5 -1432.5 0.00000000024643396261771785
57.5 517.5 0.0000000008595026409149948
-1192.5 237.5 0.00000000043202127972370977
1037.5 497.5 0.0000000010414854143844546
-872.5 532.5 0.0000000006574470945765655
122.5 477.5 0.0000000003119535401961713
-267.5 557.5 0.000000006037659246102154
837.5 542.5 0.000000001388392622921697
152.5 537.5 0.000000004176488472209707
-32.5 502.5 0.0000000007059384818467498
-692.5 -1937.5 0.00000000020871785461636463
-1022.5 -1562.5 0.00000000023873331489551255
417.5 572.5 0.00000001632322958482304
1387.5 -1237.5 0.0000000004817151660538363
447.5 572.5 0.000000017408469972056996
517.5 572.5 0.000000008720352050759584
-517.5 572.5 0.0000000043526038270018036
-1362.5 -1252.5 0.0000000002418859450817046
-307.5 562.5 0.0000000029086342723654143
927.5 522.5 0.0000000012061062046430257
427.5 572.5 0.000000007363102068077701
1182.5 -1387.5 0.0000000004951447054584719
-707.5 -1922.5 0.00000000021007451762499727
-17.5 507.5 0.00000000039072966586542713
1382.5 422.5 0.0000000007002541334543
1072.5 -1497.5 0.000000000487249698507437
1352.5 -1257.5 0.0000000004862791886285272
382.5 572.5 0.000000015236626655565344
1407.5 -1222.5 0.0000000004792172186156664
-862.5 532.5 0.0000000026724575627614357
-912.5 522.5 0.000000000618534365960252
-1292.5 442.5 0.0000000003830201415482649
-1187.5 -1382.5 0.0000000002473154297106862
-382.5 422.5 0.0000000006580647307834485
-1102.5 -1467.5 0.00000000024461276954091913
-97.5 527.5 0.0000000018616573523251976
-217.5 462.5 0.0000000006494579491874706
717.5 557.5 0.000000006854624326374857
-472.5 402.5 0.0000000006424646104292198
-1192.5 -1377.5 0.0000000002470428437130152
162.5 542.5 0.0000000010703475114930854
477.5 572.5 0.000000008146251012561321
-107.5 482.5 0.0000000006192769339103646
-1177.5 -1392.5 0.0000000002473107497735548
-1047.5 -1532.5 0.00000000024113695612346315
277.5 447.5 0.00000000033016613276185715
57.5 492.5 0.0000000003351264859493538
362.5 567.5 0.000000014793339415033195
337.5 562.5 0.000000014065944254571547
-892.5 527.5 0.0000000006372756270030752
-1242.5 457.5 0.00000000040558970442639416
-277.5 447.5 0.000000000661452154977288
222.5 552.5 0.000000004894720871747988
-1367.5 427.5 0.0000000003547102991306063
857.5 -1772.5 0.00000000044466618379097047
682.5 562.5 0.000000016568066634999426
-782.5 -1852.5 0.00000000021536902100654075
-1372.5 -947.5 0.00000000039491455994492955
2.5 507.5 0.0000000015087579277987909
1347.5 432.5 0.0000000007267705685064583
1277.5 447.5 0.0000000007797473740071565
1162.5 -1407.5 0.0000000004944210964217037
747.5 -1887.5 0.0000000004262544614608061
-147.5 537.5 0.0000000005198116037330122
902.5 527.5 0.0000000050305439298245
-707.5 557.5 0.0000000008793060429704009
282.5 562.5 0.0000000013942871120027665
92.5 487.5 0.00000000031449189082987723
1367.5 -1247.5 0.0000000004846868479250396
-1357.5 -1252.5 0.0000000002422483794086262
1272.5 -1312.5 0.0000000019734687760948457
-947.5 517.5 0.0000000005860103771324214
307.5 562.5 0.000000005827368831891763
-1062.5 -1512.5 0.0000000002424896453363958
-1147.5 477.5 0.00000000045114344351352997
1347.5 -1257.5 0.0000000004869995291367632
1267.5 -1057.5 0.00000000020978709033832948
997.5 -1597.5 0.0000000004733444233733331
-877.5 532.5 0.0000000006482060668775707
-427.5 572.5 0.000000003675156703702864
932.5 522.5 0.0000000012051718907622968
-1247.5 -1332.5 0.00000000024636092063397514
-432.5 577.5 0.000000003712414351290913
-792.5 327.5 0.0000000005470900521371997
-902.5 -1722.5 0.00000000022554411213399848
282.5 557.5 0.00000000555674414513754
-1352.5 -1257.5 0.000000000242609417188676
-367.5 567.5 0.000000003305461509238253
572.5 577.5 0.0000000022131684655706485
-127.5 532.5 0.0000000004969083369174853
-1032.5 502.5 0.0000000005200398327051953
-717.5 557.5 0.0000000034213783963426738
-887.5 -1737.5 0.00000000022433827745399209
1237.5 -1337.5 0.0000000004949993228076023
832.5 537.5 0.0000000014096912896583275
-882.5 -1742.5 0.0000000002243858801662662
-32.5 512.5 0.0000000004052800092387625
-1142.5 -1427.5 0.00000000024619954657803663
197.5 547.5 0.000000004622729521832651
1007.5 -1587.5 0.0000000004751122615164004
1287.5 -1302.5 0.0000000004918082953953513
-402.5 572.5 0.0000000035355015630367074
777.5 -1867.5 0.0000000004287449516513951
-542.5 572.5 0.000000004465226143816804
-142.5 537.5 0.0000000005094422450870848
487.5 572.5 0.000000018639738416493832
-512.5 572.5 0.000000009720417270713316
-832.5 -1802.5 0.0000000002193160361091336
1272.5 -1052.5 0.0000000002090265223183119
1097.5 -1472.5 0.0000000004906589989868116
807.5 542.5 0.000000005866013923169683
1012.5 -1572.5 0.0000000004768140223423976
442.5 572.5 0.000000007671586118700707
702.5 562.5 0.0000000017709046158162946
967.5 512.5 0.0000000011439056150538636
-502.5 572.5 0.000000004254879472178135
-407.5 417.5 0.000000000654536598371953
702.5 557.5 0.0000000017662531169137726
1462.5 -862.5 0.00000000018621988293487237
-937.5 297.5 0.0000000005017212169093679
1382.5 -942.5 0.00000000019614761368287074
-1012.5 -1572.5 0.00000000023791822630164727
-107.5 527.5 0.0000000004755486263283649
717.5 562.5 0.000000001720024397834561
-777.5 552.5 0.0000000030729580469730743
-742.5 557.5 0.0000000008106571018597326
-422.5 572.5 0.0000000036508554603067765
-42.5 517.5 0.0000000016535998095535693
-292.5 442.5 0.0000000006624078788905015
1317.5 -1002.5 0.0000000002034534079420325
-182.5 542.5 0.000000002241865218067737
-1452.5 -1197.5 0.0000000002364267809013853
-747.5 552.5 0.0000000008071671424116283
182.5 542.5 0.000000004491482203665935
-317.5 437.5 0.0000000006602274679997645
-757.5 -1887.5 0.00000000021264898446409332
1107.5 -1462.5 0.0000000004898425726614067
1427.5 -1212.5 0.0000000004766107834644144
1462.5 -1192.5 0.0000000004722875545529573
-547.5 572.5 0.000000004476397442006118
-1402.5 -917.5 0.00000000038785549231794434
1332.5 -1272.5 0.0000000004884946308030556
-1097.5 -1472.5 0.00000000024481627295831284
-287.5 562.5 0.000000002794114098740934
1272.5 447.5 0.0000000007860843347600394
-1367.5 -957.5 0.00000000039664328854522847
787.5 547.5 0.0000000015042022392737332
177.5 467.5 0.00000000032025210567615524
-617.5 572.5 0.000000009408986640365152
-457.5 572.5 0.00000000392244721756267
812.5 -1822.5 0.0000000004369452630517644
-1432.5 -1207.5 0.0000000002373883621183733
-797.5 -1837.5 0.00000000021671401378568368
352.5 567.5 0.000000006383731912451974
902.5 -1722.5 0.000000000451988056502824
762.5 552.5 0.000000014185544882071824
1467.5 -1187.5 0.0000000004714772801337979
-567.5 577.5 0.000000004419834375488771
-1072.5 -1497.5 0.0000000002431181379510958
1077.5 -1497.5 0.0000000004868908684051785
857.5 537.5 0.000000001340920976523413
932.5 -1677.5 0.00000000046138122121051464
-1187.5 -1387.5 0.00000000024678020966213064
87.5 527.5 0.0000000009141337299720261
-67.5 492.5 0.0000000006606888242015745
992.5 -1607.5 0.0000000004713075650833588
767.5 547.5 0.0000000015669313090760222
-412.5 572.5 0.00000000359192457705027
497.5 572.5 0.000000008428336644564815
312.5 562.5 0.0000000014918919952601518
-357.5 567.5 0.0000000008000188287150046
522.5 572.5 0.000000008768172648144798
1482.5 -1182.5 0.0000000004690281242703074
-1457.5 172.5 0.00000000037277861754454737
-637.5 -1977.5 0.00000000020642935589765402
607.5 372.5 0.0000000003035369382822145
232.5 547.5 0.000000001251877135814043
-687.5 562.5 0.0000000009136172032192516
1102.5 -1467.5 0.0000000004902517466591671
562.5 572.5 0.000000002252414774396284
667.5 -1882.5 0.00000000019648973408226564
607.5 -1992.5 0.00000000041138218732498984
-892.5 -1727.5 0.00000000022559494921496765
-397.5 567.5 0.0000000035136105481790343
322.5 562.5 0.0000000060386307957074936
-837.5 -1802.5 0.00000000021927387187615027
-1307.5 -1017.5 0.00000000041110329858998713
1172.5 472.5 0.000000000879132609172995
-462.5 572.5 0.000000008903694872173175
-1222.5 -1352.5 0.0000000002474026418385137
1087.5 -1477.5 0.0000000004895844039805512
-837.5 542.5 0.0000000006929986863372738
1002.5 507.5 0.000000004360308587253515
-1317.5 -1282.5 0.00000000024442118314002605
867.5 532.5 0.0000000013186387438058153
-1412.5 -1217.5 0.000000000238949959015782
677.5 562.5 0.000000007417417783882784
-1327.5 -1272.5 0.00000000024406654253795205
1052.5 -1527.5 0.000000000482962545296993
-417.5 572.5 0.000000008147443555618123
877.5 -1752.5 0.0000000004470986172237773
1312.5 -1007.5 0.00000000020426986759435046
-867.5 532.5 0.0000000006581833252709174
-802.5 547.5 0.0000000029373820182358206
292.5 442.5 0.00000000033064356523504235
-882.5 527.5 0.0000000006468381228424404
-1352.5 -972.5 0.00000000040007782926008764
982.5 507.5 0.0000000011161373672843252
1372.5 -1242.5 0.0000000004839481728860096
-1382.5 -1237.5 0.00000000024070325726409103
552.5 572.5 0.00000002022737149934262
-572.5 572.5 0.000000004415955411425469
-1462.5 -862.5 0.00000000037324719068149216
507.5 572.5 0.000000008584805255516344
577.5 377.5 0.00000000030778062933771925
917.5 -1697.5 0.00000000045677947160735955
297.5 562.5 0.0000000014401504665905578
1407.5 417.5 0.0000000006852141262810267
-1477.5 -1182.5 0.0000000002344042180759646
97.5 527.5 0.0000000037297311954447375
1112.5 -1457.5 0.0000000004912496412067844
1122.5 -1447.5 0.0000000004921902852835643
1442.5 -1202.5 0.0000000004742426708905079
-1287.5 -1037.5 0.00000000041589199572915903
-842.5 537.5 0.0000000006911495072793401
-562.5 572.5 0.0000000011242528869595148
-1107.5 482.5 0.0000000004733595004844334
-702.5 -1937.5 0.00000000020862086111034018
-252.5 552.5 0.0000000006486308822829162
592.5 572.5 0.00000001969911962449311
1457.5 172.5 0.00000000018609014448090244
-1042.5 -1537.5 0.0000000002402649967672271
1367.5 427.5 0.000000000710619348210765
1222.5 -1352.5 0.0000000004958668242927425
-942.5 517.5 0.0000000005934562793330822
-777.5 -1867.5 0.00000000021395729217824232
1297.5 -1292.5 0.0000000004912294255420044
817.5 542.5 0.000000005756022971907826
-767.5 547.5 0.0000000007821116959539847
-647.5 567.5 0.000000003923676442315017
172.5 542.5 0.00000000438249998849032
837.5 -1802.5 0.000000000439409834147895
-852.5 -1782.5 0.00000000022057294366859845
1137.5 477.5 0.000000000912405556720565
752.5 337.5 0.00000000028019818329475766
-612.5 572.5 0.000000004212024519425693
-1482.5 -1182.5 0.00000000023399513341077776
-1242.5 -1337.5 0.00000000024666536359817435
-1467.5 -1187.5 0.00000000023521778524590777
-767.5 552.5 0.0000000007836237116550445
-207.5 547.5 0.000000005319191658232863
-927.5 -1687.5 0.00000000022905933423806803
1422.5 -902.5 0.0000000001912306157805505
217.5 547.5 0.0000000012172636469455902
672.5 567.5 0.00000001681445235642363
-387.5 572.5 0.000000003405999372265355
942.5 -1662.5 0.00000000046353241602267824
1392.5 -1232.5 0.0000000004815048275226246
27.5 502.5 0.0000000003582816471978006
-562.5 577.5 0.0000000011050248983152979
-1302.5 -1292.5 0.0000000002447472902718391
-877.5 -1752.5 0.00000000022310680301770142
-1272.5 447.5 0.0000000003923762216781756
102.5 527.5 0.0000000009345357759456398
1257.5 -1322.5 0.0000000004934076438695886
-382.5 572.5 0.000000007605089616364881
912.5 522.5 0.0000000012391995414383823
1117.5 -1452.5 0.0000000004908245223867706
-467.5 572.5 0.000000003992673850512014
82.5 487.5 0.00000000031946677921505224
-297.5 557.5 0.000000000717024090898179
242.5 457.5 0.0000000003269665549232629
757.5 -1887.5 0.0000000004261202118370022
727.5 557.5 0.0000000016723669916167232
-992.5 507.5 0.0000000005505943055836047
-1152.5 -1417.5 0.00000000024633821432671
-452.5 407.5 0.00000000064671422397449
102.5 487.5 0.0000000003096347567006502
-497.5 397.5 0.0000000006380178133178999
1242.5 -1337.5 0.0000000004943922826204817
-897.5 527.5 0.0000000006286184180557603
1177.5 -1392.5 0.0000000004956745938947162
-1387.5 -1237.5 0.0000000002403302167351409
-1377.5 -1242.5 0.00000000024107487245837283
1432.5 -1207.5 0.0000000004758243864915882
-117.5 482.5 0.0000000006214273588483934
1492.5 -1177.5 0.000000000467379874464895
-1217.5 -1357.5 0.0000000002469251245915189
-982.5 -1617.5 0.00000000023423440491746796
192.5 542.5 0.0000000046046470781991
1247.5 -1332.5 0.0000000004937826501559226
452.5 572.5 0.00000000780395920764869
1372.5 -947.5 0.00000000019701375808547863
882.5 -1742.5 0.00000000044966383623865664
1157.5 472.5 0.0000000008954155194086641
1327.5 -1272.5 0.0000000004891964353077592
462.5 572.5 0.00000001783836208957938
-1042.5 497.5 0.0000000005142184303964642
-882.5 307.5 0.000000000519917718385706
-1182.5 -1387.5 0.00000000024704607791658376
1207.5 -1367.5 0.0000000004950611693641107
-992.5 282.5 0.0000000004869394496700646
-682.5 -1942.5 0.00000000020882303137249216
-1167.5 -1397.5 0.00000000024701100354452917
892.5 -1727.5 0.0000000004520893384881537
747.5 552.5 0.000000001617132008603565
-987.5 -1612.5 0.00000000023527558021682714
-662.5 -1957.5 0.00000000020760547073409136
1017.5 -1567.5 0.000000000478713060891126
-517.5 392.5 0.0000000006333396944990435
-292.5 557.5 0.0000000007152413779029409
-622.5 572.5 0.000000004149034269661014
-692.5 562.5 0.0000000035789992163183196
1022.5 -1562.5 0.0000000004784497822943059
-1362.5 -1247.5 0.0000000002421812682300509
-102.5 527.5 0.0000000004664635511855459
962.5 -1637.5 0.0000000004676491462906658
1387.5 -1232.5 0.000000000482261631436959
317.5 562.5 0.000000013497312650724171
-1247.5 -1327.5 0.00000000024679507822212956
142.5 537.5 0.0000000010206439479412098
1452.5 407.5 0.0000000006569334882051786
1437.5 -887.5 0.00000000018942163913383542
257.5 557.5 0.0000000013054791158537058
-527.5 572.5 0.000000009907960368048144
-677.5 -1957.5 0.00000000020736575187115197
-92.5 487.5 0.0000000006300595050077292
1167.5 -1402.5 0.000000000493918871841695
1472.5 -852.5 0.00000000018529521748064265
-782.5 547.5 0.0000000007647095141218547
297.5 557.5 0.0000000014365356431843038
1042.5 -1537.5 0.0000000004815238337384619
-102.5 487.5 0.0000000006203282166728739
1187.5 -1387.5 0.000000000494612419508589
1412.5 -1217.5 0.00000000047895236862647
-1452.5 -872.5 0.0000000003760031488072079
637.5 567.5 0.000000018216867152467794
-762.5 -1882.5 0.00000000021258832442000776
247.5 552.5 0.000000011643190281131582
1032.5 502.5 0.0000000010418633055600783
-837.5 317.5 0.0000000005332831720512627
657.5 567.5 0.000000007733227140110787
1307.5 -1287.5 0.0000000004912743072528498
-427.5 412.5 0.0000000006507455393928967
-1232.5 -1347.5 0.00000000024681252289721825
-1067.5 -1507.5 0.00000000024231837990233015
-792.5 547.5 0.000000006733969837007519
-907.5 -1712.5 0.00000000022677755690654852
-192.5 542.5 0.0000000022983492250613828
-452.5 572.5 0.000000003895205794781
-117.5 527.5 0.0000000004856605183684508
-642.5 362.5 0.00000000059619050092022
-1347.5 -1257.5 0.0000000002429690690739605
392.5 567.5 0.000000006996330908140681
972.5 -1622.5 0.0000000004696124937838385
1212.5 -1357.5 0.0000000004954856625677318
-497.5 572.5 0.000000009483944464400467
927.5 -1687.5 0.00000000045903952239975284
972.5 -1632.5 0.0000000004674728519466494
562.5 577.5 0.000000002213896051872865
1297.5 -1022.5 0.00000000020588896864311806
-172.5 542.5 0.0000000021874691015769994
42.5 497.5 0.00000000034622380596374985
437.5 572.5 0.0000000019082347814124638
1402.5 -917.5 0.0000000001934976002745489
-1257.5 452.5 0.0000000003988752986004079
-157.5 472.5 0.0000000006353014809312418
-372.5 567.5 0.000000007492002199738226
1487.5 -837.5 0.00000000018343551775682586
-867.5 -1757.5 0.00000000022315199189907183
-247.5 552.5 0.000000005811528047332663
-1417.5 -1217.5 0.00000000023856174528870125
1117.5 482.5 0.0000000009390508376625768
662.5 562.5 0.000000017262780111901417
1192.5 237.5 0.00000000021565967444257625
257.5 452.5 0.00000000032765512834549795
1262.5 -1317.5 0.0000000004942423573250404
-722.5 557.5 0.00000000340480213618998
1247.5 -1327.5 0.0000000004946537185093594
-237.5 552.5 0.000000005660395325806546
747.5 557.5 0.0000000016206040696405734
737.5 557.5 0.000000001657063362744102
-1157.5 472.5 0.00000000044694557726526686
-607.5 -1992.5 0.00000000020530243383432097
537.5 572.5 0.000000020050681942528662
122.5 532.5 0.0000000009760958894014185
-1282.5 -1307.5 0.0000000002457000257994046
1187.5 -1382.5 0.0000000004956861894842356
-342.5 567.5 0.0000000031418295837057785
67.5 492.5 0.00000000032977981713152416
-917.5 -1697.5 0.0000000002279328177361906
-157.5 537.5 0.0000000005323489472005054
-1442.5 -877.5 0.0000000003778482616523885
612.5 572.5 0.000000008438700458036796
-167.5 537.5 0.0000000005453702813286936
-1487.5 -1177.5 0.0000000002335845012203468
1127.5 -1447.5 0.0000000004917502965254957
752.5 552.5 0.000000014493137496976467
-1492.5 -1177.5 0.0000000002331723113286038
-652.5 567.5 0.000000008755475229732136
-162.5 537.5 0.000000000533292321608272
792.5 -1852.5 0.00000000043147214616744534
32.5 512.5 0.0000000008119531819026883
847.5 537.5 0.000000005453155988083605
162.5 537.5 0.000000001068427304748628
-332.5 432.5 0.0000000006607536890227882
-297.5 562.5 0.0000000007188281482873741
1062.5 -1512.5 0.0000000004859880533148
1357.5 197.5 0.00000000019648520092619434
1447.5 -1202.5 0.0000000004734473126411175
792.5 547.5 0.000000013491241243863954
-347.5 567.5 0.000000007118629092511449
342.5 567.5 0.000000006294571939582203
-932.5 522.5 0.0000000006015505421849138
-582.5 572.5 0.000000009900663720942655
882.5 532.5 0.0000000012972625123233451
