0 78.09339032551105
-3.100131389497219 78.05749333771692
-6.198143844764818 77.94982949621387
-9.291919868131812 77.7704801425577
-12.37934483410247 77.51958076576234
-15.458308423088887 77.19732088199103
-18.749746837007656 77.94810919765989
-21.84227027400345 77.47733665388941
-24.919864614417428 76.93509437295836
-28.31326790549804 77.44321324188195
-31.390887077185006 76.74975072699462
-34.85199367154844 77.08652056947439
-37.92026720276554 76.23997814766126
-41.43855992492037 76.39987669258387
-44.998897851638915 76.46271564482412
-48.0525584151223 75.37698368897072
-51.65329964387729 75.25480781815166
-55.286941072084055 75.03043351761742
-58.950184553088555 74.70201217203557
-62.639665945453146 74.26779092441764
-66.35195797492736 73.72611482023834
-70.0835731677781 73.07542886597096
-74.60749863116163 73.23705995664697
-78.39811593467998 72.34248015050065
-83.03475846057194 72.21269465085062
-86.86753749714417 71.06590939490117
-91.59749748851614 70.63358028819442
-96.3809542226637 70.03372850341943
-101.21215456754777 69.2632458058662
-106.085236016387 68.31920591897916
-110.99423235463638 67.19886823142485
-116.96730404781961 66.59888714266695
-123.01475593214153 65.76048027116714
-129.12818376319242 64.67942478336096
-135.29903751822738 63.35177386562626
-141.51863002229487 61.77386178378307
-148.93163505753853 60.491824598673155
-157.59375974357403 59.40708922952982
-165.16429130119752 57.44730743802693
-174.00077582803394 55.610189144610175
-184.1487577595708 53.79149097468641
-194.39559606045506 51.49945330185847
-205.99458637040934 49.0785463705238
-218.97801534572395 46.41862690747207
-233.37274510306148 43.40752266803033
-249.2001438872773 39.93128058878626
-267.80710519134755 36.08262360359419
-289.2426183011691 31.63539107526179
-312.18858187814124 26.22549398300421
-340.7396590535774 20.026481899947786
-373.5978196294783 12.521417493927288
-413.5650631365985 3.4091488984713143
-430.0192177410487 -7.568886416143151
-432.3163282806971 -18.846959616265174
-434.3179315099888 -30.18261547685697
-436.022552156937 -41.568124974056346
-437.4289165537585 -52.99572054454343
-438.53595380148727 -64.45760306622145
-439.34279681696995 -75.94595399221339
-439.84878337022457 -87.45298655684398
-440.05665636039816 -100
-439.956561219431 -110.4903697413075
-439.55806002606704 -122.00589065729481
-438.8581116168678 -133.5083203264619
-437.85708569493835 -144.9898534845462
-436.55555884057026 -156.44262016480718
-434.9543146025804 -167.8587528421737
-433.054343286417 -179.2304002060079
-430.85684157831207 -190.54973464734326
-428.3628147071339 -201.80975566390816
-425.55315208261567 -213.03893307406702
-422.4250649019587 -224.2240628349031
-418.9879524476265 -235.3361543473548
-415.24927686500706 -246.35623725268124
-411.21530898516437 -257.2706737681207
-406.8915918626337 -268.0687752073278
-402.2832242857319 -278.74155238534627
-397.39506137609203 -289.28101678328863
-392.23180830266966 -299.6798227152821
-386.7981188222996 -309.93103016646074
-381.09864235568097 -320.027983775895
-375.1380658163544 -329.96423523705687
-368.9211417076843 -339.7334996293057
-362.4526999811376 -349.32963420441934
-355.7376834247229 -358.74661648291067
-348.78111438360054 -367.97855465188627
-341.58813268481066 -377.0196717092343
-334.16401742134923 -385.86430543816425
-326.51412770033295 -394.506924079028
-318.6439534332969 -402.94211712876864
-310.5591132755828 -411.1646028008453
-302.2653119228391 -419.1692330371471
-293.76839923600244 -426.9509959953363
-285.0743129056368 -434.50501961623155
-276.1891057156134 -441.8265753481486
-267.1189407993048 -448.9110828735748
-257.8700869228617 -455.75411420924524
-248.4488772329874 -462.3513833022328
-238.86180115058386 -468.69878074519863
-229.11538223867683 -474.7923350363198
-219.21626499707568 -480.6282486524132
-209.17117208827932 -486.2028859910715
-198.98690188953867 -491.5127745044871
-188.67033095340827 -496.5546099807333
-178.228409580013 -501.3252585230682
-167.6681574122815 -505.82175831612614
-156.99665672323434 -510.04131861369063
-146.22104178287427 -513.9813119486777
-135.34852664848492 -517.6393130259446
-124.38635823678479 -521.0130509553929
-113.34183456848567 -524.100433497656
-102.22230670989717 -526.899561132831
-91.03515654859751 -529.4086978324892
-79.78780588678227 -531.6262925655433
-68.48771340171294 -533.5509880866261
-57.14235733968866 -535.1815860243757
-45.759244522701565 -536.5170785086698
-34.34590424268491 -537.5566514081069
-22.909878817691066 -538.2996624805767
-11.458723036632861 -538.7456527673543
0 -538.8943468077598
11.458723036632659 -538.7456527673543
22.909878817690906 -538.2996624805767
34.34590424268491 -537.5566514081069
45.75924452270135 -536.5170785086698
57.14235733968846 -535.1815860243759
68.48771340171294 -533.5509880866261
79.78780588678211 -531.6262925655433
91.03515654859726 -529.4086978324892
102.22230670989717 -526.899561132831
113.34183456848544 -524.100433497656
124.3863582367846 -521.013050955393
135.34852664848492 -517.6393130259446
146.2210417828741 -513.9813119486778
156.9966567232342 -510.04131861369063
167.6681574122815 -505.82175831612614
178.22840958001285 -501.3252585230682
188.67033095340815 -496.5546099807333
198.98690188953867 -491.5127745044871
209.1711720882793 -486.2028859910716
219.21626499707563 -480.6282486524133
229.11538223867683 -474.7923350363198
238.86180115058386 -468.69878074519863
248.4488772329874 -462.3513833022328
257.8700869228617 -455.75411420924524
267.1189407993046 -448.9110828735748
276.18910571561327 -441.8265753481487
285.0743129056368 -434.50501961623155
293.7683992360024 -426.95099599533637
302.2653119228391 -419.16923303714725
310.5591132755828 -411.1646028008453
318.6439534332967 -402.9421171287688
326.51412770033295 -394.50692407902807
334.1640174213491 -385.8643054381644
341.58813268481055 -377.01967170923433
348.7811143836006 -367.97855465188627
355.7376834247229 -358.74661648291067
362.4526999811376 -349.32963420441934
368.92114170768417 -339.7334996293059
375.13806581635436 -329.96423523705687
381.09864235568057 -320.02798377589534
386.7981188222996 -309.93103016646074
392.23180830266966 -299.6798227152821
397.39506137609203 -289.28101678328863
402.2832242857319 -278.7415523853463
406.8915918626336 -268.06877520732814
411.21530898516437 -257.27067376812073
415.2492768650069 -246.35623725268152
418.9879524476265 -235.3361543473548
422.4250649019587 -224.2240628349031
425.55315208261555 -213.03893307406753
428.3628147071339 -201.80975566390856
430.85684157831207 -190.54973464734346
433.05434328641695 -179.23040020600823
434.9543146025804 -167.8587528421737
436.55555884057026 -156.44262016480718
437.85708569493835 -144.9898534845462
438.8581116168678 -133.5083203264619
439.55806002606704 -122.00589065729481
439.956561219431 -110.4903697413075
440.05665636039816 -100
439.84878337022457 -87.45298655684398
439.34279681697 -75.94595399221352
438.53595380148727 -64.45760306622145
437.4289165537586 -52.9957205445444
436.022552156937 -41.568124974056346
434.3179315099888 -30.18261547685697
432.3163282806971 -18.846959616265174
430.01921774104875 -7.568886416143567
413.5650631365986 3.4091488984711757
373.5978196294783 12.521417493927075
340.7396590535774 20.026481899947786
312.18858187814124 26.22549398300421
289.2426183011691 31.63539107526179
267.80710519134755 36.08262360359412
249.2001438872773 39.93128058878627
233.37274510306153 43.407522668030204
218.97801534572395 46.41862690747207
205.99458637040934 49.0785463705238
194.39559606045506 51.49945330185847
184.1487577595709 53.79149097468622
174.00077582803397 55.61018914461009
165.16429130119752 57.44730743802687
157.59375974357403 59.40708922952982
148.93163505753853 60.491824598673155
141.51863002229487 61.77386178378307
135.29903751822746 63.35177386562612
129.12818376319245 64.67942478336096
123.01475593214154 65.76048027116711
116.96730404781961 66.59888714266695
110.99423235463638 67.19886823142485
106.085236016387 68.31920591897916
101.21215456754788 69.26324580586615
96.38095422266375 70.03372850341869
91.59749748851617 70.63358028819441
86.86753749714417 71.06590939490117
83.03475846057194 72.21269465085062
78.39811593467998 72.34248015050065
74.6074986311617 73.23705995664687
70.08357316777813 73.07542886597096
66.35195797492737 73.72611482023834
62.639665945453146 74.26779092441764
58.950184553088555 74.70201217203557
55.286941072084055 75.03043351761742
51.653299643877354 75.25480781815165
48.05255841512235 75.37698368897072
44.998897851638944 76.46271564482406
41.43855992492037 76.39987669258387
37.92026720276554 76.23997814766126
34.85199367154844 77.08652056947439
31.390887077185052 76.74975072699459
28.313267905498087 77.44321324188194
24.91986461441748 76.93509437295835
21.84227027400345 77.47733665388941
18.749746837007656 77.94810919765989
15.458308423088887 77.19732088199103
12.379344834102515 77.51958076576233
9.291919868131854 77.77048014255769
6.1981438447648625 77.94982949621387
3.100131389497219 78.05749333771692
