-500 598.8322016569732 0.9975007082815693
-506.29413718678916 598.7855899580868 0.9975007297513017
-512.5839661412004 598.6458071927004 0.9975007941351766
-518.8651815686095 598.413010273804 0.9975009013572728
-525.1334840479882 598.0874604536484 0.9975010512912017
-531.384582963661 597.6695229199412 0.9975012437603283
-537.614199431359 597.1596662310138 0.9975014785380791
-543.8180692161776 596.5584615904667 0.9975017553483381
-549.9919456408402 595.866581962034 0.9975020738659282
-556.1316024821101 595.0848010254509 0.9975024337171791
-562.2328368534539 594.2139919743441 0.9975028344805802
-568.2914720720385 593.2551261573739 0.9975032756875163
-574.3033605081583 592.2092715639701 0.9975037568230859
-585.023759883935 601.8503578693737 0.9974993176615811
-591.2801404691727 600.4996435187151 0.9974999401105307
-597.4740551818537 599.0561902282042 0.9975006051077565
-603.6012643063506 597.5215286147875 0.9975013119109412
-609.6575735756934 595.8972823090489 0.9975020597334922
-615.6388370323792 594.1851654927116 0.9975028477458814
-621.5409598569154 592.3869802934004 0.9975036750770573
-627.3599011620123 590.5046140400476 0.9975045408159261
-633.0916767506537 588.5400363827018 0.9975054440128996
-638.7323618363301 586.4952962808708 0.9975063836815067
-652.3538501797548 593.3841303641946 0.9975032163332693
-658.1059928467896 590.9609768492793 0.9975043309556724
-663.7499475661608 588.455951590257 0.9975054826620946
-669.2818489365756 585.8715412348332 0.9975066702530655
-674.6979078811531 583.2103003529644 0.9975078924985828
-679.9944142380447 580.4748476516187 0.9975091481401195
-694.9824319103645 585.2107633887543 0.9975069737944323
-700.2969636785027 582.063172992517 0.9975084191437298
-705.474445506275 578.8422709291278 0.9975098972018082
-710.5113287481026 575.5510769045665 0.9975114065189842
-726.2462949117908 578.6056359585593 0.9975100057544866
-731.2311589102382 574.8833428929346 0.9975117126138684
-736.0578161265238 571.0935547459693 0.9975134490991225
-752.2583092218696 572.7346735032572 0.9975126973005654
-756.9750973358231 568.5014580681507 0.997514636031958
-773.4739530609004 569.0578784606917 0.9975143812971561
-778.0362720043323 564.3719311428681 0.9975165256719754
-794.7564336873398 563.8129594042712 0.9975167813315255
-799.1189799922 558.6677798968587 0.9975191332451848
-815.9817526002504 556.9672655642863 0.9975199100277626
-832.9682217530179 554.5131112629555 0.9975210305951476
-850.0496082498004 551.2961091071757 0.9975224986340959
-867.1968636485477 547.3079812333933 0.9975243172367637
-884.3806994839625 542.5413887990941 0.9975264888926713
-901.5716166718336 536.9899403434149 0.9975290154820725
-932.3003353963352 531.997526859703 0.9975312852126637
-963.1988712929169 525.4685565179767 0.9975342500496033
-994.2102897851078 517.3906637735604 0.9975379128276918
NaN NaN NaN
NaN NaN NaN
NaN NaN NaN
NaN NaN NaN
NaN NaN NaN
NaN NaN NaN
NaN NaN NaN
NaN NaN NaN
NaN NaN NaN
-1335.780808594041 -831.9864742297895 0.9969869751406711
-1323.7250965532482 -838.1333889001962 0.9969782920424406
-1311.477693358844 -844.9650151200567 0.9969686530374017
-1300.0080563936697 -851.857710637359 0.996958940899173
-1289.0299874174289 -858.8476982650997 0.9969491060836753
-1278.3607131098722 -865.9499880620524 0.9969391292321949
-1267.8757668149444 -873.168550204081 0.996929006723675
-1257.486437229197 -880.501091929298 0.9969187438804987
-1247.122494081347 -887.9444507040096 0.9969083473663182
-1248.899398762692 -893.7619208354732 0.9969002377340197
-1238.1784547202938 -901.7285002342396 0.9968891562000025
-1227.3494864031666 -909.7839937759554 0.9968779808000859
-1216.400974390124 -917.9069873091718 0.996866743968038
-1216.9449927828193 -925.4192904908526 0.9968563823654065
-1205.5611321915408 -933.9054653673271 0.9968447146727509
-1194.0186282714035 -942.4137780450071 0.9968330582811831
-1193.4910662384618 -951.1326747453074 0.9968211591437426
-1181.439156164039 -959.9253908120304 0.9968092086897294
-1180.0878450383332 -969.498502186432 0.9967962570653133
-1167.4845932546903 -978.5230709462556 0.9967841073504241
-1165.25566665419 -988.9035428794515 0.9967702077904985
-1152.0633833735492 -998.1051164449103 0.9967579578689066
-1148.9068893524677 -1009.2377995021058 0.9967611149479327
-1145.1888646124646 -1020.8871737161929 0.9967682514151187
-1140.8919347349029 -1033.0367077653389 0.9967756763634279
-1126.2385558981236 -1042.6864450914302 0.9967815606032335
-1120.9061317314117 -1055.4551101542024 0.9967893290518836
-1114.9493261208254 -1068.6656887872284 0.9967973452403606
-1108.350115672103 -1082.2957204518875 0.9968055935005107
-1110.0982460527243 -1100.5877739287291 0.9968166272716179
-1101.9571931555186 -1115.2955987714324 0.9968254694323134
-1093.1180515511985 -1130.3413851293694 0.996834487556193
-1091.9483833822608 -1150.9441984985608 0.9968467919459487
-1081.436896235512 -1166.8750835590097 0.9968562710334656
-1078.1076202467855 -1188.938667687551 0.9968693487483357
-1073.5394928533583 -1211.8318474155117 0.9968828565537382
-1067.6966444809034 -1235.4960141961653 0.9968967535979295
-1060.5455937415722 -1259.8695898421734 0.9969109977948416
-1052.054803323885 -1284.888212246625 0.9969255460235731
-1048.8723819163467 -1318.0067603484406 0.996944691310512
-1043.7439611132334 -1352.2414605171537 0.9969643473286747
-1042.7897715941824 -1395.7019444989926 0.996989104891535
-1033.5313769563495 -1432.250507962504 0.9970097570503
-1033.6018985820924 -1487.4687377277328 0.9970406702814291
-1025.2068856306526 -1535.499122457956 0.9970672798867367
-1024.3858240908453 -1603.9786178960528 0.9971047740000666
-1019.7091418045749 -1674.8415439608123 0.9971430297836823
-1015.5879480145725 -1758.1558476715627 0.9971873113408418
-1011.0063527795622 -1854.6545897957953 0.997237675874352
-1008.8439540219996 -1976.0657644334863 0.9972996615194843
-1007.058249907319 -2124.0256340522214 0.9973731717718041
-954.0409867286846 -2124.4220541280574 0.9973733657830013
-901.4379419982093 -2123.4292239593065 0.9973728798545621
-851.8449983207712 -2132.759454228103 0.9973774425720818
-799.8208561518829 -2129.098003685703 0.9973756530570365
-750.1563490324369 -2135.9074061521574 0.9973789800581543
-698.8579147085276 -2129.6381891285296 0.997375917153229
-649.2592876122632 -2133.944984415398 0.9973780217098691
-599.5613832829346 -2137.023796531852 0.9973795250774549
-549.7972539266223 -2138.872095484414 0.9973804271423925
-500 -2139.4883637267044 0.9973807278380277
-450.2027460733784 -2138.872095484414 0.9973804271423925
-400.4386167170663 -2137.023796531852 0.9973795250774549
-350.74071238773706 -2133.944984415398 0.9973780217098691
-301.1420852914733 -2129.6381891285296 0.997375917153229
-249.84365096756346 -2135.9074061521574 0.9973789800581543
-200.17914384811746 -2129.098003685703 0.9973756530570365
-148.15500167923014 -2132.759454228103 0.9973774425720818
-98.56205800179139 -2123.4292239593065 0.9973728798545621
-45.959013271315065 -2124.4220541280574 0.9973733657830013
7.0582499073181895 -2124.0256340522214 0.9973731717718041
60.44713184032918 -2122.214201604647 0.9973722850441062
114.16851247432984 -2118.9711189295112 0.9973706966869532
168.17860720083246 -2114.275003059272 0.9973683948335296
222.43730485465866 -2108.1119176551874 0.9973653706090371
282.2810458653636 -2111.386616407384 0.9973669779723114
337.24163254171094 -2102.096894331631 0.9973624154010182
398.37313033967354 -2101.9322033650924 0.9973623344370236
460.2343931848862 -2099.926217295552 0.9973613480544101
522.7661607426941 -2096.039441348433 0.9973594357111787
585.9076225726811 -2090.2344565269486 0.997356576783691
649.5964639577152 -2082.4759792654195 0.9973527505249881
713.7689109311577 -2072.7309237359646 0.9973479360268364
786.3488080505708 -2070.600921160808 0.9973468824447352
859.8899659484865 -2066.0277417215907 0.9973446188381334
934.3066780100997 -2058.956040755667 0.9973411144021403
1009.5094580710858 -2049.3333819460386 0.9973363377601997
1012.1515034663147 -1967.0482554828145 0.9972951098551448
1011.2980784908441 -1886.6837035833362 0.99725417626913
1016.6543559319642 -1816.4062252575795 0.9972178308988755
1019.1802363655461 -1747.6448368838398 0.9971817658087363
1018.9736873581194 -1680.5184187677667 0.9971460708057724
1026.3540742330124 -1622.099407617433 0.9971146088975628
1021.1866059670157 -1558.207575924864 0.9970797709371323
1024.1870126857018 -1502.4914238726597 0.9970490209154946
1035.9886726247364 -1453.938749133617 0.9970219401679423
1035.334754467345 -1400.4992548382338 0.996991824384685
1032.9221374461754 -1348.4727415829063 0.9969621901689362
1040.0658355598339 -1302.6588647509502 0.9969358349075869
1045.9456377883994 -1257.5853362845767 0.9969096658347638
1050.6643129299393 -1213.2643655021964 0.9968836997110424
1054.0674044102911 -1169.8190236938885 0.9968580193710661
1055.923737785963 -1127.4548982758508 0.9968327595872581
1056.3006955622998 -1086.2693527952324 0.9968079938735604
1067.3963257757568 -1048.6650913964315 0.996785200509854
1065.1766233977787 -1009.6749149185877 0.9967613830313267
1074.0957905354876 -973.5610496999769 0.9967907803254483
1082.090750193771 -938.0894606428495 0.9968389772335228
1089.2327509978782 -903.3342634454222 0.996886926072077
1095.6109112640718 -869.3661025916924 0.9969343365584855
1101.3304278617122 -836.2566531031288 0.9969809421220907
1106.5199786039293 -804.0761285022569 0.9970265030599211
1111.3421456097294 -772.8896790079365 0.9970708108434395
1128.9702806016237 -740.9972392794909 0.9971161918982174
1133.7950009305664 -711.51288310439 0.9971581393432274
1152.1686758466185 -680.5172161779785 0.9972021626085307
1158.4723958457032 -653.1253838301379 0.9972409537819521
1178.9852333123486 -624.4990603396018 0.9972813335115028
1199.883140381256 -599.5222186386914 0.997316399271026
1225.3220184887623 -575.5268475114242 0.9973499159433321
1248.4325753717446 -558.9636868263124 0.997372942105578
NaN NaN NaN
NaN NaN NaN
764.2708427175049 338.1537031428471 0.997617659215077
505.7021135141822 397.9922583236017 0.997591357571164
346.91094687309294 435.6119420624143 0.9975746578597314
230.91797024505487 462.2198954694912 0.9975627691556767
143.43203800983474 481.68345123875986 0.9975540319036927
84.23679377700492 496.26133653355345 0.9975474652070607
39.14126728680008 507.9867307941214 0.997542169319361
-5.789710214894342 517.3906637735602 0.9975379128276918
-36.80112870708026 525.4685565179767 0.9975342500496033
-67.69966460366396 531.997526859703 0.9975312852126637
-98.42838332816675 536.9899403434149 0.9975290154820725
-115.61930051603765 542.541388799094 0.9975264888926713
-132.8031363514473 547.3079812333932 0.9975243172367637
-149.9503917501954 551.2961091071755 0.9975224986340959
-167.03177824698767 554.5131112629555 0.9975210305951476
-184.01824739974035 556.9672655642863 0.9975199100277626
-200.88102000779048 558.6677798968587 0.9975191332451848
-205.24356631266767 563.812959404271 0.9975167813315255
-221.96372799565836 564.371931142868 0.9975165256719754
-226.52604693909956 569.0578784606915 0.9975143812971561
-243.0249026641673 568.5014580681507 0.997514636031958
-247.7416907781399 572.7346735032572 0.9975126973005654
-263.9421838734762 571.0935547459693 0.9975134490991225
-268.76884108977146 574.8833428929345 0.9975117126138684
-273.7537050882189 578.6056359585593 0.9975100057544866
-289.488671251907 575.5510769045663 0.9975114065189842
-294.52555449372517 578.8422709291278 0.9975098972018082
-299.7030363214874 582.063172992517 0.9975084191437298
-305.01756808963546 585.2107633887543 0.9975069737944323
-320.0055857619553 580.4748476516187 0.9975091481401195
-325.3020921188564 583.2103003529644 0.9975078924985828
-330.7181510634246 585.8715412348331 0.9975066702530655
-336.2500524338391 588.455951590257 0.9975054826620946
-341.8940071532008 590.9609768492793 0.9975043309556724
-347.6461498202453 593.3841303641946 0.9975032163332693
-361.2676381636795 586.4952962808708 0.9975063836815067
-366.90832324934627 588.5400363827018 0.9975054440128996
-372.64009883799724 590.5046140400476 0.9975045408159261
-378.45904014307473 592.3869802934004 0.9975036750770573
-384.361162967621 594.1851654927116 0.9975028477458814
-390.3424264243066 595.8972823090489 0.9975020597334922
-396.39873569363954 597.5215286147875 0.9975013119109412
-402.52594481813645 599.0561902282042 0.9975006051077565
-408.7198595308176 600.4996435187151 0.9974999401105307
-414.97624011605524 601.8503578693737 0.9974993176615811
-425.6966394918416 592.2092715639701 0.9975037568230859
-431.7085279279713 593.2551261573739 0.9975032756875163
-437.7671631465558 594.2139919743441 0.9975028344805802
-443.8683975178897 595.0848010254509 0.9975024337171791
-450.00805435914987 595.866581962034 0.9975020738659282
-456.1819307838126 596.5584615904667 0.9975017553483381
-462.38580056864095 597.1596662310138 0.9975014785380791
-468.6154170363389 597.6695229199412 0.9975012437603283
-474.8665159520209 598.0874604536484 0.9975010512912017
-481.1348184313904 598.413010273804 0.9975009013572728
-487.4160338587987 598.6458071927004 0.9975007941351766
-493.70586281321084 598.7855899580868 0.9975007297513017
500 598.8322016569732 0.9975007082815693
493.70586281321084 598.7855899580868 0.9975007297513017
487.4160338587987 598.6458071927004 0.9975007941351766
481.13481843139056 598.413010273804 0.9975009013572728
474.86651595202096 598.0874604536484 0.9975010512912017
468.6154170363389 597.6695229199412 0.9975012437603283
462.38580056864095 597.1596662310138 0.9975014785380791
456.1819307838126 596.5584615904667 0.9975017553483381
450.00805435914987 595.866581962034 0.9975020738659282
443.8683975178897 595.0848010254509 0.9975024337171791
437.76716314655584 594.2139919743441 0.9975028344805802
431.7085279279713 593.2551261573739 0.9975032756875163
425.6966394918416 592.2092715639701 0.9975037568230859
414.97624011605524 601.8503578693737 0.9974993176615811
408.71985953081764 600.4996435187151 0.9974999401105307
402.52594481813645 599.0561902282042 0.9975006051077565
396.3987356936396 597.5215286147875 0.9975013119109412
390.3424264243066 595.8972823090489 0.9975020597334922
384.361162967621 594.1851654927116 0.9975028477458814
378.45904014307473 592.3869802934004 0.9975036750770573
372.64009883799724 590.5046140400476 0.9975045408159261
366.9083232493463 588.5400363827018 0.9975054440128996
361.2676381636796 586.4952962808708 0.9975063836815067
347.6461498202453 593.3841303641946 0.9975032163332693
341.8940071532008 590.9609768492793 0.9975043309556724
336.2500524338391 588.455951590257 0.9975054826620946
330.71815106342467 585.8715412348332 0.9975066702530655
325.3020921188565 583.2103003529644 0.9975078924985828
320.0055857619554 580.4748476516187 0.9975091481401195
305.01756808963546 585.2107633887543 0.9975069737944323
299.7030363214874 582.063172992517 0.9975084191437298
294.52555449372517 578.8422709291278 0.9975098972018082
289.4886712519072 575.5510769045665 0.9975114065189842
273.7537050882189 578.6056359585593 0.9975100057544866
268.76884108977157 574.8833428929346 0.9975117126138684
263.9421838734762 571.0935547459693 0.9975134490991225
247.7416907781399 572.7346735032572 0.9975126973005654
243.0249026641673 568.5014580681507 0.997514636031958
226.52604693909967 569.0578784606917 0.9975143812971561
221.96372799565836 564.3719311428681 0.9975165256719754
205.24356631266778 563.8129594042712 0.9975167813315255
200.88102000779048 558.6677798968587 0.9975191332451848
184.01824739974035 556.9672655642863 0.9975199100277626
167.03177824698767 554.5131112629555 0.9975210305951476
149.95039175019545 551.2961091071757 0.9975224986340959
132.80313635144742 547.3079812333933 0.9975243172367637
115.61930051603771 542.5413887990941 0.9975264888926713
98.42838332816675 536.9899403434149 0.9975290154820725
67.69966460366396 531.997526859703 0.9975312852126637
36.80112870708026 525.4685565179767 0.9975342500496033
5.78971021489437 517.3906637735604 0.9975379128276918
-39.141267286800066 507.98673079412157 0.997542169319361
-84.23679377700488 496.26133653355396 0.9975474652070607
-143.43203800983474 481.68345123875986 0.9975540319036927
-230.91797024505487 462.2198954694912 0.9975627691556767
-346.91094687309294 435.6119420624143 0.9975746578597314
-505.70211351418203 397.99225832360264 0.997591357571164
-764.2708427175049 338.1537031428471 0.997617659215077
NaN NaN NaN
NaN NaN NaN
-1248.4325753717446 -558.9636868263124 0.997372942105578
-1225.3220184887623 -575.5268475114242 0.9973499159433321
-1199.883140381256 -599.5222186386914 0.997316399271026
-1178.9852333123486 -624.4990603396018 0.9972813335115028
-1158.4723958457032 -653.1253838301379 0.9972409537819521
-1152.1686758466185 -680.5172161779785 0.9972021626085307
-1133.7950009305664 -711.51288310439 0.9971581393432274
-1128.970280601625 -740.9972392794892 0.9971161918982174
-1111.3421456097296 -772.8896790079353 0.9970708108434395
-1106.5199786039293 -804.0761285022562 0.9970265030599211
-1101.3304278617125 -836.2566531031284 0.9969809421220907
-1095.6109112640718 -869.3661025916924 0.9969343365584855
-1089.2327509978782 -903.3342634454222 0.996886926072077
-1082.0907501937716 -938.089460642849 0.9968389772335228
-1074.0957905354876 -973.5610496999767 0.9967907803254483
-1065.1766233977796 -1009.6749149185865 0.9967613830313267
-1067.396325775757 -1048.665091396431 0.996785200509854
-1056.3006955622998 -1086.2693527952324 0.9968079938735604
-1055.923737785963 -1127.4548982758508 0.9968327595872581
-1054.067404410291 -1169.8190236938894 0.9968580193710661
-1050.664312929939 -1213.2643655021964 0.9968836997110424
-1045.9456377884005 -1257.585336284575 0.9969096658347638
-1040.0658355598353 -1302.6588647509489 0.9969358349075869
-1032.9221374461754 -1348.4727415829063 0.9969621901689362
-1035.334754467345 -1400.4992548382338 0.996991824384685
-1035.9886726247369 -1453.9387491336165 0.9970219401679423
-1024.187012685702 -1502.4914238726592 0.9970490209154946
-1021.1866059670158 -1558.207575924864 0.9970797709371323
-1026.3540742330124 -1622.099407617433 0.9971146088975628
-1018.9736873581198 -1680.5184187677667 0.9971460708057724
-1019.1802363655461 -1747.6448368838398 0.9971817658087363
-1016.6543559319663 -1816.4062252575777 0.9972178308988755
-1011.2980784908453 -1886.6837035833346 0.99725417626913
-1012.1515034663147 -1967.0482554828145 0.9972951098551448
-1009.5094580710862 -2049.3333819460386 0.9973363377601997
-934.3066780101002 -2058.956040755667 0.9973411144021403
-859.8899659484865 -2066.0277417215907 0.9973446188381334
-786.3488080505725 -2070.6009211608066 0.9973468824447352
-713.7689109311582 -2072.730923735964 0.9973479360268364
-649.5964639577152 -2082.4759792654195 0.9973527505249881
-585.9076225726814 -2090.234456526948 0.997356576783691
-522.7661607426953 -2096.039441348433 0.9973594357111787
-460.2343931848862 -2099.926217295552 0.9973613480544101
-398.37313033967456 -2101.9322033650915 0.9973623344370236
-337.2416325417118 -2102.0968943316307 0.9973624154010182
-282.2810458653636 -2111.386616407384 0.9973669779723114
-222.43730485465932 -2108.1119176551874 0.9973653706090371
-168.17860720083303 -2114.275003059272 0.9973683948335296
-114.16851247432984 -2118.9711189295112 0.9973706966869532
-60.447131840330094 -2122.2142016046464 0.9973722850441062
-7.058249907318916 -2124.0256340522214 0.9973731717718041
45.959013271315065 -2124.4220541280574 0.9973733657830013
98.56205800179077 -2123.4292239593065 0.9973728798545621
148.15500167922897 -2132.759454228103 0.9973774425720818
200.17914384811746 -2129.098003685703 0.9973756530570365
249.84365096756267 -2135.9074061521574 0.9973789800581543
301.1420852914724 -2129.6381891285296 0.997375917153229
350.74071238773706 -2133.944984415398 0.9973780217098691
400.43861671706554 -2137.023796531852 0.9973795250774549
450.2027460733774 -2138.872095484414 0.9973804271423925
500 -2139.4883637267044 0.9973807278380277
549.797253926622 -2138.872095484414 0.9973804271423925
599.5613832829338 -2137.023796531852 0.9973795250774549
649.2592876122632 -2133.944984415398 0.9973780217098691
698.8579147085263 -2129.6381891285296 0.997375917153229
750.156349032436 -2135.9074061521574 0.9973789800581543
799.8208561518829 -2129.098003685703 0.9973756530570365
851.8449983207703 -2132.759454228103 0.9973774425720818
901.4379419982087 -2123.4292239593065 0.9973728798545621
954.0409867286846 -2124.4220541280574 0.9973733657830013
1007.0582499073184 -2124.0256340522214 0.9973731717718041
1008.8439540219985 -1976.0657644334865 0.9972996615194843
1011.0063527795622 -1854.6545897957953 0.997237675874352
1015.587948014572 -1758.1558476715627 0.9971873113408418
1019.7091418045746 -1674.8415439608125 0.9971430297836823
1024.3858240908453 -1603.9786178960528 0.9971047740000666
1025.206885630652 -1535.4991224579562 0.9970672798867367
1033.6018985820915 -1487.4687377277335 0.9970406702814291
1033.5313769563495 -1432.250507962504 0.9970097570503
1042.7897715941817 -1395.7019444989926 0.996989104891535
1043.7439611132331 -1352.2414605171539 0.9969643473286747
1048.8723819163467 -1318.0067603484406 0.996944691310512
1052.054803323885 -1284.8882122466252 0.9969255460235731
1060.5455937415718 -1259.8695898421736 0.9969109977948416
1067.6966444809034 -1235.4960141961653 0.9968967535979295
1073.539492853358 -1211.8318474155117 0.9968828565537382
1078.1076202467852 -1188.9386676875515 0.9968693487483357
1081.436896235512 -1166.8750835590097 0.9968562710334656
1091.94838338226 -1150.9441984985608 0.9968467919459487
1093.118051551198 -1130.3413851293697 0.996834487556193
1101.9571931555186 -1115.2955987714324 0.9968254694323134
1110.0982460527243 -1100.5877739287293 0.9968166272716179
1108.3501156721027 -1082.2957204518875 0.9968055935005107
1114.9493261208252 -1068.6656887872284 0.9967973452403606
1120.9061317314115 -1055.4551101542024 0.9967893290518836
1126.2385558981227 -1042.6864450914304 0.9967815606032335
1140.8919347349029 -1033.0367077653389 0.9967756763634279
1145.1888646124646 -1020.8871737161929 0.9967682514151187
1148.9068893524673 -1009.2377995021062 0.9967611149479327
1152.0633833735487 -998.1051164449105 0.9967579578689066
1165.25566665419 -988.9035428794515 0.9967702077904985
1167.4845932546903 -978.5230709462558 0.9967841073504241
1180.0878450383332 -969.498502186432 0.9967962570653133
1181.439156164039 -959.9253908120304 0.9968092086897294
1193.4910662384618 -951.1326747453077 0.9968211591437426
1194.0186282714033 -942.4137780450075 0.9968330582811831
1205.5611321915408 -933.9054653673271 0.9968447146727509
1216.9449927828196 -925.4192904908529 0.9968563823654065
1216.400974390124 -917.9069873091718 0.996866743968038
1227.3494864031666 -909.7839937759554 0.9968779808000859
1238.1784547202935 -901.7285002342397 0.9968891562000025
1248.899398762692 -893.7619208354733 0.9969002377340197
1247.122494081347 -887.9444507040098 0.9969083473663182
1257.4864372291966 -880.5010919292982 0.9969187438804987
1267.8757668149444 -873.168550204081 0.996929006723675
1278.3607131098722 -865.9499880620524 0.9969391292321949
1289.0299874174289 -858.8476982650997 0.9969491060836753
1300.0080563936697 -851.857710637359 0.996958940899173
1311.477693358844 -844.9650151200567 0.9969686530374017
1323.7250965532482 -838.1333889001962 0.9969782920424406
1335.780808594041 -831.9864742297895 0.9969869751406711
NaN NaN NaN
NaN NaN NaN
NaN NaN NaN
NaN NaN NaN
NaN NaN NaN
NaN NaN NaN
NaN NaN NaN
NaN NaN NaN
NaN NaN NaN
994.2102897851078 517.3906637735602 0.9975379128276918
963.1988712929169 525.4685565179767 0.9975342500496033
932.3003353963352 531.997526859703 0.9975312852126637
901.5716166718336 536.9899403434149 0.9975290154820725
884.3806994839625 542.541388799094 0.9975264888926713
867.1968636485477 547.3079812333932 0.9975243172367637
850.0496082498005 551.2961091071755 0.9975224986340959
832.9682217530179 554.5131112629555 0.9975210305951476
815.9817526002504 556.9672655642863 0.9975199100277626
799.1189799922 558.6677798968587 0.9975191332451848
794.7564336873398 563.812959404271 0.9975167813315255
778.0362720043323 564.371931142868 0.9975165256719754
773.4739530609004 569.0578784606915 0.9975143812971561
756.9750973358231 568.5014580681507 0.997514636031958
752.2583092218696 572.7346735032572 0.9975126973005654
736.0578161265238 571.0935547459693 0.9975134490991225
731.2311589102382 574.8833428929345 0.9975117126138684
726.246294911791 578.6056359585593 0.9975100057544866
710.5113287481026 575.5510769045663 0.9975114065189842
705.474445506275 578.8422709291278 0.9975098972018082
700.2969636785027 582.063172992517 0.9975084191437298
694.9824319103645 585.2107633887543 0.9975069737944323
679.9944142380447 580.4748476516187 0.9975091481401195
674.6979078811531 583.2103003529644 0.9975078924985828
669.2818489365756 585.8715412348331 0.9975066702530655
663.7499475661608 588.455951590257 0.9975054826620946
658.1059928467896 590.9609768492793 0.9975043309556724
652.3538501797548 593.3841303641946 0.9975032163332693
638.7323618363304 586.4952962808708 0.9975063836815067
633.0916767506537 588.5400363827018 0.9975054440128996
627.3599011620125 590.5046140400476 0.9975045408159261
621.5409598569154 592.3869802934004 0.9975036750770573
615.6388370323792 594.1851654927116 0.9975028477458814
609.6575735756934 595.8972823090489 0.9975020597334922
603.6012643063506 597.5215286147875 0.9975013119109412
597.4740551818537 599.0561902282042 0.9975006051077565
591.2801404691727 600.4996435187151 0.9974999401105307
585.023759883935 601.8503578693737 0.9974993176615811
574.3033605081583 592.2092715639701 0.9975037568230859
568.2914720720385 593.2551261573739 0.9975032756875163
562.232836853454 594.2139919743441 0.9975028344805802
556.1316024821102 595.0848010254509 0.9975024337171791
549.9919456408402 595.866581962034 0.9975020738659282
543.8180692161776 596.5584615904667 0.9975017553483381
537.614199431359 597.1596662310138 0.9975014785380791
531.384582963661 597.6695229199412 0.9975012437603283
525.1334840479882 598.0874604536484 0.9975010512912017
518.8651815686096 598.413010273804 0.9975009013572728
512.5839661412004 598.6458071927004 0.9975007941351766
506.29413718678916 598.7855899580868 0.9975007297513017
