-892.5 87.5 0.000001702330888281348
357.5 212.5 0.000001176942281886234
-712.5 347.5 0.0000011623751065131853
-1232.5 -2002.5 0.000001640804730508224
897.5 312.5 0.0000016951933636286876
-1402.5 202.5 0.0000011778117993221202
-882.5 312.5 0.000001166182445116311
607.5 357.5 0.000006772931062181845
1272.5 -307.5 0.000001184611077732053
-92.5 272.5 0.0000016968891301706364
-1272.5 -37.5 0.0000017045176936473226
-1272.5 -327.5 0.0000017015639101565428
1132.5 262.5 0.0000016972530659541734
672.5 352.5 0.000006774132242382577
472.5 182.5 0.0000011792392708141528
-272.5 342.5 0.000001162680893037533
312.5 347.5 0.000006774438760007033
347.5 352.5 0.00001524070392451467
-822.5 327.5 0.000004658694989118477
-317.5 352.5 0.0000011618696783092184
602.5 357.5 0.000015238642339925252
-382.5 352.5 0.0000046457807696480815
852.5 317.5 0.0000016948431543787803
-192.5 247.5 0.000001697758916539764
-942.5 302.5 0.00000466985257203545
-282.5 227.5 0.0000016984854361349046
-562.5 362.5 0.000010445283259090333
502.5 362.5 0.000015237586511075933
867.5 317.5 0.0000016949624583199015
702.5 347.5 0.000015242915506837477
-667.5 352.5 0.0000104551593798055
442.5 362.5 0.0000067720658627107224
-872.5 317.5 0.000001165987083676915
17.5 292.5 0.0000016959139825015825
-597.5 362.5 0.000010447228587692852
1142.5 27.5 0.000001188731426297297
-422.5 357.5 0.00001044819910511234
-447.5 362.5 0.0000011604665988670396
147.5 322.5 0.0000016947721611364174
82.5 307.5 0.0000016953818253376465
-1267.5 -1757.5 0.0000016379946677968535
1482.5 -1802.5 0.0000016390329180270418
1267.5 -387.5 0.0000011708394581123757
-67.5 302.5 0.00000116726905852663
1062.5 277.5 0.0000016966631495384394
707.5 347.5 0.000001693736826062181
-1277.5 -92.5 0.0000017056571715825918
-792.5 112.5 0.0000017018294585523147
462.5 357.5 0.000006772571915425616
887.5 312.5 0.000006780595747935497
-1407.5 -1907.5 0.0000010227083098912444
-1142.5 27.5 0.0000017033556048356077
767.5 332.5 0.0000016942037032662792
-1267.5 -362.5 0.0000016997005816671758
-852.5 317.5 0.000001165459432960253
-297.5 222.5 0.0000016986238363118206
322.5 347.5 0.000015242560683060057
392.5 357.5 0.000006772931062181844
-257.5 342.5 0.000004651963799268503
957.5 297.5 0.0000067829550336638535
352.5 352.5 0.0000016933530878163273
-27.5 297.5 0.000001168242807794019
-57.5 302.5 0.00000466985257203545
-1337.5 212.5 0.0000011765339386393855
-1252.5 -472.5 0.0000016932660777976658
-277.5 342.5 0.000004651591862440573
-782.5 332.5 0.000004655657143040692
382.5 357.5 0.0000016933285796475113
1272.5 -1437.5 0.0000010151223319790437
657.5 352.5 0.000015241513601950188
-147.5 322.5 0.0000011652667828461439
1257.5 -442.5 0.0000011609613836070158
-167.5 327.5 0.000001164847202394762
-1357.5 212.5 0.000001176942281886234
-72.5 272.5 0.0000016967452015821668
-222.5 242.5 0.000001697980661704998
-157.5 322.5 0.000010486247272903407
-102.5 312.5 0.0000011664101138429466
-167.5 322.5 0.0000011650286713817105
-1467.5 -1812.5 0.0000010204954220583992
-442.5 362.5 0.000004642040113131085
307.5 347.5 0.000015243322907876464
197.5 332.5 0.000001694361551286525
732.5 342.5 0.0000152451853844465
332.5 352.5 0.000015241053673466757
-337.5 347.5 0.0000011619891979837307
792.5 112.5 0.0000011845339150032866
-227.5 332.5 0.0000011638710106202613
-507.5 362.5 0.000010445837856815655
-237.5 337.5 0.0000011636407904929437
892.5 87.5 0.0000011859118302815314
687.5 352.5 0.000001693554930367802
-582.5 357.5 0.00001044931836552554
232.5 337.5 0.000006776494183665108
-722.5 342.5 0.000004651591862440573
1412.5 -1897.5 0.0000016399545884435676
877.5 317.5 0.0000016950325063013987
-57.5 277.5 0.0000016965841249227666
-1257.5 -1922.5 0.0000016397221631582556
592.5 357.5 0.000006773140385114269
-1252.5 -462.5 0.000001693924422987805
-337.5 212.5 0.0000016989096254365015
417.5 357.5 0.000015238895665341565
1277.5 -282.5 0.0000011885279596833652
1047.5 277.5 0.000001696508148167431
542.5 357.5 0.0000152384598957212
-17.5 287.5 0.0000016962351124447015
-77.5 272.5 0.000001696830260173128
1452.5 -1847.5 0.0000016394507038380196
522.5 362.5 0.0000067723653733892195
-1277.5 -127.5 0.000001706338509069644
792.5 332.5 0.00000677730872182523
642.5 352.5 0.000006773873800121665
-637.5 352.5 0.000010453968857057446
-822.5 322.5 0.0000011649377926322342
637.5 352.5 0.00001524061389099177
-1262.5 -1867.5 0.0000016390672436321385
17.5 287.5 0.0000011692414707959419
922.5 307.5 0.000001695400100513427
-1267.5 -372.5 0.0000016990724270213958
-382.5 357.5 0.0000011613545937459516
462.5 362.5 0.0000016931324429595088
1262.5 -417.5 0.0000011649151034746263
-62.5 277.5 0.0000016966631495384394
277.5 342.5 0.000006775594033258513
-462.5 362.5 0.0000011608238066024735
-232.5 237.5 0.000001698111592757907
297.5 347.5 0.000015242915506837477
-1432.5 -1862.5 0.0000010217016639607485
-662.5 347.5 0.0000011619891979837307
-1057.5 277.5 0.0000011701911914540759
-457.5 357.5 0.000010448139179002835
-1267.5 -387.5 0.0000016984407908463973
-452.5 357.5 0.00001044876620191113
-472.5 182.5 0.0000016998986671556789
312.5 352.5 0.000001693554930367802
-347.5 352.5 0.000010454212566121873
-522.5 362.5 0.000004642850417844153
-832.5 322.5 0.0000011650286713817105
-52.5 302.5 0.0000011676706212180607
-142.5 257.5 0.0000016973584751952196
727.5 342.5 0.0000016938183843801841
217.5 332.5 0.000006777094013042908
-632.5 352.5 0.0000011614107235265206
-432.5 362.5 0.000010446181133655512
1252.5 -472.5 0.0000011550281457736503
-1272.5 -307.5 0.0000017027883380210687
-307.5 347.5 0.000010461304121397584
-537.5 357.5 0.000004643409258376438
917.5 307.5 0.0000016953818253376465
1272.5 -1507.5 0.0000010152272708687412
-487.5 362.5 0.000010445973746812999
-1272.5 -1622.5 0.0000016371533791417177
-382.5 207.5 0.0000016992148878883288
1262.5 -397.5 0.000001168865734015517
57.5 302.5 0.0000067823241053545705
457.5 357.5 0.000015238459895721202
577.5 357.5 0.000015238482048184491
212.5 332.5 0.0000016942402450739024
-1037.5 282.5 0.0000011697859785273398
-322.5 347.5 0.000010459239843984265
-802.5 332.5 0.00000116415300897747
-857.5 322.5 0.0000011654140564792903
-1072.5 272.5 0.0000011706297017247046
562.5 362.5 0.000015237404356977475
-682.5 352.5 0.0000011618696783092184
7.5 287.5 0.0000011690770430802011
-1362.5 -1977.5 0.0000010242202987306957
1252.5 -1977.5 0.0000010240936269331754
-1277.5 -82.5 0.0000017054296472078815
142.5 257.5 0.0000011723003784501684
1007.5 62.5 0.000001187325231080357
127.5 262.5 0.0000011717336183677657
57.5 277.5 0.0000011701911914540759
357.5 352.5 0.000006773873800121665
242.5 337.5 0.000015246631950697946
427.5 362.5 0.000015238095515508396
1257.5 -1922.5 0.0000010222942976797908
777.5 337.5 0.0000016941898163556887
-357.5 352.5 0.000004646932895021242
-812.5 327.5 0.000010480719957864177
-267.5 232.5 0.000001698351821154443
-1252.5 -1977.5 0.0000016404787948620544
-707.5 347.5 0.000001162459971857259
-717.5 342.5 0.00000465065398602234
1267.5 -17.5 0.0000011906745069135428
-547.5 357.5 0.000010448766201911133
-402.5 362.5 0.000010447228587692852
382.5 207.5 0.00000117736843142148
287.5 347.5 0.0000016937054942230255
447.5 357.5 0.0000016932066736772322
1282.5 227.5 0.0000016984854361349046
832.5 327.5 0.0000016946175106172594
622.5 147.5 0.000001181980223146661
-862.5 317.5 0.000004662844934674748
-1257.5 -452.5 0.0000016945795533895251
1277.5 -82.5 0.0000011944535528532102
-157.5 257.5 0.0000016974462251898664
882.5 312.5 0.0000016951095145591608
-757.5 337.5 0.000010470269265618382
872.5 317.5 0.0000016950375547491781
172.5 252.5 0.00000117279406870218
-342.5 352.5 0.000010456404599379122
207.5 242.5 0.0000011736874722516105
802.5 332.5 0.000001694361551286525
-397.5 357.5 0.00001044863283184056
-1007.5 62.5 0.0000017028447817606628
-437.5 362.5 0.000010445283259090333
-622.5 352.5 0.0000011615375608024567
-1272.5 -62.5 0.0000017049740248786944
-707.5 342.5 0.000004650496532175782
1272.5 -1567.5 0.00000101551758389804
-372.5 357.5 0.000010450256125771432
-922.5 302.5 0.0000011672059489996033
1232.5 -2002.5 0.0000010248764602958522
597.5 362.5 0.000015238123377928959
702.5 132.5 0.0000011832222916623582
767.5 337.5 0.000006776494183665108
-647.5 352.5 0.0000011614209271774216
157.5 257.5 0.0000011725395712134005
-1277.5 -172.5 0.0000017072442006705932
-657.5 352.5 0.00001045640459937912
-112.5 312.5 0.000004665157933191585
-692.5 347.5 0.00001046130412139758
-737.5 337.5 0.000001163177351915201
-632.5 357.5 0.000004645229443127782
-747.5 337.5 0.0000046530123402547024
-777.5 337.5 0.0000011636874153004343
-1102.5 267.5 0.0000011712734363397584
1277.5 -262.5 0.0000011924380307962615
982.5 292.5 0.0000016959139825015825
-1267.5 -1787.5 0.0000016382381333151636
-1487.5 -1792.5 0.0000010200365138264386
-102.5 267.5 0.000001696981581623921
-1262.5 -407.5 0.0000016971671883734475
852.5 322.5 0.0000016947721611364174
1272.5 -1472.5 0.0000010151037865830719
-1372.5 -1967.5 0.0000010240552268195172
572.5 362.5 0.000015238095515508397
-1272.5 -1507.5 0.0000016369889955668706
-402.5 202.5 0.0000016993770089748426
1272.5 -72.5 0.0000011938242978316655
-1267.5 -1812.5 0.0000016384827906698223
-1272.5 -72.5 0.0000017052019289175438
1272.5 -62.5 0.0000011931947760481705
-627.5 357.5 0.000010450256125771432
-292.5 347.5 0.000001162459971857259
-612.5 357.5 0.000010451136173806942
1407.5 -1907.5 0.0000016400476765658279
-947.5 302.5 0.0000011676706212180607
-592.5 357.5 0.000004644947616831834
687.5 347.5 0.000006774438760007033
-242.5 337.5 0.000010470269265618384
-917.5 307.5 0.0000011669219536169253
537.5 357.5 0.000006772571915425616
77.5 272.5 0.0000011708613121004807
1432.5 -1862.5 0.0000016396211804237012
1402.5 -1922.5 0.0000016401987350239974
-367.5 357.5 0.000004645229443127782
-1142.5 257.5 0.0000011723003784501684
857.5 322.5 0.000001694826434143192
-1297.5 222.5 0.0000011757530790616737
1497.5 177.5 0.000001700085370723365
-802.5 327.5 0.000004657595224870726
-247.5 232.5 0.0000016982340583465368
1402.5 202.5 0.0000016993770089748426
1502.5 -1777.5 0.0000016387232945379132
367.5 352.5 0.0000016933493174291687
517.5 362.5 0.000015237737172366896
1277.5 -297.5 0.0000011865705726052205
67.5 302.5 0.0000016955095962302176
132.5 262.5 0.0000011720130964385143
407.5 357.5 0.000006773140385114268
132.5 317.5 0.0000016949624583199015
192.5 247.5 0.000001173392216006643
-1457.5 -1832.5 0.0000010210145023167428
-1072.5 47.5 0.0000017031019274597872
1277.5 -92.5 0.0000011950825179924768
1072.5 47.5 0.0000011880329481030155
-702.5 132.5 0.0000017013517496920123
-1272.5 -27.5 0.0000017042892839608694
1267.5 -1787.5 0.0000010187024208418474
-752.5 342.5 0.0000011630885020814671
167.5 327.5 0.0000016946175106172594
-702.5 347.5 0.000010460200723976845
-177.5 327.5 0.000004658694989118477
1037.5 282.5 0.0000016964352392516054
692.5 347.5 0.000015243322907876464
-957.5 297.5 0.000004671567204339522
-972.5 297.5 0.000001168242807794019
842.5 322.5 0.0000152525242135571
652.5 352.5 0.000015240703924514669
-22.5 287.5 0.0000016962987025633857
792.5 327.5 0.0000016944147075277453
1297.5 222.5 0.0000016986238363118206
677.5 347.5 0.000015242560683060055
-1352.5 -2002.5 0.0000010247430968284168
-2.5 287.5 0.0000011689212292989717
-532.5 362.5 0.000010447104816761121
-1207.5 242.5 0.0000011736874722516105
-662.5 142.5 0.0000017011202037012442
-1397.5 -1932.5 0.0000010232661837098018
897.5 307.5 0.0000016952741905417524
112.5 312.5 0.000006780595747935497
-497.5 177.5 0.000001700085370723365
-387.5 357.5 0.000010451136173806942
-1157.5 257.5 0.0000011725395712134005
482.5 362.5 0.000015237737172366894
1092.5 272.5 0.0000016968891301706364
-357.5 212.5 0.0000016990590199823353
822.5 327.5 0.0000067782142608036295
27.5 297.5 0.0000016958678863908556
632.5 352.5 0.0000016933493174291687
247.5 232.5 0.0000011746887138405773
-412.5 357.5 0.000004644580053514531
1272.5 -1652.5 0.000001016269666330756
1262.5 -1867.5 0.0000010207238251216807
-312.5 352.5 0.000001161967367437112
-1132.5 262.5 0.0000011720130964385143
-477.5 362.5 0.000004642850417844153
822.5 322.5 0.000001694650903313818
-1032.5 282.5 0.0000011695959855897195
802.5 327.5 0.000006777808769004437
752.5 342.5 0.0000016939688314538215
-587.5 357.5 0.000004644580053514532
-772.5 332.5 0.0000011638710106202615
1277.5 -127.5 0.0000011969674687620168
-1272.5 -1677.5 0.0000016373995985294068
647.5 352.5 0.0000016933530878163273
-1267.5 -17.5 0.0000017040607234453723
1267.5 -362.5 0.0000011747828921750446
367.5 357.5 0.000006773244518427237
1267.5 -372.5 0.0000011728118980760127
-1267.5 232.5 0.000001175010212285643
592.5 157.5 0.0000011814004366543195
437.5 362.5 0.000015237404356977475
-887.5 312.5 0.000004665157933191585
-1282.5 -202.5 0.0000017076955018445976
-1277.5 -297.5 0.000001703395201753966
1377.5 -1952.5 0.00000164047796717165
-1377.5 -1952.5 0.0000010237224581411449
1222.5 242.5 0.000001697980661704998
1022.5 287.5 0.0000016962987025633857
512.5 362.5 0.000015237659573913778
1357.5 -1992.5 0.0000016408244271920321
-1462.5 -1822.5 0.0000010207707248094003
232.5 332.5 0.0000016942037032662792
-552.5 357.5 0.0000011610246707867374
1322.5 217.5 0.000001698760826997101
-1487.5 -1782.5 0.0000010197927708181773
-602.5 357.5 0.00001044863283184056
627.5 357.5 0.000015239242197143757
507.5 362.5 0.000015237609346234115
-32.5 297.5 0.0000011681262804824576
-1272.5 -1702.5 0.0000016375723696571337
-992.5 292.5 0.000004674552544675714
-17.5 292.5 0.000001168368129784796
272.5 342.5 0.0000016938183843801841
222.5 242.5 0.0000011739971489254501
547.5 357.5 0.000015238691614014413
-747.5 122.5 0.0000017015884570220486
1447.5 -1857.5 0.000001639553386873389
1257.5 -452.5 0.0000011589838095757423
1272.5 -342.5 0.00000117871992744909
1277.5 -247.5 0.0000011943950431189479
327.5 352.5 0.000006774132242382577
497.5 362.5 0.000006772261235460212
-1427.5 197.5 0.0000011782717933772484
1352.5 -2002.5 0.000001640911577499646
-352.5 352.5 0.0000011614209271774216
1177.5 252.5 0.0000016976560336797538
487.5 362.5 0.000015237659573913776
177.5 322.5 0.000001694650903313818
-292.5 342.5 0.000004650496532175781
1277.5 -102.5 0.0000011957111714161382
-877.5 317.5 0.0000011659733770413765
477.5 362.5 0.0000067723653733892195
757.5 337.5 0.000015246631950697946
-1047.5 277.5 0.000001169984397133892
-47.5 277.5 0.000001696508148167431
187.5 327.5 0.00001525048664308739
127.5 317.5 0.0000016950375547491781
-677.5 347.5 0.000010459239843984264
-642.5 352.5 0.000004646932895021243
-1017.5 287.5 0.0000011692414707959419
492.5 362.5 0.000015237609346234117
-427.5 197.5 0.0000016995451615331198
1272.5 -47.5 0.0000011925650114274173
37.5 282.5 0.0000011697859785273398
432.5 362.5 0.000015237736233557829
-922.5 307.5 0.0000011669715945832126
1272.5 -1542.5 0.000001015315891194179
-207.5 327.5 0.000001164297152834372
1232.5 237.5 0.000001698111592757907
1077.5 272.5 0.000001696830260173128
232.5 237.5 0.0000011743544456575622
1487.5 -1792.5 0.0000016389185971374759
-1277.5 -272.5 0.000001704598442246366
-557.5 162.5 0.0000017004783185512425
1252.5 -1947.5 0.0000010231454122332574
567.5 362.5 0.000015237736233557829
-607.5 357.5 0.000004644381105040726
1272.5 -1622.5 0.0000010158978230075506
-742.5 342.5 0.000004651963799268503
-147.5 317.5 0.000001165459432960253
-577.5 357.5 0.000010448199105112338
-1282.5 227.5 0.0000011753750678544452
782.5 332.5 0.000006777094013042909
647.5 357.5 0.0000016933244043665789
-1177.5 252.5 0.000001173111624918532
1427.5 -1872.5 0.0000016397400788084934
557.5 162.5 0.0000011808269456117554
-867.5 317.5 0.0000011657832310683852
-502.5 362.5 0.000004642568670940587
1427.5 197.5 0.0000016995451615331198
-517.5 362.5 0.000010446183690482172
-297.5 347.5 0.000010460200723976845
-647.5 357.5 0.0000011613432885632163
-1422.5 -1887.5 0.0000010222116623931096
662.5 142.5 0.0000011825869351474285
-172.5 252.5 0.0000016975395751742787
717.5 342.5 0.000006775247846580419
282.5 342.5 0.000006775247846580418
992.5 292.5 0.000006784053130065024
1172.5 252.5 0.0000016975395751742787
-282.5 342.5 0.00000465065398602234
-1357.5 -1992.5 0.0000010245370373021609
-1267.5 -2.5 0.0000017038320211345822
832.5 322.5 0.000001694684401680453
-832.5 102.5 0.000001702073887600749
-1322.5 217.5 0.0000011761273294111993
-1387.5 -1942.5 0.000001023533440968934
-527.5 362.5 0.000010446697908496827
632.5 357.5 0.000006773244518427237
1422.5 -1887.5 0.0000016398373263356908
-557.5 362.5 0.000004642040113131085
-1262.5 -1842.5 0.0000016387632860004937
-762.5 337.5 0.0000011636407904929437
922.5 302.5 0.0000016954863671070195
282.5 227.5 0.0000011753750678544452
-132.5 262.5 0.0000016972530659541734
1277.5 -137.5 0.0000011975950903346347
587.5 357.5 0.000006773004572828401
682.5 352.5 0.0000016935188516891871
1272.5 -317.5 0.000001182649431866201
-1252.5 -1947.5 0.0000016400791383071876
247.5 342.5 0.0000016939688314538215
1277.5 -147.5 0.0000011982223722323793
-312.5 347.5 0.000004648462601896238
997.5 287.5 0.0000016961173792728035
-87.5 307.5 0.0000011666927973498113
-367.5 352.5 0.0000011614107235265206
-262.5 337.5 0.000001163177351915201
1272.5 -37.5 0.0000011919350284287304
-512.5 362.5 0.000010445973746812997
737.5 337.5 0.000001694001618684362
397.5 357.5 0.000015238642339925252
-1277.5 -102.5 0.0000017058844943525348
42.5 297.5 0.000006782955033663854
942.5 302.5 0.00000678232410535457
352.5 357.5 0.0000016933244043665789
967.5 297.5 0.0000016958250218089804
-1172.5 252.5 0.00000117279406870218
467.5 362.5 0.000015238077621297282
-447.5 187.5 0.000001699719122420338
-1497.5 -1777.5 0.0000010195724215773929
-127.5 317.5 0.000001165987083676915
-7.5 287.5 0.0000016961746654646374
92.5 272.5 0.000001171021631079888
-177.5 322.5 0.0000011649377926322342
137.5 317.5 0.0000067797437279648124
-1112.5 267.5 0.0000011715332591803538
-327.5 352.5 0.0000046476326117566164
-232.5 337.5 0.0000046540311466415935
-1007.5 287.5 0.0000011690770430802011
1102.5 267.5 0.000001696981581623921
-322.5 217.5 0.000001698760826997101
-912.5 307.5 0.0000011666927973498113
-1077.5 272.5 0.0000011708613121004807
-112.5 267.5 0.0000016970769612495497
382.5 352.5 0.0000067734482029556196
622.5 352.5 0.0000016933961737557894
1272.5 -1702.5 0.0000010170363961827828
-1232.5 237.5 0.0000011743544456575622
-142.5 322.5 0.0000011654140564792903
972.5 297.5 0.0000016958678863908556
262.5 337.5 0.000001694001618684362
472.5 362.5 0.000015237927230464066
1457.5 -1832.5 0.0000016393313169576277
1387.5 -1942.5 0.0000016403983373039798
102.5 307.5 0.0000016952741905417524
-942.5 77.5 0.0000017025838126712812
1277.5 -172.5 0.0000011994765223419445
362.5 352.5 0.00001524061389099177
-792.5 332.5 0.0000046562392663004954
252.5 337.5 0.000006776118263195725
527.5 172.5 0.0000011802800602958545
-622.5 147.5 0.00000170089901031665
-1482.5 -1802.5 0.000001020306803949799
147.5 317.5 0.0000016948431543787805
947.5 302.5 0.000001695657377800741
1142.5 257.5 0.0000016973584751952196
447.5 187.5 0.0000011787478172782912
-1402.5 -1922.5 0.0000010230618787771133
1467.5 -1812.5 0.0000016391117652047803
72.5 272.5 0.0000011706297017247046
87.5 307.5 0.0000016952974570646128
-287.5 347.5 0.0000011623751065131853
-187.5 327.5 0.000010480719957864176
617.5 352.5 0.000006773448202955619
177.5 252.5 0.0000011731116249185317
-1257.5 -1897.5 0.0000016393819279165717
-1277.5 -117.5 0.0000017061116086394267
47.5 277.5 0.0000011699843971338918
-717.5 347.5 0.000001162489775108075
317.5 352.5 0.0000016935188516891871
1447.5 187.5 0.000001699719122420338
-982.5 292.5 0.000001168368129784796
-997.5 287.5 0.0000011689212292989717
-592.5 157.5 0.0000017006875543666592
-527.5 172.5 0.0000017002787192290329
-1497.5 1997.5 NaN
1267.5 -1732.5 0.0000010175625056499233
942.5 77.5 0.0000011866073112623328
422.5 357.5 0.000015238482048184491
537.5 362.5 0.0000016931324429595088
787.5 332.5 0.0000016942402450739024
-127.5 262.5 0.000001697150501664492
-82.5 307.5 0.0000011669219536169253
22.5 287.5 0.0000011694144671286156
447.5 362.5 0.0000016930004115762994
2.5 287.5 0.0000016961173792728035
-267.5 342.5 0.000010466349396900427
-1272.5 -317.5 0.0000017021779100523398
267.5 342.5 0.0000152451853844465
-332.5 352.5 0.000010455159379805497
-832.5 327.5 0.000001164847202394762
1032.5 282.5 0.0000016963654176969692
1272.5 -1597.5 0.000001015647705367039
-427.5 362.5 0.000010447153216684435
177.5 327.5 0.00000677821426080363
102.5 312.5 0.0000016951933636286876
-177.5 252.5 0.0000016976560336797538
-687.5 352.5 0.000001161967367437112
-497.5 362.5 0.000010445776077179792
-282.5 347.5 0.000001162489775108075
237.5 337.5 0.000001694172614669338
-1272.5 -1472.5 0.0000016369715733420476
747.5 337.5 0.000006776118263195726
-1272.5 -47.5 0.0000017047459435625542
-197.5 332.5 0.00000116415300897747
-217.5 332.5 0.000004655657143040692
267.5 232.5 0.000001175010212285643
-1447.5 -1857.5 0.000001021538692081792
-407.5 357.5 0.000004644947616831833
282.5 347.5 0.0000016937478298483939
1262.5 -427.5 0.000001162938541545886
-1277.5 -247.5 0.0000017057898759955581
-1272.5 -352.5 0.0000017003252287333906
1472.5 182.5 0.0000016998986671556789
-42.5 297.5 0.000004671567204339521
-687.5 347.5 0.000004648462601896238
-1277.5 -137.5 0.0000017065651933920998
1192.5 247.5 0.000001697758916539764
207.5 332.5 0.00000677730872182523
1272.5 -327.5 0.0000011806856835080762
-1257.5 -442.5 0.0000016952314311919555
157.5 322.5 0.0000152525242135571
-122.5 317.5 0.0000011659733770413763
-392.5 357.5 0.000004644381105040726
1272.5 -352.5 0.0000011767522846276864
102.5 267.5 0.0000011712734363397584
-567.5 362.5 0.000010446181133655512
-852.5 322.5 0.000001165266782846144
-1427.5 -1872.5 0.00000102198150229541
292.5 347.5 0.000001693736826062181
912.5 307.5 0.0000016952974570646128
-467.5 362.5 0.000010447104816761123
1222.5 12.5 0.0000011894059507643386
-1272.5 -1597.5 0.00000163707437415576
-1262.5 -427.5 0.0000016958800197331767
-132.5 317.5 0.000001165783231068385
-1272.5 -342.5 0.0000017009463448343447
-232.5 332.5 0.0000011637250613576911
-1277.5 -147.5 0.0000017067916668945483
337.5 347.5 0.0000016935629910776497
-447.5 357.5 0.0000011610246707867374
-842.5 322.5 0.000010486247272903407
717.5 347.5 0.0000016937478298483939
1282.5 -202.5 0.0000012007282271191695
-247.5 342.5 0.0000011630885020814671
1267.5 -2.5 0.0000011900440188342972
-732.5 342.5 0.000010466349396900427
-1277.5 -162.5 0.0000017070179577603198
-767.5 332.5 0.0000011637250613576911
1267.5 -1757.5 0.0000010181005212070074
-77.5 307.5 0.0000011669715945832126
-482.5 362.5 0.000010446183690482173
-207.5 242.5 0.000001697867156781499
297.5 222.5 0.0000011757530790616737
1267.5 232.5 0.000001698351821154443
-1277.5 -262.5 0.0000017051951994531078
712.5 347.5 0.0000016937054942230255
1127.5 262.5 0.000001697150501664492
-1062.5 277.5 0.0000011704063103930263
-1272.5 -1542.5 0.0000016369944567482547
612.5 357.5 0.000015239567363372391
1362.5 -1977.5 0.000001640689164270181
122.5 317.5 0.0000016950325063013994
-1472.5 182.5 0.0000011792392708141528
-1262.5 -397.5 0.000001697805701313218
-652.5 352.5 0.000010454212566121873
387.5 357.5 0.000015239567363372391
907.5 307.5 0.0000016952841513042615
762.5 337.5 0.000001694172614669338
92.5 307.5 0.0000016952841513042615
-1267.5 -1732.5 0.000001637780180022203
532.5 362.5 0.00001523807762129728
-377.5 352.5 0.0000011615375608024567
-37.5 282.5 0.0000016964352392516054
1382.5 207.5 0.0000016992148878883288
-932.5 302.5 0.00000116726905852663
-362.5 352.5 0.000010453968857057448
552.5 362.5 0.0000016930004115762994
1277.5 -272.5 0.0000011904834929045394
-552.5 362.5 0.0000011604665988670396
-1447.5 187.5 0.0000011787478172782912
342.5 352.5 0.00001524151360195019
197.5 327.5 0.000006777808769004437
747.5 122.5 0.000001183872073110961
-617.5 357.5 0.0000011613545937459516
1252.5 -462.5 0.0000011570060019771446
667.5 352.5 0.000015241053673466759
-117.5 312.5 0.000001166182445116311
-1272.5 -1567.5 0.0000016370490245447772
-92.5 307.5 0.0000011666566615329013
722.5 342.5 0.000006775594033258513
1277.5 -162.5 0.0000011988493919439466
582.5 357.5 0.000015238895665341563
862.5 317.5 0.0000067797437279648124
-1272.5 -1652.5 0.0000016372880012861245
1397.5 -1932.5 0.0000016402848049565866
772.5 332.5 0.0000016942575406639707
552.5 357.5 0.0000016932066736772322
662.5 347.5 0.0000016935629910776497
-1262.5 -417.5 0.0000016965252835387226
1262.5 -1842.5 0.0000010199900825466348
497.5 177.5 0.0000011797504814273346
-1412.5 -1897.5 0.0000010224879781549053
1057.5 277.5 0.0000016965841249227666
-472.5 362.5 0.000010446697908496827
-462.5 357.5 0.000004643409258376438
932.5 302.5 0.0000016955095962302176
617.5 357.5 0.0000016933285796475113
-1222.5 12.5 0.0000017036004776949452
-1452.5 -1847.5 0.00000102129576392505
207.5 327.5 0.0000016944147075277453
1072.5 272.5 0.0000016967452015821668
-197.5 327.5 0.000004657595224870726
-102.5 307.5 0.0000011666296109911328
-1022.5 287.5 0.0000011694144671286156
-1277.5 -282.5 0.0000017039985367769633
-1497.5 177.5 0.0000011797504814273346
-1247.5 232.5 0.0000011746887138405773
832.5 102.5 0.000001185205450452916
707.5 342.5 0.000006775189719705903
557.5 362.5 0.0000067720658627107224
-352.5 357.5 0.0000011613432885632163
-727.5 342.5 0.000001162680893037533
1372.5 -1967.5 0.0000016406200348602226
-32.5 282.5 0.0000016963654176969692
77.5 302.5 0.0000016954863671070195
117.5 312.5 0.0000016951095145591608
1272.5 -27.5 0.00000119130485188685
-572.5 362.5 0.000010447153216684433
402.5 202.5 0.0000011778117993221202
-897.5 312.5 0.0000011664101138429466
412.5 357.5 0.000006773004572828401
377.5 352.5 0.0000016933961737557894
-1127.5 262.5 0.0000011717336183677657
-787.5 332.5 0.0000011638241183605358
1487.5 -1782.5 0.0000016388157419020182
1112.5 267.5 0.0000016970769612495497
-417.5 357.5 0.00001044931836552554
1257.5 -1897.5 0.0000010214804144070027
-792.5 327.5 0.000001164297152834372
452.5 357.5 0.000015238691614014413
427.5 197.5 0.0000011782717933772484
1277.5 -117.5 0.0000011963394935016268
1262.5 -407.5 0.0000011668908922966549
-212.5 332.5 0.0000011638241183605358
227.5 332.5 0.0000016942575406639707
-77.5 302.5 0.0000011672059489996033
-897.5 307.5 0.0000011666296109911328
742.5 342.5 0.000006775731312824865
1157.5 257.5 0.0000016974462251898664
142.5 322.5 0.000001694826434143192
1272.5 -1677.5 0.0000010165865458960447
62.5 277.5 0.0000011704063103930263
-537.5 362.5 0.0000011608238066024735
222.5 337.5 0.0000016941898163556887
-222.5 337.5 0.0000011636874153004343
527.5 362.5 0.000015237927230464064
-1192.5 247.5 0.000001173392216006643
32.5 282.5 0.0000011695959855897195
52.5 302.5 0.000001695657377800741
812.5 327.5 0.000015250486643087387
1337.5 212.5 0.0000016989096254365015
112.5 267.5 0.0000011715332591803538
77.5 307.5 0.000001695400100513427
1007.5 287.5 0.0000016961746654646374
-492.5 362.5 0.000010445837856815656
-767.5 337.5 0.0000046540311466415935
-137.5 317.5 0.000004662844934674748
1462.5 -1822.5 0.0000016392284543161542
-907.5 307.5 0.0000011666566615329013
-1382.5 207.5 0.00000117736843142148
-542.5 357.5 0.000010448139179002835
322.5 217.5 0.0000011761273294111993
1207.5 242.5 0.000001697867156781499
-1272.5 -1437.5 0.0000016370136141291958
257.5 342.5 0.000006775731312824865
1267.5 -1812.5 0.0000010193079690386856
1017.5 287.5 0.0000016962351124447015
-7.5 292.5 0.000004674552544675714
-1222.5 242.5 0.0000011739971489254501
7.5 292.5 0.000006784053130065024
292.5 342.5 0.000006775189719705903
167.5 322.5 0.000001694684401680453
-617.5 352.5 0.0000046457807696480815
1357.5 212.5 0.0000016990590199823353
1247.5 232.5 0.0000016982340583465366
32.5 297.5 0.0000016958250218089804
-252.5 337.5 0.0000046530123402547024
-672.5 352.5 0.0000046476326117566164
-207.5 332.5 0.0000046562392663004954
402.5 362.5 0.000015238123377928959
337.5 212.5 0.0000011765339386393855
-967.5 297.5 0.0000011681262804824576
372.5 357.5 0.000015239242197143757
-1092.5 272.5 0.000001171021631079888
