0 277.7193903255087
-4.289467203978085 277.6799503818128
-8.576000362367939 277.56166700686714
-12.856667424776267 277.3646495234732
-17.128540329876405 277.08907998381125
-21.388696996627353 276.7352129410311
-25.85726409621204 277.44754046103236
-30.122045081570572 276.93155497262154
-34.36622242628024 276.3374669769241
-38.91973465986792 276.78724435139105
-43.15019363155283 276.029098842551
-47.75608078459469 276.2950153978314
-51.960291057753686 275.3716371227044
-56.604898190817764 275.44892105000764
-61.28115627776917 275.42358601019566
-65.43957795487933 274.2443551392027
-70.13316410256948 274.02360437733773
-74.8469852737056 273.6958420487214
-79.57700302038546 273.25949562687407
-84.31912208737702 272.7131009153274
-89.06919377515965 272.05530347787817
-93.82301936764384 271.2848599486626
-99.35288540005422 271.32341917821856
-104.13248402056799 270.30278469467567
-109.7404708130203 270.0443018417877
-114.52629135489327 268.76652449519986
-120.19033692325719 268.2012633972007
-125.88828313049972 267.4669005306252
-131.61375009915724 266.56069349623385
-137.36026243679265 265.48008590891084
-143.12125532294687 264.22271011659257
-149.92430530727486 263.4855955411318
-156.7791484003165 262.5103358677003
-163.6768270120733 261.29308434358444
-170.60825363345182 259.8302692113749
-177.56421983089035 258.118597723794
-185.6888947127631 256.70457581183945
-195.03749765572007 255.48999610100256
-203.26884540264825 253.40287085159926
-212.74003116079516 251.44126423807555
-223.4961643730869 249.50127986832123
-234.32418720770025 247.09149681333568
-246.47699698946732 244.55671473331432
-259.9865008145149 241.78710951292126
-274.8792002540587 238.67081685512971
-291.17612226941685 235.09417950879651
-310.2238385657805 231.15020319037004
-332.07103635762536 226.61299615539286
-355.3993321581721 221.11872356329243
-384.30312706741904 214.84117367294485
-417.48414915216074 207.26363160537068
-457.74417667006446 198.08515102353883
-507.93442678886123 186.7025185079574
-570.9369749338003 172.20943547698192
-653.8712602240763 153.13082275579293
-766.7439482343411 126.99503681338207
-930.9579414630662 89.00982703756617
NaN NaN
NaN NaN
NaN NaN
-1109.8207876948732 -247.34600821678376
-1097.3317037493057 -264.74317072854666
-1086.0205610440653 -285.69910966376347
-1076.672855029746 -306.82246644082085
-1068.4163903613808 -328.25722291943555
-1061.6061653682184 -350.3090644151073
-1055.9958896332828 -372.9446954485204
-1050.3855616551225 -396.0659716924421
-1045.8937248624982 -419.273858209234
-1041.182762341866 -442.8287753512379
-1037.3890605653507 -466.5570780662746
-1034.430586969535 -490.5712739882801
-1031.0002812411358 -515.0086405756965
-1028.263008634235 -539.8521683912711
-1024.9294810473698 -565.1365913232049
-1022.1648136868341 -590.938264242426
-1019.9013815262466 -617.3556467945355
-1016.8742144691568 -644.2720696691322
-1015.4096163044036 -672.1528192409718
-1013.0553060492302 -700.617153495917
-1010.9281039005532 -729.9574939354607
-1008.9463825802401 -760.2503529156876
-1007.0245173099113 -791.5667563709166
-1005.0729767007058 -823.9719383801623
-1004.0846479621127 -858.0380852405591
-1002.8355567848008 -893.384768150065
-1001.2220481037385 -930.054962556322
-982.8026471326885 -958.0362972255084
-959.5861314082725 -983.0106479564456
-935.7689824473325 -1007.3378750915144
-911.4131020123694 -1031.0088887892236
-886.5416276837257 -1054.0197767438078
-861.1606975556126 -1076.3655416279569
-835.2780029862034 -1098.0396913574803
-808.9026374397082 -1119.0345987492624
-782.0449240358502 -1139.3417857989482
-754.716351231722 -1158.9521769353812
-726.9293694480834 -1177.8562645148515
-698.6974095991324 -1196.044301732115
-670.0346942929004 -1213.5063972963262
-640.9563039152877 -1230.23268956765
-611.4779480661931 -1246.2133555875516
-581.616036588848 -1261.43875865238
-551.3875594500045 -1275.8994736510606
-520.8101069299258 -1289.5863981804603
-489.90171665576435 -1302.490708506454
-458.68096049144003 -1314.6040165764982
-427.16677575201254 -1325.918274377203
-395.3785576797642 -1336.4259432339961
-363.336039209298 -1346.1199285382472
-331.0592806793657 -1354.9936226374489
-298.56865172411597 -1363.0409468778544
-265.88478723370935 -1370.2563494341066
-233.02855777522194 -1376.6348134424995
-200.02105487810374 -1382.1719021578747
-166.8835510298481 -1386.8637462188808
-133.63747005674833 -1390.7070332500748
-100.3043756452417 -1393.6990743631977
-66.90593034538323 -1395.8377596444122
-33.46387453400569 -1397.1215802325946
0 -1397.549620823967
33.46387453400516 -1397.1215802325946
66.90593034538274 -1395.8377596444122
100.3043756452417 -1393.6990743631977
133.63747005674776 -1390.7070332500748
166.88355102984758 -1386.8637462188808
200.02105487810374 -1382.1719021578747
233.02855777522154 -1376.6348134424995
265.8847872337086 -1370.2563494341066
298.56865172411597 -1363.0409468778544
331.05928067936526 -1354.9936226374489
363.33603920929767 -1346.1199285382472
395.3785576797642 -1336.4259432339961
427.1667757520122 -1325.9182743772035
458.6809604914395 -1314.6040165764985
489.90171665576435 -1302.490708506454
520.8101069299254 -1289.5863981804605
551.387559450004 -1275.899473651061
581.616036588848 -1261.43875865238
611.477948066193 -1246.2133555875516
640.9563039152877 -1230.23268956765
670.0346942929004 -1213.5063972963262
698.6974095991324 -1196.044301732115
726.9293694480834 -1177.8562645148515
754.716351231722 -1158.9521769353812
782.0449240358499 -1139.3417857989482
808.9026374397081 -1119.0345987492622
835.2780029862034 -1098.0396913574803
861.1606975556117 -1076.3655416279573
886.5416276837249 -1054.0197767438092
911.4131020123694 -1031.0088887892236
935.7689824473317 -1007.3378750915153
959.5861314082721 -983.0106479564461
982.8026471326883 -958.0362972255085
1001.2220481037383 -930.0549625563223
1002.8355567848012 -893.3847681500649
1004.0846479621127 -858.0380852405591
1005.0729767007058 -823.9719383801623
1007.0245173099112 -791.566756370917
1008.9463825802401 -760.2503529156876
1010.9281039005526 -729.9574939354611
1013.0553060492302 -700.617153495917
1015.4096163044036 -672.1528192409718
1016.8742144691568 -644.2720696691322
1019.9013815262466 -617.3556467945356
1022.1648136868345 -590.9382642424256
1024.9294810473698 -565.1365913232049
1028.2630086342344 -539.8521683912722
1031.0002812411358 -515.0086405756965
1034.430586969535 -490.5712739882801
1037.38906056535 -466.5570780662759
1041.1827623418656 -442.82877535123964
1045.8937248624982 -419.2738582092336
1050.3855616551216 -396.06597169244463
1055.9958896332828 -372.9446954485204
1061.6061653682184 -350.3090644151073
1068.4163903613808 -328.25722291943555
1076.672855029746 -306.82246644082085
1086.0205610440653 -285.69910966376347
1097.3317037493057 -264.74317072854666
1109.8207876948732 -247.34600821678376
NaN NaN
NaN NaN
NaN NaN
930.9579414630664 89.00982703756436
766.7439482343411 126.99503681338207
653.8712602240763 153.13082275579293
570.9369749338003 172.20943547698192
507.9344267888613 186.7025185079569
457.7441766700646 198.08515102353869
417.48414915216074 207.26363160537048
384.30312706741904 214.84117367294485
355.3993321581721 221.11872356329243
332.07103635762536 226.61299615539286
310.2238385657805 231.15020319036998
291.17612226941685 235.09417950879654
274.87920025405873 238.6708168551296
259.9865008145149 241.78710951292126
246.47699698946732 244.55671473331432
234.32418720770025 247.09149681333568
223.49616437308703 249.50127986832103
212.74003116079518 251.44126423807546
203.26884540264825 253.40287085159918
195.03749765572007 255.48999610100256
185.6888947127631 256.70457581183945
177.56421983089035 258.118597723794
170.6082536334519 259.8302692113748
163.67682701207332 261.29308434358444
156.7791484003165 262.51033586770023
149.92430530727486 263.4855955411318
143.12125532294687 264.22271011659257
137.36026243679265 265.48008590891084
131.61375009915736 266.5606934962338
125.88828313049976 267.46690053062446
120.19033692325722 268.2012633972007
114.52629135489327 268.76652449519986
109.7404708130203 270.0443018417877
104.13248402056799 270.30278469467567
99.35288540005429 271.32341917821844
93.82301936764387 271.2848599486626
89.06919377515966 272.05530347787817
84.31912208737702 272.7131009153274
79.57700302038546 273.25949562687407
74.8469852737056 273.6958420487214
70.13316410256955 274.02360437733773
65.43957795487937 274.2443551392027
61.2811562777692 275.4235860101956
56.604898190817764 275.44892105000764
51.960291057753686 275.3716371227044
47.75608078459469 276.2950153978314
43.15019363155288 276.0290988425509
38.91973465986796 276.78724435139105
34.366222426280295 276.3374669769241
30.122045081570572 276.93155497262154
25.85726409621204 277.44754046103236
21.388696996627353 276.7352129410311
17.128540329876447 277.08907998381125
12.85666742477631 277.3646495234732
8.576000362367983 277.56166700686714
4.289467203978085 277.6799503818128
