0 1168.2122016569697
-9.686400850085082 1168.155484619927
-19.366168579722064 1167.9854124636536
-29.032674599592497 1167.702221910089
-38.67929937957153 1167.3063070205917
-48.29943697066331 1166.7982184835435
-57.886499517752114 1166.1786626179571
-67.43392176010724 1165.4485000940667
-76.93516551660807 1164.6087443719662
-86.38372415265124 1163.6605598601377
-95.77312702569841 1162.605259795348
-105.0969439064905 1161.4443038465022
-114.34878937289871 1160.179295444663
-128.2817006423416 1169.584745555506
-137.72094628941588 1167.9825383752652
-147.06589785539765 1166.2724043302403
-156.31015606139297 1164.4565840928783
-165.44739037068905 1162.5374509716523
-174.47134331367283 1160.5175066181835
-183.3758347634435 1158.3993764874167
-192.15476615922657 1156.1858050566757
-200.80212467467635 1153.879650810996
-209.31198732835574 1151.4838810021952
-225.75428149000524 1158.0131776894925
-234.27692498609437 1155.2229492495362
-242.63917678243064 1152.34430393819
-250.83530849271912 1149.3807404804381
-258.8597051096733 1146.3358425611457
-266.70686884710966 1143.2132723354814
-284.18611551495565 1147.5596650782386
-291.9307405297098 1144.021209984595
-299.47551439064165 1140.409171172191
-306.8152660284766 1136.7276409771373
-324.78709868004796 1139.3937371096933
-331.9412942217088 1135.2859241196395
-338.86826128505123 1131.114622890998
-357.0986030838219 1132.3792903655494
-363.7733876007071 1127.7757285263126
-382.15704551522884 1127.968935619663
-388.5296806854038 1122.9279185228547
-406.9844319320794 1122.0230102005498
-413.0046523365669 1116.5419933488456
-431.44704749311484 1114.5166804821954
-449.93400504886023 1111.749676769916
-468.43571744334827 1108.2326526648835
-486.9221628140707 1103.9581740293002
-505.3631348818297 1098.9197085826831
-523.7282729840247 1093.111631809074
-555.5474925524745 1087.8785596832147
-587.4520618478227 1081.125581162615
-619.3843568085663 1072.840965191072
-665.1504227258586 1063.2481801542735
-710.9946772508049 1051.352341124016
-770.8517759967514 1036.622902684903
-858.912235621424 1017.0271164307527
-975.3920187628861 990.3066315683183
NaN NaN
NaN NaN
NaN NaN
NaN NaN
-1441.6580033006674 -1284.6416757262402
-1420.7174140644345 -1293.3549823690546
-1398.5826249950799 -1304.3684848225892
-1378.9487868066926 -1315.7132891145836
-1360.7385852043797 -1327.4720172807195
-1342.8117848454742 -1340.0124994238004
-1338.1796958072796 -1351.366422482166
-1320.3986064097305 -1365.274641983418
-1302.7748048444917 -1379.4916129434744
-1297.973734626459 -1392.9148498080253
-1280.198933838661 -1407.8940703342648
-1274.7904939698708 -1422.5978928198037
-1256.5442914825128 -1438.2250964712598
-1250.2651836711964 -1454.1167266325226
-1243.4035769405295 -1470.723494644574
-1235.9178908029126 -1488.0211327559493
-1227.768376632522 -1505.984500226073
-1207.3112167085553 -1523.1820325229316
-1209.339933503075 -1543.7952555145046
-1199.0003322805137 -1563.5807744096508
-1187.87239448984 -1583.909607193151
-1175.9331529759647 -1604.7461139415861
-1173.888715706311 -1629.1031968652221
-1160.062326270859 -1651.1638051487348
-1155.6873548837536 -1677.3299203919398
-1139.8717271574546 -1700.445163769879
-1133.0401824994233 -1728.2295408384912
-1124.82755336622 -1756.91138924237
-1124.6876356156358 -1791.481417504963
-1113.6319177523767 -1822.095127726908
-1110.4293592701702 -1859.1573574082738
-1096.5985605773376 -1891.5015192553951
-1090.1085852427975 -1930.851617445381
-1090.2844508442893 -1978.1540913748704
-1079.8123565524015 -2020.2016864122077
-1075.4238136705583 -2070.7206227257725
-1068.511633062887 -2122.874864146682
-1058.990657312835 -2176.554202888604
-1054.135949990881 -2240.0604201663837
-1053.1063530351948 -2314.273691155474
-1048.1676103857912 -2390.9253172398558
-1039.1944664675646 -2469.81305064912
-988.3554818276698 -2492.4485715427963
-925.0168690882743 -2494.387868628245
-862.4117561243476 -2494.6322639686605
-805.8703653183877 -2503.2527533846815
-744.557619983984 -2500.328782165091
-688.7295715207038 -2506.068886029428
-633.1557829138031 -2510.457333732275
-577.8744116526173 -2513.5059639172323
-522.9273090555062 -2515.2337670784873
-468.35176668518017 -2515.6556670165505
-414.1885601203812 -2514.7952512482893
-362.9776971079219 -2523.417039381313
-309.3918027795077 -2520.0913767768893
-258.1196397317901 -2526.3853337783244
-205.2516399785056 -2520.650100061061
-154.04984538288474 -2524.6309139601212
-102.75283714002344 -2527.477197902599
-51.39230625714546 -2529.1861060642223
0 -2529.755931712808
51.392306257144625 -2529.1861060642223
102.75283714002263 -2527.477197902599
154.04984538288474 -2524.6309139601212
205.25163997850493 -2520.650100061061
258.11963973178916 -2526.3853337783244
309.3918027795077 -2520.0913767768893
362.9776971079211 -2523.417039381313
414.1885601203802 -2514.7952512482893
468.35176668518017 -2515.6556670165505
522.9273090555052 -2515.2337670784873
577.8744116526162 -2513.5059639172327
633.1557829138031 -2510.457333732275
688.7295715207028 -2506.068886029428
744.5576199839829 -2500.328782165091
805.8703653183877 -2503.2527533846815
862.4117561243471 -2494.632263968661
925.0168690882736 -2494.387868628246
988.3554818276698 -2492.4485715427963
1039.1944664675636 -2469.8130506491207
1048.167610385791 -2390.9253172398558
1053.1063530351948 -2314.273691155474
1054.135949990881 -2240.0604201663837
1058.9906573128337 -2176.5542028886043
1068.511633062887 -2122.874864146682
1075.4238136705578 -2070.7206227257725
1079.8123565524013 -2020.201686412208
1090.2844508442893 -1978.1540913748704
1090.1085852427966 -1930.8516174453819
1096.5985605773365 -1891.5015192553956
1110.4293592701702 -1859.1573574082738
1113.6319177523765 -1822.095127726908
1124.6876356156358 -1791.481417504963
1124.8275533662195 -1756.91138924237
1133.0401824994226 -1728.2295408384914
1139.8717271574544 -1700.4451637698792
1155.6873548837536 -1677.3299203919398
1160.062326270859 -1651.1638051487348
1173.8887157063086 -1629.1031968652228
1175.9331529759638 -1604.7461139415868
1187.8723944898402 -1583.909607193151
1199.000332280514 -1563.580774409651
1209.339933503075 -1543.7952555145046
1207.3112167085553 -1523.1820325229316
1227.7683766325217 -1505.984500226073
1235.917890802912 -1488.0211327559498
1243.403576940529 -1470.7234946445742
1250.2651836711962 -1454.116726632523
1256.5442914825128 -1438.2250964712598
1274.7904939698708 -1422.5978928198037
1280.198933838661 -1407.894070334265
1297.9737346264587 -1392.9148498080256
1302.7748048444903 -1379.4916129434748
1320.3986064097298 -1365.274641983418
1338.1796958072796 -1351.366422482166
1342.8117848454742 -1340.0124994238004
1360.7385852043797 -1327.4720172807195
1378.9487868066926 -1315.7132891145836
1398.5826249950799 -1304.3684848225892
1420.7174140644345 -1293.3549823690546
1441.6580033006674 -1284.6416757262402
NaN NaN
NaN NaN
NaN NaN
NaN NaN
975.3920187628861 990.3066315683183
858.912235621424 1017.0271164307527
770.8517759967514 1036.622902684903
710.994677250805 1051.3523411240153
665.1504227258586 1063.2481801542733
619.3843568085664 1072.8409651910717
587.4520618478227 1081.125581162615
555.5474925524745 1087.8785596832147
523.7282729840247 1093.111631809074
505.3631348818298 1098.9197085826831
486.92216281407076 1103.9581740293
468.4357174433483 1108.2326526648833
449.93400504886023 1111.749676769916
431.44704749311484 1114.5166804821954
413.0046523365669 1116.5419933488456
406.9844319320795 1122.0230102005496
388.52968068540383 1122.9279185228547
382.1570455152289 1127.968935619663
363.7733876007071 1127.7757285263126
357.0986030838219 1132.3792903655494
338.86826128505123 1131.114622890998
331.94129422170886 1135.2859241196395
324.78709868004796 1139.3937371096933
306.81526602847663 1136.727640977137
299.47551439064165 1140.409171172191
291.9307405297098 1144.021209984595
284.18611551495565 1147.5596650782386
266.7068688471098 1143.2132723354814
258.85970510967337 1146.3358425611457
250.83530849271915 1149.380740480438
242.63917678243064 1152.34430393819
234.27692498609437 1155.2229492495362
225.75428149000524 1158.0131776894925
209.31198732835583 1151.4838810021952
200.8021246746764 1153.879650810996
192.15476615922663 1156.1858050566757
183.3758347634435 1158.3993764874167
174.47134331367283 1160.5175066181835
165.44739037068905 1162.5374509716523
156.310156061393 1164.4565840928783
147.0658978553977 1166.2724043302403
137.7209462894159 1167.9825383752652
128.2817006423416 1169.584745555506
114.34878937289871 1160.179295444663
105.0969439064905 1161.4443038465022
95.77312702569846 1162.605259795348
86.3837241526513 1163.6605598601377
76.93516551660952 1164.6087443719662
67.43392176010724 1165.4485000940667
57.886499517752114 1166.1786626179571
48.29943697066331 1166.7982184835435
38.67929937957169 1167.3063070205917
29.032674599593296 1167.702221910089
19.36616857972211 1167.9854124636536
9.686400850085082 1168.155484619927
