0 1271.1122016569716
-10.299460548271043 1271.053658353997
-20.591867815599855 1270.8781122114187
-30.870173340130876 1270.5858143744754
-41.1273382949189 1270.1771829061813
-51.356338297229314 1269.6528020191342
-61.550168208063226 1269.0134210011422
-71.70184691864742 1268.2599528356786
-81.80442212066112 1267.3934725183394
-91.85097505696561 1266.4152150712257
-101.83462524959978 1265.3265732569753
-111.74853520187473 1264.1290949951424
-121.58591507134621 1262.824480483345
-136.09940077940126 1272.1873457397494
-146.113863003916 1270.5396880481383
-156.02827906145822 1268.78135868603
-165.8358593906166 1266.9147266491598
-175.52988738183342 1264.9423007299567
-185.1037239669178 1262.8667248938712
-194.5508121561886 1260.6907733899498
-203.8646815201702 1258.417345601852
-213.03895261275233 1256.0494606474374
-222.06734133293955 1253.5902517349673
-239.0194196786056 1260.054571784426
-248.04275609560554 1257.198004502592
-256.8962663998288 1254.2518374950428
-265.57388552093784 1251.219752392297
-274.0696684642254 1248.105518863829
-282.3777943788668 1244.9129876397913
-300.3072631543396 1249.1889846606755
-308.4910616473973 1245.5798913687056
-316.463659369744 1241.8971651920217
-324.21959204300254 1238.145092315551
-342.59567767431304 1240.7409843056814
-350.14192108522826 1236.5634990401284
-357.44846221731524 1232.3232496641958
-376.0456441432126 1233.5198837743947
-383.0742834317085 1228.849391862125
-401.7985682479388 1228.976957997793
-408.49836900125837 1223.8717716638162
-427.26660028956366 1222.904344681805
-433.5864003506074 1217.3626343341416
-452.31426946170313 1215.278622937242
-471.0723996203994 1212.4550801747885
-489.8307974180857 1208.8838352355565
-508.5592650729001 1204.5576064622983
-527.2274304356611 1199.4700073387535
-545.8047771368304 1193.6155519534732
-577.821075171054 1188.3389873019216
-609.9074577312394 1181.5455253754983
-642.0061761501552 1173.2235497845982
-687.923161660628 1163.5966348579154
-733.90272848101 1151.669992556024
-793.8794394883631 1136.9131649944436
-882.043729364142 1117.2934816647157
-998.611489586344 1090.5526597922749
NaN NaN
NaN NaN
NaN NaN
NaN NaN
-1460.971849968736 -1376.064411331055
-1439.9007276354314 -1384.4983966551288
-1417.5919661836601 -1395.1647433908524
-1397.7694468035777 -1406.1585102902993
-1379.355266328122 -1417.5599244310195
-1361.2049627762087 -1429.7258011222177
-1356.3560288767546 -1440.7480260478576
-1338.3170522031035 -1454.2540965032538
-1320.4243550280275 -1468.0673873098722
-1315.3570972798211 -1481.1175957389976
-1297.291025736414 -1495.6857673860102
-1291.5886742277207 -1509.993949290271
-1273.0327356241912 -1525.2068149127222
-1266.43624027015 -1540.684361935258
-1259.245434801384 -1556.8650746962458
-1251.4199215263825 -1573.7258808586803
-1242.921107077157 -1591.2428190850294
-1222.119428205469 -1608.0219601641318
-1223.770165991404 -1628.136748090172
-1213.0595467997912 -1647.4542891833667
-1201.5554544244696 -1667.3103418048343
-1189.235901774514 -1687.670446815365
-1186.7845767720946 -1711.4759722519664
-1172.5709119131564 -1733.0500823914224
-1167.7813667259593 -1758.6444864462399
-1151.575559074493 -1781.2687162569355
-1144.3264333586583 -1808.468125710654
-1135.6959933451815 -1836.5583168913925
-1135.110594602449 -1870.42577295654
-1123.6397421332742 -1900.4361064884895
-1119.9962618483034 -1936.7794254499834
-1105.756959906498 -1968.5156782154838
-1098.8347374126936 -2007.1384867525076
-1098.5567605719152 -2053.587266346527
-1087.6657335596587 -2094.9020811443856
-1082.8399026833106 -2144.5624581833226
-1075.5004914034816 -2195.85925146313
-1065.563074462779 -2248.685174449104
-1060.2806166762368 -2311.2146048524532
-1058.8162298941868 -2384.3308597720975
-1053.4600200625093 -2459.8995423494625
-1044.0869240325844 -2537.722166594132
-992.968911317 -2560.0725155505306
-929.388352740864 -2562.001880030995
-866.5414211150537 -2562.2581164548296
-809.7426784520599 -2570.7790253753637
-748.188038853481 -2567.9072394508685
-692.1035700748358 -2573.5843863228456
-636.273851285617 -2577.9270157318306
-580.7367903874041 -2580.9466764760577
-525.5339901874245 -2582.662016563291
-470.7025072548219 -2583.087710200277
-416.2828819093235 -2582.247019015897
-364.80722350159874 -2590.763221730387
-310.9643346424885 -2587.4876165192686
-259.4285244495803 -2593.70472203931
-206.30216474529863 -2588.0491018499497
-154.83714921306603 -2591.9813209399035
-103.27742581042489 -2594.792927499182
-51.6545164837154 -2596.4810425084665
0 -2597.0439393191637
51.65451648371456 -2596.4810425084665
103.27742581042406 -2594.792927499182
154.83714921306603 -2591.9813209399035
206.30216474529794 -2588.0491018499497
259.4285244495794 -2593.70472203931
310.9643346424885 -2587.4876165192686
364.8072235015979 -2590.763221730387
416.2828819093225 -2582.247019015897
470.7025072548219 -2583.087710200277
525.5339901874236 -2582.662016563291
580.7367903874031 -2580.946676476058
636.273851285617 -2577.9270157318306
692.1035700748349 -2573.5843863228456
748.18803885348 -2567.9072394508685
809.7426784520599 -2570.7790253753637
866.5414211150533 -2562.25811645483
929.3883527408631 -2562.001880030996
992.968911317 -2560.0725155505306
1044.0869240325835 -2537.7221665941324
1053.460020062509 -2459.8995423494625
1058.8162298941868 -2384.3308597720975
1060.2806166762368 -2311.2146048524532
1065.5630744627776 -2248.6851744491046
1075.5004914034816 -2195.85925146313
1082.8399026833101 -2144.5624581833226
1087.6657335596585 -2094.902081144386
1098.5567605719152 -2053.587266346527
1098.8347374126927 -2007.1384867525085
1105.7569599064968 -1968.5156782154843
1119.9962618483034 -1936.7794254499834
1123.639742133274 -1900.4361064884895
1135.110594602449 -1870.42577295654
1135.695993345181 -1836.5583168913925
1144.3264333586574 -1808.4681257106542
1151.5755590744927 -1781.2687162569357
1167.7813667259593 -1758.6444864462399
1172.5709119131564 -1733.0500823914224
1186.7845767720924 -1711.475972251967
1189.2359017745132 -1687.6704468153657
1201.5554544244699 -1667.3103418048343
1213.0595467997914 -1647.4542891833669
1223.770165991404 -1628.136748090172
1222.119428205469 -1608.0219601641318
1242.9211070771569 -1591.2428190850294
1251.419921526382 -1573.7258808586807
1259.2454348013835 -1556.865074696246
1266.4362402701497 -1540.6843619352585
1273.0327356241912 -1525.2068149127222
1291.5886742277207 -1509.993949290271
1297.291025736414 -1495.6857673860104
1315.357097279821 -1481.1175957389978
1320.4243550280262 -1468.0673873098724
1338.3170522031028 -1454.2540965032538
1356.3560288767546 -1440.7480260478576
1361.2049627762087 -1429.7258011222177
1379.355266328122 -1417.5599244310195
1397.7694468035777 -1406.1585102902993
1417.5919661836601 -1395.1647433908524
1439.9007276354314 -1384.4983966551288
1460.971849968736 -1376.064411331055
NaN NaN
NaN NaN
NaN NaN
NaN NaN
998.611489586344 1090.5526597922749
882.043729364142 1117.2934816647157
793.8794394883631 1136.9131649944436
733.9027284810101 1151.6699925560233
687.923161660628 1163.5966348579152
642.0061761501553 1173.223549784598
609.9074577312394 1181.5455253754983
577.821075171054 1188.3389873019216
545.8047771368304 1193.6155519534732
527.2274304356612 1199.4700073387535
508.55926507290013 1204.557606462298
489.83079741808575 1208.8838352355563
471.0723996203994 1212.4550801747885
452.31426946170313 1215.278622937242
433.5864003506074 1217.3626343341416
427.2666002895637 1222.9043446818048
408.4983690012584 1223.8717716638162
401.7985682479389 1228.976957997793
383.0742834317085 1228.849391862125
376.0456441432126 1233.5198837743947
357.44846221731524 1232.3232496641958
350.1419210852283 1236.5634990401284
342.59567767431304 1240.7409843056814
324.2195920430026 1238.1450923155508
316.463659369744 1241.8971651920217
308.4910616473973 1245.5798913687056
300.3072631543396 1249.1889846606755
282.3777943788669 1244.9129876397913
274.06966846422546 1248.105518863829
265.5738855209379 1251.2197523922969
256.8962663998288 1254.2518374950428
248.04275609560554 1257.198004502592
239.0194196786056 1260.054571784426
222.06734133293963 1253.5902517349673
213.03895261275238 1256.0494606474374
203.86468152017025 1258.417345601852
194.5508121561886 1260.6907733899498
185.1037239669178 1262.8667248938712
175.52988738183342 1264.9423007299567
165.83585939061663 1266.9147266491598
156.02827906145828 1268.78135868603
146.11386300391604 1270.5396880481383
136.09940077940126 1272.1873457397494
121.58591507134621 1262.824480483345
111.74853520187473 1264.1290949951424
101.83462524959982 1265.3265732569753
91.85097505696567 1266.4152150712257
81.80442212066257 1267.3934725183394
71.70184691864742 1268.2599528356786
61.550168208063226 1269.0134210011422
51.356338297229314 1269.6528020191342
41.127338294919056 1270.1771829061813
30.87017334013178 1270.5858143744754
20.5918678155999 1270.8781122114187
10.299460548271043 1271.053658353997
