0 223.86839032550859
-3.968632628594072 223.82990612764948
-7.934551095591839 223.7144874722069
-11.895043083894516 223.5222361337768
-15.847399964177757 223.2533216036834
-19.788918635724364 222.9079808907395
-23.939944148282336 223.63068357383395
-27.888497581934768 223.1268947045087
-31.817978136826216 222.5467925803229
-36.0585400199434 223.0123081242542
-39.97800956104467 222.27161146430015
-44.27508134001005 222.55664136337893
-48.17286194223283 221.65399028579412
-52.51363511908943 221.75356028692136
-56.88886319718077 221.75201101472544
-60.7492651237075 220.59800235967276
-65.1480460269429 220.4038431062171
-69.57047850453915 220.10397067521052
-74.01272381185348 219.69673806259573
-78.47088391850752 219.18060320300353
-82.94100473626537 218.55413059256924
-87.41907941338452 217.81599280092712
-92.6775834709887 217.88775182806918
-97.19039503519957 216.90112178499209
-102.53635253237701 216.67735625935367
-107.06508112178913 215.43491526711165
-112.47714827849028 214.90551382999465
-117.92840230828278 214.20743659888754
-123.4126324042049 213.3378424869766
-128.92352850551327 212.29407532743375
-134.45468727135795 211.07366685891006
-141.0338427682122 210.37354533742243
-147.67088445271636 209.43520300059356
-154.35700400507278 208.2546916443489
-161.08325890821087 206.8283383363185
-167.84058134300463 205.1527497124846
-175.77327655834685 203.77433192787532
-184.93669550416178 202.59477895526163
-192.98978183919849 200.5420058070445
-202.2897509421637 198.61398109430573
-212.88182959933772 196.70671482313102
-223.55307241368394 194.32869469769744
-235.55648415924034 191.82463151517234
-248.9240743220759 189.08461506437226
-263.6824417339443 185.9966979764793
-279.8527054206259 182.44714320219595
-298.78152389260873 178.52888017469323
-320.5176658509868 174.01594461315727
-343.7428239211191 168.54443310950336
-372.5514698884274 162.28806953486833
-405.64539703006255 154.73007900142352
-445.8264432941982 145.569459728632
-495.9458799783837 134.20294759187053
-558.885831039864 119.72419820165479
-641.7657784987188 100.65809161668504
-754.5924251700577 74.53294870950987
-918.7687051067874 36.55648855419631
NaN NaN
NaN NaN
NaN NaN
-1038.9594264675827 -139.72796930342935
-1033.1077350476762 -160.02468808444434
-1028.2776080574922 -184.33612667836474
-1024.2516931444998 -208.61840911786038
-1020.4850689863417 -233.01562139724052
-1017.5720053915854 -257.8728811410137
-1015.3763098090839 -283.1551406503261
-1012.7749254122726 -308.76172930323304
-1010.9192061684739 -334.2664945711732
-1008.5645062045805 -359.9745471095454
-1006.8795694152949 -385.7109155890723
-1005.8302470182662 -411.61217046164404
-1004.1468964888595 -437.8372484869011
-1003.0145352076926 -464.37617279474586
-1001.1632012963132 -491.27353102060334
-993.6867430814027 -517.9963749389602
-981.8632036147717 -544.1133247104391
-969.3761206286998 -569.8417985040029
-956.2371459179088 -595.1718909557326
-942.458109391328 -620.0928923070617
-928.0510515706522 -644.5935475905744
-913.0282510529383 -668.6622491308171
-897.4022382567607 -692.2871884676385
-881.1857930406773 -715.4564789830232
-864.3919665986127 -738.1582409610603
-847.0340341633985 -760.3806927740416
-829.1255204003677 -782.1121959624497
-810.6802086221047 -803.3413018637632
-791.7120689514225 -824.0568029983101
-772.2352979020402 -844.2477509907773
-752.2643050576422 -863.9034847336792
-731.813659732736 -883.0136509333853
-710.8981400934917 -901.5682180593042
-689.532666339759 -919.5574881242313
-667.7323190510737 -936.9721059985934
-645.5123260751725 -953.8030675918485
-622.8880500531482 -970.0417256741601
-599.8749404031951 -985.6797799437212
-576.4886177692107 -1000.7093106053333
-552.7520446535359 -1015.1267692492672
-528.6854255235438 -1028.9291788028345
-504.30088572041325 -1042.109744314223
-479.61118180530957 -1054.6616928155338
-454.6295841592644 -1066.5783030326706
-429.36989980799973 -1077.8530199317179
-403.8463225402616 -1088.4794137252075
-378.07352255748265 -1098.4513389942506
-352.0664810553627 -1107.7628411782732
-325.8405856485743 -1116.408327083444
-299.41151360872306 -1124.3825009736445
-272.7952249177075 -1131.680408339043
-246.00794758887446 -1138.2974785912763
-219.0661371874791 -1144.22952346747
-191.9864508476013 -1149.4727455739212
-164.78573617360084 -1154.023783747192
-137.48099496387388 -1157.8797005736149
-110.08935734268324 -1161.0379721755876
-82.62807402327289 -1163.4965546499225
-55.114479159728425 -1165.2538397346518
-27.56597313441933 -1166.308676873341
0 -1166.6603657630037
27.565973134418872 -1166.308676873341
55.11447915972805 -1165.2538397346518
82.62807402327289 -1163.4965546499225
110.0893573426827 -1161.0379721755876
137.4809949638734 -1157.8797005736149
164.78573617360084 -1154.023783747192
191.986450847601 -1149.4727455739212
219.06613718747852 -1144.22952346747
246.00794758887446 -1138.2974785912763
272.7952249177072 -1131.680408339043
299.4115136087228 -1124.3825009736445
325.8405856485743 -1116.408327083444
352.06648105536243 -1107.7628411782734
378.0735225574822 -1098.4513389942506
403.8463225402616 -1088.4794137252075
429.36989980799933 -1077.853019931718
454.62958415926414 -1066.578303032671
479.61118180530957 -1054.6616928155338
504.3008857204131 -1042.109744314223
528.6854255235438 -1028.9291788028345
552.7520446535359 -1015.1267692492672
576.4886177692107 -1000.7093106053333
599.8749404031951 -985.6797799437212
622.8880500531482 -970.0417256741601
645.5123260751723 -953.8030675918485
667.7323190510737 -936.9721059985933
689.532666339759 -919.5574881242313
710.898140093491 -901.5682180593045
731.8136597327356 -883.0136509333861
752.2643050576422 -863.9034847336792
772.2352979020395 -844.2477509907778
791.7120689514223 -824.0568029983102
810.6802086221045 -803.3413018637633
829.1255204003675 -782.11219596245
847.0340341633987 -760.3806927740416
864.3919665986127 -738.1582409610603
881.1857930406773 -715.4564789830232
897.4022382567606 -692.287188467639
913.0282510529383 -668.6622491308171
928.0510515706518 -644.5935475905748
942.458109391328 -620.0928923070617
956.2371459179088 -595.1718909557326
969.3761206286998 -569.8417985040029
981.8632036147717 -544.1133247104392
993.6867430814029 -517.9963749389598
1001.1632012963132 -491.2735310206034
1003.0145352076921 -464.37617279474705
1004.1468964888595 -437.8372484869011
1005.8302470182662 -411.61217046164404
1006.8795694152944 -385.7109155890737
1008.5645062045802 -359.9745471095473
1010.9192061684739 -334.2664945711728
1012.7749254122717 -308.7617293032356
1015.3763098090839 -283.1551406503261
1017.5720053915854 -257.8728811410137
1020.4850689863417 -233.01562139724052
1024.2516931444998 -208.61840911786038
1028.2776080574922 -184.33612667836474
1033.1077350476762 -160.02468808444434
1038.9594264675827 -139.72796930342935
NaN NaN
NaN NaN
NaN NaN
918.7687051067876 36.55648855419451
754.5924251700577 74.53294870950987
641.7657784987188 100.65809161668504
558.885831039864 119.72419820165479
495.94587997838374 134.20294759187004
445.8264432941983 145.56945972863187
405.64539703006255 154.73007900142332
372.5514698884274 162.28806953486833
343.7428239211191 168.54443310950336
320.5176658509868 174.01594461315727
298.78152389260873 178.52888017469317
279.8527054206259 182.44714320219597
263.68244173394436 185.9966979764792
248.9240743220759 189.08461506437226
235.55648415924034 191.82463151517234
223.55307241368394 194.32869469769744
212.88182959933783 196.70671482313082
202.28975094216372 198.61398109430564
192.98978183919849 200.5420058070444
184.93669550416178 202.59477895526163
175.77327655834685 203.77433192787532
167.84058134300463 205.1527497124846
161.08325890821095 206.82833833631838
154.3570040050728 208.2546916443489
147.67088445271636 209.43520300059353
141.0338427682122 210.37354533742243
134.45468727135795 211.07366685891006
128.92352850551327 212.29407532743375
123.41263240420501 213.33784248697654
117.92840230828283 214.2074365988868
112.4771482784903 214.90551382999462
107.06508112178913 215.43491526711165
102.53635253237701 216.67735625935367
97.19039503519957 216.90112178499209
92.67758347098876 217.88775182806907
87.41907941338455 217.81599280092712
82.94100473626538 218.55413059256924
78.47088391850752 219.18060320300353
74.01272381185348 219.69673806259573
69.57047850453915 220.10397067521052
65.14804602694296 220.40384310621707
60.74926512370755 220.59800235967276
56.8888631971808 221.75201101472538
52.51363511908943 221.75356028692136
48.17286194223283 221.65399028579412
44.27508134001005 222.55664136337893
39.97800956104472 222.27161146430012
36.05854001994344 223.0123081242542
31.81797813682627 222.54679258032286
27.888497581934768 223.1268947045087
23.939944148282336 223.63068357383395
19.788918635724364 222.9079808907395
15.847399964177802 223.25332160368336
11.895043083894558 223.5222361337768
7.934551095591884 223.7144874722069
3.968632628594072 223.82990612764948
