0 239.3033903255081
-4.0605915833219735 239.26463218776
-8.118405980973524 239.14839243437066
-12.170667894975272 238.95477500343551
-16.214605801479895 238.6839529865221
-20.247453834709297 238.33616842107736
-24.489494451829067 239.0558973313112
-28.52868635571573 238.54861261575073
-32.548366627434085 237.96450180227913
-36.878627655590556 238.42550640591713
-40.88723429462981 237.6798084835445
-45.272820034317746 237.9593600356747
-49.25843079699995 237.05076804159643
-53.686290139648506 237.1439503145571
-58.14780070435579 237.1355834656564
-62.093622304616524 235.97434551304121
-66.57690152632631 235.77256448965932
-71.08285305621106 235.46469813895567
-75.60758090984035 235.0491208039494
-80.14713052741916 234.52431273838297
-84.69749204040704 233.8888616743457
-89.25460360409579 233.14146427639307
-94.59088657167626 233.20370743798424
-99.18016576348988 232.2073308992326
-104.60122719880343 231.97361454731282
-109.2036445643986 230.72104530063982
-114.68793483272283 230.18136561677375
-120.20989681146598 229.47288804429004
-125.7632712339686 228.59279978262384
-131.34170065142138 227.5384732647998
-136.93873543901083 226.30746906652587
-143.5820645150773 225.59674444039626
-150.28153335489475 224.64782070135664
-157.02829085421305 223.45677872374762
-163.81335293773853 222.01997457439208
-170.6276114828445 220.33404372846505
-178.61533271725597 218.94542093920262
-187.83182987881224 217.75582845563324
-195.93601024910447 215.693209163764
-205.28505418954214 213.75555906544994
-215.9241548529601 211.8389149953193
-226.64033461579052 209.45179084549184
-238.68656745452833 206.9389228834296
-252.0948335078073 204.19042557510286
-266.8917037301554 201.09437536207975
-283.09827075945134 197.53705806714515
-302.06116822568345 193.61142498810378
-323.8291414739087 189.09153263481716
-347.083861313905 183.61349725230914
-375.9197792709409 177.3510611668011
-409.0386699313009 169.78746669045296
-449.24235413441465 160.62172793417855
-499.38208766291547 149.2505953066725
-562.3399805636037 134.76773754808613
-645.235502560127 115.69804640177935
-758.0753457935784 89.56985294310381
-922.2624352725998 51.59088493477987
NaN NaN
NaN NaN
NaN NaN
-1063.7551233586146 -172.35151771600377
-1055.0718191709534 -191.74406206801729
-1047.5893983832218 -214.95660640403196
-1041.4694829104717 -238.1859688646084
-1035.9944531290819 -261.593043366366
-1031.6407561200374 -285.5159739614232
-1028.214266331752 -309.92239296336925
-1024.5519692112132 -334.7127037662759
-1021.7845761164263 -359.46894107266974
-1018.6285456723406 -384.4806090416914
-1016.2370017852149 -409.5721816605609
-1014.5562577919237 -434.87157171942647
-1012.3017874218325 -460.5300510006996
-1010.6501738553462 -486.53478124261613
-1008.3237555051466 -512.9266955586047
-1006.4983728289402 -539.7892691777548
-1005.1155773838708 -567.2278425214043
-1002.9127648889765 -595.1234963726234
-1002.2311456634345 -623.960525338017
-1000.6131126800689 -653.3453285782543
-985.2520536243496 -679.3405542591508
-969.2393281647103 -704.8728333685203
-952.5884454460679 -729.9298704822072
-935.3131762620916 -754.4992797669651
-917.4275725707527 -778.5686808558797
-898.9459178352951 -802.1257980201808
-879.8827503127645 -825.1585110736976
-860.2528702281053 -847.6549062675614
-840.0712659596342 -869.6033307402416
-819.3531518758172 -890.9924125553999
-798.113953325388 -911.8110902714017
-776.369251746513 -932.048634319718
-754.1348323728204 -951.6946613349161
-731.4266161225823 -970.7391459565215
-708.260676777826 -989.1724298766896
-684.6549864044567 -1006.985780346847
-660.6434591663075 -1024.1770839466872
-636.2421149767013 -1040.741045107542
-611.4619835094694 -1056.6704626014978
-586.3148315993533 -1071.9578597031068
-560.8132307153602 -1086.595663713937
-534.9703302050646 -1100.5762195811699
-508.7999299636742 -1113.8919411142012
-482.316362269181 -1126.535339417659
-455.5345138675515 -1138.4991364312061
-428.4696752237322 -1149.7762230406363
-401.13762939776444 -1160.3598175735744
-373.55448568022774 -1170.2433716574544
-345.73677419124476 -1179.420740361438
-317.7013281439008 -1187.8861178777665
-289.46527596141 -1195.6340810207935
-261.04602563764877 -1202.6596317185017
-232.46122326065236 -1208.958195236552
-203.72872602295217 -1214.5256285902656
-174.86659011140426 -1219.358265834364
-145.89303338790864 -1223.4529054982793
-116.82640847217023 -1226.8068003097587
-87.6851939588625 -1229.41772364264
-58.48795619348458 -1231.2839251253206
-29.253330990998382 -1232.4041527035736
0 -1232.777645172176
29.25333099099791 -1232.4041527035736
58.48795619348417 -1231.2839251253206
87.6851939588625 -1229.41772364264
116.82640847216967 -1226.8068003097587
145.89303338790816 -1223.4529054982793
174.86659011140426 -1219.358265834364
203.72872602295183 -1214.5256285902656
232.46122326065176 -1208.958195236552
261.04602563764877 -1202.6596317185017
289.46527596140953 -1195.6340810207935
317.7013281439005 -1187.8861178777665
345.73677419124476 -1179.420740361438
373.5544856802274 -1170.2433716574546
401.137629397764 -1160.3598175735744
428.4696752237322 -1149.7762230406363
455.5345138675511 -1138.4991364312064
482.3163622691807 -1126.5353394176595
508.7999299636742 -1113.8919411142012
534.9703302050644 -1100.5762195811699
560.8132307153602 -1086.595663713937
586.3148315993533 -1071.9578597031068
611.4619835094694 -1056.6704626014978
636.2421149767013 -1040.741045107542
660.6434591663075 -1024.1770839466872
684.6549864044565 -1006.985780346847
708.260676777826 -989.1724298766895
731.4266161225823 -970.7391459565215
754.1348323728196 -951.6946613349164
776.3692517465124 -932.048634319719
798.113953325388 -911.8110902714017
819.3531518758165 -890.9924125554005
840.0712659596338 -869.6033307402419
860.252870228105 -847.6549062675615
879.8827503127643 -825.1585110736978
898.9459178352954 -802.1257980201808
917.4275725707527 -778.5686808558797
935.3131762620916 -754.4992797669651
952.5884454460678 -729.9298704822077
969.2393281647103 -704.8728333685203
985.2520536243491 -679.3405542591513
1000.6131126800689 -653.3453285782543
1002.2311456634345 -623.960525338017
1002.9127648889765 -595.1234963726234
1005.1155773838708 -567.2278425214045
1006.4983728289405 -539.7892691777544
1008.3237555051466 -512.9266955586047
1010.6501738553458 -486.5347812426173
1012.3017874218325 -460.5300510006996
1014.5562577919237 -434.87157171942647
1016.2370017852145 -409.5721816605623
1018.6285456723402 -384.48060904169324
1021.7845761164263 -359.46894107266934
1024.5519692112123 -334.7127037662785
1028.214266331752 -309.92239296336925
1031.6407561200374 -285.5159739614232
1035.9944531290819 -261.593043366366
1041.4694829104717 -238.1859688646084
1047.5893983832218 -214.95660640403196
1055.0718191709534 -191.74406206801729
1063.7551233586146 -172.35151771600377
NaN NaN
NaN NaN
NaN NaN
922.2624352726 51.590884934778074
758.0753457935784 89.56985294310381
645.235502560127 115.69804640177935
562.3399805636037 134.76773754808613
499.3820876629155 149.250595306672
449.24235413441477 160.6217279341784
409.0386699313009 169.78746669045276
375.9197792709409 177.3510611668011
347.083861313905 183.61349725230914
323.8291414739087 189.09153263481716
302.06116822568345 193.61142498810372
283.09827075945134 197.53705806714518
266.8917037301555 201.09437536207963
252.0948335078073 204.19042557510286
238.68656745452833 206.9389228834296
226.64033461579052 209.45179084549184
215.9241548529602 211.8389149953191
205.28505418954217 213.75555906544986
195.93601024910447 215.69320916376392
187.83182987881224 217.75582845563324
178.61533271725597 218.94542093920262
170.6276114828445 220.33404372846505
163.8133529377386 222.01997457439197
157.02829085421308 223.45677872374762
150.28153335489475 224.6478207013566
143.5820645150773 225.59674444039626
136.93873543901083 226.30746906652587
131.34170065142138 227.5384732647998
125.76327123396871 228.59279978262379
120.20989681146602 229.4728880442893
114.68793483272286 230.18136561677372
109.2036445643986 230.72104530063982
104.60122719880343 231.97361454731282
99.18016576348988 232.2073308992326
94.59088657167634 233.20370743798412
89.25460360409582 233.14146427639307
84.69749204040706 233.8888616743457
80.14713052741916 234.52431273838297
75.60758090984035 235.0491208039494
71.08285305621106 235.46469813895567
66.57690152632638 235.7725644896593
62.093622304616574 235.97434551304121
58.14780070435582 237.13558346565634
53.686290139648506 237.1439503145571
49.25843079699995 237.05076804159643
45.272820034317746 237.9593600356747
40.88723429462986 237.67980848354446
36.8786276555906 238.42550640591713
32.54836662743414 237.9645018022791
28.52868635571573 238.54861261575073
24.489494451829067 239.0558973313112
20.247453834709297 238.33616842107736
16.214605801479937 238.68395298652206
12.170667894975315 238.95477500343551
8.118405980973568 239.14839243437066
4.0605915833219735 239.26463218776
