-1397.5 372.5 0.00000093789723068795
-862.5 487.5 0.0000036954360280758167
-107.5 482.5 0.0000036980394225857615
-977.5 237.5 0.000001590968811951522
162.5 492.5 0.0000015791068185480805
107.5 477.5 0.000001579830460375063
872.5 482.5 0.000006318171628857994
282.5 507.5 0.0000015781778791439802
-807.5 497.5 0.0000036900779541115033
1097.5 437.5 0.000001582102349558909
177.5 492.5 0.000006316177785575331
752.5 507.5 0.0000015782779217366752
542.5 522.5 0.000014196195587760549
-1307.5 392.5 0.0000009355476967507154
367.5 517.5 0.000006310649345172739
-1347.5 152.5 0.0000015935095245005737
462.5 527.5 0.0000015773276112890877
-922.5 472.5 0.0000009255258893389908
-937.5 472.5 0.0000009258154165628048
-217.5 502.5 0.000003687938145764471
587.5 522.5 0.000014196510129996777
-237.5 502.5 0.0000009218618268026744
-752.5 507.5 0.000000921278969873822
192.5 417.5 0.0000009326104422368307
-267.5 507.5 0.0000009212897368551344
697.5 512.5 0.000014202101451330427
-1032.5 452.5 0.0000009284084213894116
517.5 527.5 0.000006309075352202397
-192.5 492.5 0.0000009227865788580137
207.5 412.5 0.0000009329071404619223
372.5 522.5 0.0000015775560694344848
147.5 487.5 0.00001421379574705634
127.5 482.5 0.000006318171628857994
947.5 467.5 0.0000015803753707998934
-892.5 482.5 0.000003698039422585762
-92.5 437.5 0.000001581994447639284
-592.5 522.5 0.0000036774243627006252
957.5 467.5 0.000006321827663265981
632.5 317.5 0.0000009435489944810056
372.5 377.5 0.0000009373974971559731
247.5 407.5 0.0000009339660943995709
77.5 472.5 0.0000015801182683867763
-1192.5 417.5 0.0000009326104422368307
407.5 522.5 0.000006309770351887456
52.5 467.5 0.0000015803753707998934
17.5 462.5 0.0000015807436054870269
477.5 527.5 0.000014195523035769362
-227.5 502.5 0.000003687774906557718
992.5 462.5 0.0000015807882511629823
-397.5 372.5 0.0000015854436084192454
-537.5 522.5 0.0000009191115164060011
-67.5 442.5 0.000001581697332771146
747.5 507.5 0.0000015783613357772203
462.5 357.5 0.0000009395444137982345
817.5 492.5 0.0000015789237099958778
-22.5 452.5 0.0000015811519464709583
-307.5 512.5 0.000003681581219827626
-392.5 522.5 0.000000919107033943119
487.5 527.5 0.000014195344086488022
-232.5 407.5 0.0000015836071163773972
-882.5 482.5 0.000003697368517310253
-927.5 247.5 0.0000015905264530482173
-32.5 467.5 0.0000009265136843774268
72.5 442.5 0.0000009294007825988491
-222.5 502.5 0.0000009217430081904695
32.5 467.5 0.000001580545415169355
757.5 507.5 0.0000015783405229497228
-712.5 507.5 0.0000009209287704286644
787.5 497.5 0.000006314900864266123
-27.5 462.5 0.0000037069397265838047
-62.5 472.5 0.0000009258154165628048
1107.5 432.5 0.0000015822146555269015
167.5 422.5 0.0000009319922130587344
607.5 522.5 0.0000015773342996279497
-357.5 377.5 0.0000015850162080744843
-657.5 517.5 0.000008281391797666333
647.5 522.5 0.0000015775735228792177
827.5 272.5 0.0000009478162707585371
642.5 522.5 0.000014197547692028035
-32.5 452.5 0.0000015813637957307602
882.5 482.5 0.000006318423736353693
797.5 497.5 0.000014209204005204687
1337.5 382.5 0.0000015848220855952164
-42.5 467.5 0.0000037052358606209876
1262.5 402.5 0.0000015839151320925161
-1137.5 427.5 0.0000009311267981085517
502.5 527.5 0.000014195270364525
62.5 472.5 0.000001580243502624303
-72.5 472.5 0.0000009255328954568193
1017.5 457.5 0.0000015810867017767052
762.5 502.5 0.0000015785308670697623
-612.5 522.5 0.0000036767905057584975
217.5 502.5 0.000006314336423507454
-277.5 512.5 0.000003682866758889327
572.5 527.5 0.0000063089971528931885
687.5 517.5 0.000014200020653431747
-522.5 527.5 0.00000827084651958237
-932.5 472.5 0.0000009257923222535234
1027.5 452.5 0.0000015812916855837654
782.5 502.5 0.000006314336423507454
-1282.5 392.5 0.0000009351657223898113
-117.5 482.5 0.0000036973685173102525
1107.5 207.5 0.0000009531479003057367
377.5 522.5 0.0000063100492311455
982.5 462.5 0.0000015807436054870269
-292.5 512.5 0.000008284141732619509
-167.5 422.5 0.0000015829083208373162
967.5 467.5 0.000001580545415169355
162.5 422.5 0.0000009316612728416517
717.5 507.5 0.0000015781778791439802
-442.5 522.5 0.000003677413582737598
397.5 522.5 0.000006310226080876294
127.5 487.5 0.0000015793998534869028
807.5 497.5 0.000006315264541739121
-632.5 317.5 0.000001587859045747717
-542.5 522.5 0.00000827239313472897
-262.5 507.5 0.000003683975901801517
-367.5 517.5 0.0000036794465924134972
222.5 502.5 0.0000015784793140822619
-407.5 522.5 0.000003677424362700625
-547.5 522.5 0.0000036768568512959056
-677.5 512.5 0.0000036813903707842822
1232.5 407.5 0.0000015836071163773972
-87.5 472.5 0.000000925281840483806
7.5 457.5 0.0000005491185559298601
592.5 322.5 0.0000009427976442958513
-647.5 517.5 0.0000009197375247307657
322.5 512.5 0.000006311493902475478
462.5 522.5 0.000001577336247414689
-1147.5 427.5 0.0000009314329194710469
1057.5 447.5 0.0000015816072106032602
-1067.5 442.5 0.0000009291814622993543
412.5 522.5 0.000014196510129996778
1347.5 152.5 0.0000009568693472325616
-782.5 502.5 0.000003687938145764471
-97.5 477.5 0.0000036997595232417114
-107.5 477.5 0.0000009248607633039271
-1267.5 397.5 0.0000009347655666698771
-742.5 507.5 0.00000368506086743286
622.5 522.5 0.0000063100492311455
-177.5 417.5 0.000001583055007646474
-1092.5 437.5 0.0000009298704920086974
1042.5 222.5 0.0000009519943628001278
932.5 472.5 0.0000015802335137189578
-1112.5 432.5 0.0000009306522480255901
-527.5 527.5 0.0000036760625980637133
632.5 517.5 0.000006310649345172739
-1127.5 432.5 0.0000009308307791815563
-537.5 527.5 0.0000009190916560636896
137.5 487.5 0.000006317586789447701
947.5 472.5 0.0000015802581072214603
842.5 487.5 0.000006316946676480282
-1022.5 452.5 0.0000009279176639368543
-617.5 522.5 0.000008274185550929262
-672.5 517.5 0.000008280968116032152
-1207.5 412.5 0.0000009329071404619223
-262.5 402.5 0.0000015839151320925164
-957.5 467.5 0.0000037052358606209876
-1162.5 422.5 0.0000009316612728416517
-282.5 507.5 0.0000009210485250832697
567.5 527.5 0.0000141948751610509
597.5 522.5 0.000014197484004847185
-647.5 522.5 0.0000009196572947120349
-347.5 517.5 0.000008279113203426562
-67.5 472.5 0.0000009257923222535234
1137.5 427.5 0.0000015825357545556729
-497.5 527.5 0.000008270265526932307
-397.5 522.5 0.0000036784727218323175
592.5 522.5 0.000006309770351887456
-207.5 497.5 0.000000922142985147281
712.5 512.5 0.000006312195021504487
707.5 512.5 0.000014201301494209242
822.5 492.5 0.000006316177785575331
-972.5 462.5 0.0000037069397265838047
-147.5 487.5 0.00000831294322145833
-732.5 507.5 0.0000009212897368551344
-872.5 262.5 0.0000015900822728384266
492.5 527.5 0.000006309019193647143
-1372.5 377.5 0.0000009373974971559731
-382.5 522.5 0.000008274185550929262
362.5 517.5 0.000001577709487169704
262.5 402.5 0.0000009343338812723499
-602.5 522.5 0.0000036784727218323175
837.5 492.5 0.0000015791068185480805
-107.5 432.5 0.0000015822146555269015
-562.5 527.5 0.0000036749184991440977
-372.5 522.5 0.0000009196171416140606
52.5 472.5 0.0000015802581072214603
-322.5 387.5 0.0000015846254046404322
-27.5 452.5 0.0000015812916855837654
392.5 522.5 0.0000015773342996279497
912.5 472.5 0.0000015800126835034824
-827.5 272.5 0.0000015896756514765777
-992.5 462.5 0.000000927075602959097
342.5 517.5 0.000014200106853897115
1282.5 392.5 0.0000015842723330605598
-437.5 362.5 0.0000015859034096834615
-537.5 337.5 0.0000015869467653946455
-127.5 482.5 0.000003696786330893895
722.5 512.5 0.000006312135165073306
-627.5 517.5 0.0000036788817571097986
742.5 507.5 0.000006313087802390127
-192.5 417.5 0.000001583174314356056
-137.5 487.5 0.0000036954360280758167
-1232.5 407.5 0.0000009336170253341661
-127.5 432.5 0.0000015824082575700427
-622.5 522.5 0.0000036780658641460122
1437.5 362.5 0.0000015859034096834615
-1337.5 382.5 0.0000009364470500411115
682.5 512.5 0.0000015779373681865457
-532.5 527.5 0.000008271499476266151
1007.5 457.5 0.0000015810260063913467
-17.5 457.5 0.0000015810867017767052
-777.5 502.5 0.0000009217430081904695
-452.5 522.5 0.0000036768568512959056
-582.5 522.5 0.0000036764818203125166
372.5 517.5 0.000006310403867754982
912.5 477.5 0.0000015799058831046604
-1042.5 222.5 0.0000015914483978280027
-7.5 457.5 0.0000005491735434240588
217.5 412.5 0.0000009332868548631248
892.5 482.5 0.000006318714225141016
537.5 337.5 0.000000941411420334076
232.5 502.5 0.000006313731373137602
-52.5 467.5 0.0000009261203554712377
-192.5 497.5 0.0000036900779541115033
482.5 527.5 0.0000063090753522023975
212.5 497.5 0.000006314900864266123
112.5 432.5 0.0000009306522480255901
302.5 512.5 0.000014202101451330427
-682.5 512.5 0.0000009204946818399634
-1322.5 387.5 0.0000009359884883393296
977.5 237.5 0.0000009508627012301981
27.5 452.5 0.0000009282413544865348
-1002.5 457.5 0.0000009274960354493101
507.5 527.5 0.000006309019193647143
432.5 527.5 0.000014194875161050898
-1482.5 352.5 0.000000940141264468905
32.5 452.5 0.0000009284084213894116
672.5 517.5 0.00001419992277846779
-642.5 522.5 0.000008275503077050187
607.5 527.5 0.0000015773086584003334
-182.5 497.5 0.0000009225831885488902
892.5 477.5 0.000001579830460375063
1262.5 172.5 0.0000009555943667209454
1167.5 422.5 0.0000015829083208373162
-742.5 292.5 0.0000015888987888986158
612.5 522.5 0.000006309494765646465
1207.5 412.5 0.0000015833019224816186
307.5 392.5 0.0000009355476967507154
662.5 307.5 0.0000009443125703075572
-162.5 492.5 0.0000009231899917785093
-312.5 517.5 0.00000828119336892954
512.5 527.5 0.000014195344086488022
-747.5 507.5 0.0000009214711507597564
-697.5 302.5 0.0000015885302406532078
442.5 522.5 0.000006309765662782295
-447.5 522.5 0.000008273526434005726
352.5 517.5 0.0000015776083934880608
-52.5 472.5 0.0000009258491838636207
1192.5 417.5 0.000001583174314356056
-82.5 477.5 0.000000925272774834083
-807.5 492.5 0.0000009227865788580137
1462.5 357.5 0.0000015861486949801986
-462.5 527.5 0.0000009190916560636896
322.5 387.5 0.0000009359884883393294
147.5 427.5 0.0000009314329194710469
-247.5 407.5 0.0000015837571249697853
-492.5 527.5 0.0000036756968892146964
562.5 527.5 0.000006308680643639765
-337.5 382.5 0.0000015848220855952164
-762.5 502.5 0.0000009218618268026744
-1047.5 447.5 0.0000009287740386897143
247.5 507.5 0.0000015782779217366752
192.5 497.5 0.000006315264541739122
-202.5 497.5 0.000008302349794060588
287.5 507.5 0.0000015781258841693349
-252.5 507.5 0.0000009214711507597564
-577.5 527.5 0.000008271115822299074
437.5 527.5 0.000006308680643639766
-792.5 497.5 0.000000922142985147281
57.5 447.5 0.0000009289725381813621
-127.5 487.5 0.00000092386628896452
7.5 462.5 0.0000015807882511629823
-7.5 462.5 0.000000927075602959097
1147.5 427.5 0.0000015826675709416815
482.5 352.5 0.000000940141264468905
537.5 527.5 0.0000015773276112890877
-747.5 502.5 0.0000009216097610558188
312.5 517.5 0.000014200020653431745
-927.5 472.5 0.0000009255328954568193
437.5 362.5 0.000000938971147892435
-352.5 522.5 0.0000009196572947120349
-872.5 482.5 0.000003696786330893895
-182.5 492.5 0.0000009227675819445585
117.5 482.5 0.000006318423736353693
27.5 462.5 0.000006322564157927811
742.5 292.5 0.000000945989635150065
-1417.5 367.5 0.0000009384219330597594
-1262.5 172.5 0.000001592971223330067
627.5 522.5 0.0000015775560694344848
232.5 407.5 0.0000009336170253341661
402.5 522.5 0.000014197484004847185
-947.5 472.5 0.0000009258491838636207
-947.5 467.5 0.0000009261203554712377
-587.5 522.5 0.00000827311652504214
-772.5 502.5 0.0000036877749065577186
-757.5 507.5 0.0000009214231950598295
1182.5 187.5 0.0000009543504027239061
757.5 502.5 0.000006313741095645364
-557.5 522.5 0.000003677413582737598
-252.5 502.5 0.0000009216097610558188
-112.5 432.5 0.000001582331347977668
-1217.5 412.5 0.0000009332868548631248
82.5 442.5 0.0000009296304694435177
47.5 447.5 0.0000009287740386897143
-57.5 447.5 0.0000015816072106032602
1067.5 442.5 0.000001581697332771146
-727.5 507.5 0.00000828929529809065
-832.5 492.5 0.0000036930018988945913
-172.5 492.5 0.0000009229614276069019
-472.5 527.5 0.000003676062598063713
-147.5 427.5 0.0000015826675709416815
-267.5 397.5 0.000001584100531585061
-157.5 487.5 0.000003693958534711948
242.5 507.5 0.0000015783405229497228
1267.5 397.5 0.000001584100531585061
-722.5 512.5 0.000003682866758889327
-377.5 522.5 0.000003678065864146012
-242.5 507.5 0.0000009214231950598295
-1097.5 437.5 0.0000009301208182846648
792.5 497.5 0.0000015786528426460247
927.5 247.5 0.000000949819771956675
-982.5 462.5 0.0000009269722752007755
182.5 492.5 0.0000015789237099958778
1162.5 422.5 0.0000015827658797792637
-482.5 527.5 0.000003675826019182204
-607.5 522.5 0.000000919107033943119
87.5 472.5 0.0000015800126835034824
452.5 522.5 0.0000063095236079045356
167.5 492.5 0.00000631653212026882
-567.5 332.5 0.0000015872367550390089
1002.5 457.5 0.0000015809698706811633
737.5 507.5 0.000006312616786726705
-1442.5 127.5 0.0000015940546457298114
602.5 522.5 0.000006310226080876294
-652.5 517.5 0.000008279113203426562
-757.5 502.5 0.0000036865660887934393
872.5 262.5 0.0000009487734053542808
832.5 492.5 0.00000631653212026882
827.5 492.5 0.000001579007747105579
1032.5 452.5 0.0000015813637957307602
137.5 427.5 0.0000009311267981085517
-992.5 457.5 0.0000009273766508041587
507.5 342.5 0.0000009407612287678652
307.5 512.5 0.000006311576809465607
1072.5 442.5 0.000001581791923192492
557.5 522.5 0.000006309765662782295
-387.5 522.5 0.0000036767905057584975
-257.5 507.5 0.00000368506086743286
177.5 417.5 0.000000932333109183499
417.5 522.5 0.000006309360539606205
-2.5 457.5 0.0000015809698706811633
-457.5 522.5 0.00000827239313472897
817.5 497.5 0.0000015788437592673766
287.5 512.5 0.000006312195021504487
417.5 367.5 0.0000009384219330597594
-137.5 427.5 0.0000015825357545556729
-42.5 447.5 0.000001581440428491591
-417.5 522.5 0.000003676481820312517
-282.5 392.5 0.00000158427233306056
-232.5 502.5 0.000003686543676959828
327.5 517.5 0.000014199922778467788
-502.5 527.5 0.00000367567536158465
127.5 432.5 0.0000009308307791815563
-912.5 477.5 0.0000009250350291432787
862.5 487.5 0.000006317586789447701
807.5 492.5 0.0000015789319453347891
1442.5 127.5 0.0000009581617706347144
107.5 482.5 0.000006318714225141016
-217.5 412.5 0.0000015834651907288813
192.5 492.5 0.0000015789319453347891
-572.5 527.5 0.000003675646204231433
207.5 497.5 0.0000015786528426460247
-82.5 442.5 0.0000015818909667313195
677.5 512.5 0.0000063114939024754774
732.5 507.5 0.0000015782825937815686
17.5 457.5 0.0000009277665618418029
-97.5 437.5 0.000001582102349558909
-1042.5 447.5 0.0000009285859910747456
-247.5 507.5 0.000000921278969873822
-87.5 477.5 0.0000009250350291432785
352.5 522.5 0.0000015775735228792177
1092.5 437.5 0.000001581994447639284
-852.5 487.5 0.00000831294322145833
-767.5 502.5 0.000003686543676959828
-632.5 517.5 0.0000036794465924134972
1307.5 392.5 0.0000015844362777271223
747.5 502.5 0.000001578421490639909
1372.5 377.5 0.0000015852295120129302
172.5 492.5 0.000001579007747105579
42.5 467.5 0.000006321827663265981
1217.5 412.5 0.0000015834651907288813
107.5 432.5 0.0000009303814150800892
-517.5 527.5 0.0000036758260191822036
1247.5 407.5 0.0000015837571249697853
537.5 522.5 0.000001577336247414689
-707.5 512.5 0.000008284141732619509
-797.5 497.5 0.000008302349794060588
267.5 507.5 0.0000015782825937815686
82.5 477.5 0.0000015800087617157204
-342.5 517.5 0.000008281391797666333
-207.5 412.5 0.0000015833019224816186
937.5 472.5 0.000001580243502624303
-1082.5 442.5 0.0000009296304694435179
-162.5 422.5 0.0000015827658797792637
397.5 372.5 0.00000093789723068795
547.5 522.5 0.0000063095236079045356
-482.5 352.5 0.0000015864039531045074
472.5 527.5 0.000006309178236424416
257.5 507.5 0.0000063130878023901275
657.5 517.5 0.000014200106853897115
-512.5 527.5 0.000008270435040189229
-827.5 492.5 0.0000009229614276069019
-357.5 522.5 0.000008275503077050187
-47.5 447.5 0.0000015815215712093745
992.5 457.5 0.0000015809183043777793
552.5 522.5 0.000014196688348220096
-912.5 472.5 0.000000925281840483806
1397.5 372.5 0.0000015854436084192454
22.5 452.5 0.0000009279176639368543
97.5 437.5 0.0000009301208182846646
782.5 282.5 0.0000009468877036627337
282.5 392.5 0.0000009351657223898113
-77.5 472.5 0.0000009255258893389908
2.5 457.5 0.0000009274960354493101
-1057.5 447.5 0.0000009289725381813621
427.5 527.5 0.000006308997152893189
-597.5 522.5 0.000008275356596228853
-327.5 517.5 0.000008280968116032152
-417.5 367.5 0.0000015856683105038863
1042.5 447.5 0.000001581440428491591
392.5 527.5 0.0000015773086584003334
-1107.5 207.5 0.0000015919368179500645
652.5 517.5 0.00001419911676700285
-1167.5 422.5 0.0000009319922130587344
-697.5 512.5 0.000008285983571345951
-372.5 377.5 0.0000015852295120129302
697.5 302.5 0.0000009451239858875422
-567.5 527.5 0.000008269356844454994
1482.5 352.5 0.0000015864039531045074
277.5 512.5 0.000006312135165073305
-667.5 517.5 0.000008278450366083007
727.5 507.5 0.000014203539508585672
497.5 527.5 0.0000063090098311492945
-1262.5 402.5 0.0000009343338812723499
-592.5 322.5 0.0000015875385579681695
-412.5 522.5 0.000008273116525042142
927.5 472.5 0.0000015801212998948797
1322.5 387.5 0.0000015846254046404322
-1497.5 1997.5 NaN
67.5 442.5 0.0000009291814622993541
922.5 472.5 0.0000015801182683867763
-322.5 512.5 0.0000036813903707842822
-507.5 527.5 0.0000036756968892146964
-17.5 462.5 0.0000009269722752007755
-1247.5 407.5 0.0000009339660943995709
532.5 527.5 0.000014195806988100288
567.5 332.5 0.0000009420905066228505
-737.5 507.5 0.000003683975901801517
-842.5 487.5 0.000003693958534711948
-1107.5 432.5 0.0000009303814150800892
357.5 377.5 0.0000009368998104579349
-1027.5 452.5 0.000000928241354486535
262.5 507.5 0.000006312616786726704
522.5 527.5 0.000014195523035769362
457.5 522.5 0.000014196195587760549
382.5 522.5 0.000014196974920818135
-782.5 282.5 0.0000015892808741823684
337.5 382.5 0.0000009364470500411115
772.5 502.5 0.000006314265601197333
-272.5 507.5 0.00000828929529809065
1047.5 447.5 0.0000015815215712093745
242.5 502.5 0.000006313741095645364
-477.5 527.5 0.00000827084651958237
347.5 517.5 0.000014199116767002848
182.5 497.5 0.0000015788437592673766
467.5 527.5 0.000014195806988100288
-362.5 517.5 0.0000009199701513807326
-372.5 517.5 0.0000036788817571097986
872.5 487.5 0.0000015793998534869028
-1017.5 457.5 0.0000009277665618418029
-242.5 502.5 0.0000036865660887934397
852.5 487.5 0.00001421379574705634
-1072.5 442.5 0.0000009294007825988491
387.5 522.5 0.000006309494765646465
527.5 527.5 0.000006309178236424416
-1437.5 362.5 0.000000938971147892435
-1177.5 417.5 0.000000932333109183499
422.5 527.5 0.0000141956401550409
617.5 522.5 0.000014196974920818135
-437.5 527.5 0.0000036749184991440977
1082.5 442.5 0.0000015818909667313195
92.5 437.5 0.0000009298704920086974
227.5 502.5 0.000006314265601197334
637.5 517.5 0.000001577709487169704
582.5 522.5 0.000006309360539606206
-302.5 512.5 0.000008285983571345953
-427.5 527.5 0.000003675646204231433
-662.5 307.5 0.0000015881845537582235
-432.5 527.5 0.000008269356844454994
-892.5 477.5 0.0000009248607633039271
292.5 512.5 0.000014201301494209246
267.5 397.5 0.0000009347655666698771
767.5 502.5 0.000006313731373137602
-817.5 497.5 0.0000009225831885488902
-402.5 522.5 0.000008275356596228853
902.5 477.5 0.000006319458811098047
777.5 502.5 0.0000015784793140822619
317.5 512.5 0.0000015779373681865457
237.5 502.5 0.0000015785308670697623
447.5 522.5 0.000014196688348220098
72.5 472.5 0.0000015801212998948797
-462.5 522.5 0.0000009191115164060011
-787.5 497.5 0.0000036892393817752518
-552.5 522.5 0.000008273526434005726
-817.5 492.5 0.0000009227675819445585
252.5 507.5 0.0000015783613357772203
-637.5 517.5 0.0000009199701513807326
67.5 472.5 0.0000015802335137189578
1022.5 452.5 0.0000015811519464709583
712.5 507.5 0.0000015781258841693349
-462.5 357.5 0.0000015861486949801986
-1182.5 187.5 0.0000015924455020073534
-967.5 467.5 0.0000009265136843774268
272.5 507.5 0.000014203539508585674
-717.5 507.5 0.0000009210485250832697
-467.5 527.5 0.000008271499476266151
157.5 487.5 0.000006316946676480281
-687.5 517.5 0.00000828119336892954
87.5 477.5 0.000001579905883104661
-1007.5 457.5 0.000000927626012202088
972.5 462.5 0.000006322564157927811
917.5 477.5 0.0000015800087617157204
647.5 517.5 0.0000015776083934880608
-287.5 507.5 0.0000009209287704286644
1357.5 377.5 0.0000015850162080744843
-332.5 517.5 0.000008278450366083007
-352.5 517.5 0.0000009197375247307657
-167.5 492.5 0.0000036930018988945913
-692.5 512.5 0.0000036815812198276255
-177.5 492.5 0.000003692184378449406
-507.5 342.5 0.000001586668968538826
-627.5 522.5 0.0000009196171416140606
-1357.5 377.5 0.0000009368998104579349
-607.5 527.5 0.0000009190480684152194
332.5 517.5 0.00001419882872111903
-212.5 497.5 0.0000036892393817752518
692.5 512.5 0.000006311576809465607
-422.5 527.5 0.000008271115822299072
-872.5 487.5 0.00000092386628896452
-1462.5 357.5 0.0000009395444137982345
42.5 447.5 0.0000009285859910747456
-712.5 512.5 0.0000036830045987712897
-307.5 392.5 0.0000015844362777271223
1177.5 417.5 0.000001583055007646474
357.5 522.5 0.000014197547692028038
-822.5 492.5 0.000003692184378449406
-917.5 477.5 0.000000925272774834083
-72.5 442.5 0.000001581791923192492
-902.5 477.5 0.0000036997595232417122
97.5 477.5 0.000006319458811098047
1112.5 432.5 0.000001582331347977668
1127.5 432.5 0.0000015824082575700427
667.5 517.5 0.00001419882872111903
1417.5 367.5 0.0000015856683105038863
-287.5 512.5 0.0000036830045987712897
252.5 502.5 0.000001578421490639909
577.5 527.5 0.0000141956401550409
-392.5 527.5 0.0000009190480684152194
-837.5 492.5 0.0000009231899917785093
202.5 497.5 0.000014209204005204687
-487.5 527.5 0.000008270435040189229
-317.5 512.5 0.0000009204946818399634
627.5 517.5 0.000006310403867754982
