0 164.52939032551043
-3.6151015359734706 164.49195927433576
-7.227731202902252 164.37969728433293
-10.83541881018405 164.1926978126444
-14.43569752299417 163.93111650965906
-18.02610553740451 163.5951710518851
-21.82722853686935 164.3293062395325
-25.427327407176843 163.83895695684484
-29.010040161822168 163.27426601591333
-32.905758665122114 163.75712361919443
-36.482545585261796 163.0356540347608
-40.43933035967156 163.34174513433072
-43.99945278946144 162.46193358015415
-48.0054280400512 162.586060847344
-52.048947891819026 162.61072137003532
-55.58095862821282 161.48450534783404
-59.654890440424424 161.3196475654281
-63.75623856144497 161.05050731459028
-67.88138430181505 160.67535552361386
-72.02664695535833 160.19256432254477
-76.18828687812072 159.6006088781842
-80.3625086357612 158.89806912858026
-85.32199599501203 159.00641137217355
-89.54083201310571 158.0572511902452
-94.59805659255989 157.87174106342184
-98.84349277575718 156.66823758265892
-103.97790219221845 156.178350294155
-109.1573234404896 155.52025659767347
-114.37573201422447 154.6910066614883
-119.62700003346879 153.6878343682265
-124.90490209349247 152.50816059407595
-131.23734583026416 151.848802119323
-137.6343897843417 150.95113939543774
-144.08739011837795 149.8111124279938
-150.5875640835823 148.4249367988356
-157.12599880539807 146.78910827327084
-164.84714954742958 145.44992306210594
-173.80651224161664 144.3089664316108
-181.66317039667103 142.2940462356561
-190.77447401335323 140.40302578301797
-201.18577917985613 138.53181193894054
-211.68426439225195 136.1887917295101
-223.52305282402207 133.71857803276112
-236.7342667858197 131.01116576756348
-251.34461228184378 127.9545160273932
-267.37530978469704 124.43480383250233
-286.17311345656594 120.54487455869268
-307.7868817895316 116.05868399655424
-330.89839127774223 110.61225318271667
-359.60219159565315 104.37923503877126
-392.60014787641296 96.84278855248945
-432.69416384181056 87.70185084953089
-482.7355704356282 76.35310193274515
-545.6065450930424 61.890146936485344
-628.4266171070827 42.83782099843313
-741.2025303285225 16.724405767027488
-814.5769371787471 -10.811683344386081
-816.7244127723134 -32.14804820034352
-818.3134615672702 -53.538226078402126
-819.342616350919 -74.96784355973656
-819.8315789728074 -100
-819.7172501459676 -117.88268670714305
-819.0617213057109 -139.34190494695628
-817.8442423035629 -160.78104182756294
-816.0652648104173 -182.18572498447202
-813.7222299003967 -203.5548576621302
-810.6819228698633 -225.29748745583714
-806.9439745477124 -247.18679357291379
-802.5665975089668 -268.9758183896166
-797.5835263977477 -290.5796662340107
-792.0167064601129 -311.96552598345403
-785.8819531264636 -333.11851888777244
-779.1917251484437 -354.0298415633018
-771.9566084627403 -374.69237862198094
-764.1861130271053 -395.09913020871187
-755.8891578704864 -415.24265822901714
-747.0743619075208 -435.1149630137823
-737.750245381583 -454.7075046533072
-727.9253201677557 -474.0113218787675
-717.6081839959865 -493.0171184198878
-706.807561811381 -511.7153677978081
-695.5323416125259 -530.0963963970959
-683.7915962814874 -548.1504564241887
-671.5945890192767 -565.8677907642074
-658.950802551261 -583.2386754077888
-645.8698992231463 -600.253478764777
-632.3617529948197 -616.9026830657903
-618.4364651488034 -633.1769132145403
-604.104298838622 -649.0669749354038
-589.3757243316892 -664.5638630316006
-574.2614112644764 -679.6587825613731
-558.7721804953286 -694.3431645576984
-542.9190580315202 -708.6086768549256
-526.7132126821873 -722.4472341060784
-510.1659785224493 -735.8510064298761
-493.2888455555468 -748.8124278137774
-476.09345064241677 -761.3242028735339
-458.59153235060006 -773.379298361673
-440.7950184810054 -784.9709788598815
-422.7159009432516 -796.092768868214
-404.3663186470473 -806.7384888034525
-385.7585117983823 -816.9022427744777
-366.904816546588 -826.578419173357
-347.81766471923487 -835.7616951273953
-328.5095769464322 -844.4470374767701
-308.99315603493545 -852.6297033918281
-289.281078280378 -860.3052381346953
-269.386081123323 -867.4694660570013
-249.32098898560614 -874.1185276870842
-229.0986654313017 -880.2488311494387
-208.7320299540133 -885.8570747856262
-188.2340587950449 -890.9402597126507
-167.617762069664 -895.4956597039672
-146.89619196569365 -899.5208412245622
-126.0824390902284 -903.0136709785918
-105.18961487170388 -905.9722804717192
-84.23086002490574 -908.3950963053296
-63.21933819847498 -910.2808425811187
-42.168226413571766 -911.6285187172339
-21.090714329049398 -912.4374101708778
0 -912.7070882808327
21.090714329049035 -912.4374101708778
42.16822641357147 -911.6285187172339
63.21933819847498 -910.2808425811187
84.23086002490538 -908.3950963053296
105.18961487170354 -905.9722804717193
126.0824390902284 -903.0136709785918
146.8961919656934 -899.5208412245623
167.61776206966357 -895.4956597039672
188.2340587950449 -890.9402597126507
208.73202995401294 -885.8570747856262
229.0986654313015 -880.2488311494387
249.32098898560614 -874.1185276870842
269.38608112332275 -867.4694660570015
289.2810782803777 -860.3052381346953
308.99315603493545 -852.6297033918281
328.509576946432 -844.4470374767703
347.8176647192346 -835.7616951273956
366.904816546588 -826.578419173357
385.7585117983822 -816.9022427744777
404.36631864704725 -806.7384888034525
422.7159009432516 -796.092768868214
440.7950184810054 -784.9709788598815
458.59153235060006 -773.379298361673
476.09345064241677 -761.3242028735339
493.2888455555466 -748.8124278137774
510.1659785224492 -735.851006429876
526.7132126821873 -722.4472341060784
542.9190580315199 -708.6086768549259
558.7721804953281 -694.3431645576991
574.2614112644764 -679.6587825613731
589.3757243316887 -664.5638630316009
604.104298838622 -649.0669749354039
618.4364651488033 -633.1769132145404
632.3617529948194 -616.9026830657905
645.8698992231464 -600.253478764777
658.950802551261 -583.2386754077888
671.5945890192767 -565.8677907642074
683.7915962814874 -548.1504564241891
695.5323416125259 -530.0963963970959
706.8075618113807 -511.7153677978084
717.6081839959865 -493.0171184198878
727.9253201677557 -474.0113218787675
737.750245381583 -454.7075046533072
747.0743619075208 -435.1149630137824
755.8891578704864 -415.2426582290171
764.1861130271053 -395.0991302087119
771.95660846274 -374.69237862198185
779.1917251484437 -354.0298415633018
785.8819531264636 -333.11851888777244
792.0167064601126 -311.9655259834551
797.5835263977476 -290.5796662340122
802.5665975089668 -268.97581838961634
806.9439745477123 -247.18679357291526
810.6819228698633 -225.29748745583714
813.7222299003967 -203.5548576621302
816.0652648104173 -182.18572498447202
817.8442423035629 -160.78104182756294
819.0617213057109 -139.34190494695628
819.7172501459676 -117.88268670714305
819.8315789728074 -100
819.342616350919 -74.96784355973656
818.3134615672703 -53.538226078401706
816.7244127723134 -32.14804820034352
814.5769371787474 -10.811683344387806
741.2025303285225 16.724405767027488
628.4266171070827 42.83782099843313
545.6065450930424 61.890146936485344
482.73557043562823 76.35310193274468
432.6941638418107 87.70185084953074
392.60014787641296 96.84278855248924
359.60219159565315 104.37923503877126
330.89839127774223 110.61225318271667
307.7868817895316 116.05868399655424
286.17311345656594 120.54487455869261
267.37530978469704 124.43480383250234
251.34461228184384 127.95451602739307
236.7342667858197 131.01116576756348
223.52305282402207 133.71857803276112
211.68426439225195 136.1887917295101
201.18577917985624 138.53181193894034
190.77447401335326 140.40302578301788
181.66317039667103 142.29404623565603
173.80651224161664 144.3089664316108
164.84714954742958 145.44992306210594
157.12599880539807 146.78910827327084
150.58756408358238 148.4249367988355
144.08739011837798 149.8111124279938
137.6343897843417 150.9511393954377
131.23734583026416 151.848802119323
124.90490209349247 152.50816059407595
119.62700003346879 153.6878343682265
114.37573201422458 154.69100666148825
109.15732344048965 155.52025659767273
103.97790219221848 156.17835029415497
98.84349277575718 156.66823758265892
94.59805659255989 157.87174106342184
89.54083201310571 158.0572511902452
85.3219959950121 159.00641137217343
80.36250863576123 158.89806912858026
76.18828687812073 159.6006088781842
72.02664695535833 160.19256432254477
67.88138430181505 160.67535552361386
63.75623856144497 161.05050731459028
59.65489044042449 161.31964756542808
55.58095862821287 161.48450534783404
52.048947891819054 162.61072137003526
48.0054280400512 162.586060847344
43.99945278946144 162.46193358015415
40.43933035967156 163.34174513433072
36.482545585261846 163.03565403476077
32.90575866512216 163.75712361919443
29.01004016182222 163.2742660159133
25.427327407176843 163.83895695684484
21.82722853686935 164.3293062395325
18.02610553740451 163.5951710518851
14.435697522994214 163.93111650965903
10.835418810184093 164.1926978126444
7.227731202902296 164.37969728433293
3.6151015359734706 164.49195927433576
