0 179.96439032550995
-3.7070604907013727 179.92668533444626
-7.411586088283936 179.81360224649669
-11.111043621264807 179.62523668230313
-14.80290336029626 179.36174789249776
-18.484640736389444 179.02335858222295
-22.37677884041608 179.75451999700977
-26.067516180957806 179.26067486808688
-29.740428652430158 178.69197523786957
-33.72584630076927 179.17032190085737
-37.39177031884694 178.44385105400514
-41.43706905397926 178.7444638066265
-45.08502164422856 177.85871133595646
-49.17808306061028 177.97645087497972
-53.307885398994046 177.99429382096628
-56.92531580912184 176.8608485012025
-61.08374593980784 176.68836894887033
-65.26861311311683 176.41123477833543
-69.47624139980192 176.02773826496752
-73.70289356426997 175.53627385792421
-77.94477418226239 174.93533995996066
-82.19803282647247 174.2235406040462
-87.2352990956996 174.3223669820886
-91.53060274139602 173.36346030448573
-96.6629312589863 173.16799935138098
-100.98205621836665 171.95436761618708
-106.188688746451 171.4542020809341
-111.4388179436728 170.78570804307597
-116.72637084398816 169.94596395713555
-122.04517217937625 168.93223230559255
-127.38895026114534 167.74196280169176
-133.78556757712926 167.07200122229685
-140.24503868652008 166.1637570962008
-146.75867696751823 165.01319950739253
-153.31765811310996 163.6165730369092
-159.91302894523793 161.9704022892513
-167.6892057063387 160.62101207343323
-176.7016466162671 159.4700159319824
-184.60939880657702 157.44524959237563
-193.76977726073167 155.54460375416218
-204.2281044334785 153.6640121111288
-214.77152659435853 151.31188787730449
-226.65313611931006 148.83286940101837
-239.90502597155108 146.1169762782941
-254.5538742780549 143.05219341299363
-270.62087512352247 139.52471869745153
-289.45275778964066 135.62741937210322
-311.0983574124535 131.1342720182136
-334.2394286705281 125.68131732552246
-362.9705009781667 119.44222667070402
-395.9934207776513 111.90017624151825
-436.110074682027 102.75411905507742
-486.17177812015996 91.40074964754648
-549.0606946167821 76.93368628291674
-631.896341168491 57.87777578352776
-744.6854509520432 31.761310000621112
-881.888846770067 -3.1214461325683778
-884.2303726429186 -26.219325455044427
-885.9674493367594 -49.376337137455266
-887.0984433070679 -72.57694348446384
-887.6485294393095 -100
-887.5376715502899 -119.04071491382064
-886.8447260665683 -142.27604723348742
-885.5432865598162 -165.49046436203992
-883.633796194917 -188.66844466377515
-881.0776076200174 -211.95152500558012
-877.7062176550443 -235.77531378152537
-873.5896855938093 -259.6378479149359
-868.7874028823625 -283.3294244345411
-863.3338318638338 -306.78411566392657
-857.2515230526519 -329.979588152804
-850.5568765886956 -352.90703306118075
-843.2629502428587 -375.561238168457
-835.380955526272 -397.9371994733711
-826.9210580801041 -420.0291042271076
-817.8928631036882 -441.8301035803349
-808.3057051436266 -463.3323902417193
-798.1688480195771 -484.5273483456009
-787.4915732330533 -505.4057574064456
-776.2832724011622 -525.9579363625022
-764.5534867368403 -546.1738885805935
-752.3119410781724 -566.0434134707403
-739.5685639448853 -585.5562000864426
-726.3334912375411 -604.7019071316033
-712.6170938087054 -623.4702166201108
-698.4299358828423 -641.850901639971
-683.7828055522184 -659.833854090727
-668.6867289958291 -677.4091183496838
-653.1529035480726 -694.5669330652216
-637.1927416254074 -711.2977421415418
-620.8178616705549 -727.5922179540057
-604.0400387742033 -743.4412785532865
-586.8712574515258 -758.8360995389504
-569.3236482129388 -773.768124774323
-551.4095090191305 -788.2290754488444
-533.1412950055233 -802.2109586667806
-514.5316085521556 -815.706074206291
-495.59315339359904 -828.7070058943615
-476.33882134100173 -841.2066569916552
-456.78156665734105 -853.1982119622506
-436.93448829237235 -864.6751719832595
-416.81078374480705 -875.6313422299862
-396.4237433057609 -886.0608319164874
-375.78674945058907 -895.958058155593
-354.91326969950825 -905.3177463268298
-333.81684979610714 -914.1349300719424
-312.51110489484097 -922.4049484375188
-291.00970716574795 -930.1234362757309
-269.32641154904536 -937.28636063282
-247.4750080628352 -943.889971693151
-225.46933864305197 -949.9308247794291
-203.32329809689165 -955.4057923351264
-181.0508114741357 -960.3120333779341
-158.66584247373092 -964.6470130108207
-136.18239006669327 -968.4085095152377
-113.61447124959953 -971.5945786280033
-90.97612981923356 -974.2035834081953
-68.28143039697405 -976.2341963400734
-45.544449276789834 -977.6853769730585
-22.77927409218525 -978.5563824230445
0 -978.8467670787431
22.779274092184856 -978.5563824230445
45.544449276789514 -977.6853769730585
68.28143039697405 -976.2341963400734
90.97612981923315 -974.2035834081953
113.61447124959916 -971.5945786280034
136.18239006669327 -968.4085095152377
158.66584247373063 -964.6470130108208
181.0508114741352 -960.3120333779341
203.32329809689165 -955.4057923351264
225.4693386430516 -949.9308247794291
247.47500806283495 -943.889971693151
269.32641154904536 -937.28636063282
291.0097071657477 -930.123436275731
312.5111048948406 -922.4049484375188
333.81684979610714 -914.1349300719424
354.913269699508 -905.31774632683
375.7867494505888 -895.9580581555932
396.4237433057609 -886.0608319164874
416.8107837448069 -875.6313422299862
436.9344882923723 -864.6751719832595
456.78156665734105 -853.1982119622506
476.33882134100173 -841.2066569916552
495.59315339359904 -828.7070058943615
514.5316085521556 -815.706074206291
533.141295005523 -802.2109586667806
551.4095090191305 -788.2290754488442
569.3236482129388 -773.768124774323
586.8712574515254 -758.8360995389506
604.0400387742028 -743.4412785532871
620.8178616705549 -727.5922179540057
637.1927416254069 -711.2977421415421
653.1529035480726 -694.5669330652217
668.686728995829 -677.4091183496839
683.7828055522182 -659.8338540907272
698.4299358828424 -641.850901639971
712.6170938087054 -623.4702166201108
726.3334912375411 -604.7019071316033
739.5685639448852 -585.556200086443
752.3119410781724 -566.0434134707403
764.55348673684 -546.1738885805938
776.2832724011622 -525.9579363625022
787.4915732330533 -505.4057574064456
798.1688480195771 -484.5273483456009
808.3057051436266 -463.3323902417194
817.8928631036882 -441.83010358033465
826.9210580801041 -420.02910422710767
835.3809555262716 -397.9371994733721
843.2629502428587 -375.561238168457
850.5568765886956 -352.90703306118075
857.2515230526516 -329.9795881528054
863.3338318638337 -306.78411566392833
868.7874028823625 -283.3294244345408
873.5896855938091 -259.63784791493765
877.7062176550443 -235.77531378152537
881.0776076200174 -211.95152500558012
883.633796194917 -188.66844466377515
885.5432865598162 -165.49046436203992
886.8447260665683 -142.27604723348742
887.5376715502899 -119.04071491382064
887.6485294393095 -100
887.0984433070679 -72.57694348446384
885.9674493367595 -49.37633713745485
884.2303726429186 -26.219325455044427
881.8888467700672 -3.1214461325701146
744.6854509520432 31.761310000621112
631.896341168491 57.87777578352776
549.0606946167821 76.93368628291674
486.17177812016 91.40074964754601
436.1100746820271 102.75411905507728
395.9934207776513 111.90017624151804
362.9705009781667 119.44222667070402
334.2394286705281 125.68131732552246
311.0983574124535 131.1342720182136
289.45275778964066 135.62741937210316
270.62087512352247 139.52471869745156
254.55387427805496 143.05219341299352
239.90502597155108 146.1169762782941
226.65313611931006 148.83286940101837
214.77152659435853 151.31188787730449
204.22810443347862 153.6640121111286
193.7697772607317 155.5446037541621
184.60939880657702 157.44524959237555
176.7016466162671 159.4700159319824
167.6892057063387 160.62101207343323
159.91302894523793 161.9704022892513
153.31765811311004 163.61657303690907
146.75867696751826 165.01319950739253
140.24503868652008 166.16375709620078
133.78556757712926 167.07200122229685
127.38895026114534 167.74196280169176
122.04517217937625 168.93223230559255
116.72637084398828 169.9459639571355
111.43881794367284 170.78570804307523
106.18868874645104 171.45420208093407
100.98205621836665 171.95436761618708
96.6629312589863 173.16799935138098
91.53060274139602 173.36346030448573
87.23529909569967 174.32236698208848
82.1980328264725 174.2235406040462
77.9447741822624 174.93533995996066
73.70289356426997 175.53627385792421
69.47624139980192 176.02773826496752
65.26861311311683 176.41123477833543
61.083745939807905 176.6883689488703
56.92531580912189 176.8608485012025
53.307885398994074 177.99429382096622
49.17808306061028 177.97645087497972
45.08502164422856 177.85871133595646
41.43706905397926 178.7444638066265
37.39177031884699 178.4438510540051
33.72584630076931 179.17032190085737
29.74042865243021 178.69197523786954
26.067516180957806 179.26067486808688
22.37677884041608 179.75451999700977
18.484640736389444 179.02335858222295
14.802903360296304 179.36174789249773
11.11104362126485 179.62523668230313
7.411586088283981 179.81360224649669
3.7070604907013727 179.92668533444626
