0 237.58839032550816
-4.05037392168554 237.54966262552549
-8.097977660375559 237.43351410524136
-12.1400429159663 237.24004846236232
-16.173805152890765 236.9694383884289
-20.196505479266527 236.62192536215093
-24.42843330699054 237.3419846915915
-28.45755426974007 236.8350884033905
-32.46721235069988 236.25142299983955
-36.787506807185316 236.7129288190657
-40.786209324231464 235.96778659251734
-45.16196017939467 236.24794684986406
-49.13781203535916 235.3400149576184
-53.555995137364164 235.43390697815312
-58.00791875911412 235.42629763777518
-61.94424928451552 234.26586294044472
-66.4181398041726 234.06492878038796
-70.91481143935863 233.75795064298399
-75.43037456561959 233.34330049935454
-79.96088090420676 232.8194561233408
-84.5023267843913 232.18500266525942
-89.05065647179454 231.4386341124524
-94.37829733826653 231.50193459243812
-98.95908012701318 230.50664099765032
-104.3717966803116 230.27403029309514
-108.96602640410866 229.02258640802557
-114.44229188225255 228.48404875157607
-119.9563974222234 227.77672677257866
-125.50208914177263 226.89780452755193
-131.0730148574316 225.84465127175912
-136.6627300870494 224.61482437679078
-143.29892876542561 223.90527787339917
-149.9914612546527 222.9575298457163
-156.73148120430858 221.76765793714776
-163.5100091566799 220.3320149923839
-170.31794146730672 218.647233282245
-178.2995486995994 217.25974438238848
-187.51014828162886 216.0712674000364
-195.6086515368927 214.0097421241285
-204.9522427176112 212.0731615131006
-215.58611871366872 210.1575594206317
-226.29730548222312 207.77144682907024
-238.33878042171855 205.25955717584546
-251.74252693161492 202.5120021850217
-266.53511906390975 199.4168556525686
-282.73765238847074 195.86040085992857
-301.69676329978626 191.9355866755026
-323.4611997380285 187.41646729907717
-346.7126349369288 181.9391567919974
-375.54552267288386 175.67739542991967
-408.6616396089411 168.11442361389413
-448.8628084855017 158.94925368911782
-499.0002868090786 147.57863444947228
-561.9561861720771 133.09623317626043
-644.849977664415 114.02694031454665
-757.6883546131872 87.89908580603782
-921.8742430319539 49.920396448048365
NaN NaN
NaN NaN
NaN NaN
-1061.242671866037 -168.7991654920781
-1052.8178395428465 -188.29305319655813
-1045.5839285359812 -211.6233830487587
-1039.6648700463336 -234.9636245504417
-1034.356859235364 -258.47441617733256
-1030.1462300457854 -282.49519371456825
-1026.843587788026 -306.99351579517537
-1023.289236123294 -331.8697302967714
-1020.615481596002 -356.70499593905447
-1017.5424143774156 -381.7904230918635
-1015.2245310044558 -406.95050076057925
-1013.6100009796288 -432.31401843634126
-1011.41573120987 -458.03302891550993
-1009.8191011778788 -484.09496961639553
-1007.5431930912126 -510.54113897001196
-1005.7645068715832 -537.455411230107
-1004.4251456028542 -564.9435033844546
-1002.26269625292 -592.8864234633667
-1001.6191657166047 -621.7694123586994
-994.1585058001106 -649.6464634906073
-978.9037887447973 -675.4759365659714
-963.0013799771402 -700.8459317131725
-946.4646781561353 -725.7442065395803
-929.3073423057713 -750.1584294813201
-911.5433116053069 -774.0762744833912
-893.1867560021509 -797.485519291266
-874.2520997425377 -820.3740957159075
-854.754028779762 -842.7301400626968
-834.7074171859632 -864.5420472496519
-814.1273651882357 -885.7984906191293
-793.029184351223 -906.4884513603731
-771.4283428626666 -926.6012398048966
-749.3405133997928 -946.1265097237574
-726.7815051645235 -965.0542701366926
-703.7672811938684 -983.3748943990826
-680.3139443211463 -1001.0791279499273
-656.4503908518419 -1018.1627712731872
-632.200065429984 -1034.6225922582237
-607.5738907490829 -1050.4515023573892
-582.5835242866158 -1065.6421316920384
-557.2414258380234 -1080.1870088205112
-531.5606308402192 -1094.0785745644368
-505.55482311228076 -1107.3093333907882
-479.23821677615484 -1119.8718819858484
-452.6255784246487 -1131.7590229059483
-425.73207646947236 -1142.963722787149
-398.5733701039934 -1153.479270909693
-371.1654430445569 -1163.299185125372
-343.5246982220012 -1172.4173820393812
-315.66784015418256 -1180.828112736453
-287.61186716801217 -1188.5260063091441
-259.3740558676104 -1195.5061123713303
-230.9719197694965 -1201.7638993016528
-202.42318242571721 -1207.295262669582
-173.74576542705344 -1212.096570532586
-144.95775120063573 -1216.1646508803533
-116.07735621029363 -1219.4967813649735
-87.12292229097817 -1222.0907557473306
-58.11287854523713 -1223.9448395117847
-29.065723181681573 -1225.05779192894
0 -1225.4288585889299
29.0657231816811 -1225.05779192894
58.11287854523674 -1223.9448395117847
87.12292229097817 -1222.0907557473306
116.07735621029308 -1219.4967813649735
144.95775120063524 -1216.1646508803533
173.74576542705344 -1212.096570532586
202.42318242571687 -1207.295262669582
230.9719197694959 -1201.7638993016528
259.3740558676104 -1195.5061123713303
287.6118671680117 -1188.5260063091441
315.6678401541823 -1180.828112736453
343.5246982220012 -1172.4173820393812
371.1654430445566 -1163.2991851253723
398.57337010399294 -1153.479270909693
425.73207646947236 -1142.963722787149
452.6255784246483 -1131.7590229059485
479.23821677615456 -1119.8718819858489
505.55482311228076 -1107.3093333907882
531.5606308402191 -1094.0785745644368
557.2414258380234 -1080.1870088205112
582.5835242866158 -1065.6421316920384
607.5738907490829 -1050.4515023573892
632.200065429984 -1034.6225922582237
656.4503908518419 -1018.1627712731872
680.3139443211461 -1001.0791279499273
703.7672811938684 -983.3748943990825
726.7815051645235 -965.0542701366926
749.340513399792 -946.1265097237577
771.4283428626661 -926.6012398048977
793.029184351223 -906.4884513603731
814.127365188235 -885.7984906191299
834.7074171859629 -864.5420472496521
854.7540287797618 -842.7301400626969
874.2520997425374 -820.3740957159077
893.1867560021512 -797.485519291266
911.5433116053069 -774.0762744833912
929.3073423057713 -750.1584294813201
946.4646781561352 -725.7442065395808
963.0013799771402 -700.8459317131725
978.9037887447968 -675.4759365659719
994.1585058001106 -649.6464634906073
1001.6191657166047 -621.7694123586994
1002.26269625292 -592.8864234633667
1004.4251456028542 -564.9435033844547
1005.7645068715835 -537.4554112301065
1007.5431930912126 -510.541138970012
1009.8191011778783 -484.0949696163967
1011.41573120987 -458.03302891550993
1013.6100009796288 -432.31401843634126
1015.2245310044553 -406.95050076058067
1017.5424143774153 -381.7904230918653
1020.615481596002 -356.7049959390541
1023.289236123293 -331.869730296774
1026.843587788026 -306.99351579517537
1030.1462300457854 -282.49519371456825
1034.356859235364 -258.47441617733256
1039.6648700463336 -234.9636245504417
1045.5839285359812 -211.6233830487587
1052.8178395428465 -188.29305319655813
1061.242671866037 -168.7991654920781
NaN NaN
NaN NaN
NaN NaN
921.8742430319542 49.92039644804657
757.6883546131872 87.89908580603782
644.849977664415 114.02694031454665
561.9561861720771 133.09623317626043
499.00028680907866 147.5786344494718
448.86280848550183 158.94925368911768
408.6616396089411 168.11442361389393
375.54552267288386 175.67739542991967
346.7126349369288 181.9391567919974
323.4611997380285 187.41646729907717
301.69676329978626 191.93558667550255
282.73765238847074 195.8604008599286
266.5351190639098 199.41685565256847
251.74252693161492 202.5120021850217
238.33878042171855 205.25955717584546
226.29730548222312 207.77144682907024
215.58611871366884 210.15755942063151
204.95224271761123 212.0731615131005
195.6086515368927 214.00974212412842
187.51014828162886 216.0712674000364
178.2995486995994 217.25974438238848
170.31794146730672 218.647233282245
163.51000915667998 220.3320149923838
156.7314812043086 221.76765793714776
149.9914612546527 222.95752984571627
143.29892876542561 223.90527787339917
136.6627300870494 224.61482437679078
131.0730148574316 225.84465127175912
125.50208914177274 226.89780452755187
119.95639742222345 227.77672677257792
114.44229188225258 228.48404875157604
108.96602640410866 229.02258640802557
104.3717966803116 230.27403029309514
98.95908012701318 230.50664099765032
94.3782973382666 231.501934592438
89.05065647179457 231.4386341124524
84.50232678439131 232.18500266525942
79.96088090420676 232.8194561233408
75.43037456561959 233.34330049935454
70.91481143935863 233.75795064298399
66.41813980417267 234.06492878038793
61.94424928451557 234.26586294044472
58.00791875911415 235.42629763777512
53.555995137364164 235.43390697815312
49.13781203535916 235.3400149576184
45.16196017939467 236.24794684986406
40.786209324231514 235.9677865925173
36.78750680718536 236.7129288190657
32.46721235069994 236.25142299983952
28.45755426974007 236.8350884033905
24.42843330699054 237.3419846915915
20.196505479266527 236.62192536215093
16.173805152890807 236.96943838842887
12.140042915966342 237.24004846236232
8.097977660375603 237.43351410524136
4.05037392168554 237.54966262552549
