0 79.80839032551107
-3.1103490511336527 79.77246289995142
-6.218572165362783 79.66470782534324
-9.322544847140785 79.48520668363082
-12.420145482691591 79.23409536385553
-15.509256778531658 78.91156394091753
-18.81080798184618 79.66202183737958
-21.913402359979113 79.19086086624964
-25.00101889115165 78.64817317539794
-28.40438875390328 79.15579082873339
-31.491912047583355 78.4617726180217
-34.96285352647152 78.79793375528503
-38.04088596440633 77.9507312316393
-41.56885492720471 78.10992002898784
-45.138779796880584 78.17200147270526
-48.2019314352233 77.08546626156722
-51.812061366031 76.96244352742302
-55.454982688936454 76.73718101358911
-59.12739089730932 76.40783247663035
-62.82591556866555 75.97264753945987
-66.5471232309431 75.42997382932454
-70.28752030007935 74.77825902991162
-74.82008786457136 74.93883280219316
-78.61920157115668 74.04317005208286
-83.26418897906376 73.9122789050683
-87.10515565743411 72.76436828751541
-91.84314043898642 72.33089715339203
-96.63445361190628 71.72988977513081
-101.47333665974374 70.95824106093805
-106.35392181037672 70.01302791201977
-111.27023770659781 68.89151292116001
-117.25043979747129 68.29035370966412
-123.30482803238364 67.45077112680741
-129.4249934130969 66.36854556996082
-135.602381299286 65.03973344763436
-141.82830003783263 63.46067223000305
-149.2474190751951 62.17750115548726
-157.9154413407574 61.09165028512666
-165.4916500134093 59.1307744776624
-174.33358729996488 57.29258669695957
-184.48679389886217 55.47284654937396
-194.73862519402246 53.17979731828011
-206.3423734032191 50.75791207810787
-219.33032192191632 48.097050297553245
-233.72932976930716 45.08504237754153
-249.56076225825777 41.60793779600287
-268.17151011724474 37.75846191619533
-289.6105600370493 33.31045641100174
-312.55980825511745 27.89983444331598
-341.11391565163444 21.700147636829204
-373.9748499518381 14.194460570486061
-413.94460878551143 5.081623143532014
-437.37515936481617 -5.969810020721074
-439.7124673186577 -17.440630966344496
-441.74922642532306 -28.970066125945355
-443.48393375601603 -40.550255079647116
-444.9152913909268 -52.173298100189726
-446.04220761056706 -63.83126327918219
-446.86379796815885 -75.51619897603594
-447.3793863565423 -87.22018659586851
-447.5918730788981 -100
-447.4908931066654 -110.6520109508297
-447.0865089114905 -122.364781138537
-446.3755115399745 -134.0642827933288
-445.35827445929255 -145.74257854770306
-444.0353815630782 -157.39166360536436
-442.4076272783484 -169.00353529836855
-440.476016357971 -180.57020725749396
-438.24176350561174 -192.08371706750214
-435.704608419716 -203.53951206000272
-432.84224190801643 -214.97066301143886
-429.6564783931475 -226.3541389729049
-426.1567741331465 -237.66135091663884
-422.3506481668294 -248.87356396121695
-418.2444296564628 -259.9772716359798
-413.8437221651149 -270.96184876140643
-409.1536875191069 -281.81832422840523
-404.17924657009627 -292.538696468277
-398.9251729518177 -303.1155850890173
-393.3961916209314 -313.54200014309123
-387.59702589110043 -323.81122560178096
-381.53243920383676 -333.9167449565682
-375.20726315441703 -343.852199879731
-368.62640927042827 -353.61137073599696
-361.79490432023573 -363.18815597512844
-354.71785694194483 -372.5765835222893
-347.4004954857628 -381.77079568595207
-339.8481897102131 -390.7650497318246
-332.06639143758184 -399.55373402898795
-324.06068526065775 -408.1313592260307
-315.8367863936694 -416.492566014962
-307.4004978822553 -424.6321303889113
-298.75776964394703 -432.5449663295397
-289.9146410490035 -440.2261295380902
-280.8772681020485 -447.67082129400234
-271.6519186175845 -454.8743932918623
-262.24496742458774 -461.83235183211167
-252.66285504140734 -468.54034749307027
-242.9121794860528 -474.99420990436477
-232.9995740828796 -481.1899090609972
-222.93179417777705 -487.1235914335951
-212.71567429971302 -492.79156794472664
-202.35812564682743 -498.1903151290657
-191.86613848220387 -503.3164804347062
-181.24677764434145 -508.16688421814183
-170.5071780827501 -512.7385215221784
-159.6545380881691 -517.028561072641
-148.69610860535326 -521.0343374960385
-137.6392209634105 -524.7533902081886
-126.49123990480703 -528.1834156587851
-115.2595817757764 -531.3222915727888
-103.95171641833005 -534.1680910151456
-92.57514490343783 -536.7190531677968
-81.13740857647436 -538.9736048286587
-69.64608597369252 -540.9303691952695
-58.10877547696407 -542.5881309588841
-46.53310427603895 -543.9458679215638
-34.926722222889204 -545.0027542302564
-23.297292349679637 -545.7581385306547
-11.652490273760435 -546.2115553567174
0 -546.362725343944
11.652490273760227 -546.2115553567174
23.297292349679473 -545.7581385306547
34.926722222889204 -545.0027542302564
46.533104276038735 -543.9458679215638
58.10877547696387 -542.5881309588842
69.64608597369252 -540.9303691952695
81.1374085764742 -538.9736048286587
92.57514490343758 -536.7190531677968
103.95171641833005 -534.1680910151456
115.25958177577617 -531.3222915727888
126.49123990480685 -528.1834156587852
137.6392209634105 -524.7533902081886
148.6961086053531 -521.0343374960386
159.65453808816895 -517.028561072641
170.5071780827501 -512.7385215221784
181.2467776443413 -508.16688421814183
191.86613848220375 -503.3164804347062
202.35812564682743 -498.1903151290657
212.715674299713 -492.7915679447267
222.931794177777 -487.12359143359515
232.9995740828796 -481.1899090609972
242.9121794860528 -474.99420990436477
252.66285504140734 -468.54034749307027
262.24496742458774 -461.83235183211167
271.6519186175843 -454.8743932918623
280.8772681020484 -447.67082129400245
289.9146410490035 -440.2261295380902
298.757769643947 -432.54496632953976
307.4004978822553 -424.6321303889115
315.8367863936694 -416.492566014962
324.0606852606576 -408.13135922603095
332.06639143758184 -399.553734028988
339.848189710213 -390.7650497318248
347.4004954857627 -381.7707956859521
354.7178569419449 -372.5765835222893
361.79490432023573 -363.18815597512844
368.62640927042827 -353.61137073599696
375.2072631544169 -343.85219987973124
381.5324392038367 -333.9167449565682
387.59702589110003 -323.8112256017813
393.3961916209314 -313.54200014309123
398.9251729518177 -303.1155850890173
404.17924657009627 -292.538696468277
409.1536875191069 -281.8183242284053
413.84372216511485 -270.96184876140677
418.2444296564628 -259.97727163597983
422.3506481668292 -248.87356396121723
426.1567741331465 -237.66135091663884
429.6564783931475 -226.3541389729049
432.8422419080163 -214.97066301143937
435.704608419716 -203.53951206000315
438.24176350561174 -192.08371706750233
440.47601635797093 -180.5702072574944
442.4076272783484 -169.00353529836855
444.0353815630782 -157.39166360536436
445.35827445929255 -145.74257854770306
446.3755115399745 -134.0642827933288
447.0865089114905 -122.364781138537
447.4908931066654 -110.6520109508297
447.5918730788981 -100
447.3793863565423 -87.22018659586851
446.8637979681589 -75.51619897603605
446.04220761056706 -63.83126327918219
444.91529139092694 -52.173298100190706
443.48393375601603 -40.550255079647116
441.74922642532306 -28.970066125945355
439.7124673186577 -17.440630966344496
437.3751593648162 -5.969810020721502
413.94460878551155 5.081623143531876
373.9748499518381 14.194460570485848
341.11391565163444 21.700147636829204
312.55980825511745 27.89983444331598
289.6105600370493 33.31045641100174
268.17151011724474 37.75846191619526
249.56076225825777 41.607937796002886
233.7293297693072 45.0850423775414
219.33032192191632 48.097050297553245
206.3423734032191 50.75791207810787
194.73862519402246 53.17979731828011
184.4867938988623 55.47284654937377
174.3335872999649 57.29258669695948
165.4916500134093 59.130774477662335
157.9154413407574 61.09165028512666
149.2474190751951 62.17750115548726
141.82830003783263 63.46067223000305
135.6023812992861 65.03973344763423
129.42499341309693 66.36854556996082
123.30482803238365 67.45077112680738
117.25043979747129 68.29035370966412
111.27023770659781 68.89151292116001
106.35392181037672 70.01302791201977
101.47333665974385 70.958241060938
96.63445361190632 71.72988977513008
91.84314043898645 72.33089715339202
87.10515565743411 72.76436828751541
83.26418897906376 73.9122789050683
78.61920157115668 74.04317005208286
74.82008786457143 74.93883280219306
70.28752030007938 74.77825902991162
66.54712323094311 75.42997382932454
62.82591556866555 75.97264753945987
59.12739089730932 76.40783247663035
55.454982688936454 76.73718101358911
51.81206136603107 76.962443527423
48.20193143522335 77.08546626156722
45.13877979688061 78.1720014727052
41.56885492720471 78.10992002898784
38.04088596440633 77.9507312316393
34.96285352647152 78.79793375528503
31.4919120475834 78.46177261802167
28.404388753903326 79.15579082873337
25.001018891151702 78.64817317539793
21.913402359979113 79.19086086624964
18.81080798184618 79.66202183737958
15.509256778531658 78.91156394091753
12.420145482691636 79.23409536385552
9.322544847140827 79.4852066836308
6.218572165362827 79.66470782534324
3.1103490511336527 79.77246289995142
