0 688.0122016569719
-6.825455591883933 687.9640071942779
-13.646238812292372 687.8194803074273
-20.45768047708006 687.5787904096085
-27.255117774617144 687.2422195544957
-34.03389744668861 686.8101619841199
-40.78937896296692 686.283123496438
-47.51693768691973 685.6617206331999
-54.21196803102717 684.9466796888909
-60.86988659918406 684.1388355417272
-67.4861353141587 683.2391303077544
-74.05618452803073 682.2486118195258
-80.57553611347704 681.1684319308249
-91.79910000272986 690.7726113623817
-98.55400162174709 689.3825065685354
-105.24145222711391 687.8972840032219
-111.85687385834935 686.3185854968981
-118.39573765201573 684.6481520995765
-124.85356693186294 682.8878213316409
-131.22594026396627 681.0395242755957
-137.50849447482298 679.1052825125308
-143.6969276303218 677.0872049076147
-149.7870019736313 674.9874842492703
-163.8503032765369 681.8200052464701
-170.03637980837559 679.3393580685973
-176.10609190123927 676.775814006199
-182.05528236103166 674.132018225108
-187.87987612175976 671.4106864819566
-193.57588303223972 668.6146009153568
-208.95409319783062 673.2895070268663
-214.64924198050346 670.0806968587461
-220.19750448816401 666.7985324129811
-225.59507796068723 663.4462013978613
-241.6803967068109 666.439916861749
-247.00503552528423 662.6572411573583
-252.16065693448587 658.8076979494075
-268.67907813999864 660.3898544575927
-273.7025403893672 656.0986329591881
-290.49660609591564 656.5981645217348
-295.342468544749 651.8566038650347
-312.3343129304863 651.2434492880257
-316.9564949377112 646.0456687507849
-334.06667830636945 644.2942823586571
-351.28816371501085 641.7911275471782
-368.5920108945736 638.5271340017559
-385.94901893953363 634.4941560086554
-403.3297556306164 629.684981054355
-420.70458693759815 624.0933378018913
-451.6041069991038 619.0632307959157
-482.660214391878 612.4991748358119
-513.8158665478181 604.3889037546164
-558.8776410302678 594.9553915372779
-604.0904381765147 583.2033011079636
-663.3893463692299 568.601678573698
-750.9652648220732 549.1174120055924
-867.034488253416 522.491833189844
NaN NaN
NaN NaN
NaN NaN
NaN NaN
-1325.7733865687208 -805.1597447007027
-1305.9794296663413 -815.9922794081675
-1285.3261347862647 -829.6215019449788
-1267.250552364349 -843.591326150875
-1250.680492772087 -858.0020067694655
-1234.5116152306841 -873.3018024985084
-1231.5328692932592 -887.0811694400691
-1215.7046490638966 -903.9090830990231
-1200.0777780162416 -921.0339083848484
-1197.2064168151476 -937.124067636535
-1181.5231468242941 -955.0208352201811
-1178.1854250593317 -972.5119742438751
-1162.0961839375082 -991.0371600666847
-1157.9954506108747 -1009.8038791416501
-1153.3670674734851 -1029.3475212680207
-1148.160432603736 -1049.6344280996552
-1142.3272777926838 -1070.6304358717634
-1124.1170369809806 -1090.649965560192
-1128.6114977624304 -1114.6010585063186
-1120.6534383872413 -1137.4966326432732
-1111.9149461690222 -1160.9448243400511
-1102.3669952983475 -1184.9022018447288
-1102.876891987736 -1212.8455223017572
-1091.4376122225744 -1238.0454310741702
-1089.616645772591 -1267.8735176644273
-1076.1600094220953 -1294.110502833651
-1071.8540119314998 -1325.587223944615
-1066.1449072683508 -1357.9745947878182
-1068.6717021325383 -1396.908286686016
-1060.0566409387238 -1431.2385909207628
-1059.444316613246 -1472.6933668881848
-1047.9715037438802 -1508.7222684789604
-1043.975205764798 -1552.4466162498438
-1046.7624801255013 -1604.8377990287456
-1038.6614171334884 -1651.2152510872395
-1036.7415543972963 -1706.7644145367622
-1032.2181806398576 -1763.897981583505
-1025.0041111814269 -1822.4909974615687
-1022.5091276197616 -1891.571753444459
-1023.8643897914068 -1971.9856352916938
-1021.1917447943802 -2054.6990353176084
-1014.368283852418 -2139.4941446778485
-964.9731468757309 -2163.7024121832
-902.8625907958387 -2165.6963577858514
-841.4828266313478 -2165.875465173605
-786.2542284533205 -2175.044279476585
-726.1636782779204 -2171.832946755217
-671.6396748682877 -2177.919630251949
-617.3655862528717 -2182.560195438281
-563.3811357762626 -2185.7681792845424
-509.72972580620416 -2187.564520176081
-456.4501150340503 -2187.9655413135642
-403.58454347710415 -2186.996614049903
-353.7184416713048 -2196.1990090155746
-301.4317609612772 -2192.5981389889835
-251.4962624150003 -2199.3145589976484
-199.93404052701504 -2193.1416702045076
-150.06543111916113 -2197.389653539392
-100.0983605221747 -2200.4265267067144
-50.06560722086118 -2202.2496900724964
0 -2202.857584411069
50.06560722086035 -2202.2496900724964
100.0983605221739 -2200.4265267067144
150.06543111916113 -2197.389653539392
199.93404052701436 -2193.1416702045076
251.4962624149994 -2199.3145589976484
301.4317609612772 -2192.5981389889835
353.71844167130394 -2196.1990090155746
403.5845434771032 -2186.996614049903
456.4501150340503 -2187.9655413135642
509.7297258062032 -2187.564520176081
563.3811357762617 -2185.768179284543
617.3655862528717 -2182.560195438281
671.6396748682869 -2177.919630251949
726.1636782779194 -2171.832946755217
786.2542284533205 -2175.044279476585
841.4828266313474 -2165.8754651736053
902.8625907958382 -2165.6963577858523
964.9731468757309 -2163.7024121832
1014.368283852417 -2139.494144677849
1021.19174479438 -2054.6990353176084
1023.8643897914068 -1971.9856352916938
1022.5091276197614 -1891.5717534444593
1025.0041111814255 -1822.4909974615691
1032.2181806398576 -1763.897981583505
1036.7415543972959 -1706.7644145367622
1038.6614171334882 -1651.2152510872397
1046.7624801255013 -1604.8377990287456
1043.9752057647972 -1552.4466162498447
1047.9715037438793 -1508.7222684789608
1059.444316613246 -1472.6933668881848
1060.0566409387236 -1431.2385909207628
1068.6717021325383 -1396.908286686016
1066.1449072683506 -1357.9745947878182
1071.8540119314991 -1325.5872239446153
1076.1600094220948 -1294.1105028336513
1089.616645772591 -1267.8735176644273
1091.4376122225744 -1238.0454310741702
1102.8768919877339 -1212.845522301758
1102.3669952983466 -1184.9022018447295
1111.9149461690224 -1160.9448243400511
1120.6534383872413 -1137.4966326432734
1128.6114977624304 -1114.6010585063186
1124.1170369809806 -1090.649965560192
1142.3272777926836 -1070.6304358717637
1148.1604326037357 -1049.6344280996557
1153.3670674734847 -1029.347521268021
1157.9954506108745 -1009.8038791416504
1162.0961839375082 -991.0371600666847
1178.1854250593317 -972.5119742438751
1181.5231468242941 -955.0208352201812
1197.2064168151476 -937.1240676365353
1200.0777780162405 -921.0339083848489
1215.7046490638959 -903.9090830990235
1231.5328692932592 -887.0811694400691
1234.5116152306841 -873.3018024985084
1250.680492772087 -858.0020067694655
1267.250552364349 -843.591326150875
1285.3261347862647 -829.6215019449788
1305.9794296663413 -815.9922794081675
1325.7733865687208 -805.1597447007027
NaN NaN
NaN NaN
NaN NaN
NaN NaN
867.034488253416 522.491833189844
750.9652648220732 549.1174120055924
663.3893463692299 568.601678573698
604.0904381765148 583.2033011079631
558.8776410302678 594.9553915372777
513.8158665478182 604.3889037546162
482.660214391878 612.4991748358119
451.6041069991038 619.0632307959157
420.70458693759815 624.0933378018913
403.3297556306165 629.6849810543549
385.9490189395337 634.4941560086553
368.59201089457366 638.5271340017558
351.28816371501085 641.7911275471782
334.06667830636945 644.2942823586571
316.9564949377112 646.0456687507849
312.33431293048636 651.2434492880255
295.34246854474907 651.8566038650346
290.4966060959157 656.5981645217347
273.7025403893672 656.0986329591881
268.67907813999864 660.3898544575927
252.16065693448587 658.8076979494075
247.00503552528428 662.6572411573582
241.68039670681094 666.439916861749
225.5950779606873 663.4462013978612
220.19750448816401 666.7985324129811
214.64924198050346 670.0806968587461
208.95409319783062 673.2895070268663
193.57588303223983 668.6146009153568
187.87987612175982 671.4106864819566
182.0552823610317 674.1320182251079
176.10609190123927 676.775814006199
170.03637980837559 679.3393580685973
163.8503032765369 681.8200052464701
149.7870019736314 674.9874842492703
143.69692763032185 677.0872049076147
137.50849447482304 679.1052825125308
131.22594026396627 681.0395242755957
124.85356693186294 682.8878213316409
118.39573765201573 684.6481520995765
111.85687385834939 686.3185854968981
105.24145222711395 687.8972840032219
98.55400162174713 689.3825065685354
91.79910000272986 690.7726113623817
80.57553611347704 681.1684319308249
74.05618452803073 682.2486118195258
67.48613531415874 683.2391303077544
60.86988659918411 684.1388355417272
54.211968031028185 684.9466796888909
47.51693768691973 685.6617206331999
40.78937896296692 686.283123496438
34.03389744668861 686.8101619841199
27.2551177746173 687.2422195544957
20.457680477080363 687.5787904096085
13.64623881229242 687.8194803074273
6.825455591883933 687.9640071942779
