0 904.1022016569688
-8.11288095807445 904.0501720358178
-16.220207207635735 903.894149777727
-24.316427832210657 903.6343345848269
-32.39599949684662 903.271058914241
-40.453390232477226 902.8047874088605
-48.48308321262026 902.2361161011195
-56.47958051985411 901.5657713905921
-64.43740689953857 900.7946087962747
-72.35111349824436 899.923611485012
-80.21528158435157 898.9538885771716
-88.02452624833762 897.886673231663
-95.77350008021679 896.72332051205
-108.21627029055514 906.2380717492855
-116.17912672219826 904.7525208815616
-124.062452759842 903.1660881503802
-131.860850849719 901.4806848650892
-139.5689813754185 899.6983365920086
-147.18156630367739 897.821179710585
-154.69339278873102 895.8514577709151
-162.0993167328046 893.791517657394
-169.39426630028134 891.6438055641344
-176.5732453832573 889.4108627880846
-191.70709347259765 896.1069328458302
-198.94462513834904 893.4869741000218
-206.04598009777538 890.7816344755969
-213.00629412029102 887.9939432400047
-219.82079916632094 885.1270067175917
-226.48482664893146 882.1840030544147
-242.80850324053688 886.7110781499838
-249.42591632764547 883.3539277653782
-255.87260894427894 879.9233198546256
-262.14416259119326 876.4228492085372
-279.0784125947676 879.269135973324
-285.2263519386755 875.3401484903849
-291.1790788922403 871.3458141731231
-308.4678643647191 872.7851006161749
-314.23442163447015 868.3533259643941
-331.7438038346066 868.7150115158009
-337.27671400804365 863.8386954610537
-354.9268664812032 863.0942516986615
-360.1781657671963 857.7690148199137
-377.8878444404049 855.894361514248
-395.6787923152431 853.2724746974103
-413.5216788415222 849.894617400162
-431.3869336830753 845.7529641179443
-449.24477629366237 840.8406084421027
-467.0652456584901 835.1515701051225
-498.37863049812063 830.0301287952003
-529.8165457470532 823.3810576828741
-561.3216871651548 815.1923314010214
-606.7003927932836 805.6871464149259
-652.1973457599453 793.8703691151876
-711.7474397016146 779.2112294237404
-799.541401681781 759.6767789969145
-915.7953769826776 733.0084924601574
NaN NaN
NaN NaN
NaN NaN
NaN NaN
-1384.6511976442023 -1033.9748305022324
-1364.1815924754799 -1043.624258172788
-1342.6642174452793 -1055.7974661226006
-1323.6892493848552 -1068.3107813929423
-1306.181463423404 -1081.2547005069398
-1289.015644444463 -1095.0332692246895
-1285.1098477420244 -1107.4796409825522
-1268.1899837631574 -1122.7078182178084
-1251.4552924046554 -1138.2447554889275
-1247.5233779675068 -1152.8832873889885
-1230.6953300894284 -1169.1969540977748
-1226.2328889846913 -1185.1805126124718
-1208.9778733982293 -1202.143160028398
-1203.7069397392245 -1219.364586515201
-1197.8849064216677 -1237.3346784040546
-1191.4661696101984 -1256.0250337417679
-1184.4071136496855 -1275.4064850335155
-1165.0161167019212 -1293.9282621405187
-1168.215279907701 -1316.1133518218276
-1159.0148278513132 -1337.368945624321
-1149.0356116401292 -1359.177450512272
-1138.2516519364067 -1381.4994853575565
-1137.4426598748607 -1407.5697942302747
-1124.780607526564 -1431.1355858396348
-1121.652148253132 -1459.0636994410534
-1106.997741277536 -1483.6863207555916
-1101.4096314738526 -1513.2596838845093
-1094.4350105300216 -1543.7434967899644
-1095.614851534653 -1580.4438072340588
-1085.7768230409652 -1612.8789042293738
-1083.8674363125424 -1652.101830935738
-1071.223070896914 -1686.26517246264
-1065.988442479732 -1727.7825166217126
-1067.480808659749 -1777.6164624002597
-1058.2127260684413 -1821.8265260674207
-1055.0794475716039 -1874.8672484929918
-1049.3871352922502 -1929.527605756433
-1041.0490602795987 -1985.6893627218878
-1037.4067155260507 -2052.022779087482
-1037.60560650703 -2129.393972484738
-1033.8394554638653 -2209.1458003812445
-1025.9833904521931 -2291.066687292829
-975.9065290041779 -2314.5116788607183
-913.2213477445641 -2316.479130842898
-851.2686826853138 -2316.689919330765
-795.4243584369516 -2325.5928136278417
-734.7631665927336 -2322.5208439987546
-679.628421355627 -2328.4394656871955
-624.7460358465011 -2332.957799923378
-570.154934073199 -2336.0885376945516
-515.8977282559486 -2337.8516591803914
-462.0124297394345 -2338.262803450137
-408.540533443109 -2337.346479066246
-358.0450347642364 -2346.267469527975
-305.15158756606047 -2342.799973145781
-254.59098282651428 -2349.3116668229604
-202.419003563477 -2343.3508683431887
-151.9272069752892 -2347.469372778882
-101.33861932404221 -2350.413894158784
-50.68545944349018 -2352.181699633635
0 -2352.7711501980166
50.68545944348935 -2352.181699633635
101.33861932404142 -2350.413894158784
151.9272069752892 -2347.469372778882
202.4190035634763 -2343.3508683431887
254.59098282651337 -2349.3116668229604
305.15158756606047 -2342.799973145781
358.04503476423554 -2346.267469527975
408.540533443108 -2337.346479066246
462.0124297394345 -2338.262803450137
515.8977282559476 -2337.8516591803914
570.1549340731981 -2336.088537694552
624.7460358465011 -2332.957799923378
679.6284213556262 -2328.4394656871955
734.7631665927325 -2322.5208439987546
795.4243584369516 -2325.5928136278417
851.2686826853134 -2316.6899193307654
913.2213477445636 -2316.479130842899
975.9065290041779 -2314.5116788607183
1025.9833904521922 -2291.0666872928296
1033.839455463865 -2209.1458003812445
1037.60560650703 -2129.393972484738
1037.4067155260507 -2052.022779087482
1041.0490602795974 -1985.6893627218883
1049.3871352922502 -1929.527605756433
1055.0794475716034 -1874.8672484929918
1058.212726068441 -1821.826526067421
1067.480808659749 -1777.6164624002597
1065.988442479731 -1727.7825166217135
1071.223070896913 -1686.2651724626405
1083.8674363125424 -1652.101830935738
1085.776823040965 -1612.8789042293738
1095.614851534653 -1580.4438072340588
1094.4350105300214 -1543.7434967899644
1101.409631473852 -1513.2596838845095
1106.9977412775356 -1483.6863207555919
1121.652148253132 -1459.0636994410534
1124.780607526564 -1431.1355858396348
1137.4426598748585 -1407.5697942302754
1138.2516519364058 -1381.4994853575572
1149.0356116401294 -1359.177450512272
1159.0148278513134 -1337.3689456243212
1168.215279907701 -1316.1133518218276
1165.0161167019212 -1293.9282621405187
1184.4071136496852 -1275.4064850335155
1191.466169610198 -1256.0250337417683
1197.8849064216672 -1237.3346784040548
1203.7069397392243 -1219.3645865152014
1208.9778733982293 -1202.143160028398
1226.2328889846913 -1185.1805126124718
1230.6953300894284 -1169.196954097775
1247.5233779675066 -1152.8832873889887
1251.4552924046543 -1138.244755488928
1268.1899837631568 -1122.7078182178084
1285.1098477420244 -1107.4796409825522
1289.015644444463 -1095.0332692246895
1306.181463423404 -1081.2547005069398
1323.6892493848552 -1068.3107813929423
1342.6642174452793 -1055.7974661226006
1364.1815924754799 -1043.624258172788
1384.6511976442023 -1033.9748305022324
NaN NaN
NaN NaN
NaN NaN
NaN NaN
915.7953769826776 733.0084924601574
799.541401681781 759.6767789969145
711.7474397016146 779.2112294237404
652.1973457599454 793.870369115187
606.7003927932836 805.6871464149257
561.3216871651549 815.1923314010212
529.8165457470532 823.3810576828741
498.37863049812063 830.0301287952003
467.0652456584901 835.1515701051225
449.2447762936625 840.8406084421026
431.38693368307537 845.7529641179442
413.52167884152226 849.8946174001619
395.6787923152431 853.2724746974103
377.8878444404049 855.894361514248
360.1781657671963 857.7690148199137
354.92686648120326 863.0942516986614
337.2767140080437 863.8386954610536
331.74380383460664 868.7150115158008
314.23442163447015 868.3533259643941
308.4678643647191 872.7851006161749
291.1790788922403 871.3458141731231
285.2263519386756 875.3401484903848
279.0784125947676 879.269135973324
262.1441625911933 876.4228492085371
255.87260894427894 879.9233198546256
249.42591632764547 883.3539277653782
242.80850324053688 886.7110781499838
226.48482664893157 882.1840030544147
219.820799166321 885.1270067175917
213.00629412029105 887.9939432400046
206.04598009777538 890.7816344755969
198.94462513834904 893.4869741000218
191.70709347259765 896.1069328458302
176.5732453832574 889.4108627880846
169.3942663002814 891.6438055641344
162.09931673280465 893.791517657394
154.69339278873102 895.8514577709151
147.18156630367739 897.821179710585
139.5689813754185 899.6983365920086
131.86085084971901 901.4806848650892
124.06245275984205 903.1660881503802
116.1791267221983 904.7525208815616
108.21627029055514 906.2380717492855
95.77350008021679 896.72332051205
88.02452624833762 897.886673231663
80.21528158435162 898.9538885771716
72.35111349824442 899.923611485012
64.43740689954002 900.7946087962747
56.47958051985411 901.5657713905921
48.48308321262026 902.2361161011195
40.453390232477226 902.8047874088605
32.39599949684678 903.271058914241
24.316427832211183 903.6343345848269
16.22020720763578 903.894149777727
8.11288095807445 904.0501720358178
