-957.5 482.5 0.00000000059433091990786
62.5 457.5 0.00000000034192990592382304
-567.5 542.5 0.000000004842786950312612
-1462.5 -1147.5 0.00000000024041585769623814
-1002.5 -1532.5 0.0000000002455083530629014
-1082.5 -1437.5 0.0000000002511997324263242
1307.5 -957.5 0.00000000020866159683755976
-1302.5 -1247.5 0.0000000002508562357716664
-892.5 492.5 0.0000000006569818469742125
-1047.5 -1487.5 0.00000000024812340934789595
312.5 527.5 0.0000000015531582899186334
102.5 492.5 0.0000000009772277928606654
857.5 -1712.5 0.00000000046264116768584117
872.5 497.5 0.000000005442107866592228
692.5 527.5 0.000000007652314432273385
742.5 307.5 0.0000000002853088261358658
1422.5 -827.5 0.00000000019361847661787664
1247.5 -1287.5 0.0000000005065790933363474
-167.5 507.5 0.0000000022501366615386517
1292.5 -972.5 0.00000000021029322304856727
287.5 527.5 0.0000000059338663763334734
802.5 507.5 0.000000001548436375183395
-1377.5 -1197.5 0.00000000024616989306181267
1442.5 -807.5 0.00000000019130313420128632
-517.5 537.5 0.000000004767807940177722
1342.5 -917.5 0.00000000020389054090433295
42.5 462.5 0.00000000035354142714714414
1397.5 -857.5 0.00000000019724347794561857
-1312.5 -1242.5 0.00000000025012591280276634
-242.5 517.5 0.000000002665147320838229
-167.5 502.5 0.0000000005609839041371061
-912.5 492.5 0.0000000006374519655685391
627.5 -1912.5 0.00000000020719371507848757
1272.5 -992.5 0.00000000021269072058428706
-632.5 332.5 0.000000000609160104913878
977.5 -1562.5 0.0000000004868947107645204
617.5 537.5 0.000000020459990955170314
-507.5 -1947.5 0.00000000021540308095200012
-1147.5 437.5 0.00000000045933967430891183
-132.5 497.5 0.0000000005223563123425063
-812.5 507.5 0.0000000030323145977726814
-922.5 -1632.5 0.0000000002373113982667004
307.5 527.5 0.000000006187422029437686
-217.5 422.5 0.0000000006766102808285957
-1272.5 -1272.5 0.00000000025221946634540547
1087.5 -1437.5 0.000000000502991047007815
1047.5 232.5 0.00000000023635964006511695
-147.5 437.5 0.0000000006577057833830018
227.5 517.5 0.0000000051736596972104165
-1237.5 -1042.5 0.0000000004355359344441205
1227.5 -1302.5 0.000000000508323971108071
-877.5 -1687.5 0.00000000023316255716186404
1362.5 -1207.5 0.0000000004957796421437465
1267.5 -1272.5 0.0000000005062366244907185
-887.5 -1672.5 0.00000000023423258276219946
902.5 492.5 0.0000000012963203526947537
667.5 532.5 0.000000008065458705990255
-772.5 517.5 0.000000003252749540003139
-1322.5 402.5 0.00000000037585354717832433
322.5 527.5 0.000000006421991559711011
967.5 -1582.5 0.0000000004831358364896126
437.5 542.5 0.000000008081823000162368
797.5 512.5 0.000000013985378472833538
-627.5 532.5 0.000000010022262856322557
-732.5 522.5 0.0000000035243473063702764
607.5 537.5 0.0000000023028409097270846
1257.5 -1277.5 0.000000000506088659753942
-487.5 542.5 0.000000010150337290598028
1067.5 457.5 0.000000001019363388074428
967.5 477.5 0.000000001174784091440795
-1272.5 412.5 0.00000000039788009413218035
1162.5 -1362.5 0.0000000005082129512104542
37.5 477.5 0.0000000008476831921510868
117.5 497.5 0.000000001001590073880132
22.5 477.5 0.0000000032670465088672574
-447.5 537.5 0.00000000939706375772072
672.5 527.5 0.0000000019933066659493493
1192.5 -1332.5 0.0000000005085309850471165
-1172.5 -1352.5 0.0000000002538418383876172
597.5 537.5 0.000000009505706943508048
392.5 537.5 0.0000000018399124377696157
-1357.5 -897.5 0.00000000040522336896436935
132.5 442.5 0.00000000032398707633924986
807.5 512.5 0.00000000152260495511025
567.5 347.5 0.0000000003152183224960246
102.5 452.5 0.00000000031979257662961837
-1202.5 -1322.5 0.00000000025392146825171497
77.5 457.5 0.000000000330879361063863
657.5 532.5 0.000000008327385574717899
767.5 517.5 0.0000000016341940599237304
337.5 527.5 0.0000000016695635571188055
1302.5 -1247.5 0.0000000005028110057567787
-127.5 497.5 0.0000000020455189330521655
-207.5 427.5 0.0000000006723843720066642
-852.5 502.5 0.0000000028104132237380928
287.5 407.5 0.00000000034199565537621864
-337.5 527.5 0.0000000008333449473557801
-1172.5 437.5 0.00000000044641042471816095
-817.5 507.5 0.0000000007450599794468002
167.5 507.5 0.000000004507997673512822
-1407.5 -1182.5 0.00000000024446301675139617
712.5 -1842.5 0.00000000044233085792338713
-1272.5 -992.5 0.00000000042635686164685786
107.5 447.5 0.0000000003209387218294698
1022.5 -1512.5 0.0000000004949718086270562
-882.5 -1682.5 0.0000000002330536783754567
407.5 537.5 0.000000017284684521327
-1292.5 -972.5 0.00000000042154214982533553
1067.5 -1457.5 0.0000000005013170535131377
-662.5 -1877.5 0.00000000021873197543918564
-1182.5 -1347.5 0.0000000002532514404212477
-327.5 532.5 0.0000000032325729240110632
-1342.5 -917.5 0.0000000004086867044020272
-527.5 -1947.5 0.00000000021478583511254298
-522.5 537.5 0.000000010805812100017988
952.5 -1597.5 0.000000000481327103172466
1362.5 392.5 0.0000000007242607158016643
-1427.5 -1167.5 0.0000000002430979898195113
-1447.5 -1157.5 0.00000000024168218628727377
1312.5 -1237.5 0.0000000005020656505794842
-1457.5 -792.5 0.0000000003796934773872954
-837.5 -1727.5 0.00000000022984007483472459
-1182.5 202.5 0.00000000043607466185331693
1352.5 -1212.5 0.0000000019880744139600558
217.5 422.5 0.000000000337734721292728
-1117.5 -1407.5 0.000000000252084404155929
987.5 477.5 0.0000000011451117522691274
-122.5 497.5 0.0000000005101292163962524
672.5 -1872.5 0.00000000043796128412497474
772.5 -1797.5 0.0000000004489315594195201
-1072.5 -1457.5 0.00000000024991344461880675
-942.5 -1607.5 0.00000000023924432653108534
-1202.5 -1327.5 0.0000000002534103781638789
-612.5 -1907.5 0.00000000021687892036981384
-857.5 497.5 0.0000000007012106129223425
362.5 392.5 0.0000000003390263781826038
-537.5 352.5 0.0000000006408220400331552
242.5 522.5 0.000000001339473013908649
-1267.5 -1272.5 0.0000000002525680863969144
-1422.5 -1172.5 0.0000000002435088793293864
732.5 -1827.5 0.00000000044442170398385654
17.5 467.5 0.0000000003725184757370936
1462.5 -1147.5 0.0000000004819050589164498
-1077.5 457.5 0.0000000005033649940472799
1242.5 -1292.5 0.0000000005072512681514386
-287.5 522.5 0.000000000737619090246837
1457.5 -1152.5 0.0000000004827534106022824
-1192.5 -1332.5 0.00000000025371903552366553
1267.5 -1002.5 0.0000000002134735805620161
442.5 372.5 0.00000000033218952316924103
1002.5 -1532.5 0.0000000004920336056039758
117.5 447.5 0.00000000032282721397748375
387.5 -1972.5 0.0000000004320222596363225
1047.5 -1477.5 0.000000000498949880068357
1207.5 -1322.5 0.0000000005083084534175462
-62.5 457.5 0.0000000006850228769904416
-1062.5 -1467.5 0.0000000002493451255720599
1112.5 217.5 0.00000000022724139685729005
882.5 497.5 0.0000000013383061928914045
412.5 537.5 0.000000007747237827423184
122.5 497.5 0.0000000010220061876311452
-852.5 -1712.5 0.00000000023096488716099494
237.5 517.5 0.000000005315408745267601
1397.5 382.5 0.0000000006976015825422087
-372.5 532.5 0.000000008030715382130549
-347.5 532.5 0.0000000033772077207652644
-442.5 -1967.5 0.0000000002146930592688837
-1112.5 217.5 0.0000000004552199948946667
-712.5 522.5 0.0000000009135635081107506
-637.5 -1892.5 0.00000000021778349990930926
1492.5 -1132.5 0.000000000476754665520887
597.5 -1917.5 0.00000000043240863127386575
-252.5 517.5 0.000000006170550854879771
-1237.5 -1297.5 0.0000000002529558045168883
-797.5 512.5 0.000000006980693492864695
-782.5 -1782.5 0.0000000002252073364572006
967.5 -1577.5 0.0000000004851842442524029
-992.5 472.5 0.0000000022579123333139576
277.5 527.5 0.000000001436570014279797
-832.5 507.5 0.0000000029164620410479746
-52.5 482.5 0.00000000043216053873259284
-1242.5 -1292.5 0.00000000025307631640750266
977.5 -1572.5 0.0000000004848901344427935
-1487.5 362.5 0.0000000003198487183398205
-607.5 537.5 0.0000000011494346791888553
1037.5 462.5 0.0000000010656171328392242
-47.5 482.5 0.0000000004315908946673737
-357.5 537.5 0.000000003428158674961685
-612.5 537.5 0.00000000457662955833546
267.5 522.5 0.000000005682886722155122
1167.5 -1357.5 0.0000000005076351366038658
1332.5 -932.5 0.00000000020558992545964275
-1277.5 -1267.5 0.0000000002518697596746082
352.5 532.5 0.000000015337222390741644
937.5 -1612.5 0.0000000004797278804321472
1372.5 -1202.5 0.0000000004942145193804655
-362.5 532.5 0.0000000008787204319447251
192.5 512.5 0.0000000011890231271971136
257.5 522.5 0.000000012450261881130629
962.5 477.5 0.0000000011898253062723834
-1167.5 -1357.5 0.0000000002532748521794453
87.5 492.5 0.00000000093820826957345
482.5 537.5 0.000000008947163559197347
562.5 -1932.5 0.0000000004312789989070392
-952.5 -1597.5 0.00000000024017231870191457
1262.5 -1277.5 0.0000000005054012327874343
1357.5 -897.5 0.00000000020216575252075095
487.5 362.5 0.00000000032717267182015027
-142.5 442.5 0.0000000006533510184700907
687.5 527.5 0.000000001921702479243368
327.5 527.5 0.000000001612229509095187
-1492.5 -752.5 0.000000000371244725098258
-992.5 -1542.5 0.0000000002447338715122629
487.5 542.5 0.000000020335754235907297
-1132.5 442.5 0.0000000004684519813200374
-1412.5 -1177.5 0.00000000024432666169224706
1317.5 -1237.5 0.0000000005013230584245088
-1207.5 -1322.5 0.0000000002536069203525511
-227.5 517.5 0.0000000025823885537440417
432.5 542.5 0.000000008023463725329978
167.5 502.5 0.0000000011238926550458524
-107.5 497.5 0.0000000004892815392046036
-37.5 477.5 0.00000000042311916325131055
-1047.5 232.5 0.0000000004734883707018465
67.5 487.5 0.0000000009002584883932098
777.5 512.5 0.0000000016242505526320738
-177.5 432.5 0.0000000006686772274539966
782.5 517.5 0.000000006377224586339648
-342.5 532.5 0.0000000033575030248007456
677.5 527.5 0.000000007935024614438531
-1492.5 -1132.5 0.00000000023784475496735026
-712.5 527.5 0.000000003669110139178638
-777.5 -1787.5 0.00000000022532389049068624
-492.5 542.5 0.000000004557727565329083
867.5 497.5 0.0000000013818669828237966
162.5 437.5 0.000000000329421194901732
152.5 502.5 0.0000000010964833352524274
-1117.5 447.5 0.0000000004778276528022223
517.5 537.5 0.000000009552092935636201
-1142.5 -1387.5 0.0000000002525927993705952
-1297.5 -1252.5 0.0000000010041259167626071
-1037.5 -1497.5 0.0000000002474696885821329
1427.5 -1167.5 0.0000000004872768936379563
922.5 487.5 0.000000005031654718558423
-877.5 497.5 0.0000000006778885845391036
-1177.5 432.5 0.0000000004422390432554558
-657.5 532.5 0.000000004156523674758432
722.5 527.5 0.0000000017852985535529537
-1017.5 -1517.5 0.00000000024607624216621065
1262.5 417.5 0.0000000008038500965662477
12.5 477.5 0.0000000008016894179533686
292.5 527.5 0.000000005964727381756419
987.5 -1562.5 0.0000000004865892110345446
1377.5 387.5 0.0000000007133614786166783
897.5 -1657.5 0.0000000004715134373799668
-402.5 537.5 0.0000000038025919272206445
-1462.5 -782.5 0.00000000037782210160095037
1477.5 -1142.5 0.0000000004793429245411275
1192.5 -1337.5 0.0000000005074759691425032
587.5 537.5 0.000000009603775997953644
-1007.5 -1527.5 0.0000000002453366015338524
112.5 492.5 0.0000000010000004919474528
-1162.5 -1367.5 0.0000000002529804191076596
1037.5 -1497.5 0.0000000004959715639346047
697.5 -1857.5 0.0000000004399730431693084
927.5 -1622.5 0.0000000004778049493245621
-412.5 537.5 0.0000000038669400435932396
537.5 352.5 0.00000000031987845326977425
-1432.5 -1167.5 0.0000000002426857522690181
-842.5 507.5 0.0000000007160776177245772
797.5 -1767.5 0.00000000045365909713932265
-1307.5 -957.5 0.00000000041826558651503963
-1327.5 -1232.5 0.0000000002493676538685324
-182.5 507.5 0.0000000005785173165668477
1117.5 447.5 0.0000000009572762737078648
92.5 492.5 0.0000000009567067469404977
-667.5 532.5 0.000000004025782961984898
332.5 532.5 0.000000006513409089500285
-407.5 537.5 0.000000008627444159630146
-497.5 542.5 0.000000010362590602171794
-102.5 452.5 0.0000000006406709392384824
-957.5 -1587.5 0.00000000024121514974882503
-542.5 537.5 0.000000011032286423906019
-697.5 527.5 0.000000008531158324985766
-1442.5 -1162.5 0.00000000024185718558837337
657.5 527.5 0.0000000020710402008612054
-92.5 452.5 0.0000000006417958168362586
-1127.5 -1392.5 0.0000000002531296228341024
1202.5 -1322.5 0.000000000508938322535162
1472.5 -772.5 0.0000000001875722083342045
177.5 432.5 0.00000000033377400475953
-617.5 537.5 0.000000010212359610572905
-912.5 487.5 0.0000000006368467848340647
-577.5 -1922.5 0.00000000021626894762539028
-662.5 527.5 0.0000000010302034478677187
862.5 -1697.5 0.0000000004650762534529995
1272.5 412.5 0.0000000007971008708375238
-117.5 447.5 0.000000000646749577249289
832.5 507.5 0.000000005842935818229247
-862.5 -1697.5 0.00000000023207292033962496
1127.5 -1397.5 0.0000000005060437948288269
-1402.5 -1187.5 0.0000000002448654127783581
-632.5 532.5 0.000000009904861130771624
1077.5 -1447.5 0.0000000005024159677290745
1192.5 427.5 0.0000000008698447319548445
832.5 287.5 0.00000000027042444367797485
-317.5 527.5 0.0000000031878372518456157
-202.5 512.5 0.0000000054816327426697614
342.5 532.5 0.000000006726587995901225
542.5 537.5 0.000000022102686677762007
802.5 -1757.5 0.00000000045621907571728307
222.5 512.5 0.0000000012891939512019658
-717.5 522.5 0.0000000036397259525813703
-1362.5 -1207.5 0.0000000002473438707125044
-1182.5 -1342.5 0.0000000002537975723888928
-282.5 522.5 0.000000002939333463464217
682.5 527.5 0.000000007885194655686006
242.5 517.5 0.000000005339466198206827
517.5 -1947.5 0.0000000004310005320436886
-1297.5 -962.5 0.00000000041990813588262944
-1407.5 -1177.5 0.000000000244733578302216
1497.5 -1132.5 0.0000000004758859936571734
1247.5 417.5 0.0000000008176395419653475
1002.5 472.5 0.0000000011170261301953715
1472.5 -1142.5 0.0000000004801998398687558
697.5 527.5 0.00000001709171951539601
67.5 457.5 0.0000000003363370300045035
-427.5 542.5 0.000000008930628569725729
1052.5 462.5 0.0000000010419600151083974
-462.5 -1957.5 0.00000000021553292720883288
612.5 537.5 0.000000009169070045966379
-1442.5 -807.5 0.00000000038341539916809405
-492.5 -1957.5 0.00000000021447722295774069
-897.5 -1657.5 0.00000000023528139795502994
-1087.5 -1437.5 0.0000000002509659568899745
-1057.5 -1467.5 0.0000000002495576149904611
-397.5 382.5 0.00000000067465460636257
1212.5 -1312.5 0.0000000005086634479836723
-1377.5 387.5 0.0000000003560835283143497
157.5 502.5 0.0000000010984334943872032
-287.5 527.5 0.0000000029618298144448907
-417.5 -1962.5 0.0000000002159021039428063
-472.5 537.5 0.000000004378296264095004
-272.5 412.5 0.0000000006843724204534888
-887.5 492.5 0.0000000006672550804610799
-482.5 -1957.5 0.0000000002148184368578063
1497.5 -1127.5 0.0000000004763061979889594
877.5 497.5 0.0000000013580996846597633
-927.5 -1622.5 0.0000000002384174828829236
1082.5 -1447.5 0.000000000501962291656121
362.5 532.5 0.0000000017604723880059944
-987.5 -1562.5 0.00000000024279451836170947
467.5 537.5 0.00000001954600365146701
-1027.5 467.5 0.0000000021525800007575304
842.5 507.5 0.0000000014346129334999162
147.5 502.5 0.000000004291582317989288
-172.5 437.5 0.0000000006643078069010325
182.5 507.5 0.000000001159022097199431
1272.5 -1272.5 0.0000000005055384333808382
-287.5 407.5 0.0000000006851429066058958
772.5 517.5 0.000000006516687496808912
-702.5 522.5 0.0000000009424657774345475
817.5 507.5 0.000000001492679571015078
137.5 502.5 0.0000000010482685872432749
-727.5 522.5 0.000000007979294956098522
1377.5 -1197.5 0.000000000493428164720102
762.5 517.5 0.000000006662886409421809
1012.5 -1522.5 0.0000000004935312686584204
922.5 -1632.5 0.0000000004755864836250163
-1442.5 -1157.5 0.00000000024210152748293103
-857.5 -1712.5 0.00000000023085876487850446
142.5 442.5 0.00000000032612275570763846
852.5 502.5 0.000000005630466656373303
1132.5 442.5 0.0000000009384927133719176
942.5 482.5 0.0000000012230487788987324
-727.5 -1832.5 0.00000000022191395441224865
1152.5 -1372.5 0.0000000005081721673593887
727.5 -1832.5 0.000000000444695293751151
-77.5 457.5 0.0000000006628834415514692
597.5 337.5 0.00000000031054029879664064
-777.5 512.5 0.0000000008107314807537401
-1147.5 -1377.5 0.00000000025293935037863273
-622.5 537.5 0.000000004497951270591154
1172.5 437.5 0.0000000008943319945939498
-832.5 -1737.5 0.00000000022859407154202787
-547.5 537.5 0.000000004918325640357449
-632.5 -1892.5 0.0000000002179849755746975
-507.5 542.5 0.000000004688005248467293
662.5 322.5 0.00000000029944301200735773
537.5 -1932.5 0.00000000043294883729122766
862.5 502.5 0.0000000013836098573915258
657.5 -1812.5 0.0000000002053992804682339
-197.5 507.5 0.0000000006066066378101165
907.5 492.5 0.0000000012950228503009877
-747.5 -1812.5 0.00000000022296249399942966
957.5 482.5 0.0000000011906922962181634
912.5 487.5 0.000000001275872187225007
787.5 297.5 0.00000000027773705271314874
632.5 -1892.5 0.0000000004368117088060123
1217.5 422.5 0.0000000008466600865503305
-1477.5 -1142.5 0.00000000023913682184321593
712.5 522.5 0.0000000018302743269330982
1247.5 -1027.5 0.00000000021577719343065288
-327.5 527.5 0.0000000008047269659146596
-1262.5 182.5 0.0000000004164183318962813
1142.5 -1382.5 0.0000000005075095565488138
-1107.5 447.5 0.0000000004827177393837571
-7.5 472.5 0.0000000015714097262443613
1412.5 -1177.5 0.0000000004897380462452922
-97.5 492.5 0.0000000004782467696012585
-932.5 487.5 0.000000000619179468586397
-1392.5 -1192.5 0.000000000245666294900674
1502.5 -747.5 0.0000000001842918684117244
-1387.5 -1192.5 0.0000000002460648050286439
-542.5 -1932.5 0.0000000002157730188065877
1062.5 -1467.5 0.0000000004997365531660254
-1102.5 -1422.5 0.0000000002512091273802246
-367.5 532.5 0.000000007956741881286117
787.5 512.5 0.000000014280408490406426
1297.5 -1252.5 0.000000002012645237250867
-1487.5 -1137.5 0.00000000023827691196785773
-787.5 297.5 0.000000000556388711339532
-157.5 502.5 0.0000000005482761688946729
-147.5 502.5 0.0000000021421172405363755
1487.5 362.5 0.0000000006407650067896316
-587.5 -1917.5 0.00000000021602474079628957
-617.5 -1952.5 0.0000000004120099320438334
1292.5 -1257.5 0.0000000005035014468841794
912.5 492.5 0.0000000012770855106468547
-577.5 537.5 0.0000000048266283312369685
557.5 537.5 0.000000009887454636292333
-862.5 502.5 0.0000000006906208059411361
217.5 517.5 0.000000005037382810515777
-322.5 402.5 0.0000000006827232968561862
-932.5 262.5 0.0000000005085128212373829
512.5 542.5 0.000000021319882907678637
397.5 532.5 0.000000017001122362598258
-312.5 532.5 0.0000000007773702340244825
607.5 -1907.5 0.00000000043503785931311223
-292.5 527.5 0.000000002977231816648869
-742.5 -1817.5 0.00000000022309344602025945
847.5 -1722.5 0.0000000004603852575736008
2.5 472.5 0.0000000003857437938481473
-377.5 387.5 0.0000000006788367436475772
-1287.5 407.5 0.00000000039133157987116206
717.5 -1842.5 0.0000000004420438875481383
757.5 -1812.5 0.0000000004465493215317568
-362.5 392.5 0.0000000006791909627063346
-977.5 -1562.5 0.000000000242947260189807
702.5 -1847.5 0.0000000004426316329010802
-457.5 537.5 0.0000000095724591067644
-42.5 462.5 0.00000000070828613755218
1127.5 -1392.5 0.0000000005073369786569678
-1332.5 -932.5 0.0000000004120991232628904
1447.5 -1157.5 0.0000000004844417176439365
672.5 532.5 0.000000008012260232180667
-467.5 537.5 0.00000000975614649040704
492.5 -1957.5 0.0000000004297721656269322
-1342.5 -1217.5 0.0000000002485695791530134
-962.5 477.5 0.0000000005938986317844496
-1102.5 452.5 0.0000000004877130518267104
1382.5 -867.5 0.00000000019863770018680643
1217.5 -1312.5 0.0000000005080200127026593
252.5 517.5 0.000000012362336984492251
1082.5 -1437.5 0.0000000005034589727430639
932.5 262.5 0.0000000002538412151422889
-1382.5 -1197.5 0.00000000024646204396118327
-1472.5 -772.5 0.00000000037592485053326176
622.5 -1902.5 0.0000000004341661896313317
-647.5 532.5 0.00000000950357108026701
-597.5 537.5 0.000000004744661985155748
947.5 -1597.5 0.0000000004815996931090157
602.5 532.5 0.000000021251088533186545
-1257.5 -1277.5 0.00000000025249497423918053
-757.5 -1812.5 0.0000000002228375563667292
-1417.5 -1172.5 0.0000000002439184326630522
-87.5 487.5 0.0000000004676249901875751
1242.5 -1032.5 0.00000000021652831485521627
632.5 332.5 0.0000000003040758983142063
1277.5 -987.5 0.0000000002119038438705819
-1367.5 -1202.5 0.00000000024695380213147216
-247.5 417.5 0.000000000679356899038879
987.5 -1552.5 0.0000000004885495964397665
1367.5 -1202.5 0.000000000494998336976268
1387.5 -1192.5 0.000000000493218696229313
-747.5 517.5 0.00000000769838026690732
-1142.5 442.5 0.00000000046384919966057554
-437.5 -1967.5 0.0000000002150849910892032
1182.5 202.5 0.00000000021768539405444375
1147.5 -1377.5 0.0000000005069586187905307
262.5 417.5 0.0000000003396412322514215
-1137.5 -1387.5 0.0000000002528615897659063
-422.5 537.5 0.000000003934295264325087
232.5 517.5 0.0000000012977137533899154
-657.5 -1812.5 0.0000000004116045176673635
-967.5 -1582.5 0.0000000002410736716436553
-1242.5 -1032.5 0.0000000004340455261378841
-707.5 527.5 0.000000003689370299603662
-712.5 -1842.5 0.0000000002207352160211016
822.5 -1742.5 0.00000000045830996928951096
1342.5 -1217.5 0.000000000498233575588659
1182.5 -1342.5 0.0000000005086861768082521
1407.5 -842.5 0.00000000019543730330642241
-672.5 527.5 0.0000000009949375175046376
-1252.5 -1282.5 0.0000000002528371542448556
-427.5 -1967.5 0.00000000021548798964664694
-1472.5 -1142.5 0.0000000002395645989539601
1477.5 -767.5 0.00000000018662420358569873
-42.5 482.5 0.0000000004236628439135424
1182.5 -1347.5 0.0000000005075904981802936
1137.5 -1387.5 0.0000000005068003734169374
1162.5 437.5 0.0000000009028560301104436
1382.5 -1197.5 0.0000000004940143805223569
-947.5 -1597.5 0.0000000002403086358211092
447.5 537.5 0.000000018826585233780608
-1162.5 -1362.5 0.0000000002535634394143755
417.5 537.5 0.000000017581462897561128
-932.5 -1622.5 0.0000000002382905192677902
982.5 247.5 0.0000000002461174483653971
-802.5 -1757.5 0.00000000022765828985116992
422.5 377.5 0.0000000003345382003377724
-1247.5 -1027.5 0.0000000004325413475452588
1072.5 -1457.5 0.0000000005008776111390691
-567.5 347.5 0.0000000006314848971445535
1252.5 -1282.5 0.0000000005067739364755505
1442.5 -1157.5 0.0000000004852817205590835
-1082.5 452.5 0.0000000004980330664036187
377.5 537.5 0.000000007207017083831759
552.5 -1932.5 0.00000000043181592464568045
637.5 532.5 0.0000000021879862236684266
-1482.5 -1137.5 0.0000000002387075968771661
-212.5 512.5 0.0000000056274038104846675
1177.5 -1347.5 0.0000000005081824704314847
1027.5 467.5 0.000000004312492195085528
-717.5 -1842.5 0.00000000022059182558939981
1432.5 -1167.5 0.0000000004864511359924356
-67.5 487.5 0.0000000004493609026396361
-452.5 537.5 0.000000004214980143221899
-37.5 462.5 0.0000000007203659660147255
1347.5 -1217.5 0.0000000004974692590923485
-812.5 -1752.5 0.00000000022754673964975752
637.5 -1892.5 0.00000000043640822080001665
1062.5 457.5 0.000000001030533584042846
-552.5 537.5 0.00000001108966463543023
-1317.5 -947.5 0.00000000041545267562714443
-1452.5 -797.5 0.0000000003815574272100206
-932.5 482.5 0.000000000618653460027595
507.5 -1947.5 0.00000000043162920442911857
1422.5 377.5 0.0000000006825013538950056
-242.5 522.5 0.0000000006685856955193959
-1232.5 422.5 0.0000000004152496563432918
1467.5 -1147.5 0.0000000004810538766520697
-1452.5 -1152.5 0.0000000002412614688280163
427.5 -1967.5 0.0000000004317962938161317
1417.5 -1172.5 0.000000000488920324969217
-1332.5 -1227.5 0.0000000009966449337327867
-187.5 507.5 0.0000000023669386956432853
687.5 -1862.5 0.0000000004402897920614789
747.5 517.5 0.00000001542325366599701
452.5 537.5 0.000000008444520560044066
522.5 537.5 0.000000021648966329196006
-582.5 537.5 0.000000010827029726565699
-902.5 492.5 0.0000000006470525934580181
-1457.5 -1152.5 0.00000000024083936325590134
1282.5 -1262.5 0.0000000005049299132163771
-1322.5 -1232.5 0.0000000002497407534012873
732.5 522.5 0.000000007060828077329466
902.5 -1647.5 0.0000000004738120904375806
1007.5 -1527.5 0.0000000004916900056565254
1252.5 -1287.5 0.0000000005059047998191822
1252.5 -1017.5 0.00000000021502071688501023
1102.5 452.5 0.000000000977082026999577
-482.5 537.5 0.000000004465864993782317
107.5 492.5 0.0000000009787188320630952
-1012.5 -1522.5 0.000000000246254537367156
532.5 537.5 0.000000021911540167358004
1297.5 -962.5 0.00000000020947953844733833
1237.5 -1297.5 0.0000000005070082322852226
1442.5 372.5 0.0000000006680199579663402
702.5 522.5 0.0000000018881786188631123
1147.5 437.5 0.0000000009202356581676561
-107.5 492.5 0.0000000004885229492502946
1347.5 -907.5 0.00000000020302991257314786
1407.5 -1182.5 0.0000000004900102321995082
877.5 -1687.5 0.0000000004672623480921785
1367.5 -882.5 0.00000000020041360467915527
-1032.5 -1497.5 0.0000000002476613176143813
777.5 -1787.5 0.0000000004515361749557075
1112.5 -1417.5 0.0000000005043852949892161
-1127.5 -1397.5 0.0000000002524850129100449
-657.5 -1877.5 0.00000000021891468526231451
387.5 537.5 0.000000007323625751358603
297.5 522.5 0.00000000152848890697244
-647.5 -1887.5 0.0000000002175903738110289
1422.5 -1172.5 0.0000000004880999487010277
912.5 -1637.5 0.0000000004758324207464475
-982.5 247.5 0.000000000493038023052993
32.5 477.5 0.0000000008322609507418865
-1497.5 -747.5 0.0000000003693398700183545
1017.5 467.5 0.0000000010909525781527514
932.5 482.5 0.0000000012394216237948245
1237.5 -1042.5 0.00000000021727257125244346
-117.5 497.5 0.0000000004999384835325386
617.5 -1952.5 0.00000000020561274516559412
-17.5 467.5 0.0000000007463064695286042
-1287.5 -1257.5 0.0000000002515588309910241
397.5 382.5 0.00000000033676299386224764
-87.5 492.5 0.0000000004683027883147232
-692.5 527.5 0.000000003819572180707945
417.5 -1962.5 0.0000000004326262473805894
-337.5 397.5 0.0000000006828123666429984
-1252.5 -1017.5 0.0000000004310264254379314
-1022.5 -1512.5 0.0000000002469722288475275
-1452.5 142.5 0.0000000003752668298734591
-382.5 537.5 0.000000008158673782530049
-967.5 -1577.5 0.00000000024209492631004756
-22.5 477.5 0.000000001630740110336012
-1347.5 -1217.5 0.00000000024818798259228074
37.5 462.5 0.0000000003595709137836275
-512.5 542.5 0.000000010641552804413227
-922.5 487.5 0.000000002511532172320674
-1247.5 -1287.5 0.0000000002527406700673455
992.5 -1542.5 0.0000000004904792128911057
-1122.5 -1402.5 0.0000000002527466146630372
-977.5 -1572.5 0.00000000024194786863496815
1377.5 -877.5 0.00000000019952726188572675
1307.5 407.5 0.0000000007650897865385585
1117.5 -1407.5 0.0000000005052390237786492
-397.5 532.5 0.000000008485913807836863
-1247.5 417.5 0.000000000408131224857728
1417.5 -832.5 0.00000000019452940217315269
347.5 532.5 0.000000006766068582505757
-1017.5 467.5 0.0000000005445483968156051
437.5 -1967.5 0.000000000430988631835435
-1277.5 -987.5 0.00000000042477659601481173
1107.5 447.5 0.0000000009670737537996126
-872.5 497.5 0.0000000027163980615729306
-1027.5 -1507.5 0.00000000024678729006951435
-742.5 307.5 0.0000000005715590047418242
-272.5 522.5 0.0000000064214136749083385
857.5 497.5 0.0000000014048252679312893
-222.5 512.5 0.0000000006434906975053939
542.5 -1932.5 0.0000000004323724721000859
1162.5 -1367.5 0.0000000005070432875603604
-597.5 -1917.5 0.00000000021578979759520817
147.5 437.5 0.0000000003282967331778773
1042.5 462.5 0.0000000010536514689620824
712.5 527.5 0.00000000735086438116545
52.5 462.5 0.00000000034766294776885553
1172.5 -1352.5 0.0000000005087726413312546
-332.5 532.5 0.0000000032510948593501127
1262.5 182.5 0.00000000020787430445639334
932.5 -1622.5 0.0000000004775510965361512
1082.5 452.5 0.0000000009977584216585836
-1267.5 -1002.5 0.000000000427928032011606
-1282.5 -1262.5 0.0000000002519148942273308
1057.5 -1477.5 0.0000000004985387349546994
1397.5 -1187.5 0.0000000004916196579053316
527.5 537.5 0.000000009684164067353994
187.5 507.5 0.000000004742007175092233
-1092.5 452.5 0.000000000492816981986267
-587.5 537.5 0.000000004793608613092926
27.5 467.5 0.0000000014638379088380445
12.5 472.5 0.00000000037904552456451336
757.5 517.5 0.000000006691631584062763
232.5 422.5 0.0000000003384708756227302
-1052.5 462.5 0.0000000005200951893124782
287.5 522.5 0.000000001477779346425983
-822.5 -1742.5 0.00000000022870019449832694
57.5 482.5 0.0000000008821729805085317
-602.5 532.5 0.000000010607235320960369
1487.5 -1137.5 0.000000000477620361657134
612.5 -1907.5 0.00000000043459317926505514
482.5 -1957.5 0.0000000004304559200999709
-1337.5 -922.5 0.0000000004104076183731828
677.5 -1862.5 0.000000000440621349492161
-687.5 -1862.5 0.0000000002197179979280686
-762.5 517.5 0.0000000033257235659517425
47.5 482.5 0.0000000008646563463815542
-417.5 537.5 0.000000008775571675482174
687.5 532.5 0.000000001927552823912146
837.5 -1727.5 0.00000000046059672631301944
77.5 487.5 0.0000000036731124843916514
-552.5 -1932.5 0.0000000002154952315259624
-912.5 -1637.5 0.00000000023743440947312227
742.5 -1817.5 0.00000000044706127127381857
1357.5 -1207.5 0.0000000004965584596717116
-1312.5 -1237.5 0.00000000025048343972551647
1017.5 -1517.5 0.0000000004931745538682384
1332.5 -1227.5 0.00000000199767209428823
1337.5 -1222.5 0.0000000004989954681234859
-892.5 -1667.5 0.00000000023412134345715173
1287.5 -1257.5 0.0000000005042167967373342
1232.5 422.5 0.0000000008319012318188685
-1077.5 -1447.5 0.0000000002506803138030496
-1037.5 462.5 0.0000000005319031496147285
-997.5 -1542.5 0.00000000024456844622864995
-1212.5 -1317.5 0.0000000002532913991337488
-682.5 527.5 0.000000003935813636737791
-307.5 527.5 0.0000000030883865611314415
357.5 537.5 0.000000006868154122608549
-232.5 422.5 0.000000000678084458503632
-1097.5 -1427.5 0.00000000025145063228536113
847.5 502.5 0.0000000014305798381016562
-1307.5 -1242.5 0.0000000002504916508629104
947.5 482.5 0.000000001207109649176541
992.5 472.5 0.000000004523525818805999
-1057.5 -1477.5 0.00000000024874849780893833
422.5 537.5 0.000000007882185910572535
502.5 542.5 0.00000002093124202799354
472.5 -1957.5 0.00000000043116106177816034
-1377.5 -877.5 0.00000000039992553724049804
-627.5 -1912.5 0.00000000041518410887846015
-1012.5 472.5 0.0000000005509765050558455
52.5 482.5 0.0000000008657982465569471
7.5 472.5 0.0000000031481791228827935
592.5 -1997.5 0.00000000020305083681075632
-52.5 462.5 0.0000000006965088271413003
-757.5 522.5 0.0000000008377734085859703
527.5 -1947.5 0.0000000004303924216799799
1462.5 -782.5 0.0000000001885172227248176
457.5 537.5 0.00000001917798870210209
952.5 482.5 0.0000000012061728067545268
-637.5 532.5 0.0000000010921092614969664
-882.5 497.5 0.0000000006680085855727102
-1252.5 -1287.5 0.0000000002524039666894675
402.5 537.5 0.000000007618313928293923
622.5 537.5 0.000000009011433562173714
782.5 -1782.5 0.00000000045130306548372694
882.5 -1682.5 0.0000000004670447121467996
-947.5 482.5 0.0000000006025250782985184
-352.5 532.5 0.000000007655399185681429
-782.5 517.5 0.0000000031831380214338056
442.5 537.5 0.000000008291878292615542
-342.5 527.5 0.0000000008357394403705783
957.5 -1587.5 0.000000000483418766522505
-1422.5 -827.5 0.000000000388062997514206
-12.5 472.5 0.0000000007593830803093025
-262.5 417.5 0.0000000006804277594084893
-92.5 492.5 0.0000000004775362829809644
-892.5 497.5 0.0000000006576893154881489
-472.5 -1957.5 0.00000000021517031539650517
477.5 537.5 0.00000001993152640096455
452.5 -1957.5 0.00000000043263604946050334
577.5 537.5 0.000000009669935597275953
-1222.5 -1307.5 0.00000000025313962906742114
377.5 387.5 0.00000000033885006420053914
397.5 -1972.5 0.00000000043113041082995116
1492.5 -752.5 0.00000000018524067272922407
462.5 537.5 0.000000008604327362302545
-1422.5 377.5 0.000000000340680337713963
-652.5 532.5 0.000000004185925624092406
-1337.5 397.5 0.0000000003699893380182596
307.5 407.5 0.0000000003406484672595514
1282.5 -1267.5 0.0000000005041354850418638
-67.5 482.5 0.00000000044874517755560365
-872.5 272.5 0.0000000005276087812220246
272.5 522.5 0.00000001286494636858482
1442.5 -1162.5 0.0000000004847914178059727
177.5 507.5 0.000000010391262449632191
662.5 527.5 0.000000002063959394528822
492.5 542.5 0.000000009131207018994347
-697.5 312.5 0.0000000005872358430768481
-657.5 527.5 0.000000001033737502196892
1317.5 -947.5 0.00000000020725994225778362
-952.5 482.5 0.0000000006020579192752791
127.5 497.5 0.000000004098049853107537
1437.5 -1162.5 0.0000000004856226519797896
367.5 532.5 0.00000001594094053593616
-1352.5 -1212.5 0.0000000009918508237452382
-832.5 287.5 0.0000000005417376028753758
-307.5 407.5 0.0000000006824432635005616
-1187.5 -1337.5 0.0000000002534958427661386
502.5 -1947.5 0.00000000043227860664437537
-1497.5 1997.5 NaN
-1477.5 -767.5 0.00000000037402160812978
-217.5 517.5 0.0000000025143672667307786
-267.5 522.5 0.0000000028365605694286227
997.5 -1542.5 0.0000000004901482914215486
-257.5 522.5 0.000000006214430567172464
-297.5 522.5 0.0000000007629301971850676
-157.5 507.5 0.0000000005492652668392546
-387.5 -1972.5 0.00000000021560131093188527
-502.5 542.5 0.000000004652530401493677
1092.5 -1432.5 0.0000000005044465545733423
172.5 437.5 0.00000000033159266582755214
1042.5 -1487.5 0.0000000004976810037773124
1392.5 -1192.5 0.0000000004924204634325496
552.5 537.5 0.000000022217633276918542
-987.5 -1552.5 0.0000000002437718679889785
272.5 412.5 0.0000000003416106706612867
-562.5 542.5 0.0000000048445210469242315
-912.5 -1647.5 0.00000000023630813624964543
-1407.5 -842.5 0.0000000003917148027870239
1452.5 -1152.5 0.0000000004835989555764731
-677.5 527.5 0.000000003960683549070869
1402.5 -852.5 0.00000000019634216382066683
-527.5 537.5 0.0000000048337304202225135
-1322.5 -937.5 0.00000000041377983460248603
92.5 452.5 0.0000000003203538443512892
-642.5 -1867.5 0.0000000004171671395302885
82.5 452.5 0.00000000032555239046801106
717.5 522.5 0.0000000072919873989011974
-847.5 -1722.5 0.00000000022973428823859866
642.5 -1867.5 0.00000000020817970949601253
507.5 542.5 0.000000009392212635759776
-622.5 -1902.5 0.00000000021666572914351785
-797.5 -1767.5 0.0000000002263818099052071
1432.5 -817.5 0.00000000019269767075602954
-572.5 542.5 0.000000010882422373638507
1457.5 -792.5 0.00000000018944932541269247
-1352.5 162.5 0.0000000003965787257194074
-1207.5 427.5 0.00000000042642096823404393
-1067.5 457.5 0.0000000005088166145548966
1327.5 -1232.5 0.0000000004998308591679311
-872.5 -1697.5 0.00000000023196565442940265
142.5 497.5 0.0000000010701211672576256
647.5 532.5 0.000000019039945486326206
-1317.5 -1237.5 0.000000000250112677519395
-237.5 517.5 0.0000000026531414525841543
642.5 537.5 0.000000008540471850660503
762.5 -1797.5 0.0000000004491722465775073
-677.5 -1862.5 0.00000000021988361506913203
87.5 487.5 0.0000000009368496995508116
-192.5 427.5 0.0000000006706276925141012
1322.5 402.5 0.0000000007529709329910937
-507.5 357.5 0.0000000006500823544438316
157.5 507.5 0.0000000011004157038643216
-607.5 -1907.5 0.00000000021710093229247403
132.5 497.5 0.0000000010465032335920855
1362.5 -892.5 0.0000000002012966816731589
727.5 522.5 0.0000000159860751645862
-1442.5 372.5 0.0000000003334522932467446
-102.5 492.5 0.0000000004877790268860253
-1382.5 -867.5 0.0000000003981394243644288
-697.5 -1857.5 0.00000000021955976403791
-1307.5 407.5 0.0000000003819023163382473
-767.5 517.5 0.00000000081569363594504
-1152.5 -1372.5 0.00000000025354425229579083
-672.5 -1872.5 0.00000000021855714073775207
312.5 532.5 0.0000000015574220336765053
-1217.5 422.5 0.00000000042261626295505763
442.5 -1967.5 0.0000000004302031631983611
-1467.5 -1147.5 0.00000000023999094024317323
-2.5 472.5 0.0000000007728027014261846
-1112.5 -1417.5 0.0000000002516593814242492
497.5 542.5 0.000000009207646473481136
1277.5 -1267.5 0.0000000005048380641262976
1407.5 -1177.5 0.0000000004905531363596089
1467.5 367.5 0.0000000006541046019835642
812.5 507.5 0.000000006075044362567338
1097.5 -1427.5 0.0000000005039643897910957
-517.5 -1947.5 0.00000000021508933151228302
1057.5 -1467.5 0.0000000005001618075498043
1207.5 427.5 0.0000000008542832738791837
-817.5 -1752.5 0.00000000022743966133548504
1112.5 -1407.5 0.0000000005057497230942323
-1142.5 -1382.5 0.00000000025321453260047393
1287.5 -977.5 0.0000000002111025491307651
1337.5 397.5 0.000000000741221805517653
337.5 397.5 0.00000000034083359885573067
977.5 477.5 0.000000004638980620127674
1157.5 -1367.5 0.0000000005076085669911061
1012.5 472.5 0.0000000011038310927640304
-902.5 -1647.5 0.00000000023642748568838973
842.5 502.5 0.0000000014325772218912943
-302.5 527.5 0.00000000690261429388353
-1402.5 -852.5 0.0000000003935315846691348
1092.5 452.5 0.0000000009873078880796126
282.5 522.5 0.000000005888790215491238
567.5 542.5 0.00000000970231404943447
-592.5 -1997.5 0.00000000040686958657590276
627.5 532.5 0.000000020079122089332915
1337.5 -922.5 0.0000000002047475692485516
-1497.5 -1127.5 0.00000000023762051501324934
97.5 492.5 0.0000000009581308031413597
-487.5 362.5 0.0000000006554373646823548
-1042.5 462.5 0.0000000005259307281375339
-687.5 532.5 0.0000000009621169839763397
-397.5 -1972.5 0.0000000002151563338132642
-572.5 -1922.5 0.00000000021652252867128463
582.5 537.5 0.00000002169146677288818
1242.5 -1297.5 0.0000000005063472577656769
-642.5 537.5 0.000000004262876478875099
1077.5 457.5 0.00000000100844101771036
207.5 427.5 0.0000000003356249662182551
-1262.5 -1007.5 0.00000000042949096332517127
942.5 -1607.5 0.000000000479464971927131
-742.5 522.5 0.000000007752327889096807
-442.5 537.5 0.0000000041387922619778605
872.5 -1697.5 0.00000000046486184073167595
-1067.5 -1457.5 0.00000000025013301173549023
-497.5 -1947.5 0.0000000002157271671344061
-1002.5 472.5 0.0000000005575626178504421
427.5 542.5 0.000000017892123010355972
-407.5 -1962.5 0.00000000021632737911326745
-462.5 537.5 0.000000004294744380378584
-1497.5 -1132.5 0.0000000002374111136618591
67.5 482.5 0.000000000899024272185037
-907.5 492.5 0.000000000646405390456194
1102.5 -1422.5 0.0000000005034809706993471
892.5 492.5 0.0000000013162135104277697
747.5 -1812.5 0.0000000004467992643552639
202.5 512.5 0.00000001098210494943092
-1082.5 -1447.5 0.0000000002504536463710843
-152.5 502.5 0.0000000005473030689042521
372.5 532.5 0.00000001608915241248903
1202.5 -1327.5 0.0000000005079129282403071
-1337.5 -1222.5 0.0000000002489499666112317
-322.5 527.5 0.0000000032054691143481295
-467.5 367.5 0.000000000660562114970697
-967.5 477.5 0.0000000005863909253732684
-1112.5 -1407.5 0.00000000025233951621710113
832.5 502.5 0.0000000014574838919591245
-987.5 477.5 0.0000000005715807328147236
-1287.5 -977.5 0.00000000042316742423749127
-562.5 -1932.5 0.000000000215227228264062
1452.5 142.5 0.00000000018733422630280061
472.5 537.5 0.00000000877172197708993
-1192.5 -1337.5 0.0000000002531931773020498
322.5 402.5 0.00000000034078868336304405
-1292.5 -1257.5 0.00000000025120165362546085
-392.5 537.5 0.0000000009183696336599908
-442.5 372.5 0.0000000006654901939455816
-1367.5 -882.5 0.0000000004017052007717542
1322.5 -1232.5 0.0000000005005781369824004
742.5 522.5 0.00000001553135260971147
652.5 532.5 0.00000000838629489096634
-1362.5 -892.5 0.00000000040347832077997714
-437.5 542.5 0.000000004033938597892033
912.5 -1647.5 0.000000000473573485851606
537.5 537.5 0.00000000978552830632895
-537.5 -1932.5 0.00000000021606068788128127
1107.5 -1417.5 0.0000000005048828841659409
-842.5 502.5 0.0000000007150619085068233
467.5 367.5 0.00000000032973017309441085
-1347.5 -907.5 0.00000000040695857553799886
-312.5 527.5 0.0000000007752422610697298
832.5 -1737.5 0.00000000045809781475423687
-977.5 477.5 0.0000000023155384376163117
822.5 507.5 0.00000001339139750425795
892.5 -1667.5 0.0000000004691867867579976
932.5 487.5 0.0000000012404763502104756
-452.5 -1957.5 0.00000000021590633709313773
247.5 417.5 0.00000000033910635321504074
302.5 527.5 0.000000013829018632255122
1307.5 -1242.5 0.0000000005020808016935722
-137.5 502.5 0.0000000005232371630609639
-662.5 322.5 0.0000000005998774555045481
-672.5 532.5 0.000000003999231646806463
-787.5 512.5 0.000000007127953966697126
-897.5 492.5 0.0000000006562908751693892
1027.5 -1507.5 0.0000000004946017782500376
-722.5 527.5 0.0000000008911138867307481
757.5 522.5 0.0000000016784308729480092
647.5 -1887.5 0.00000000043602147866488364
-1242.5 -1297.5 0.0000000002526257431500927
-1177.5 -1347.5 0.000000000253547088932412
-142.5 497.5 0.0000000005341449479328375
-477.5 537.5 0.00000000994857333435127
1187.5 -1337.5 0.0000000005080820105889402
-1232.5 -1302.5 0.0000000002532848267370047
-32.5 477.5 0.0000000004154212443062913
-802.5 507.5 0.0000000007728907864152599
317.5 527.5 0.000000006386663490994841
1047.5 -1487.5 0.0000000004972838528553957
-1217.5 -1312.5 0.00000000025346194101743374
547.5 537.5 0.000000009853641198286034
-592.5 537.5 0.000000010734941405817261
1212.5 -1317.5 0.0000000005076766337433885
-1467.5 367.5 0.00000000032650681320707467
1482.5 -1137.5 0.0000000004784831065472702
1177.5 432.5 0.0000000008859742613239642
852.5 -1712.5 0.0000000004628532983240849
-937.5 -1612.5 0.00000000023937581096383514
-1437.5 -1162.5 0.00000000024227215481468716
562.5 542.5 0.000000009705790177512774
-1432.5 -817.5 0.0000000003862142655951677
-1212.5 -1312.5 0.0000000002537832545578323
327.5 532.5 0.000000006476297892616138
572.5 -1922.5 0.0000000004338764454041243
-687.5 527.5 0.0000000009591971306350104
-192.5 512.5 0.0000000005934918750772539
-1372.5 -1202.5 0.0000000002465624803427803
-1397.5 -857.5 0.00000000039534126147992556
872.5 272.5 0.0000000002633725460668816
697.5 312.5 0.00000000029313345600419544
812.5 -1752.5 0.00000000045599602269273344
-532.5 537.5 0.000000010936874848486833
707.5 527.5 0.000000007391459383368545
-1092.5 -1432.5 0.00000000025169151046703113
-792.5 -1772.5 0.00000000022649552815462564
1262.5 -1007.5 0.00000000021425399814439948
462.5 -1957.5 0.0000000004318877282620224
577.5 -1922.5 0.0000000004333684477995624
1142.5 -1387.5 0.0000000005062622514712061
1232.5 -1302.5 0.0000000005076671240523165
-1362.5 392.5 0.00000000036152349018275335
-807.5 512.5 0.0000000007599967142274893
-27.5 467.5 0.0000000029326619939666243
1222.5 -1307.5 0.0000000005073745764624755
197.5 507.5 0.0000000012152969085961118
-277.5 527.5 0.0000000007170495301405316
1452.5 -797.5 0.0000000001903777217678219
887.5 492.5 0.000000001336795742867578
-12.5 477.5 0.0000000004001620139655166
382.5 537.5 0.000000016345526221108595
-162.5 437.5 0.0000000006599581267650336
1032.5 -1497.5 0.0000000004963550039210122
-557.5 537.5 0.000000004935205184753823
-597.5 337.5 0.000000000622111876488884
-537.5 537.5 0.000000004884326331940417
-1357.5 -1207.5 0.0000000002477326984463248
1122.5 -1402.5 0.0000000005065675054774643
-1042.5 -1487.5 0.00000000024832187872058556
-422.5 377.5 0.000000000670196513811811
107.5 497.5 0.0000000009802392564058745
-432.5 542.5 0.000000004004810112897404
1402.5 -1187.5 0.0000000004908162555130137
-732.5 -1827.5 0.00000000022177723149779206
212.5 512.5 0.000000011274150412912604
-847.5 502.5 0.0000000007140653309841083
-1262.5 417.5 0.0000000004012485286910215
-1282.5 -1267.5 0.00000000025151895059139325
-132.5 442.5 0.0000000006490729519688586
887.5 -1672.5 0.0000000004694091452602213
-1107.5 -1417.5 0.00000000025190795435457155
-77.5 487.5 0.0000000018334207517571398
-832.5 502.5 0.000000000727493858294515
892.5 497.5 0.0000000013176317394035166
407.5 -1962.5 0.0000000004334785830186304
-177.5 507.5 0.000000005186727298636236
42.5 482.5 0.00000000084877307833814
1322.5 -937.5 0.00000000020642689692797781
-1157.5 -1367.5 0.0000000002532627547903411
342.5 527.5 0.0000000016743612133392882
-232.5 517.5 0.0000000006477424412911531
792.5 -1772.5 0.00000000045388650890739604
817.5 -1752.5 0.00000000045578194105556023
897.5 492.5 0.0000000013148283301779473
-112.5 492.5 0.0000000004991453722647113
-867.5 497.5 0.0000000006897512765613326
192.5 427.5 0.00000000033474783923555184
1287.5 407.5 0.0000000007839808835719175
-1397.5 -1187.5 0.0000000002452665014958349
1352.5 162.5 0.0000000001979717133844854
507.5 357.5 0.00000000032450025169320686
-1227.5 -1302.5 0.0000000002536128287701916
-57.5 482.5 0.00000000044033391574108133
-67.5 457.5 0.0000000006738177265304113
-822.5 507.5 0.000000006684224110674454
662.5 -1877.5 0.00000000043831133490458333
1312.5 -1242.5 0.000000000501348285941989
587.5 -1917.5 0.00000000043287925032601936
572.5 542.5 0.00000002180245636898852
-387.5 537.5 0.000000003655498531454059
-107.5 447.5 0.0000000006429666638220063
-1192.5 427.5 0.00000000043418822059184515
-702.5 -1847.5 0.0000000002208854889588527
-82.5 452.5 0.0000000006522109899773141
-772.5 -1797.5 0.0000000002240251302575894
-377.5 537.5 0.0000000035972979688713247
-757.5 517.5 0.0000000033400687121838245
-1397.5 382.5 0.00000000034821728814181236
-1162.5 437.5 0.00000000045066482281398975
632.5 532.5 0.000000019843901519849386
-1262.5 -1277.5 0.0000000002521517214985112
-1047.5 -1477.5 0.00000000024895394860358747
-762.5 -1797.5 0.00000000022414545766447282
657.5 -1877.5 0.00000000043867718035989267
1142.5 442.5 0.0000000009292707782907872
-1417.5 -832.5 0.0000000003898919295877896
-1062.5 457.5 0.0000000005143919470123439
-942.5 482.5 0.0000000006104810165965159
592.5 537.5 0.000000021506957577456246
