0 880.0922016569691
-7.969833695164392 880.0405981645356
-15.934210719264248 879.8858531699159
-23.887678126085035 879.6281630098026
-31.824790416598898 879.267854540936
-39.74011325627849 878.8053845838893
-47.628227184881 878.2413391450438
-55.483731316194735 877.5764324175485
-63.30124702525953 876.8115055621209
-71.075421620571 875.9475252690914
-78.80093199877459 874.9855821027919
-86.47248827941463 873.9268886303145
-94.08483741724571 872.7727773363583
-106.39214025857456 882.2974650396295
-114.2207794888148 880.8225192912254
-121.97123047842777 879.2473321340293
-129.6381867395668 877.5737849352902
-137.21639873948482 875.803871648405
-144.7006774845869 873.9396954462579
-152.08589806375716 871.983465160324
-159.36700314858442 869.937491530187
-166.53900644806362 867.8041832689655
-173.59699611552108 865.5860429504386
-188.61189456192423 872.2972742236791
-195.7325978794631 869.6927945409747
-202.71932585371582 867.0032099789971
-209.56729281370664 864.2315071272384
-216.27180771692525 861.3807489136323
-222.82827735818793 858.4540694834083
-239.04690212468063 862.9975702474152
-245.56184140018524 859.6569021090858
-251.90870844915506 856.2427879166651
-258.0831531878039 852.7587772295732
-274.92307749610575 855.6214449609267
-280.9795390038543 851.7087143422708
-286.843698674712 847.7304679260436
-304.04688811752794 849.1856288207769
-309.73087927390316 844.7694711860379
-327.1607818636409 845.1464729609047
-332.6173534010109 840.2851297281627
-350.19436053112355 839.5552736530353
-355.3757578972535 834.2441985900105
-373.0188259810676 832.3832416080712
-390.7465002485506 829.7745472362734
-408.52949351408347 826.4093414670058
-426.33827648934846 822.2797632169122
-444.1431073311017 817.3788720656863
-461.91406135616876 811.7006554047634
-493.1814612204521 806.5893623508354
-524.5769533742559 799.9497373665339
-556.0432626521174 791.7697283291986
-601.3867537085041 782.2725069840761
-646.8521338062308 770.4629171143849
-706.3743182202385 755.8101682181801
-794.1440531418135 736.2812937756565
-910.3775004572041 709.6177525412337
NaN NaN
NaN NaN
NaN NaN
NaN NaN
-1378.782137305316 -1009.794433824731
-1358.3698677241932 -1019.5509690727773
-1336.9267121435082 -1031.8564637125494
-1318.0299527390873 -1044.5026265171127
-1300.6046175107779 -1057.5808429073554
-1283.5272932560551 -1071.4992325631968
-1279.7048447352347 -1084.0685771307685
-1262.8835146981419 -1099.4448650082177
-1246.2496890187645 -1115.1293937947123
-1242.415341567955 -1129.9033555808053
-1225.6931195274308 -1146.3652463539054
-1221.3355298669026 -1162.4904743332063
-1204.1897999539995 -1179.6004744380832
-1199.0292991874335 -1196.9681440739503
-1193.3205351270647 -1215.0876730308028
-1187.0174427668803 -1233.930179824816
-1180.075969744746 -1253.4660352583
-1160.7990610057666 -1272.1315286654203
-1164.1234733507279 -1294.486646710659
-1155.0440148582454 -1315.9006989710085
-1145.1862154880157 -1337.868165202986
-1134.5237822973022 -1360.3492629332857
-1133.8446414184964 -1386.6023780462328
-1121.3039230550908 -1410.3282106165882
-1118.3053166617137 -1438.4430255584464
-1103.7708128317308 -1463.2248132185684
-1098.3111052453364 -1492.9864402874427
-1091.463758655526 -1523.6591885584044
-1092.7792019686794 -1560.581983568772
-1083.0652213035871 -1593.2065608508983
-1081.287510427277 -1632.6534074858055
-1068.7629422744571 -1667.0045629974707
-1063.6550255079076 -1708.7448320621156
-1065.2800969924872 -1758.838059123147
-1056.1324201302095 -1803.2686856037778
-1053.1245102157054 -1856.565579169719
-1047.5534618323989 -1911.479435597606
-1039.3324430031203 -1967.8912653133693
-1035.8098201083612 -2034.5082794103225
-1036.1296805288507 -2112.194777304565
-1032.4784071517354 -2192.254695286285
-1024.7312524528913 -2274.4756716023353
-974.7273289076137 -2298.000530893179
-912.1040877061133 -2299.970757629283
-850.2132175476917 -2300.1782306696377
-794.4351343258254 -2309.1089675090257
-733.8355635681471 -2306.02240633451
-678.7666014320863 -2311.9586261962136
-623.9497721461405 -2316.4897617779475
-569.4240799202672 -2319.6285906189523
-515.2322164016884 -2321.395191999505
-461.4122680732961 -2321.80527612422
-408.00580484549135 -2320.883442101174
-357.5781353742223 -2329.8339118956637
-304.7501952205023 -2326.352442487982
-254.25700182868363 -2332.885585583808
-202.15085913901882 -2326.9025663204766
-151.72629289378904 -2331.034635679113
-101.20476894167685 -2333.9888335972923
-50.618561922919085 -2335.7624399236147
0 -2336.35382326045
50.61856192291825 -2335.7624399236147
101.20476894167605 -2333.9888335972923
151.72629289378904 -2331.034635679113
202.15085913901814 -2326.9025663204766
254.25700182868272 -2332.885585583808
304.7501952205023 -2326.352442487982
357.57813537422146 -2329.8339118956637
408.0058048454904 -2320.883442101174
461.4122680732961 -2321.80527612422
515.2322164016875 -2321.395191999505
569.4240799202663 -2319.628590618953
623.9497721461405 -2316.4897617779475
678.7666014320855 -2311.9586261962136
733.8355635681461 -2306.02240633451
794.4351343258254 -2309.1089675090257
850.2132175476912 -2300.178230669638
912.1040877061128 -2299.970757629284
974.7273289076137 -2298.000530893179
1024.7312524528904 -2274.4756716023358
1032.4784071517352 -2192.254695286285
1036.1296805288507 -2112.194777304565
1035.8098201083612 -2034.5082794103228
1039.332443003119 -1967.8912653133698
1047.5534618323989 -1911.479435597606
1053.124510215705 -1856.565579169719
1056.1324201302093 -1803.268685603778
1065.2800969924872 -1758.838059123147
1063.6550255079067 -1708.7448320621165
1068.7629422744562 -1667.004562997471
1081.287510427277 -1632.6534074858055
1083.065221303587 -1593.2065608508983
1092.7792019686794 -1560.581983568772
1091.4637586555257 -1523.6591885584044
1098.3111052453357 -1492.986440287443
1103.7708128317304 -1463.2248132185687
1118.3053166617137 -1438.4430255584464
1121.3039230550908 -1410.3282106165882
1133.8446414184941 -1386.6023780462335
1134.5237822973013 -1360.3492629332864
1145.186215488016 -1337.868165202986
1155.0440148582456 -1315.9006989710088
1164.1234733507279 -1294.486646710659
1160.7990610057666 -1272.1315286654203
1180.0759697447459 -1253.4660352583
1187.0174427668799 -1233.9301798248164
1193.3205351270642 -1215.087673030803
1199.0292991874333 -1196.9681440739507
1204.1897999539995 -1179.6004744380832
1221.3355298669026 -1162.4904743332063
1225.6931195274308 -1146.3652463539056
1242.4153415679548 -1129.9033555808055
1246.2496890187633 -1115.1293937947128
1262.8835146981412 -1099.444865008218
1279.7048447352347 -1084.0685771307685
1283.5272932560551 -1071.4992325631968
1300.6046175107779 -1057.5808429073554
1318.0299527390873 -1044.5026265171127
1336.9267121435082 -1031.8564637125494
1358.3698677241932 -1019.5509690727773
1378.782137305316 -1009.794433824731
NaN NaN
NaN NaN
NaN NaN
NaN NaN
910.3775004572041 709.6177525412337
794.1440531418135 736.2812937756565
706.3743182202385 755.8101682181801
646.8521338062309 770.4629171143844
601.3867537085041 782.2725069840759
556.0432626521175 791.7697283291984
524.5769533742559 799.9497373665339
493.1814612204521 806.5893623508354
461.91406135616876 811.7006554047634
444.1431073311018 817.3788720656862
426.3382764893485 822.2797632169121
408.5294935140835 826.4093414670057
390.7465002485506 829.7745472362734
373.0188259810676 832.3832416080712
355.3757578972535 834.2441985900105
350.1943605311236 839.5552736530352
332.617353401011 840.2851297281626
327.160781863641 845.1464729609046
309.73087927390316 844.7694711860379
304.04688811752794 849.1856288207769
286.843698674712 847.7304679260436
280.97953900385437 851.7087143422707
274.92307749610575 855.6214449609267
258.08315318780393 852.7587772295731
251.90870844915506 856.2427879166651
245.56184140018524 859.6569021090858
239.04690212468063 862.9975702474152
222.82827735818805 858.4540694834083
216.2718077169253 861.3807489136323
209.56729281370667 864.2315071272383
202.71932585371582 867.0032099789971
195.7325978794631 869.6927945409747
188.61189456192423 872.2972742236791
173.59699611552116 865.5860429504386
166.53900644806367 867.8041832689655
159.36700314858447 869.937491530187
152.08589806375716 871.983465160324
144.7006774845869 873.9396954462579
137.21639873948482 875.803871648405
129.63818673956683 877.5737849352902
121.97123047842781 879.2473321340293
114.22077948881484 880.8225192912254
106.39214025857456 882.2974650396295
94.08483741724571 872.7727773363583
86.47248827941463 873.9268886303145
78.80093199877463 874.9855821027919
71.07542162057106 875.9475252690914
63.30124702526094 876.8115055621209
55.483731316194735 877.5764324175485
47.628227184881 878.2413391450438
39.74011325627849 878.8053845838893
31.824790416599054 879.267854540936
23.887678126085536 879.6281630098026
15.934210719264296 879.8858531699159
7.969833695164392 880.0405981645356
