0 308.5893903255103
-4.473385113433889 308.5494025020338
-8.943710133131308 308.42947693119464
-13.407917046937781 308.22972726278806
-17.862952004480743 307.9503427494912
-22.30576739459722 307.59158800170934
-26.956364703305503 308.29796797598686
-31.4024226291325 307.7749907951082
-35.8269994074959 307.172885420834
-40.55990993116223 307.6136409147195
-44.96864309872311 306.8454928810371
-49.751558173210086 307.1004527424204
-54.131428767287936 306.165192634309
-58.95020823193592 306.22970110528166
-63.79903129211921 306.1907309120576
-68.12829231669801 304.9970414459396
-72.99087510133631 304.7610471442222
-77.87173437704942 304.4172969762117
-82.76671721635921 303.9642611095814
-87.6716153052003 303.4005199860863
-92.58216838344299 302.7247656414311
-97.49406774906637 301.9358028995919
-103.17949160142936 301.9553303980512
-108.1120254771486 300.9152029231567
-113.87022014587313 300.63681841770347
-118.80341824011221 299.33878456225875
-124.6119100317223 298.75296697075635
-130.4512721368654 297.9978034214302
-136.31502775868336 297.0706080875258
-142.19660672860886 295.9688817836429
-148.0893516582526 294.69031453182674
-155.02074880100506 293.931993747082
-162.00044620467327 292.93557126922644
-169.01940071035384 291.6972585023819
-176.06844169250715 290.2135416875195
-183.13828011057007 288.48118575575234
-191.37300703058133 287.04675383449404
-200.827766405021 285.8120951017483
-209.16130222246022 283.7052775650383
-218.73063765555204 281.724420180364
-229.58081488033167 279.76568021269776
-240.49871161191342 277.3376891089245
-252.7371635800433 274.78529746982724
-266.3280191859751 271.9987305343838
-281.2977242464809 268.8661716263306
-297.6672529470677 265.27400923869493
-316.78312723192994 261.3152928171911
-338.6939876034691 256.76417219871263
-362.0814069437439 251.256851848904
-391.0397458324461 244.96715693681037
-424.2706949546374 237.37840698342956
-464.57599835049734 228.1896874346319
-514.8068421579227 216.79781393756133
-577.8452739812798 202.2965141698446
-660.8107083468927 183.21073232598283
-773.7097894813826 157.06884528056872
-937.945401794691 119.07861979873394
NaN NaN
NaN NaN
NaN NaN
-1137.9225526335247 -302.2805730646553
-1123.794368615407 -318.4741123003314
-1110.7271173253416 -338.0709229709071
-1099.8092923721285 -357.9166612443671
-1090.130223886486 -378.14102270138153
-1082.0078123632388 -399.0291341818236
-1075.1856789712897 -420.54784653817626
-1068.457346160452 -442.6015768824984
-1062.9459401201682 -464.8057530584554
-1057.2914082573614 -487.4044013940101
-1052.6268943170671 -510.2272303980614
-1048.858414709698 -533.3784636729673
-1044.6689041334155 -556.9875479008131
-1041.218946793548 -581.0359575971993
-1037.2143301352148 -605.5553406569694
-1033.8152277721265 -630.6181180303239
-1030.949602140046 -656.3187757172265
-1027.3522911209725 -682.5429590990287
-1025.340636709808 -709.7431026290794
-1022.4669221730869 -737.5481156195558
-1019.8427224042293 -766.2429406180513
-1017.3848565353092 -795.9025897907877
-1015.0064638079488 -826.5969552684136
-1012.6170231467203 -858.3904494205625
-1011.2044789995764 -891.8453071925255
-1009.5485185772081 -926.5897326525128
-1007.5450159596443 -962.6667404224886
-1005.087111096355 -1000.1122638576101
-1004.0821322727626 -1040.2688555063614
-1002.5515134991601 -1081.9916132259846
-1000.412607311486 -1125.326397932376
-975.0928373388166 -1152.0344528431174
-947.2840915707588 -1176.5659150846416
-918.910658424346 -1200.371640407161
-889.9833751354307 -1223.4414389457725
-860.5143578509104 -1245.7644039717306
-830.516936696964 -1267.3291560096723
-800.0054515253282 -1288.1240007361728
-768.9952695090423 -1308.1371156313908
-737.5025951476624 -1327.3566394358675
-705.5445351923645 -1345.7708420496506
-673.1388685822062 -1363.3681299665002
-640.3041161068875 -1380.137191009736
-607.0594186625362 -1396.0670172703367
-573.4245558623522 -1411.1470143599204
-539.4197912266058 -1425.3669557269045
-505.0659574128269 -1438.7171385580136
-470.38428541544744 -1451.1882870067368
-435.3964952648906 -1462.7717208904814
-400.12467370877573 -1473.4592897204013
-364.59126191184885 -1483.2434151682821
-328.8190352805675 -1492.117132810224
-292.83105727845134 -1500.0740896962934
-256.6506476775468 -1507.1085523120953
-220.30136565988093 -1513.2154516765465
-183.8069675616033 -1518.3903705125783
-147.19137498648627 -1522.6295327884166
-110.47866106328358 -1525.9298702938206
-73.69300712178774 -1528.2889780554767
-36.85867934107083 -1529.7051364481633
0 -1530.1773036921452
36.85867934107023 -1529.7051364481633
73.69300712178718 -1528.2889780554767
110.47866106328358 -1525.9298702938206
147.19137498648564 -1522.6295327884166
183.80696756160276 -1518.3903705125783
220.30136565988093 -1513.2154516765465
256.6506476775463 -1507.1085523120953
292.8310572784506 -1500.0740896962934
328.8190352805675 -1492.117132810224
364.5912619118483 -1483.2434151682821
400.12467370877533 -1473.4592897204013
435.3964952648906 -1462.7717208904814
470.3842854154471 -1451.1882870067373
505.0659574128263 -1438.7171385580139
539.4197912266058 -1425.3669557269045
573.4245558623518 -1411.1470143599206
607.0594186625358 -1396.0670172703371
640.3041161068875 -1380.137191009736
673.138868582206 -1363.3681299665002
705.5445351923645 -1345.7708420496506
737.5025951476624 -1327.3566394358675
768.9952695090423 -1308.1371156313908
800.0054515253282 -1288.1240007361728
830.516936696964 -1267.3291560096723
860.5143578509102 -1245.7644039717306
889.9833751354306 -1223.4414389457722
918.910658424346 -1200.371640407161
947.2840915707577 -1176.565915084642
975.0928373388156 -1152.0344528431187
1000.412607311486 -1125.326397932376
1002.5515134991593 -1081.9916132259862
1004.082132272762 -1040.268855506362
1005.0871110963548 -1000.1122638576102
1007.545015959644 -962.6667404224888
1009.5485185772085 -926.5897326525127
1011.2044789995764 -891.8453071925255
1012.6170231467203 -858.3904494205625
1015.0064638079486 -826.596955268414
1017.3848565353092 -795.9025897907877
1019.8427224042287 -766.2429406180518
1022.4669221730869 -737.5481156195558
1025.340636709808 -709.7431026290794
1027.3522911209725 -682.5429590990287
1030.949602140046 -656.3187757172266
1033.8152277721267 -630.6181180303236
1037.2143301352146 -605.5553406569694
1041.2189467935475 -581.0359575972004
1044.6689041334155 -556.9875479008131
1048.858414709698 -533.3784636729673
1052.6268943170664 -510.2272303980626
1057.291408257361 -487.40440139401187
1062.9459401201682 -464.8057530584551
1068.4573461604507 -442.6015768825008
1075.1856789712897 -420.54784653817626
1082.0078123632388 -399.0291341818236
1090.130223886486 -378.14102270138153
1099.8092923721285 -357.9166612443671
1110.7271173253416 -338.0709229709071
1123.794368615407 -318.4741123003314
1137.9225526335247 -302.2805730646553
NaN NaN
NaN NaN
NaN NaN
937.9454017946912 119.07861979873213
773.7097894813826 157.06884528056872
660.8107083468927 183.21073232598283
577.8452739812798 202.2965141698446
514.8068421579228 216.79781393756085
464.57599835049746 228.18968743463176
424.2706949546374 237.37840698342936
391.0397458324461 244.96715693681037
362.0814069437439 251.256851848904
338.6939876034691 256.76417219871263
316.78312723192994 261.31529281719105
297.6672529470677 265.274009238695
281.297724246481 268.86617162633047
266.3280191859751 271.9987305343838
252.7371635800433 274.78529746982724
240.49871161191342 277.3376891089245
229.5808148803318 279.7656802126976
218.73063765555207 281.7244201803639
209.16130222246022 283.7052775650382
200.827766405021 285.8120951017483
191.37300703058133 287.04675383449404
183.13828011057007 288.48118575575234
176.06844169250724 290.2135416875194
169.01940071035386 291.6972585023819
162.00044620467327 292.9355712692264
155.02074880100506 293.931993747082
148.0893516582526 294.69031453182674
142.19660672860886 295.9688817836429
136.31502775868347 297.0706080875257
130.45127213686547 297.99780342142947
124.61191003172233 298.75296697075635
118.80341824011221 299.33878456225875
113.87022014587313 300.63681841770347
108.1120254771486 300.9152029231567
103.17949160142943 301.9553303980511
97.4940677490664 301.9358028995919
92.582168383443 302.7247656414311
87.6716153052003 303.4005199860863
82.76671721635921 303.9642611095814
77.87173437704942 304.4172969762117
72.99087510133639 304.7610471442222
68.12829231669805 304.9970414459396
63.79903129211924 306.1907309120575
58.95020823193592 306.22970110528166
54.131428767287936 306.165192634309
49.751558173210086 307.1004527424204
44.96864309872316 306.84549288103705
40.559909931162274 307.6136409147195
35.826999407495954 307.172885420834
31.4024226291325 307.7749907951082
26.956364703305503 308.29796797598686
22.30576739459722 307.59158800170934
17.862952004480785 307.9503427494912
13.407917046937824 308.22972726278806
8.943710133131352 308.42947693119464
4.473385113433889 308.5494025020338
