0 200.20139032550932
-3.8276288980112887 200.16332616881337
-7.652640271339923 200.0491665302225
-11.472418373570688 199.85900986696677
-15.284351013647887 199.5930201499974
-19.085831330614134 199.2514266775548
-23.097300349510682 199.97868914570216
-26.906874795470625 199.48026057393756
-30.698049117893966 198.90630510665665
-34.801072311951096 199.37873742570434
-38.583864969547456 198.6457093681255
-42.745215342071575 198.93913939919207
-46.5083230315899 198.04559772689726
-50.71556408756551 198.15496224454657
-54.95849235284574 198.16386658996464
-58.68791744631367 197.02094285784113
-62.957134261221654 196.83847031827236
-67.25150419197556 196.5508552308013
-71.56727626160693 196.15641785918677
-75.90063911817634 195.6535819154217
-80.24772420324814 195.04087626717867
-84.60460898762724 194.316936538546
-89.74385204993442 194.40328655953277
-94.1394132518211 193.43160114315663
-99.37021137718983 193.22309355114965
-103.78595050978795 191.99618254903513
-109.08727556200036 191.4825410902667
-114.43011073673522 190.80041104927037
-119.80831953190057 189.94690796698416
-125.21566454845492 188.91933182347248
-130.64581341429022 187.71517014056582
-137.12656942301905 187.03130671286254
-143.66788946937618 186.10918919275684
-150.26103083639103 184.94482478927085
-156.89711472960178 183.53449610460567
-163.56713512858352 181.8747655546479
-171.4154571146862 180.51199544384014
-180.49748946303106 179.34783638802517
-188.47223161067598 177.31016066007456
-197.69695262951674 175.3968948718846
-208.21693087711674 173.50400789244233
-218.81927037045384 171.13994727107936
-230.75702310646543 168.64938475051122
-244.06224357062112 165.922372281252
-258.7615733397539 162.8469259852253
-274.8761719010936 159.30927374260716
-293.7527359152275 155.40231146079705
-315.44006989583994 150.90004297994545
-338.6198999188474 145.43853475720115
-367.38672883524 139.19148236590476
-400.4423785814971 131.6420845449117
-440.58871333919967 122.489315146794
-490.67702819543496 111.12988776250822
-553.5894684367964 96.65743787046006
-636.4455349378928 77.59682761287377
-749.2519468806593 51.47636221799942
-913.411652185875 13.50374743730132
-972.7252035236269 -18.37313568464514
-974.6601866322557 -43.84601437945297
-975.9285621845424 -69.36814040843122
-976.5640867176123 -100
-976.4602563674205 -120.48460619689456
-975.7221498642489 -146.04880377806307
-974.3145158484746 -171.59118090879812
-972.2377757073059 -197.0947225018744
-969.3453849535509 -223.12731282519974
-965.5282356922827 -249.6810825150732
-960.9038238885589 -276.13144865285074
-955.5329702473095 -302.3174979369043
-949.451053904732 -328.1981441572168
-942.6814188955818 -353.76477416369164
-935.2412517763601 -379.01652598037265
-927.1444270287443 -403.9528884318095
-918.4030147938272 -428.5716220511178
-909.0280833257993 -452.86847034205624
-899.0301832735767 -476.83736041350437
-888.4196350015113 -500.4707441999973
-877.2067257057577 -523.759916873966
-865.4017946963266 -546.6953323432584
-853.0153229660057 -569.2668228989298
-840.0579697624361 -591.4637968891866
-826.5406038605807 -613.2753876769003
-812.4743209511138 -634.6905742004499
-797.8704447536993 -655.6982807191823
-782.7405521668887 -676.2874450549044
-767.0964292326956 -696.4470972727872
-750.9500994395521 -716.166395545556
-734.3138357789775 -735.434665937201
-717.2000916835186 -754.241448769218
-699.621543062406 -772.5765129616848
-681.5910773790741 -790.4298816943491
-663.1217425315036 -807.7918513211633
-644.226798013342 -824.6530043743348
-624.9196499783342 -841.0042209467257
-605.2138713041487 -856.8366880483326
-585.1231900381189 -872.1419081859267
-564.661478309417 -886.9117058683607
-543.8427054599879 -901.138218555072
-522.6810237120441 -914.8139313848594
-501.19064191686886 -927.9316382825905
-479.38590696331886 -940.4844765820402
-457.28125712860145 -952.4659134313376
-434.8912158633775 -963.8697448798447
-412.23039081870184 -974.6900987365409
-389.3134664602398 -984.9214339211402
-366.15519710282126 -994.5585394354613
-342.770582831509 -1003.5967445325143
-319.17653384493497 -1012.0341795241454
-295.3875680619099 -1019.8670008073367
-271.41760039157776 -1027.0906862432787
-247.28080976256302 -1033.7009920229975
-222.99162588254808 -1039.6939957000673
-198.56469025152194 -1045.0660948938753
-174.014831685101 -1049.8140160565972
-149.35705672912096 -1053.9348599631617
-124.60651494360717 -1057.4260893770238
-99.77847460323629 -1060.2855189476136
-74.88831652363363 -1062.5113816472785
-49.95149852172394 -1064.1022845379723
-24.983539800204454 -1065.057230846185
0 -1065.3756125417299
24.983539800204035 -1065.057230846185
49.95149852172358 -1064.1022845379723
74.88831652363363 -1062.5113816472785
99.77847460323581 -1060.2855189476136
124.60651494360677 -1057.4260893770238
149.35705672912096 -1053.9348599631617
174.0148316851007 -1049.8140160565972
198.5646902515214 -1045.0660948938753
222.99162588254808 -1039.6939957000673
247.28080976256265 -1033.7009920229975
271.41760039157754 -1027.0906862432787
295.3875680619099 -1019.8670008073367
319.17653384493474 -1012.0341795241457
342.77058283150865 -1003.5967445325143
366.15519710282126 -994.5585394354613
389.3134664602395 -984.9214339211404
412.23039081870155 -974.6900987365412
434.8912158633775 -963.8697448798447
457.2812571286013 -952.4659134313376
479.38590696331886 -940.4844765820402
501.19064191686886 -927.9316382825905
522.6810237120441 -914.8139313848594
543.8427054599879 -901.138218555072
564.661478309417 -886.9117058683607
585.1231900381187 -872.1419081859267
605.2138713041487 -856.8366880483325
624.9196499783342 -841.0042209467257
644.2267980133412 -824.6530043743351
663.1217425315032 -807.791851321164
681.5910773790741 -790.4298816943491
699.6215430624053 -772.5765129616854
717.2000916835186 -754.2414487692181
734.3138357789774 -735.4346659372011
750.9500994395519 -716.1663955455563
767.0964292326958 -696.4470972727872
782.7405521668887 -676.2874450549044
797.8704447536993 -655.6982807191823
812.4743209511137 -634.6905742004503
826.5406038605807 -613.2753876769003
840.0579697624357 -591.4637968891869
853.0153229660057 -569.2668228989298
865.4017946963266 -546.6953323432584
877.2067257057577 -523.759916873966
888.4196350015113 -500.4707441999974
899.0301832735768 -476.83736041350403
909.0280833257993 -452.8684703420563
918.4030147938267 -428.57162205111894
927.1444270287443 -403.9528884318095
935.2412517763601 -379.01652598037265
942.6814188955815 -353.76477416369323
949.4510539047318 -328.1981441572187
955.5329702473095 -302.31749793690386
960.9038238885586 -276.1314486528531
965.5282356922827 -249.6810825150732
969.3453849535509 -223.12731282519974
972.2377757073059 -197.0947225018744
974.3145158484746 -171.59118090879812
975.7221498642489 -146.04880377806307
976.4602563674205 -120.48460619689456
976.5640867176123 -100
975.9285621845424 -69.36814040843122
974.6601866322558 -43.8460143794525
972.7252035236269 -18.37313568464514
913.4116521858753 13.503747437299522
749.2519468806593 51.47636221799942
636.4455349378928 77.59682761287377
553.5894684367964 96.65743787046006
490.677028195435 111.12988776250775
440.5887133391998 122.48931514679386
400.4423785814971 131.6420845449115
367.38672883524 139.19148236590476
338.6198999188474 145.43853475720115
315.44006989583994 150.90004297994545
293.7527359152275 155.402311460797
274.8761719010936 159.3092737426072
258.76157333975397 162.8469259852252
244.06224357062112 165.922372281252
230.75702310646543 168.64938475051122
218.81927037045384 171.13994727107936
208.21693087711685 173.50400789244213
197.69695262951677 175.3968948718845
188.47223161067598 177.31016066007447
180.49748946303106 179.34783638802517
171.4154571146862 180.51199544384014
163.56713512858352 181.8747655546479
156.89711472960187 183.53449610460555
150.26103083639106 184.94482478927085
143.66788946937618 186.10918919275682
137.12656942301905 187.03130671286254
130.64581341429022 187.71517014056582
125.21566454845492 188.91933182347248
119.80831953190068 189.9469079669841
114.43011073673526 190.80041104926963
109.08727556200039 191.48254109026666
103.78595050978795 191.99618254903513
99.37021137718983 193.22309355114965
94.1394132518211 193.43160114315663
89.74385204993449 194.40328655953266
84.60460898762727 194.316936538546
80.24772420324815 195.04087626717867
75.90063911817634 195.6535819154217
71.56727626160693 196.15641785918677
67.25150419197556 196.5508552308013
62.95713426122172 196.83847031827233
58.68791744631372 197.02094285784113
54.95849235284577 198.16386658996458
50.71556408756551 198.15496224454657
46.5083230315899 198.04559772689726
42.745215342071575 198.93913939919207
38.583864969547506 198.64570936812547
34.80107231195114 199.37873742570434
30.69804911789402 198.90630510665662
26.906874795470625 199.48026057393756
23.097300349510682 199.97868914570216
19.085831330614134 199.2514266775548
15.284351013647932 199.59302014999736
11.472418373570731 199.85900986696677
7.652640271339967 200.0491665302225
3.8276288980112887 200.16332616881337
