0 302.75839032551
-4.438645063870015 302.7185059904365
-8.874253843098227 302.598890612155
-13.303792118307273 302.3996570231397
-17.7242297992777 302.1209931159739
-22.1325429860918 301.763161601359
-26.748756810854516 302.4706650009399
-31.160573536815246 301.9490084730829
-35.551074866599606 301.3484174925399
-40.25009904658442 301.7908771194241
-44.62515819936873 301.0246184515453
-49.37463466647162 301.2816479106647
-53.721324977709244 300.3486321487837
-58.507205224169155 300.4155537615077
-63.323432678297536 300.37915909726144
-67.62042404835448 299.1882006991115
-72.45108524601369 298.95508573269956
-77.30039287975114 298.61435548990795
-82.16421564600861 298.1644720739589
-87.03836658627813 297.60400749494295
-91.91860651298947 296.93164501053775
-96.80064749924212 296.14618034219416
-102.45668820783628 296.16930272319394
-107.36033431312782 295.13285725777695
-113.09015638300093 294.8582319533638
-117.99551649512641 293.56402432736985
-123.77672400012334 292.9820896290847
-129.5893742134409 292.2308550976115
-135.4270086452173 291.30762422028175
-141.28307502904357 290.20988700730464
-147.15093346158375 288.93532258672695
-154.05808725218935 288.1810074192914
-161.01420106385032 287.1885823600493
-168.01024790067862 285.95424782794237
-175.0370728369078 284.4744791086922
-182.08540205774167 282.74603023860465
-190.299341370549 281.31545354132595
-199.7340489745975 280.08458751271854
-208.04828260094018 277.98148963027757
-217.59907865098685 276.0042685023762
-228.431492006741 274.04907125875997
-239.33241255778427 271.62451945309107
-251.55468766849006 269.07545406404165
-265.1301768269215 266.2920910081073
-280.0853363812456 263.16260461399264
-296.44115048573366 259.57337473415856
-315.5441504838795 255.61744255434715
-337.4429857014764 251.06895005719667
-360.8192372620248 245.56409428384404
-389.7672733990521 239.27669343141355
-422.98879185861404 231.69006052312955
-463.28554314419335 222.50327500142544
-513.5087192548783 211.1131470230806
-576.5403730500892 196.61339930563722
-659.4999237014719 177.5289716293914
-772.3940194680525 151.3882370145446
-936.6255481764952 113.3989589438467
NaN NaN
NaN NaN
NaN NaN
-1133.0256440946425 -292.2071384085171
-1119.1539333701808 -308.6054320919534
-1106.3660320234965 -328.4344413037011
-1095.7019530934383 -348.49953610289305
-1086.255998562632 -368.93275144835906
-1078.3512598374555 -390.02265294957056
-1071.7323776129565 -411.735965861291
-1065.1934147640184 -433.9765481161253
-1059.856247324618 -456.3571620576011
-1054.3642406425693 -479.12458422745436
-1049.8507903223106 -502.1078209284252
-1046.2237240667166 -525.4124625667883
-1042.1675205454223 -549.169267612223
-1038.8433579274795 -573.3599136763587
-1034.957759514308 -598.0165408960876
-1031.6716644713133 -623.2122248939928
-1028.9137299706574 -649.0421238829842
-1025.4187551088603 -675.391427187628
-1023.5056180298354 -702.7148615742868
-1020.7257370470969 -730.6395617957498
-1018.1915808159373 -759.4518013547297
-1015.8202105106959 -789.2268449672674
-1013.5249556742154 -820.0347733604618
-1011.2154454512954 -851.9401326712846
-1009.8804963517971 -885.5069669471092
-1008.299110725863 -920.3618893212698
-1006.3672273341006 -956.5478941489499
-1003.9780442387545 -994.1008725955045
-1003.0402684355025 -1034.3669493013676
-1001.5739433728328 -1076.1975250877563
-985.1398461211469 -1108.6943598268458
-958.3515978054055 -1133.5190571943508
-931.0015192412595 -1157.6369287002094
-903.0986760858481 -1181.0392881726889
-874.6535762703188 -1203.716431946839
-845.677997197855 -1225.6579141849213
-816.1849209301992 -1246.8527927131731
-786.1883301026189 -1267.2897883486687
-755.7032256986258 -1286.9574727268375
-724.745437283692 -1305.8443587376612
-693.3316881521403 -1323.9390712188035
-661.4793655499003 -1341.2303530627596
-629.2065905987341 -1357.707210482475
-596.5320968625056 -1373.3589363965984
-563.4752492600076 -1388.1752200282767
-530.0558896073646 -1402.1461015262482
-496.2944221660915 -1415.262128070601
-462.2116432280578 -1427.5142573091682
-427.82883215513004 -1438.8940261633174
-393.167629459266 -1449.3934849846416
-358.25002488792614 -1459.0052400972058
-323.0983376447247 -1467.7224955933907
-287.7351706159302 -1475.5390509486788
-252.18337903784624 -1482.44930901201
-216.46605401711503 -1488.4483211114025
-180.60648070665044 -1493.5317742395744
-144.62810685404997 -1497.6959806041496
-108.55452949336727 -1500.9379441874996
-72.40945206769766 -1503.2553161739268
-36.21666152166438 -1504.6464170531929
0 -1505.1102291182692
36.21666152166379 -1504.6464170531929
72.4094520676971 -1503.2553161739268
108.55452949336727 -1500.9379441874996
144.62810685404935 -1497.6959806041496
180.60648070664993 -1493.5317742395744
216.46605401711503 -1488.4483211114025
252.18337903784584 -1482.44930901201
287.73517061592946 -1475.5390509486788
323.0983376447247 -1467.7224955933907
358.2500248879256 -1459.0052400972058
393.1676294592656 -1449.3934849846416
427.82883215513004 -1438.8940261633174
462.2116432280575 -1427.5142573091687
496.294422166091 -1415.2621280706012
530.0558896073646 -1402.1461015262482
563.4752492600071 -1388.175220028277
596.5320968625051 -1373.358936396599
629.2065905987341 -1357.707210482475
661.4793655499001 -1341.2303530627596
693.3316881521403 -1323.9390712188035
724.745437283692 -1305.8443587376612
755.7032256986258 -1286.9574727268375
786.1883301026189 -1267.2897883486687
816.1849209301992 -1246.8527927131731
845.6779971978548 -1225.6579141849213
874.6535762703187 -1203.7164319468388
903.0986760858481 -1181.0392881726889
931.0015192412584 -1157.6369287002099
958.3515978054046 -1133.5190571943522
985.1398461211469 -1108.6943598268458
1001.573943372832 -1076.1975250877579
1003.040268435502 -1034.366949301368
1003.9780442387543 -994.1008725955046
1006.3672273341003 -956.5478941489501
1008.2991107258633 -920.3618893212697
1009.8804963517971 -885.5069669471092
1011.2154454512954 -851.9401326712846
1013.5249556742153 -820.0347733604623
1015.8202105106959 -789.2268449672674
1018.1915808159366 -759.4518013547302
1020.7257370470969 -730.6395617957498
1023.5056180298354 -702.7148615742868
1025.4187551088603 -675.391427187628
1028.9137299706574 -649.0421238829844
1031.6716644713135 -623.2122248939925
1034.9577595143078 -598.0165408960876
1038.843357927479 -573.3599136763598
1042.1675205454223 -549.169267612223
1046.2237240667166 -525.4124625667883
1049.8507903223099 -502.1078209284264
1054.3642406425688 -479.1245842274561
1059.856247324618 -456.35716205760076
1065.1934147640172 -433.9765481161278
1071.7323776129565 -411.735965861291
1078.3512598374555 -390.02265294957056
1086.255998562632 -368.93275144835906
1095.7019530934383 -348.49953610289305
1106.3660320234965 -328.4344413037011
1119.1539333701808 -308.6054320919534
1133.0256440946425 -292.2071384085171
NaN NaN
NaN NaN
NaN NaN
936.6255481764954 113.39895894384489
772.3940194680525 151.3882370145446
659.4999237014719 177.5289716293914
576.5403730500892 196.61339930563722
513.5087192548784 211.1131470230801
463.28554314419347 222.5032750014253
422.98879185861404 231.69006052312935
389.7672733990521 239.27669343141355
360.8192372620248 245.56409428384404
337.4429857014764 251.06895005719667
315.5441504838795 255.6174425543471
296.44115048573366 259.5733747341586
280.08533638124567 263.1626046139925
265.1301768269215 266.2920910081073
251.55468766849006 269.07545406404165
239.33241255778427 271.62451945309107
228.4314920067411 274.0490712587598
217.59907865098688 276.0042685023761
208.04828260094018 277.9814896302775
199.7340489745975 280.08458751271854
190.299341370549 281.31545354132595
182.08540205774167 282.74603023860465
175.0370728369079 284.4744791086921
168.01024790067865 285.95424782794237
161.01420106385032 287.1885823600492
154.05808725218935 288.1810074192914
147.15093346158375 288.93532258672695
141.28307502904357 290.20988700730464
135.42700864521743 291.3076242202817
129.58937421344095 292.23085509761074
123.77672400012337 292.9820896290847
117.99551649512641 293.56402432736985
113.09015638300093 294.8582319533638
107.36033431312782 295.13285725777695
102.45668820783635 296.1693027231938
96.80064749924215 296.14618034219416
91.91860651298948 296.93164501053775
87.03836658627813 297.60400749494295
82.16421564600861 298.1644720739589
77.30039287975114 298.61435548990795
72.45108524601376 298.95508573269956
67.62042404835452 299.1882006991115
63.323432678297564 300.3791590972614
58.507205224169155 300.4155537615077
53.721324977709244 300.3486321487837
49.37463466647162 301.2816479106647
44.62515819936878 301.0246184515452
40.25009904658446 301.7908771194241
35.55107486659966 301.3484174925399
31.160573536815246 301.9490084730829
26.748756810854516 302.4706650009399
22.1325429860918 301.763161601359
17.724229799277744 302.1209931159739
13.303792118307316 302.3996570231397
8.874253843098272 302.598890612155
4.438645063870015 302.7185059904365
