-500 763.4722016569708 0.997423592263578
-507.2750327038866 763.4226679325934 0.9974236158544233
-514.545084918603 763.2741267891192 0.9974236865969475
-521.8051795534699 763.0267582168276 0.9974238044011716
-529.0503463125457 762.6808618705973 0.9974239691173162
-536.2756250861656 762.2368565768865 0.9974241805360804
-543.4760693358554 761.6952796441045 0.9974244383890297
-550.6467494698398 761.0567859770512 0.9974247423490964
-557.782756207323 760.3221469962313 0.9974250920311862
-564.8792039290131 759.4922493631917 0.9974254869928958
-571.9312340116988 758.5680935129477 0.9974259267353345
-578.9340181446553 757.5507919951928 0.9974264107040536
-585.882761625675 756.4415676258559 0.9974269382900773
-597.5320801032277 766.0145181641576 0.997422381145827
-604.7088072123715 764.5910829953065 0.9974230593239128
-611.8138651115493 763.0705171974677 0.9974237835622825
-618.842389633107 761.4545567048378 0.9974245529917549
-625.7895687935244 759.7450419223305 0.9974253666918729
-632.6506460775698 757.9439147338119 0.9974262236925788
-639.4209236853062 756.0532153374533 0.9974271229759801
-646.0957657395235 754.0750789123243 0.9974280634782009
-652.6706014515753 752.0117321210025 0.9974290440913156
-659.1409282436656 749.8654894533007 0.9974300636653606
-673.5780712815167 756.650360916088 0.9974268389897378
-680.1313226220047 754.1210652541741 0.9974280416183451
-686.5612909539979 751.5080052812268 0.9974292834269823
-692.8635721817255 748.8139602938021 0.9974305630329291
-699.0338492484392 746.0417824372578 0.9974318790199063
-705.0678950888561 743.1943921385199 0.9974332299405562
-720.7762681333788 747.8176747206534 0.9974310360671979
-726.7934774668 744.5570632070938 0.9974325835300056
-732.6554774728387 741.223061360857 0.997434164764809
-738.3582503713469 737.8189990460338 0.997435778124031
-754.7400213026176 740.7612314721403 0.9974343837149703
-760.352161891872 736.9274627657168 0.9974362004845115
-765.7861376181462 733.027357583086 0.9974380472400585
-782.5735749168974 734.5596229574151 0.9974373218648349
-787.8565306654226 730.2193194054505 0.9974393759814411
-804.9003894332363 730.6707142656944 0.9974391624360524
-809.9861733096969 725.8820961684064 0.9974414268335317
-827.2079030593173 725.2230945742795 0.9974417382838854
-832.0497768146621 719.9808054733378 0.9974442143559371
-849.3693077499889 718.1863734923555 0.9974450613086863
-866.7896530674833 715.6417567107513 0.997446261811957
-884.2817362093803 712.338001220247 0.9974478195381515
-901.8162272626747 708.2670731261849 0.9974497375516451
-919.3635723700928 703.4218668088066 0.9974520183010696
-936.8940233163227 697.7962125744482 0.9974546636130199
-967.9380675860623 692.7342110496342 0.9974570413024443
-999.1275047063837 686.1404672585955 0.9974601348106789
NaN NaN NaN
NaN NaN NaN
NaN NaN NaN
NaN NaN NaN
NaN NaN NaN
NaN NaN NaN
NaN NaN NaN
NaN NaN NaN
NaN NaN NaN
NaN NaN NaN
-1380.6078865820848 -1006.3178458671697 0.996759323527906
-1368.2493856030235 -1011.946954839686 0.9967627760937514
-1355.6411169357307 -1018.2152202270363 0.9967666160505979
-1343.7826188075169 -1024.5519652867072 0.996770493005319
-1332.3868157796223 -1030.9902183446118 0.9967744269712066
-1321.2711020027236 -1037.543614304819 0.9967784260271874
-1310.311711860296 -1044.2156663649414 0.9967824920400579
-1299.42092545601 -1051.0041210108504 0.9967866233536035
-1288.5295456465271 -1057.9059024604287 0.9967908178154903
-1289.824063646647 -1063.3206882968257 0.9967941044738308
-1278.513026455835 -1070.7253933541488 0.9967985931387032
-1267.0720876032185 -1078.2230754010989 0.9968031313106605
-1255.4914209722624 -1085.7936919439733 0.9968077066403849
-1255.4089368481552 -1092.8101833069904 0.9968119408224337
-1243.34620618422 -1100.7362642233904 0.9968167166738239
-1231.1091411400596 -1108.6926613629234 0.9968215030869663
-1229.865604193545 -1116.8534966859406 0.9968264044791615
-1217.082068535374 -1125.091971351301 0.9968313442904819
-1214.9615975938286 -1134.0632415047817 0.9968367141208493
-1201.5959775816061 -1142.534725156852 0.9968417758503669
-1198.5529784844425 -1152.274260079697 0.9968475845209066
-1184.5735317628703 -1160.9272565938347 0.9968527355750696
-1180.5661571816527 -1171.384946539212 0.9968589489116049
-1175.978393085077 -1182.3339167316988 0.9968654400509628
-1170.7954180479433 -1193.7595490400165 0.9968721984509487
-1155.3170008410623 -1202.8630060465596 0.9968775720729582
-1149.0780367132452 -1214.885523628134 0.9968846536038568
-1142.2049586805833 -1227.3318937425445 0.9968919666509855
-1134.6819899701559 -1240.1817642949586 0.9968994974658935
-1135.4115997841675 -1257.4106604852166 0.9969095639550386
-1126.3361713496292 -1271.2974503762184 0.9969176521953415
-1116.5618746627893 -1285.5135989440885 0.9969259087400076
-1114.3643221521702 -1304.9659451468522 0.9969371679516997
-1102.9211491048425 -1320.0438841939676 0.9969458647517305
-1098.5714175242745 -1340.913611553512 0.99695785846776
-1092.9908222845281 -1362.5918600511607 0.9969702632845857
-1086.1462201967186 -1385.0253394012764 0.9969830430616071
-1078.0065127529085 -1408.1575929205028 0.9969961602629609
-1068.5422098915972 -1431.9291530634744 0.9970095761304069
-1064.3210254143303 -1463.4182267778015 0.9970272483764309
-1058.1794927552014 -1496.0186908522871 0.9970454260425149
-1056.166004646178 -1537.4611660807125 0.9970683613995295
-1045.9546251152115 -1572.3826897632778 0.9970875390657432
-1044.972715920945 -1625.2139920201178 0.9971162956805244
-1035.633867437251 -1671.2668007211798 0.9971411130502847
-1033.8011377419841 -1737.0447987044904 0.9971761613468461
-1028.1731512792207 -1805.268945402717 0.9972120234432046
-1023.1170460909754 -1885.661436214993 0.9972536512794461
-1017.6306222544434 -1978.9991434492836 0.9973011403784133
-1014.5742756202668 -2096.735122132495 0.997359778105457
-1011.9306126750071 -2240.616177047939 0.9974295668675847
-958.4348736445431 -2241.0208883003584 0.997429760320439
-905.3529810549563 -2240.071134021701 0.997429306310817
-855.2620978109134 -2249.17097348505 0.9974336527107379
-802.7590026150962 -2245.6187076369033 0.9974319569766731
-752.6003636946087 -2252.2605236726367 0.9974351265695006
-700.8206767117748 -2246.1649227665293 0.9974322178009478
-650.7296752327173 -2250.3657210841684 0.9974342227699681
-600.540841590159 -2253.3689423257447 0.9974356551122072
-550.2867433959283 -2255.171935165957 0.9974365146053408
-500 -2255.773109430991 0.9974368011176024
-449.713256604073 -2255.171935165957 0.9974365146053408
-399.45915840984213 -2253.3689423257447 0.9974356551122072
-349.27032476728306 -2250.3657210841684 0.9974342227699681
-299.17932328822616 -2246.1649227665293 0.9974322178009478
-247.39963630539168 -2252.2605236726367 0.9974351265695006
-197.2409973849042 -2245.6187076369033 0.9974319569766731
-144.73790218908798 -2249.17097348505 0.9974336527107379
-94.64701894504451 -2240.071134021701 0.997429306310817
-41.565126355455774 -2241.0208883003584 0.997429760320439
11.930612675006339 -2240.616177047939 0.9974295668675847
65.79823718599663 -2238.8319429447915 0.9974287138110242
119.99926858651966 -2235.6521134481127 0.9974271927458424
174.49060069750453 -2231.056102580022 0.997424992523747
229.2328101866055 -2225.0306868613075 0.9974221049110424
289.5268555137009 -2228.1912103186346 0.9974236199951373
344.97563329219685 -2219.119345011332 0.997419268545432
406.5598695198248 -2218.928683251734 0.997419177006112
468.875612780343 -2216.9443947126324 0.9974182241124758
531.8646166699025 -2213.128198597705 0.9974163904262177
595.4671321416465 -2207.444024866904 0.9974136565495189
659.6219612438745 -2199.858087961197 0.9974100030958407
724.2665111023566 -2190.338964692132 0.9974054106656676
797.2768391365412 -2188.2288165249547 0.9974043914426365
871.2546835937483 -2183.7408310990563 0.9974022222530828
946.1158901377577 -2176.8216908711393 0.9973988741470672
1021.7726299527727 -2167.421273399707 0.99739431786109
1025.314156788062 -2087.40910679079 0.9973551840973089
1025.411744004757 -2009.3925626986236 0.9973164116333407
1031.7090706894776 -1941.2766948292767 0.9972820555676445
1035.2236570756595 -1874.7414668488727 0.9972480365026902
1036.0549374262296 -1809.9036833097373 0.9972144417846037
1044.4498231336602 -1753.5709238501936 0.9971848938191813
1040.418416126312 -1692.083930023568 0.9971522554876461
1044.5272772306773 -1638.5660529433856 0.9971235147923277
1057.4030595094973 -1592.0099633702125 0.9970982583090263
1057.9503023761783 -1540.878130672044 0.9970702438650558
1056.7873975817688 -1491.2093787667427 0.9970427519601853
1065.1446450677072 -1447.5628753019512 0.9970183641449484
1072.28687052281 -1404.7185178678192 0.9969942140128106
1078.3190224944394 -1362.6903991757797 0.9969703195468237
1083.0863803327713 -1321.5971371590094 0.9969467591443825
1086.3546994331257 -1281.633726513932 0.9969236577209957
1088.1895494624412 -1242.8914183359998 0.9969010829894521
1100.7198467534263 -1207.6145809037116 0.9968803729173377
1100.048953064945 -1171.1530118016872 0.9968588112524487
1110.5054598753832 -1137.4855238811015 0.9968387599875157
1120.0926739261486 -1104.5266382482666 0.9968189978508948
1128.8811795014583 -1072.3470952054042 0.9967995753012262
1136.9587762772562 -1041.0134771991798 0.9967805412809131
1144.4283729957506 -1010.5922539099162 0.9967619455592202
1151.4153122517932 -981.1473535685825 0.9967805856117024
1158.0778068013674 -952.736780741835 0.9968189751759665
1177.6824448384734 -923.8240544025647 0.9968585801240734
1184.4506512964817 -897.2257356743274 0.99689541606843
1204.96844679754 -869.4192481590403 0.9969342620295505
1213.2916366492996 -844.9811629390774 0.996968630268662
1236.0203229364154 -819.5970439115698 0.9970045027567311
1258.9670038297572 -797.5839526285586 0.9970357171325386
1286.4682640380984 -776.5680461027785 0.9970655797418394
1311.0600613843483 -762.1423576196886 0.99708609983476
NaN NaN NaN
NaN NaN NaN
801.6270590370979 498.49971245484824 0.9975464551957641
542.9685686161588 558.3591530498284 0.9975192742435934
384.06210019062826 596.0055872207471 0.9975020098762766
267.9283602334055 622.6460798438319 0.9974897128147123
180.27629959641354 642.1478709340303 0.9974806686874668
120.88967574533368 656.7695788247714 0.9974738642243461
75.57764958242892 668.5442583199484 0.9974683699792776
30.4052007316472 678.0027991232021 0.9974639469608699
-0.8724952936125319 686.1404672585955 0.9974601348106789
-32.06193241393649 692.7342110496342 0.9974570413024443
-63.10597668367765 697.7962125744482 0.9974546636130199
-80.63642762990806 703.4218668088065 0.9974520183010696
-98.18377273731895 708.2670731261848 0.9974497375516451
-115.71826379061415 712.3380012202468 0.9974478195381515
-133.21034693252366 715.6417567107513 0.997446261811957
-150.63069224999907 718.1863734923555 0.9974450613086863
-167.95022318532568 719.9808054733378 0.9974442143559371
-172.79209694069152 725.2230945742793 0.9974417382838854
-190.013826690291 725.8820961684063 0.9974414268335317
-195.0996105667636 730.6707142656943 0.9974391624360524
-212.14346933456505 730.2193194054505 0.9974393759814411
-217.4264250831148 734.5596229574151 0.9974373218648349
-234.2138623818538 733.027357583086 0.9974380472400585
-239.64783810813955 736.9274627657167 0.9974362004845115
-245.25997869739479 740.7612314721403 0.9974343837149703
-261.6417496286655 737.8189990460337 0.997435778124031
-267.3445225271614 741.223061360857 0.997434164764809
-273.20652253318735 744.5570632070938 0.9974325835300056
-279.22373186662116 747.8176747206534 0.9974310360671979
-294.9321049111439 743.1943921385199 0.9974332299405562
-300.9661507515731 746.0417824372578 0.9974318790199063
-307.1364278182746 748.813960293802 0.9974305630329291
-313.43870904600203 751.5080052812268 0.9974292834269823
-319.8686773779829 754.1210652541741 0.9974280416183451
-326.42192871848334 756.650360916088 0.9974268389897378
-340.8590717563468 749.8654894533007 0.9974300636653606
-347.3293985484247 752.0117321210025 0.9974290440913156
-353.9042342604888 754.0750789123243 0.9974280634782009
-360.5790763146812 756.0532153374533 0.9974271229759801
-367.3493539224304 757.9439147338119 0.9974262236925788
-374.2104312064756 759.7450419223305 0.9974253666918729
-381.15761036688036 761.4545567048378 0.9974245529917549
-388.1861348884382 763.0705171974677 0.9974237835622825
-395.291192787616 764.5910829953065 0.9974230593239128
-402.4679198967598 766.0145181641576 0.997422381145827
-414.1172383743249 756.4415676258559 0.9974269382900773
-421.0659818553572 757.5507919951928 0.9974264107040536
-428.0687659883136 758.5680935129477 0.9974259267353345
-435.1207960709867 759.4922493631917 0.9974254869928958
-442.2172437926643 760.3221469962313 0.9974250920311862
-449.35325053014765 761.0567859770512 0.9974247423490964
-456.52393066414453 761.6952796441045 0.9974244383890297
-463.7243749138343 762.2368565768865 0.9974241805360804
-470.94965368746614 762.6808618705973 0.9974239691173162
-478.19482044653 763.0267582168276 0.9974238044011716
-485.4549150813934 763.2741267891192 0.9974236865969475
-492.7249672961134 763.4226679325934 0.9974236158544233
500 763.4722016569708 0.997423592263578
492.7249672961134 763.4226679325934 0.9974236158544233
485.4549150813934 763.2741267891192 0.9974236865969475
478.1948204465302 763.0267582168276 0.9974238044011716
470.9496536874662 762.6808618705973 0.9974239691173162
463.7243749138343 762.2368565768865 0.9974241805360804
456.52393066414453 761.6952796441045 0.9974244383890297
449.35325053014765 761.0567859770512 0.9974247423490964
442.2172437926643 760.3221469962313 0.9974250920311862
435.1207960709867 759.4922493631917 0.9974254869928958
428.06876598831366 758.5680935129477 0.9974259267353345
421.0659818553572 757.5507919951928 0.9974264107040536
414.1172383743249 756.4415676258559 0.9974269382900773
402.4679198967598 766.0145181641576 0.997422381145827
395.29119278761607 764.5910829953065 0.9974230593239128
388.1861348884382 763.0705171974677 0.9974237835622825
381.1576103668804 761.4545567048378 0.9974245529917549
374.2104312064756 759.7450419223305 0.9974253666918729
367.3493539224304 757.9439147338119 0.9974262236925788
360.5790763146812 756.0532153374533 0.9974271229759801
353.9042342604888 754.0750789123243 0.9974280634782009
347.32939854842476 752.0117321210025 0.9974290440913156
340.85907175634685 749.8654894533007 0.9974300636653606
326.42192871848334 756.650360916088 0.9974268389897378
319.8686773779829 754.1210652541741 0.9974280416183451
313.43870904600203 751.5080052812268 0.9974292834269823
307.1364278182747 748.8139602938021 0.9974305630329291
300.96615075157314 746.0417824372578 0.9974318790199063
294.932104911144 743.1943921385199 0.9974332299405562
279.22373186662116 747.8176747206534 0.9974310360671979
273.20652253318735 744.5570632070938 0.9974325835300056
267.3445225271614 741.223061360857 0.997434164764809
261.64174962866565 737.8189990460338 0.997435778124031
245.25997869739479 740.7612314721403 0.9974343837149703
239.64783810813967 736.9274627657168 0.9974362004845115
234.2138623818538 733.027357583086 0.9974380472400585
217.4264250831148 734.5596229574151 0.9974373218648349
212.14346933456505 730.2193194054505 0.9974393759814411
195.09961056676372 730.6707142656944 0.9974391624360524
190.013826690291 725.8820961684064 0.9974414268335317
172.79209694069164 725.2230945742795 0.9974417382838854
167.95022318532568 719.9808054733378 0.9974442143559371
150.63069224999907 718.1863734923555 0.9974450613086863
133.21034693252366 715.6417567107513 0.997446261811957
115.7182637906142 712.338001220247 0.9974478195381515
98.18377273731906 708.2670731261849 0.9974497375516451
80.63642762990811 703.4218668088066 0.9974520183010696
63.10597668367765 697.7962125744482 0.9974546636130199
32.06193241393649 692.7342110496342 0.9974570413024443
0.8724952936125319 686.1404672585955 0.9974601348106789
-30.405200731647167 678.0027991232023 0.9974639469608699
-75.5776495824289 668.5442583199487 0.9974683699792776
-120.88967574533363 656.769578824772 0.9974738642243461
-180.27629959641354 642.1478709340303 0.9974806686874668
-267.9283602334055 622.6460798438319 0.9974897128147123
-384.06210019062826 596.0055872207471 0.9975020098762766
-542.9685686161586 558.3591530498294 0.9975192742435934
-801.6270590370979 498.49971245484824 0.9975464551957641
NaN NaN NaN
NaN NaN NaN
-1311.0600613843483 -762.1423576196886 0.99708609983476
-1286.4682640380984 -776.5680461027785 0.9970655797418394
-1258.9670038297572 -797.5839526285586 0.9970357171325386
-1236.0203229364154 -819.5970439115698 0.9970045027567311
-1213.2916366492996 -844.9811629390774 0.996968630268662
-1204.96844679754 -869.4192481590403 0.9969342620295505
-1184.4506512964817 -897.2257356743274 0.99689541606843
-1177.6824448384748 -923.824054402563 0.9968585801240734
-1158.0778068013678 -952.7367807418339 0.9968189751759665
-1151.4153122517932 -981.1473535685818 0.9967805856117024
-1144.4283729957508 -1010.5922539099159 0.9967619455592202
-1136.9587762772562 -1041.0134771991798 0.9967805412809131
-1128.8811795014583 -1072.3470952054042 0.9967995753012262
-1120.092673926149 -1104.5266382482662 0.9968189978508948
-1110.5054598753832 -1137.4855238811012 0.9968387599875157
-1100.0489530649459 -1171.153011801686 0.9968588112524487
-1100.7198467534265 -1207.6145809037112 0.9968803729173377
-1088.1895494624412 -1242.8914183359998 0.9969010829894521
-1086.3546994331257 -1281.633726513932 0.9969236577209957
-1083.086380332771 -1321.5971371590103 0.9969467591443825
-1078.319022494439 -1362.6903991757797 0.9969703195468237
-1072.2868705228111 -1404.7185178678176 0.9969942140128106
-1065.1446450677088 -1447.5628753019498 0.9970183641449484
-1056.7873975817688 -1491.2093787667427 0.9970427519601853
-1057.9503023761783 -1540.878130672044 0.9970702438650558
-1057.4030595094978 -1592.009963370212 0.9970982583090263
-1044.5272772306776 -1638.566052943385 0.9971235147923277
-1040.418416126312 -1692.083930023568 0.9971522554876461
-1044.4498231336602 -1753.5709238501936 0.9971848938191813
-1036.05493742623 -1809.9036833097373 0.9972144417846037
-1035.2236570756595 -1874.7414668488727 0.9972480365026902
-1031.7090706894796 -1941.276694829275 0.9972820555676445
-1025.4117440047585 -2009.392562698622 0.9973164116333407
-1025.314156788062 -2087.40910679079 0.9973551840973089
-1021.7726299527732 -2167.421273399707 0.99739431786109
-946.1158901377581 -2176.8216908711393 0.9973988741470672
-871.2546835937483 -2183.7408310990563 0.9974022222530828
-797.2768391365431 -2188.2288165249533 0.9974043914426365
-724.2665111023571 -2190.3389646921314 0.9974054106656676
-659.6219612438745 -2199.858087961197 0.9974100030958407
-595.4671321416467 -2207.4440248669034 0.9974136565495189
-531.8646166699037 -2213.128198597705 0.9974163904262177
-468.875612780343 -2216.9443947126324 0.9974182241124758
-406.55986951982584 -2218.928683251733 0.997419177006112
-344.9756332921977 -2219.1193450113315 0.997419268545432
-289.5268555137009 -2228.1912103186346 0.9974236199951373
-229.23281018660614 -2225.0306868613075 0.9974221049110424
-174.4906006975051 -2231.056102580022 0.997424992523747
-119.99926858651966 -2235.6521134481127 0.9974271927458424
-65.79823718599755 -2238.831942944791 0.9974287138110242
-11.930612675007067 -2240.616177047939 0.9974295668675847
41.565126355455774 -2241.0208883003584 0.997429760320439
94.6470189450439 -2240.071134021701 0.997429306310817
144.73790218908678 -2249.17097348505 0.9974336527107379
197.2409973849042 -2245.6187076369033 0.9974319569766731
247.39963630539089 -2252.2605236726367 0.9974351265695006
299.1793232882253 -2246.1649227665293 0.9974322178009478
349.27032476728306 -2250.3657210841684 0.9974342227699681
399.45915840984134 -2253.3689423257447 0.9974356551122072
449.713256604072 -2255.171935165957 0.9974365146053408
500 -2255.773109430991 0.9974368011176024
550.2867433959279 -2255.171935165957 0.9974365146053408
600.5408415901582 -2253.3689423257447 0.9974356551122072
650.7296752327173 -2250.3657210841684 0.9974342227699681
700.8206767117736 -2246.1649227665293 0.9974322178009478
752.6003636946078 -2252.2605236726367 0.9974351265695006
802.7590026150962 -2245.6187076369033 0.9974319569766731
855.2620978109125 -2249.17097348505 0.9974336527107379
905.3529810549556 -2240.071134021701 0.997429306310817
958.4348736445431 -2241.0208883003584 0.997429760320439
1011.9306126750065 -2240.616177047939 0.9974295668675847
1014.5742756202657 -2096.7351221324952 0.997359778105457
1017.6306222544434 -1978.9991434492836 0.9973011403784133
1023.1170460909749 -1885.661436214993 0.9972536512794461
1028.1731512792205 -1805.268945402717 0.9972120234432046
1033.8011377419841 -1737.0447987044904 0.9971761613468461
1035.6338674372505 -1671.26680072118 0.9971411130502847
1044.972715920944 -1625.2139920201184 0.9971162956805244
1045.9546251152115 -1572.3826897632778 0.9970875390657432
1056.1660046461773 -1537.4611660807125 0.9970683613995295
1058.1794927552012 -1496.0186908522874 0.9970454260425149
1064.3210254143303 -1463.4182267778015 0.9970272483764309
1068.542209891597 -1431.9291530634746 0.9970095761304069
1078.0065127529078 -1408.157592920503 0.9969961602629609
1086.1462201967186 -1385.0253394012764 0.9969830430616071
1092.990822284528 -1362.5918600511607 0.9969702632845857
1098.5714175242742 -1340.9136115535123 0.99695785846776
1102.9211491048425 -1320.0438841939676 0.9969458647517305
1114.3643221521695 -1304.9659451468522 0.9969371679516997
1116.5618746627888 -1285.5135989440887 0.9969259087400076
1126.3361713496292 -1271.2974503762184 0.9969176521953415
1135.4115997841675 -1257.4106604852166 0.9969095639550386
1134.6819899701557 -1240.1817642949586 0.9968994974658935
1142.204958680583 -1227.3318937425445 0.9968919666509855
1149.0780367132447 -1214.885523628134 0.9968846536038568
1155.3170008410614 -1202.8630060465598 0.9968775720729582
1170.7954180479433 -1193.7595490400165 0.9968721984509487
1175.978393085077 -1182.3339167316988 0.9968654400509628
1180.5661571816522 -1171.3849465392125 0.9968589489116049
1184.5735317628698 -1160.927256593835 0.9968527355750696
1198.5529784844425 -1152.274260079697 0.9968475845209066
1201.5959775816061 -1142.534725156852 0.9968417758503669
1214.9615975938286 -1134.0632415047817 0.9968367141208493
1217.082068535374 -1125.091971351301 0.9968313442904819
1229.865604193545 -1116.8534966859409 0.9968264044791615
1231.1091411400596 -1108.692661362924 0.9968215030869663
1243.34620618422 -1100.7362642233904 0.9968167166738239
1255.4089368481557 -1092.8101833069907 0.9968119408224337
1255.4914209722624 -1085.7936919439733 0.9968077066403849
1267.0720876032185 -1078.2230754010989 0.9968031313106605
1278.513026455835 -1070.725393354149 0.9967985931387032
1289.824063646647 -1063.320688296826 0.9967941044738308
1288.5295456465271 -1057.9059024604292 0.9967908178154903
1299.4209254560096 -1051.0041210108507 0.9967866233536035
1310.311711860296 -1044.2156663649414 0.9967824920400579
1321.2711020027236 -1037.543614304819 0.9967784260271874
1332.3868157796223 -1030.9902183446118 0.9967744269712066
1343.7826188075169 -1024.5519652867072 0.996770493005319
1355.6411169357307 -1018.2152202270363 0.9967666160505979
1368.2493856030235 -1011.946954839686 0.9967627760937514
1380.6078865820848 -1006.3178458671697 0.996759323527906
NaN NaN NaN
NaN NaN NaN
NaN NaN NaN
NaN NaN NaN
NaN NaN NaN
NaN NaN NaN
NaN NaN NaN
NaN NaN NaN
NaN NaN NaN
NaN NaN NaN
999.1275047063837 686.1404672585955 0.9974601348106789
967.9380675860623 692.7342110496342 0.9974570413024443
936.8940233163227 697.7962125744482 0.9974546636130199
919.3635723700928 703.4218668088065 0.9974520183010696
901.8162272626747 708.2670731261848 0.9974497375516451
884.2817362093804 712.3380012202468 0.9974478195381515
866.7896530674833 715.6417567107513 0.997446261811957
849.3693077499889 718.1863734923555 0.9974450613086863
832.0497768146621 719.9808054733378 0.9974442143559371
827.2079030593173 725.2230945742793 0.9974417382838854
809.9861733096969 725.8820961684063 0.9974414268335317
804.9003894332363 730.6707142656943 0.9974391624360524
787.8565306654226 730.2193194054505 0.9974393759814411
782.5735749168974 734.5596229574151 0.9974373218648349
765.7861376181462 733.027357583086 0.9974380472400585
760.352161891872 736.9274627657167 0.9974362004845115
754.7400213026178 740.7612314721403 0.9974343837149703
738.3582503713469 737.8189990460337 0.997435778124031
732.6554774728387 741.223061360857 0.997434164764809
726.7934774668 744.5570632070938 0.9974325835300056
720.7762681333788 747.8176747206534 0.9974310360671979
705.0678950888561 743.1943921385199 0.9974332299405562
699.0338492484392 746.0417824372578 0.9974318790199063
692.8635721817255 748.813960293802 0.9974305630329291
686.5612909539979 751.5080052812268 0.9974292834269823
680.1313226220047 754.1210652541741 0.9974280416183451
673.5780712815167 756.650360916088 0.9974268389897378
659.1409282436658 749.8654894533007 0.9974300636653606
652.6706014515753 752.0117321210025 0.9974290440913156
646.0957657395237 754.0750789123243 0.9974280634782009
639.4209236853062 756.0532153374533 0.9974271229759801
632.6506460775698 757.9439147338119 0.9974262236925788
625.7895687935244 759.7450419223305 0.9974253666918729
618.842389633107 761.4545567048378 0.9974245529917549
611.8138651115493 763.0705171974677 0.9974237835622825
604.7088072123715 764.5910829953065 0.9974230593239128
597.5320801032277 766.0145181641576 0.997422381145827
585.882761625675 756.4415676258559 0.9974269382900773
578.9340181446553 757.5507919951928 0.9974264107040536
571.931234011699 758.5680935129477 0.9974259267353345
564.8792039290132 759.4922493631917 0.9974254869928958
557.782756207323 760.3221469962313 0.9974250920311862
550.6467494698398 761.0567859770512 0.9974247423490964
543.4760693358554 761.6952796441045 0.9974244383890297
536.2756250861656 762.2368565768865 0.9974241805360804
529.0503463125457 762.6808618705973 0.9974239691173162
521.80517955347 763.0267582168276 0.9974238044011716
514.545084918603 763.2741267891192 0.9974236865969475
507.2750327038866 763.4226679325934 0.9974236158544233
