0 310.9903903255104
-4.487689839724896 310.9503598891621
-8.972309781968459 310.83030659197567
-13.450792017550343 310.6303444202903
-17.920072912505525 310.35066318682186
-22.377095092217097 309.99152828420654
-27.04185030607944 310.69744567159444
-31.502007549498426 310.1739246924127
-35.94061539492378 309.5711957442492
-40.687479118929566 310.0112495363117
-45.1100780572808 309.2423235284749
-49.906761970102394 309.4964312025551
-54.300295033585044 308.56024695187824
-59.132621235133996 308.6237617762474
-63.994866015457546 308.5837310710913
-68.33741454483946 307.3889170475747
-73.21314151235151 307.1517371372021
-78.10699264064283 306.80674347057203
-83.01480609826828 306.3524095360142
-87.93236477769767 305.7873192471453
-92.85539974186503 305.11016825415186
-97.77959373428813 304.31976512910865
-103.47711652820298 304.337812381816
-108.42154536821599 303.2961687853719
-114.19142287176169 303.016236373608
-119.13608366451813 301.7166270119189
-124.9558101623807 301.1292105820329
-130.80617128180492 300.37242920182615
-136.6806826877576 299.44360144462627
-142.57276684019456 298.34023257389987
-148.4757591509986 297.06001709745607
-155.4171388505174 296.30004694087813
-162.40654714501213 295.3019784671229
-169.4349342202201 294.0620276036217
-176.49312298598923 292.57668510233077
-183.57181813232293 290.8427203804602
-191.81510465530053 289.40670101403384
-201.27812064107775 288.1704805795841
-209.6196044195567 286.062131420528
-219.19657371625536 284.0797767536531
-230.0540654753396 282.1195780172604
-240.97895239890778 279.69017073191475
-253.224065425977 277.13640946044484
-266.82124839264424 274.34852328049766
-281.7969427792249 271.2146992196462
-298.17211866644055 267.62132932879814
-317.293294128186 263.66146645483275
-339.2091060337014 259.1092636687486
-362.6011238715106 253.60092849334046
-391.563705069726 247.31028896844435
-424.79853740594115 239.7206672906119
-465.10736225897546 230.53115137771692
-515.3413633532939 219.13855913764164
-578.3825861294171 204.6366202904006
-661.3504432008896 185.5502808481087
-774.2515771339303 159.40791927246102
-938.4888709315951 121.4173036801581
NaN NaN
NaN NaN
NaN NaN
-1139.891777574326 -306.3910486041793
-1125.6635757187644 -322.502955760807
-1112.486916024255 -342.00706002791765
-1101.469292691766 -361.7650826523531
-1091.6981972515762 -381.9058015417474
-1083.4895659462697 -402.71298083087527
-1076.5866796191017 -424.153533957105
-1069.7829003963457 -446.13211572622663
-1064.2019009938263 -468.2652413678527
-1058.482307643622 -490.79584473521004
-1053.7571959077186 -513.5539300088403
-1049.93188413751 -536.6431806349452
-1045.6887088648502 -560.1925224525852
-1042.1880326825465 -584.183355538857
-1038.1353613403992 -608.6471354123319
-1034.690571954859 -633.6560236836993
-1031.781356556112 -659.3042387136289
-1028.1425771270478 -685.4776154424632
-1026.0909617286304 -712.6276610571257
-1023.1791493934834 -740.3840089981779
-1020.5183585544445 -769.0310637932962
-1018.0253146673318 -798.6437372414613
-1015.6130836660012 -829.2918468175562
-1013.1910869390584 -861.0397523238155
-1011.7469174280429 -894.4489526842851
-1010.0605432441748 -929.148301759742
-1008.0278147288235 -965.1808240047886
-1005.5418505260037 -1002.5824715081002
-1004.50941901846 -1042.6943387961012
-1002.9525225284598 -1084.3730344740607
-1000.788483881365 -1127.6644327476702
-981.98830880703 -1159.6586428571754
-953.9906893715809 -1184.3605070956703
-925.423468106202 -1208.3324239213805
-896.2976178320129 -1231.564002978999
-866.6253941862137 -1254.0441474714457
-836.4202706413007 -1275.7612975699155
-805.6967341815492 -1296.7035877251878
-774.4703028247225 -1316.8590328359717
-742.7573355328284 -1336.2156173033006
-710.5750970455076 -1354.7614646035897
-677.9415276979001 -1372.484842446613
-644.8753129752907 -1389.3743072940601
-611.3957616405548 -1405.418727114348
-577.5228242198486 -1420.6073904940247
-543.2769380469309 -1434.9299608291578
-508.6791123618701 -1448.3766321435075
-473.75075735137654 -1460.9380322320917
-438.51377470699686 -1472.6053913143162
-402.990435141356 -1483.3704760122282
-367.20336592861554 -1493.2256317870012
-331.1755305651966 -1502.163824661726
-294.93018241502557 -1510.1786387730233
-258.4908327889017 -1517.2642843212634
-221.88123387262354 -1523.4156426655636
-185.12533629244655 -1528.628253488747
-148.24725704859495 -1532.898304335303
-111.27126559281996 -1536.2226971946802
-74.22174031965038 -1538.5990039120702
-37.12314503075542 -1540.0254883029145
0 -1540.5010986502882
37.123145030754806 -1540.0254883029145
74.2217403196498 -1538.5990039120702
111.27126559281996 -1536.2226971946802
148.24725704859432 -1532.898304335303
185.125336292446 -1528.628253488747
221.88123387262354 -1523.4156426655636
258.49083278890123 -1517.2642843212634
294.93018241502483 -1510.1786387730233
331.1755305651966 -1502.163824661726
367.20336592861497 -1493.2256317870012
402.9904351413556 -1483.3704760122282
438.51377470699686 -1472.6053913143162
473.7507573513762 -1460.9380322320922
508.67911236186956 -1448.3766321435078
543.2769380469309 -1434.9299608291578
577.5228242198482 -1420.607390494025
611.3957616405544 -1405.4187271143485
644.8753129752907 -1389.3743072940601
677.9415276978999 -1372.484842446613
710.5750970455076 -1354.7614646035897
742.7573355328284 -1336.2156173033006
774.4703028247225 -1316.8590328359717
805.6967341815492 -1296.7035877251878
836.4202706413007 -1275.7612975699155
866.6253941862135 -1254.0441474714457
896.2976178320127 -1231.5640029789988
925.423468106202 -1208.3324239213805
953.9906893715797 -1184.3605070956708
981.988308807029 -1159.6586428571768
1000.788483881365 -1127.6644327476702
1002.952522528459 -1084.3730344740623
1004.5094190184594 -1042.6943387961016
1005.5418505260035 -1002.5824715081003
1008.0278147288233 -965.1808240047889
1010.0605432441752 -929.1483017597419
1011.7469174280429 -894.4489526842851
1013.1910869390584 -861.0397523238155
1015.6130836660011 -829.2918468175567
1018.0253146673318 -798.6437372414613
1020.5183585544438 -769.0310637932967
1023.1791493934834 -740.3840089981779
1026.0909617286304 -712.6276610571257
1028.1425771270478 -685.4776154424632
1031.781356556112 -659.304238713629
1034.6905719548593 -633.656023683699
1038.135361340399 -608.6471354123319
1042.188032682546 -584.1833555388581
1045.6887088648502 -560.1925224525852
1049.93188413751 -536.6431806349452
1053.757195907718 -513.5539300088415
1058.4823076436217 -490.7958447352118
1064.2019009938263 -468.26524136785235
1069.7829003963443 -446.132115726229
1076.5866796191017 -424.153533957105
1083.4895659462697 -402.71298083087527
1091.6981972515762 -381.9058015417474
1101.469292691766 -361.7650826523531
1112.486916024255 -342.00706002791765
1125.6635757187644 -322.502955760807
1139.891777574326 -306.3910486041793
NaN NaN
NaN NaN
NaN NaN
938.4888709315953 121.4173036801563
774.2515771339303 159.40791927246102
661.3504432008896 185.5502808481087
578.3825861294171 204.6366202904006
515.341363353294 219.13855913764115
465.10736225897557 230.53115137771678
424.79853740594115 239.72066729061171
391.563705069726 247.31028896844435
362.6011238715106 253.60092849334046
339.2091060337014 259.1092636687486
317.293294128186 263.6614664548327
298.17211866644055 267.6213293287982
281.79694277922493 271.2146992196461
266.82124839264424 274.34852328049766
253.224065425977 277.13640946044484
240.97895239890778 279.69017073191475
230.0540654753397 282.1195780172602
219.1965737162554 284.079776753653
209.6196044195567 286.0621314205279
201.27812064107775 288.1704805795841
191.81510465530053 289.40670101403384
183.57181813232293 290.8427203804602
176.49312298598932 292.57668510233066
169.43493422022013 294.0620276036217
162.40654714501213 295.30197846712286
155.4171388505174 296.30004694087813
148.4757591509986 297.06001709745607
142.57276684019456 298.34023257389987
136.68068268775772 299.4436014446262
130.80617128180498 300.3724292018254
124.95581016238073 301.1292105820329
119.13608366451813 301.7166270119189
114.19142287176169 303.016236373608
108.42154536821599 303.2961687853719
103.47711652820306 304.33781238181587
97.77959373428816 304.31976512910865
92.85539974186504 305.11016825415186
87.93236477769767 305.7873192471453
83.01480609826828 306.3524095360142
78.10699264064283 306.80674347057203
73.21314151235158 307.1517371372021
68.3374145448395 307.3889170475747
63.994866015457575 308.5837310710912
59.132621235133996 308.6237617762474
54.300295033585044 308.56024695187824
49.906761970102394 309.4964312025551
45.11007805728085 309.24232352847486
40.68747911892961 310.0112495363117
35.94061539492384 309.5711957442492
31.502007549498426 310.1739246924127
27.04185030607944 310.69744567159444
22.377095092217097 309.99152828420654
17.920072912505567 310.35066318682186
13.450792017550386 310.6303444202903
8.972309781968503 310.83030659197567
4.487689839724896 310.9503598891621
