0 157.32639032551066
-3.5721873571004497 157.28908711295085
-7.141932256390799 157.17720830198985
-10.706793898346364 156.990846340137
-14.264334798919862 156.73015519766767
-17.812122444544876 156.3953502043941
-21.57077172854754 157.1308731527098
-25.12857264607906 156.6421552649319
-28.66919219953844 156.07933504566708
-32.52305110182011 156.5642977544184
-36.05824070958873 155.84516209244677
-39.97371896899463 156.15380975392603
-43.49285399057011 155.2767706274464
-47.458189030456964 155.4038788344473
-51.46144372180402 155.4317208929342
-54.95359194378861 154.30887854292877
-58.98809120737883 154.1475775864884
-63.05046377066489 153.8821678315092
-67.13711765608784 153.51091024431548
-71.24439853786623 153.0321665393677
-75.36859280285461 152.44440104002186
-79.50593068009594 151.7461824400295
-84.42912121469116 151.85896542087985
-88.61227233990357 150.91435360359964
-93.63444841489422 150.73348719570757
-97.84549650253943 149.5347102336791
-102.94620180024326 149.04961946032475
-108.09262600567078 148.39637925648563
-113.27876722700141 147.57202659018625
-118.49851969871197 146.57378199745568
-123.74567961525446 145.39905289718857
-130.04817568172712 144.74464253793522
-136.4160869633251 143.8519178017483
-142.84078958877916 142.7168051242744
-149.31352020313605 141.33550655440126
-155.82538474013947 139.70450439914663
-163.520856673272 138.37008152348653
-172.45544953344643 137.23380999810405
-180.28826380538158 135.223484669187
-189.3766658312433 133.33695606315067
-199.76602739483235 131.47011852525267
-210.24354203126887 129.13134686053937
-222.062347286221 126.66524206090777
-235.25457916581172 123.96178752922252
-249.84695668361192 120.90893324744633
-265.8607126265785 117.3928435621927
-284.64261276779774 113.50635364576776
-306.24152649883473 109.02340958644659
-329.33924049444215 103.5800232494073
-358.0303138838135 97.3498389438693
-391.01662052250174 89.81600763094268
-431.1000721163762 80.67745902027583
-481.13200684951335 69.33086633250453
-543.9946086486306 54.869828574817234
-626.8074125450922 35.81917543205564
-739.5771673708795 9.70718379135043
-783.1609464208717 -14.38415862631448
-785.2187201437293 -34.89829406629885
-786.7395539295152 -55.46380532215619
-787.7220558515567 -76.06686350817493
-788.1836687551064 -100
-788.0683021166719 -117.32546709231487
-787.4311142917646 -137.95587532014883
-786.2536944807905 -158.56663397939775
-784.5364959237828 -179.14390981940426
-782.2803424325115 -199.67360546442978
-779.3919031720554 -220.4454660863038
-775.8280801395347 -241.41403867118814
-771.6464598194091 -262.31516287785865
-766.8804282943515 -283.05508467833516
-761.551647792111 -303.5960994130944
-755.6756647873541 -323.92049314139894
-749.2646649868516 -344.01778500650914
-742.3289504809417 -363.87987353690687
-734.8777343389762 -383.49920491093224
-726.9196251166677 -402.86806684650423
-718.4629178998293 -421.97837146996886
-709.5157962747559 -440.8216166689822
-700.0864233742175 -459.3889652720402
-690.1830368226616 -477.67130447909364
-679.813990877647 -495.6593318773787
-668.9877930289983 -513.3436251768288
-657.7131265822945 -530.714705514188
-645.998856837662 -547.7630952138143
-633.8540609975354 -564.4793549423042
-621.2879889888767 -580.8541390447493
-608.3100961062778 -596.8782139518922
-594.9300593698421 -612.5424847452844
-581.1577127222632 -627.8380315599959
-567.0030928495427 -642.7561165243167
-552.4764320151572 -657.2882039361455
-537.5881104589511 -671.4259752399272
-522.3487108369795 -685.1613393131746
-506.7689563594406 -698.4864421055171
-490.85973370981225 -711.3936750382807
-474.6320841327054 -723.875683266674
-458.0971947568029 -735.9253723850491
-441.2663537852544 -747.5358999434294
-424.15103839682735 -758.700711228612
-406.76278985986136 -769.4135014494365
-389.11329673620156 -779.66825190961
-371.2143493913861 -789.4592179600722
-353.07783484442336 -798.7809297961933
-334.7157366802884 -807.6281971365829
-316.1401283180043 -815.9961104373702
-297.3631664997366 -823.8800417535224
-278.39708268782374 -831.2756427451595
-259.25417077415415 -838.1788359119946
-239.94681298545544 -844.58585196543
-220.48743201092253 -850.4931814336791
-200.8885078005003 -855.8975975363454
-181.16257835786854 -860.7961689783252
-161.32221679284459 -865.1862300011725
-141.38003946412658 -869.0654006344984
-121.34870224016339 -872.4315944305661
-101.24088278205915 -875.282983139133
-81.06928890921166 -877.6180271807938
-60.84665211752605 -879.4354781759379
-40.585717874583416 -880.7343568305645
-20.299244745198898 -881.5139637513203
0 -881.7738793441094
20.299244745198546 -881.5139637513203
40.58571787458313 -880.7343568305645
60.84665211752605 -879.4354781759379
81.06928890921131 -877.6180271807938
101.24088278205883 -875.2829831391331
121.34870224016339 -872.4315944305661
141.38003946412633 -869.0654006344985
161.32221679284416 -865.1862300011725
181.16257835786854 -860.7961689783252
200.88850780049992 -855.8975975363454
220.48743201092233 -850.4931814336791
239.94681298545544 -844.58585196543
259.2541707741539 -838.1788359119947
278.39708268782346 -831.2756427451595
297.3631664997366 -823.8800417535224
316.1401283180041 -815.9961104373705
334.7157366802881 -807.6281971365831
353.07783484442336 -798.7809297961933
371.214349391386 -789.4592179600722
389.1132967362015 -779.66825190961
406.76278985986136 -769.4135014494365
424.15103839682735 -758.700711228612
441.2663537852544 -747.5358999434294
458.0971947568029 -735.9253723850491
474.6320841327052 -723.875683266674
490.8597337098122 -711.3936750382807
506.7689563594406 -698.4864421055171
522.3487108369793 -685.1613393131748
537.5881104589506 -671.4259752399279
552.4764320151572 -657.2882039361455
567.0030928495422 -642.756116524317
581.1577127222632 -627.838031559996
594.930059369842 -612.5424847452845
608.3100961062776 -596.8782139518925
621.2879889888768 -580.8541390447493
633.8540609975354 -564.4793549423042
645.998856837662 -547.7630952138143
657.7131265822945 -530.7147055141883
668.9877930289983 -513.3436251768288
679.8139908776467 -495.65933187737903
690.1830368226616 -477.67130447909364
700.0864233742175 -459.3889652720402
709.5157962747559 -440.8216166689822
718.4629178998293 -421.978371469969
726.9196251166677 -402.8680668465042
734.8777343389762 -383.4992049109323
742.3289504809413 -363.8798735369077
749.2646649868516 -344.01778500650914
755.6756647873541 -323.92049314139894
761.5516477921108 -303.5960994130955
766.8804282943514 -283.05508467833664
771.6464598194091 -262.3151628778585
775.8280801395346 -241.41403867118953
779.3919031720554 -220.4454660863038
782.2803424325115 -199.67360546442978
784.5364959237828 -179.14390981940426
786.2536944807905 -158.56663397939775
787.4311142917646 -137.95587532014883
788.0683021166719 -117.32546709231487
788.1836687551064 -100
787.7220558515567 -76.06686350817493
786.7395539295153 -55.46380532215577
785.2187201437293 -34.89829406629885
783.1609464208719 -14.384158626316232
739.5771673708795 9.70718379135043
626.8074125450922 35.81917543205564
543.9946086486306 54.869828574817234
481.1320068495134 69.33086633250406
431.10007211637634 80.67745902027569
391.01662052250174 89.81600763094247
358.0303138838135 97.3498389438693
329.33924049444215 103.5800232494073
306.24152649883473 109.02340958644659
284.64261276779774 113.50635364576769
265.8607126265785 117.39284356219271
249.84695668361198 120.9089332474462
235.25457916581172 123.96178752922252
222.062347286221 126.66524206090777
210.24354203126887 129.13134686053937
199.76602739483246 131.47011852525247
189.37666583124332 133.33695606315058
180.28826380538158 135.22348466918692
172.45544953344643 137.23380999810405
163.520856673272 138.37008152348653
155.82538474013947 139.70450439914663
149.31352020313614 141.33550655440115
142.8407895887792 142.7168051242744
136.4160869633251 143.85191780174827
130.04817568172712 144.74464253793522
123.74567961525446 145.39905289718857
118.49851969871197 146.57378199745568
113.27876722700152 147.5720265901862
108.09262600567082 148.3963792564849
102.94620180024329 149.04961946032472
97.84549650253943 149.5347102336791
93.63444841489422 150.73348719570757
88.61227233990357 150.91435360359964
84.42912121469124 151.85896542087974
79.50593068009597 151.7461824400295
75.36859280285462 152.44440104002186
71.24439853786623 153.0321665393677
67.13711765608784 153.51091024431548
63.05046377066489 153.8821678315092
58.98809120737889 154.14757758648838
54.95359194378866 154.30887854292877
51.461443721804045 155.43172089293415
47.458189030456964 155.4038788344473
43.49285399057011 155.2767706274464
39.97371896899463 156.15380975392603
36.05824070958878 155.84516209244674
32.52305110182015 156.5642977544184
28.669192199538493 156.07933504566705
25.12857264607906 156.6421552649319
21.57077172854754 157.1308731527098
17.812122444544876 156.3953502043941
14.264334798919906 156.73015519766764
10.706793898346406 156.990846340137
7.141932256390843 157.17720830198985
3.5721873571004497 157.28908711295085
