0 267.42939032550817
-4.228161234159484 267.39013300840577
-8.453430438780149 267.2723970320913
-12.67291755072243 267.0762902770349
-16.883736438341625 266.80199239525126
-21.08300686397073 266.44975458747166
-25.490897227180888 267.1640646227142
-29.695252565716597 266.6504096984593
-33.87929676587502 266.05899416228743
-38.37300956943648 266.51177883028157
-42.54404380916274 265.75696749638894
-47.09092165505622 266.0265362829684
-51.236578487908936 265.1071186188362
-55.82312817711171 265.18866103158297
-60.44186460631916 265.16787104290836
-64.5433398342731 263.9934597036237
-69.1805937696472 263.7777901217096
-73.83873557259099 263.4553570728913
-78.51376495506088 263.02457379930496
-83.2016243481026 262.48396122507444
-87.8982022390652 261.83214942336053
-92.59933657383633 261.0678789650195
-98.07734999959584 261.112782104941
-102.80597020170778 260.098645285182
-108.36388770206935 259.8467963164825
-113.10058239315363 258.57577113951356
-118.71647922043549 258.0173622060155
-124.36728679504425 257.28993290035686
-130.04665754598187 256.3907219658032
-135.74814767285392 255.3171539506668
-141.46522321117828 254.06684197818134
-148.2254908093648 253.3367961391486
-155.03871579886425 252.36859073385824
-161.89596911264644 251.1583596239853
-168.78819094710005 249.70251171932617
-175.70619973766378 247.99773504647388
-183.7941906068237 246.59051647095458
-193.10740807261976 245.3826297674215
-201.3046931293776 243.30206861378625
-210.74316232920953 241.3468789239794
-221.46794753733866 239.41314642019572
-232.26601240629586 237.00943271480608
-244.39027479260866 234.48052048780949
-257.8726613573615 231.7165691724342
-272.7396922565846 228.60569859806276
-289.01241204353323 225.03423626549704
-308.03740901039737 221.095173314763
-329.8633859423441 216.56260414095294
-353.17197389631485 211.0726808014219
-382.0575874790767 204.79917925165634
-415.22196721800185 197.22537314601772
-455.46690277658683 188.05030555317447
-505.64362166584004 176.67075336475608
-568.6342085846405 162.1804092460277
-651.5581108498042 143.1041862323963
-764.422001151994 116.97043399098611
-928.6287880191912 78.98689611717691
NaN NaN
NaN NaN
NaN NaN
-1099.007532175052 -228.06216944227225
-1087.2706793195407 -245.93526375584085
-1076.7429192634213 -267.4259851392216
-1068.0768439801884 -289.048568913917
-1060.4234632689638 -310.95267727472515
-1054.1579507893357 -333.45223434595346
-1049.041370928897 -356.51420753020966
-1043.8788940990346 -380.0398786357744
-1039.7893414279447 -403.6252312202587
-1035.4457222584165 -427.53734356394267
-1031.986968450179 -451.6017316742205
-1029.3367045765958 -475.93435356590146
-1026.1924813549017 -500.6756748286755
-1023.7213934971917 -525.8094912870496
-1020.6365024690037 -551.371882750737
-1018.1051710846646 -577.4408193147109
-1016.0617351593276 -604.1163519847041
-1013.2415636155299 -631.2811163993415
-1011.9744721306563 -659.4051193097343
-1009.8066889436899 -688.1042627456087
-1007.8571060744113 -717.6737255046479
-1006.044789308687 -748.1906239711619
-1004.2846721277347 -779.7264483339756
-1002.4876767718482 -812.3467790511418
-1001.6485361353676 -846.6273408658727
-993.0732538178075 -878.2957369532155
-971.8945560239089 -903.6761157514666
-950.0960159683553 -928.4574699618399
-927.6945394489212 -952.6274264851189
-904.7072510415499 -976.1739369190597
-881.1514757659602 -999.0853091881903
-857.0677164176086 -1021.3526317381745
-832.4958243329045 -1042.9719639279285
-807.4430340932553 -1063.9377158873947
-781.9178577062388 -1084.2431084821737
-755.9300208066361 -1103.8804671225696
-729.4903985358388 -1122.8414780821008
-702.6108124542542 -1141.1173565421334
-675.3040493749714 -1158.699041607901
-647.5836729545337 -1175.577292742654
-619.4640901548928 -1191.7428653351453
-590.9603231702356 -1207.1865209467853
-562.0880809021575 -1221.8991758490356
-532.8636393707304 -1235.871927178498
-503.3038624197541 -1249.0961646902076
-473.4260493524188 -1261.5635272835484
-443.248022361777 -1273.266060401308
-412.7879584029371 -1284.196120778924
-382.06448224734237 -1294.346545959834
-351.09654692731914 -1303.7105892689206
-319.9034241028059 -1312.2819628569753
-288.50468662507944 -1320.0548798553325
-256.9201651953698 -1327.0240523035473
-225.16991949125 -1333.184699350339
-193.27422416192042 -1338.5325924397196
-161.25352955567442 -1343.0640426161851
-129.128432837269 -1346.7758901544582
-96.91966724445207 -1349.6655710421646
-64.64806184738093 -1351.7310724961362
-32.33452126334214 -1352.9709550338332
0 -1353.3843449832766
32.33452126334163 -1352.9709550338332
64.64806184738048 -1351.7310724961362
96.91966724445207 -1349.6655710421646
129.12843283726843 -1346.7758901544582
161.2535295556739 -1343.0640426161851
193.27422416192042 -1338.5325924397196
225.1699194912496 -1333.184699350339
256.9201651953691 -1327.0240523035473
288.50468662507944 -1320.0548798553325
319.90342410280545 -1312.2819628569753
351.0965469273188 -1303.7105892689206
382.06448224734237 -1294.346545959834
412.78795840293674 -1284.1961207789245
443.24802236177646 -1273.2660604013083
473.4260493524188 -1261.5635272835484
503.30386241975367 -1249.0961646902078
532.8636393707301 -1235.8719271784985
562.0880809021575 -1221.8991758490356
590.9603231702355 -1207.1865209467853
619.4640901548928 -1191.7428653351453
647.5836729545337 -1175.577292742654
675.3040493749714 -1158.699041607901
702.6108124542542 -1141.1173565421334
729.4903985358388 -1122.8414780821008
755.9300208066359 -1103.8804671225696
781.9178577062387 -1084.2431084821735
807.4430340932553 -1063.9377158873947
832.4958243329037 -1042.971963927929
857.0677164176078 -1021.3526317381758
881.1514757659602 -999.0853091881903
904.7072510415492 -976.1739369190606
927.6945394489208 -952.6274264851194
950.0960159683551 -928.45746996184
971.8945560239086 -903.6761157514668
993.0732538178079 -878.2957369532154
1001.6485361353676 -846.6273408658727
1002.4876767718482 -812.3467790511418
1004.2846721277346 -779.726448333976
1006.044789308687 -748.1906239711619
1007.8571060744107 -717.6737255046484
1009.8066889436899 -688.1042627456087
1011.9744721306563 -659.4051193097343
1013.2415636155299 -631.2811163993415
1016.0617351593276 -604.1163519847042
1018.1051710846649 -577.4408193147104
1020.6365024690037 -551.371882750737
1023.7213934971912 -525.8094912870507
1026.1924813549017 -500.6756748286755
1029.3367045765958 -475.93435356590146
1031.9869684501782 -451.60173167422187
1035.445722258416 -427.53734356394443
1039.7893414279447 -403.6252312202583
1043.8788940990337 -380.039878635777
1049.041370928897 -356.51420753020966
1054.1579507893357 -333.45223434595346
1060.4234632689638 -310.95267727472515
1068.0768439801884 -289.048568913917
1076.7429192634213 -267.4259851392216
1087.2706793195407 -245.93526375584085
1099.007532175052 -228.06216944227225
NaN NaN
NaN NaN
NaN NaN
928.6287880191915 78.9868961171751
764.422001151994 116.97043399098611
651.5581108498042 143.1041862323963
568.6342085846405 162.1804092460277
505.6436216658401 176.6707533647556
455.46690277658695 188.05030555317433
415.22196721800185 197.22537314601752
382.0575874790767 204.79917925165634
353.17197389631485 211.0726808014219
329.8633859423441 216.56260414095294
308.03740901039737 221.09517331476295
289.01241204353323 225.03423626549707
272.73969225658465 228.60569859806265
257.8726613573615 231.7165691724342
244.39027479260866 234.48052048780949
232.26601240629586 237.00943271480608
221.46794753733877 239.41314642019552
210.74316232920955 241.34687892397932
201.3046931293776 243.30206861378616
193.10740807261976 245.3826297674215
183.7941906068237 246.59051647095458
175.70619973766378 247.99773504647388
168.78819094710013 249.70251171932605
161.89596911264647 251.1583596239853
155.03871579886425 252.3685907338582
148.2254908093648 253.3367961391486
141.46522321117828 254.06684197818134
135.74814767285392 255.3171539506668
130.046657545982 256.39072196580315
124.3672867950443 257.2899329003561
118.71647922043552 258.0173622060155
113.10058239315363 258.57577113951356
108.36388770206935 259.8467963164825
102.80597020170778 260.098645285182
98.07734999959591 261.1127821049409
92.59933657383635 261.0678789650195
87.89820223906521 261.83214942336053
83.2016243481026 262.48396122507444
78.51376495506088 263.02457379930496
73.83873557259099 263.4553570728913
69.18059376964727 263.7777901217096
64.54333983427314 263.9934597036237
60.441864606319186 265.1678710429083
55.82312817711171 265.18866103158297
51.236578487908936 265.1071186188362
47.09092165505622 266.0265362829684
42.54404380916279 265.7569674963889
38.373009569436526 266.51177883028157
33.879296765875075 266.05899416228743
29.695252565716597 266.6504096984593
25.490897227180888 267.1640646227142
21.08300686397073 266.44975458747166
16.883736438341668 266.80199239525126
12.672917550722472 267.0762902770349
8.453430438780194 267.2723970320913
4.228161234159484 267.39013300840577
