0 164.18639032551044
-3.613058003646184 164.14896536188886
-7.223645538782659 164.03672161850707
-10.829293814382256 163.84975250442977
-14.427537393276346 163.58821359004043
-18.015915866315957 163.25232244009982
-21.815016307901644 163.98652371158857
-25.41310098998171 163.4962521143728
-28.993809306475324 162.9316502554254
-32.887534495441066 163.41460810182414
-36.46234059118213 162.69324965655537
-40.41715838868694 162.9994624971686
-43.97532903713328 162.11978296335855
-47.97936903959433 162.2440521800632
-52.02097150277069 162.26886420445908
-55.55108402419262 161.14280883331475
-59.62313809599368 160.97812042357384
-63.72263023807449 160.70915781539594
-67.8459430329709 160.3341914626949
-71.98939703071585 159.85159299953634
-76.14925382691757 159.25983707636695
-80.32171920930095 158.55750309579213
-85.27947814833009 158.66605680306432
-89.49661488581037 157.71711320992875
-94.55217048886152 157.5318242125783
-98.7959691436992 156.32854580413607
-103.9287736021244 155.83888692111546
-109.10662356264109 155.1810243433312
-114.32349559578527 154.35200761047392
-119.57326287467085 153.34906996961837
-124.84970102310018 152.16963165612893
-131.18071868033383 151.5105088059236
-137.57637536429328 150.61308122430967
-144.02802818839706 149.47328827067383
-150.52689532737057 148.08734488243397
-157.06406480229052 146.45174618402683
-164.78399274389827 145.1127877507431
-173.74217592217997 143.97205422049143
-181.59769865422868 141.957352827729
-190.70791171896704 140.0665462725481
-201.11817195199785 138.19554082400302
-211.61565856553847 135.85272292622577
-223.45349541746012 133.3827048912443
-236.66380547058122 130.67548108954725
-251.27329534859464 127.61901208549097
-267.3031861105009 124.09947239105901
-286.1002324713865 120.20970689617245
-307.71329344235556 115.72367092940625
-330.824146002347 110.27738509065432
-359.52734027604174 104.04450189139497
-392.524741811941 96.5081799371777
-432.618254712028 87.36735600051874
-482.6592102648608 76.01870976130512
-545.5297862147371 61.555846062120196
-628.3495121279403 42.50359978098658
-741.1251320924442 16.390252339614296
-813.0809918574134 -10.982036506811799
-815.2241835925549 -32.279250301269975
-816.8099715732957 -53.63016040856345
-817.8368922057053 -75.0204193225658
-818.3245356291073 -100
-818.2101488654693 -117.8563949473446
-817.5554807107654 -139.27614540910722
-816.3398966271046 -160.6758344563831
-814.5638483947388 -182.0411153577142
-812.2251298238133 -203.36950750395715
-809.1920940287928 -225.06589769004256
-805.4624738593427 -246.91135811174593
-801.0944548046447 -268.65810282096317
-796.1217550429325 -290.2208144168235
-790.5663063541544 -311.5664488086849
-784.4439113078496 -332.67999227415964
-777.7670155628105 -353.5525615725539
-770.5461914256331 -374.17699437012124
-762.7909345884252 -394.5462644318145
-754.5101491583536 -414.6529205949504
-745.7124384866278 -434.48895896750247
-736.4063066392434 -454.0458414059106
-726.6002487373456 -473.3146125060026
-716.3028452163778 -492.2859846785302
-705.52280322494 -510.95044204805396
-694.2689925005257 -529.2983228901153
-682.550467236453 -547.3198921302497
-670.3764715536765 -565.0054058632578
-657.7564687404994 -582.3451535294054
-644.700101383933 -599.3295170391863
-631.2172233951637 -615.9489920328276
-617.3179157495827 -632.1942166242673
-603.0124210666389 -648.0560094662475
-588.311188880763 -663.5253779463568
-573.2248679245745 -678.5935393162785
-557.7642580081102 -693.2519363768375
-541.9403639706455 -707.4922482796451
-525.7643333570111 -721.3064005271336
-509.2474789036127 -734.6865736085531
-492.4012692210161 -747.6252113970743
-475.23731974237 -760.1150279075289
-457.76734758862915 -772.1489988060457
-440.00325911316855 -783.7203971074364
-421.9570247884191 -794.8227552697318
-403.6407621120487 -805.4499012016123
-385.0666899131858 -815.5959460469436
-366.24712300893447 -825.2552847864043
-347.19447194748443 -834.4226007010408
-327.9212361389674 -843.0928663618546
-308.43999723470654 -851.2613442593793
-288.7634104431114 -858.9235845775733
-268.90419218785416 -866.0754162034173
-248.87514594706002 -872.7129838282741
-228.68911441218683 -878.8326993766979
-208.35899627533485 -884.4312646399393
-187.897747045679 -889.505683846015
-167.31835617163858 -894.0532335492468
-146.6338552362226 -898.0714826760486
-125.85731429904422 -901.5583000818292
-105.00182429207628 -904.5118191189842
-84.08050547928386 -906.9304679399335
-63.106501097307515 -908.8129719078676
-42.092967786614636 -910.1583314163881
-21.053074849340636 -910.9658326166686
0 -911.2350472627573
21.053074849340277 -910.9658326166686
42.09296778661434 -910.1583314163881
63.106501097307515 -908.8129719078676
84.0805054792835 -906.9304679399335
105.00182429207594 -904.5118191189844
125.85731429904422 -901.5583000818292
146.63385523622233 -898.0714826760487
167.31835617163816 -894.0532335492468
187.897747045679 -889.505683846015
208.35899627533448 -884.4312646399393
228.68911441218663 -878.8326993766979
248.87514594706002 -872.7129838282741
268.90419218785394 -866.0754162034174
288.7634104431111 -858.9235845775733
308.43999723470654 -851.2613442593793
327.9212361389672 -843.0928663618548
347.19447194748415 -834.422600701041
366.24712300893447 -825.2552847864043
385.0666899131857 -815.5959460469436
403.64076211204866 -805.4499012016123
421.9570247884191 -794.8227552697318
440.00325911316855 -783.7203971074364
457.76734758862915 -772.1489988060457
475.23731974237 -760.1150279075289
492.40126922101587 -747.6252113970743
509.24747890361266 -734.686573608553
525.7643333570111 -721.3064005271336
541.9403639706452 -707.4922482796453
557.7642580081098 -693.2519363768382
573.2248679245745 -678.5935393162785
588.3111888807625 -663.5253779463571
603.0124210666389 -648.0560094662476
617.3179157495825 -632.1942166242674
631.2172233951635 -615.9489920328278
644.7001013839331 -599.3295170391863
657.7564687404994 -582.3451535294054
670.3764715536765 -565.0054058632578
682.550467236453 -547.3198921302501
694.2689925005257 -529.2983228901153
705.5228032249397 -510.9504420480543
716.3028452163778 -492.2859846785302
726.6002487373456 -473.3146125060026
736.4063066392434 -454.0458414059106
745.7124384866278 -434.4889589675026
754.5101491583536 -414.65292059495033
762.7909345884252 -394.54626443181456
770.5461914256327 -374.17699437012215
777.7670155628105 -353.5525615725539
784.4439113078496 -332.67999227415964
790.5663063541541 -311.566448808686
796.1217550429324 -290.220814416825
801.0944548046447 -268.6581028209629
805.4624738593426 -246.91135811174738
809.1920940287928 -225.06589769004256
812.2251298238133 -203.36950750395715
814.5638483947388 -182.0411153577142
816.3398966271046 -160.6758344563831
817.5554807107654 -139.27614540910722
818.2101488654693 -117.8563949473446
818.3245356291073 -100
817.8368922057053 -75.0204193225658
816.8099715732958 -53.63016040856303
815.2241835925549 -32.279250301269975
813.0809918574137 -10.982036506813525
741.1251320924442 16.390252339614296
628.3495121279403 42.50359978098658
545.5297862147371 61.555846062120196
482.65921026486086 76.01870976130465
432.6182547120281 87.3673560005186
392.524741811941 96.50817993717749
359.52734027604174 104.04450189139497
330.824146002347 110.27738509065432
307.71329344235556 115.72367092940625
286.1002324713865 120.20970689617238
267.3031861105009 124.09947239105902
251.2732953485947 127.61901208549084
236.66380547058122 130.67548108954725
223.45349541746012 133.3827048912443
211.61565856553847 135.85272292622577
201.11817195199797 138.19554082400282
190.70791171896707 140.066546272548
181.59769865422868 141.95735282772893
173.74217592217997 143.97205422049143
164.78399274389827 145.1127877507431
157.06406480229052 146.45174618402683
150.52689532737065 148.08734488243385
144.0280281883971 149.47328827067383
137.57637536429328 150.61308122430964
131.18071868033383 151.5105088059236
124.84970102310018 152.16963165612893
119.57326287467085 153.34906996961837
114.32349559578539 154.35200761047386
109.10662356264113 155.18102434333045
103.92877360212442 155.83888692111543
98.7959691436992 156.32854580413607
94.55217048886152 157.5318242125783
89.49661488581037 157.71711320992875
85.27947814833016 158.6660568030642
80.32171920930098 158.55750309579213
76.14925382691759 159.25983707636695
71.98939703071585 159.85159299953634
67.8459430329709 160.3341914626949
63.72263023807449 160.70915781539594
59.623138095993745 160.9781204235738
55.55108402419267 161.14280883331475
52.02097150277072 162.26886420445902
47.97936903959433 162.2440521800632
43.97532903713328 162.11978296335855
40.41715838868694 162.9994624971686
36.462340591182176 162.69324965655534
32.88753449544111 163.41460810182414
28.993809306475377 162.93165025542538
25.41310098998171 163.4962521143728
21.815016307901644 163.98652371158857
18.015915866315957 163.25232244009982
14.42753739327639 163.5882135900404
10.829293814382298 163.84975250442977
7.223645538782703 164.03672161850707
3.613058003646184 164.14896536188886
