-500 447.9122016569744 0.9975691699554516
-505.39498296278316 447.8682684814547 0.9975691895811324
-510.78627392857976 447.73651422931647 0.9975692484369008
-516.1701834158208 447.51707465936585 0.9975693464589694
-521.5430269721438 447.2101758214453 0.9975694835411407
-526.9011276846985 446.8161337344091 0.9975696595349773
-532.2408186855706 446.3353539356796 0.997569874250042
-537.5584456503206 445.76833090276534 0.9975701274542043
-542.8503692882309 445.1156473473532 0.9975704188740152
-548.112967822449 444.377973382523 0.9975707481951477
-553.3426394583961 443.5560655639586 0.9975711150629035
-558.5358048388064 442.6507658060399 0.9975715190827854
-563.688909483768 441.66300017390694 0.997571959821133
-573.5577996829167 451.36654426582186 0.9975676262953383
-578.9705292879071 450.0824906651729 0.997568200233416
-584.3292294129661 448.7097238397127 0.9975688136586042
-589.6302327568238 447.24958619890697 0.9975694659382278
-594.8699112926816 445.7035026635408 0.997570156401402
-600.0446787409545 444.07297868836963 0.9975708843400828
-605.1509930142238 442.3595981696852 0.9975716490101768
-610.1853586326271 440.56502124045943 0.9975724496327041
-615.1443291081423 438.69098195592613 0.9975732853950156
-620.0245092962726 436.73928587280994 0.9975741554520596
-632.8983141698063 443.72341902495896 0.997571040367773
-637.9161072195091 441.3975624781257 0.9975720782436565
-642.8395494606435 438.9915690402025 0.99757315136407
-647.6652692951881 436.50765709744377 0.9975742586882219
-652.3899616278076 433.9481084423608 0.9975753991474419
-657.0103901248009 431.31526520529394 0.9975765716467782
-671.3380820392681 436.15442800118024 0.9975744161118956
-676.0084927058969 433.11044029582297 0.9975757722589914
-680.5584995369248 429.9932130333775 0.9975771601677579
-684.9849839267954 426.8054816082214 0.9975785785601512
-700.1270457201995 429.96300673777546 0.9975771736124618
-704.5369061770738 426.342899676219 0.9975787843114109
-708.8068547592032 422.6542354786109 0.9975804242971557
-724.469315668094 424.39513650361397 0.9975796504428351
-728.6671167836902 420.26008517562735 0.9975814880833839
-744.6663863862591 420.91277897277087 0.9975811981249741
-748.7488624744148 416.3209465361231 0.997583237225901
-765.0092534296938 415.8536688317652 0.9975834446240344
-768.9324162382765 410.79750645175295 0.9975856875114155
-785.37649371299 409.1830832968878 0.9975864031766623
-801.9652430480913 406.8118529358111 0.9975874539056245
-818.6701576201855 403.67437467019175 0.9975888433942264
-835.4624470022646 399.76214699833247 0.9975905747559005
-852.3130660050098 395.0676172901929 0.9975926505132819
-869.1927439143852 389.584190798301 0.9975950725912914
-899.6324142224187 384.6555663522662 0.9975972473100856
-930.2642906639057 378.18597167241165 0.9976000986717569
-961.0316214174441 370.16287303638865 0.9976036295187425
NaN NaN NaN
NaN NaN NaN
NaN NaN NaN
NaN NaN NaN
NaN NaN NaN
NaN NaN NaN
NaN NaN NaN
NaN NaN NaN
NaN NaN NaN
-1284.917652791942 -655.6434069786134 0.9972373934843497
-1273.3248020820818 -662.4923262153767 0.997227703488314
-1261.6139521320522 -670.0841917162397 0.9972169524728832
-1250.7079417359555 -677.7235934520361 0.9972061244918959
-1240.3220788544168 -685.4512333814288 0.9971951625085973
-1230.2734794016917 -693.2841028970158 0.9971840430493657
-1220.436763644413 -701.226902499653 0.9971727601307331
-1210.721890416046 -709.277401181359 0.997161317712001
-1201.0572624888368 -717.4324327396467 0.9971497212003713
-1203.453825536523 -723.7766451793799 0.9971406966198765
-1193.4987329868868 -732.476392514 0.9971283181081472
-1183.454805930878 -741.2567961786326 0.9971158224977454
-1173.3083214291375 -750.0947903975222 0.9971032441885456
-1174.634401007678 -758.2462913435918 0.9970916436955242
-1164.0966546075224 -767.4522247909629 0.9970785452836538
-1153.4115133529378 -776.6670925632518 0.9970654388995882
-1153.7610016814394 -786.097805345876 0.9970520325574664
-1142.5978855234525 -795.5948772458446 0.997038541330053
-1142.1780545701108 -805.9301718906714 0.9970238728567385
-1130.4869961528404 -815.6524252381977 0.9970100899840977
-1129.2327512613551 -826.8386891724359 0.996994253760604
-1116.9688101918389 -836.7270975350334 0.9969802777392156
-1114.8195577607673 -848.7021401936202 0.9969633855601813
-1112.1256693841442 -861.2219599948537 0.9969457690224088
-1108.8664041945822 -874.2672991365538 0.9969274675991983
-1095.160564277485 -884.5900934799324 0.9969130298060564
-1090.877735299544 -898.2750801463037 0.9968939564203982
-1085.9758490504023 -912.4199986256351 0.9968743306825857
-1080.4341395264232 -926.999585434355 0.9968542065614638
-1083.3566643296804 -946.579093226551 0.9968273677278845
-1076.272573645697 -962.275559648776 0.996806023240765
-1068.4850648876884 -978.3157019738117 0.9967843858565236
-1068.4795849579625 -1000.2900624858326 0.9967556220707185
-1059.0028922546185 -1017.2320044795614 0.9967660140522718
-1056.8148658674459 -1040.703131500896 0.9967803521524486
-1053.3712680891467 -1065.0194812271027 0.9967951348618561
-1048.6333438463873 -1090.1160342712526 0.9968103157190267
-1042.5652195319371 -1115.9251976910505 0.9968258473517049
-1035.13342829744 -1142.3770114176723 0.9968416816953907
-1033.08347178729 -1177.3550535047375 0.9968624900971117
-1029.0504141160009 -1213.4400653231755 0.9968838031083154
-1029.2400013268568 -1259.1659750593387 0.9969105875790816
-1020.9943223795643 -1297.525990383631 0.9969328668686336
-1022.1873804283427 -1355.3784738838592 0.9969661416543835
-1014.7837910757512 -1405.5712759632975 0.9969946967342185
-1015.0254067487737 -1476.9769008847531 0.9970348231216437
-1011.3371491599872 -1550.6685429514343 0.9970756303694751
-1008.1803137926327 -1637.0829763570146 0.9971227138942835
-1004.5243130277852 -1736.9001426172504 0.9971760847809599
-1003.2697593369061 -1862.1262776933893 0.9972415346225091
-1002.3474187184105 -2014.2698468990561 0.9973188535065776
-949.792794143553 -2014.6578098740347 0.9973190476416565
-897.6525472999464 -2013.621053371853 0.9973185288189139
-848.5421867159613 -2023.1861458108106 0.9973233113393402
-796.9805721440347 -2019.413408884237 0.9973214260861893
-747.7943265518602 -2026.393607138901 0.9973249129905535
-696.9605476423255 -2019.947446590792 0.9973216930345983
-647.8381140412647 -2024.3622803043197 0.9973238987647548
-598.6148137351526 -2027.5181193095743 0.9973254742715966
-549.3242325487743 -2029.4125771614495 0.9973264195691737
-500 -2030.0442221777303 0.9973267346672133
-450.6757674512261 -2029.4125771614495 0.9973264195691737
-401.38518626484813 -2027.5181193095743 0.9973254742715966
-352.16188595873575 -2024.3622803043197 0.9973238987647548
-303.03945235767554 -2019.947446590792 0.9973216930345983
-252.20567344814026 -2026.3936071389012 0.9973249129905535
-203.019427855966 -2019.413408884237 0.9973214260861893
-151.45781328404027 -2023.1861458108106 0.9973233113393402
-102.34745270005453 -2013.621053371853 0.9973185288189139
-50.207205856446826 -2014.6578098740347 0.9973190476416565
2.3474187184098008 -2014.2698468990561 0.9973188535065776
55.27312700292437 -2012.430686378265 0.9973179329908568
108.53010031920667 -2009.1231057297769 0.9973162766560991
162.07381456111676 -2004.3248892605834 0.9973138718857743
210.7913626450279 -1986.6843699599212 0.9973050107154487
259.0244422060648 -1967.8068301894018 0.997295493072153
306.742665793613 -1947.7086217427443 0.997285319962968
353.915978544449 -1926.40623469031 0.9972744920802331
400.5127299002171 -1903.9149771773891 0.9972630091396044
446.5036387899163 -1880.2525838868737 0.9972508717326845
491.8601265561687 -1855.4374306200395 0.9972380804456231
536.5543180530617 -1829.4884978113798 0.9972246358615735
580.5590400105175 -1802.4253355417877 0.9972105385642595
623.8474515448945 -1774.2678907762622 0.9971957890694542
666.3955508820046 -1745.0374960797317 0.9971803883678682
708.1796113235846 -1714.7553802344198 0.9971643371703193
749.175294604143 -1683.4426365239535 0.9971476359051926
789.3637057809829 -1651.1217706184075 0.9971302855656051
828.7237846887105 -1617.8142662919026 0.9971122864308251
867.2354366434117 -1583.5416997886628 0.997093638672786
904.8829051922953 -1548.325671501901 0.9970743423362904
941.6516130925355 -1512.1869061076857 0.9970543968570879
977.5284082099065 -1475.1450987172645 0.997033800973846
1002.0107588550927 -1430.3340411278414 0.9970086779226079
1003.8111200948872 -1372.2321571768548 0.9969757622280091
1014.4416673669774 -1321.4941107475263 0.9969466998285221
1012.4577918920243 -1265.5056328470937 0.9969142815662863
1008.6433624780944 -1210.84796647377 0.9968822773153885
1014.4124723511703 -1162.5903153839645 0.996853724545779
1018.8422162695394 -1114.9769481940323 0.9968252781425988
1022.02928110127 -1068.0142604226862 0.9967969504557735
1023.81561494081 -1021.8264549164581 0.9967688260903119
1023.9695770877172 -976.627384845544 0.996786654538052
1022.5561689183946 -932.5175205699494 0.9968466201825132
1031.8605377505173 -892.0888640701769 0.9969025685214601
1027.6613400665635 -849.9847073650001 0.9969615786977339
1034.5754072756536 -810.8106591156873 0.9970169519210845
1040.4429967559117 -772.1442864763892 0.9970718710050559
1045.3271035547525 -734.0566159738584 0.997126069380067
1049.3082320728402 -696.615536012823 0.9971793115235295
1052.4829787972135 -659.8909514586834 0.9972313850009281
1054.9715058395043 -623.9523203791248 0.9972821028662531
1056.9279162041448 -588.8648844716312 0.9973313074532532
1071.347018851046 -552.6790722004289 0.9973816540184307
1072.8821526461925 -518.9238367610639 0.9974281940191019
1087.4365068185266 -483.0682542443502 0.9974771240637017
1089.9587157840635 -451.0330047968234 0.9975203582228437
1106.0659923072915 -417.1365892274356 0.9975655708286433
1122.6351320788617 -387.1695260199965 0.9976050592255445
1143.4162083278445 -357.97447874125885 0.9976430743772324
1162.9687437669133 -337.5582870965748 0.9976693824324061
NaN NaN NaN
NaN NaN NaN
730.0276444245447 191.1698612735133 0.9976809257049053
471.5411963373724 250.9892714912272 0.9976554049676741
312.85572299868556 288.5844340006106 0.9976392065524778
196.99177942240053 315.16255979301224 0.9976276802153026
109.6581315554705 334.5910665180953 0.9976192151002463
50.63831863937035 349.1287810999392 0.997612859072337
5.7412501824737365 360.80899722877996 0.9976077387712995
-38.96837858255742 370.1628730363884 0.9976036295187425
-69.73570933609233 378.18597167241165 0.9976000986717569
-100.3675857775811 384.6555663522662 0.9975972473100856
-130.80725608561508 389.584190798301 0.9975950725912914
-147.68693399499017 395.06761729019274 0.9975926505132819
-164.53755299773164 399.76214699833235 0.9975905747559005
-181.32984237981154 403.6743746701917 0.9975888433942264
-198.034756951913 406.8118529358111 0.9975874539056245
-214.62350628700318 409.1830832968878 0.9975864031766623
-231.06758376171655 410.79750645175295 0.9975856875114155
-234.99074657031247 415.85366883176505 0.9975834446240344
-251.25113752557843 416.32094653612296 0.997583237225901
-255.33361361374085 420.9127789727708 0.9975811981249741
-271.3328832163027 420.26008517562735 0.9975814880833839
-275.53068433191294 424.39513650361397 0.9975796504428351
-291.19314524079675 422.6542354786109 0.9975804242971557
-295.46309382293333 426.3428996762189 0.9975787843114109
-299.8729542798077 429.96300673777546 0.9975771736124618
-315.01501607321177 426.8054816082213 0.9975785785601512
-319.4415004630753 429.9932130333775 0.9975771601677579
-323.99150729409575 433.11044029582297 0.9975757722589914
-328.6619179607319 436.15442800118024 0.9975744161118956
-342.98960987519905 431.3152652052939 0.9975765716467782
-347.6100383721995 433.9481084423608 0.9975753991474419
-352.3347307048121 436.5076570974437 0.9975742586882219
-357.16045053935636 438.9915690402025 0.99757315136407
-362.08389278048384 441.3975624781257 0.9975720782436565
-367.10168583019373 443.72341902495896 0.997571040367773
-379.9754907037345 436.73928587280994 0.9975741554520596
-384.8556708918577 438.69098195592613 0.9975732853950156
-389.81464136738 440.56502124045943 0.9975724496327041
-394.8490069857688 442.3595981696852 0.9975716490101768
-399.9553212590457 444.07297868836963 0.9975708843400828
-405.13008870731835 445.7035026635408 0.997570156401402
-410.3697672431688 447.24958619890697 0.9975694659382278
-415.67077058702654 448.70972383971264 0.9975688136586042
-421.0294707120857 450.0824906651729 0.997568200233416
-426.4422003170761 451.36654426582186 0.9975676262953383
-436.3110905162319 441.66300017390694 0.997571959821133
-441.4641951612009 442.6507658060399 0.9975715190827854
-446.6573605416111 443.5560655639586 0.9975711150629035
-451.8870321775508 444.377973382523 0.9975707481951477
-457.14963071176163 445.1156473473532 0.9975704188740152
-462.4415543496722 445.76833090276534 0.9975701274542043
-467.7591813144293 446.3353539356796 0.997569874250042
-473.09887231530143 446.8161337344091 0.9975696595349773
-478.4569730278628 447.2101758214453 0.9975694835411407
-483.82981658417907 447.51707465936585 0.9975693464589694
-489.21372607142024 447.73651422931647 0.9975692484369008
-494.60501703721684 447.8682684814547 0.9975691895811324
500 447.9122016569744 0.9975691699554516
494.60501703721684 447.8682684814547 0.9975691895811324
489.21372607142024 447.73651422931647 0.9975692484369008
483.82981658417924 447.51707465936585 0.9975693464589694
478.45697302786283 447.2101758214453 0.9975694835411407
473.09887231530143 446.8161337344091 0.9975696595349773
467.7591813144293 446.3353539356796 0.997569874250042
462.4415543496722 445.76833090276534 0.9975701274542043
457.14963071176163 445.1156473473532 0.9975704188740152
451.8870321775508 444.377973382523 0.9975707481951477
446.6573605416112 443.5560655639586 0.9975711150629035
441.4641951612009 442.6507658060399 0.9975715190827854
436.3110905162319 441.66300017390694 0.997571959821133
426.4422003170761 451.36654426582186 0.9975676262953383
421.02947071208575 450.0824906651729 0.997568200233416
415.67077058702654 448.7097238397127 0.9975688136586042
410.36976724316884 447.24958619890697 0.9975694659382278
405.13008870731835 445.7035026635408 0.997570156401402
399.9553212590457 444.07297868836963 0.9975708843400828
394.8490069857688 442.3595981696852 0.9975716490101768
389.81464136738 440.56502124045943 0.9975724496327041
384.85567089185776 438.69098195592613 0.9975732853950156
379.9754907037346 436.73928587280994 0.9975741554520596
367.10168583019373 443.72341902495896 0.997571040367773
362.08389278048384 441.3975624781257 0.9975720782436565
357.16045053935636 438.9915690402025 0.99757315136407
352.33473070481216 436.50765709744377 0.9975742586882219
347.61003837219954 433.9481084423608 0.9975753991474419
342.98960987519916 431.31526520529394 0.9975765716467782
328.6619179607319 436.15442800118024 0.9975744161118956
323.99150729409575 433.11044029582297 0.9975757722589914
319.4415004630753 429.9932130333775 0.9975771601677579
315.01501607321194 426.8054816082214 0.9975785785601512
299.8729542798077 429.96300673777546 0.9975771736124618
295.46309382293344 426.342899676219 0.9975787843114109
291.19314524079675 422.6542354786109 0.9975804242971557
275.53068433191294 424.39513650361397 0.9975796504428351
271.3328832163027 420.26008517562735 0.9975814880833839
255.33361361374097 420.91277897277087 0.9975811981249741
251.25113752557843 416.3209465361231 0.997583237225901
234.99074657031258 415.8536688317652 0.9975834446240344
231.06758376171655 410.79750645175295 0.9975856875114155
214.62350628700318 409.1830832968878 0.9975864031766623
198.034756951913 406.8118529358111 0.9975874539056245
181.3298423798116 403.67437467019175 0.9975888433942264
164.53755299773175 399.76214699833247 0.9975905747559005
147.68693399499023 395.0676172901929 0.9975926505132819
130.80725608561508 389.584190798301 0.9975950725912914
100.3675857775811 384.6555663522662 0.9975972473100856
69.73570933609233 378.18597167241165 0.9976000986717569
38.96837858255745 370.16287303638865 0.9976036295187425
-5.741250182473722 360.80899722878013 0.9976077387712995
-50.63831863937031 349.1287810999397 0.997612859072337
-109.6581315554705 334.5910665180953 0.9976192151002463
-196.99177942240053 315.16255979301224 0.9976276802153026
-312.85572299868556 288.5844340006106 0.9976392065524778
-471.54119633737224 250.98927149122818 0.9976554049676741
-730.0276444245447 191.16986127351333 0.9976809257049053
NaN NaN NaN
NaN NaN NaN
-1162.9687437669133 -337.5582870965748 0.9976693824324061
-1143.4162083278445 -357.97447874125885 0.9976430743772324
-1122.6351320788617 -387.1695260199965 0.9976050592255445
-1106.0659923072915 -417.1365892274356 0.9975655708286433
-1089.9587157840635 -451.0330047968234 0.9975203582228437
-1087.4365068185266 -483.0682542443502 0.9974771240637017
-1072.8821526461925 -518.9238367610639 0.9974281940191019
-1071.347018851047 -552.6790722004268 0.9973816540184307
-1056.927916204145 -588.8648844716299 0.9973313074532532
-1054.9715058395043 -623.952320379124 0.9972821028662531
-1052.4829787972137 -659.8909514586829 0.9972313850009281
-1049.3082320728402 -696.615536012823 0.9971793115235295
-1045.3271035547525 -734.0566159738584 0.997126069380067
-1040.4429967559122 -772.1442864763886 0.9970718710050559
-1034.5754072756536 -810.8106591156868 0.9970169519210845
-1027.6613400665644 -849.9847073649988 0.9969615786977339
-1031.8605377505176 -892.0888640701766 0.9969025685214601
-1022.5561689183946 -932.5175205699494 0.9968466201825132
-1023.9695770877172 -976.627384845544 0.996786654538052
-1023.8156149408098 -1021.8264549164589 0.9967688260903119
-1022.0292811012697 -1068.0142604226864 0.9967969504557735
-1018.8422162695404 -1114.9769481940307 0.9968252781425988
-1014.4124723511716 -1162.590315383963 0.996853724545779
-1008.6433624780944 -1210.84796647377 0.9968822773153885
-1012.4577918920243 -1265.5056328470937 0.9969142815662863
-1014.4416673669779 -1321.4941107475258 0.9969466998285221
-1003.8111200948874 -1372.2321571768543 0.9969757622280091
-1002.0107588550928 -1430.3340411278414 0.9970086779226079
-977.5284082099065 -1475.1450987172645 0.997033800973846
-941.651613092536 -1512.1869061076857 0.9970543968570879
-904.8829051922953 -1548.325671501901 0.9970743423362904
-867.2354366434135 -1583.5416997886612 0.997093638672786
-828.7237846887116 -1617.8142662919013 0.9971122864308251
-789.3637057809829 -1651.1217706184075 0.9971302855656051
-749.1752946041433 -1683.4426365239533 0.9971476359051926
-708.179611323585 -1714.7553802344198 0.9971643371703193
-666.3955508820046 -1745.0374960797317 0.9971803883678682
-623.847451544896 -1774.2678907762613 0.9971957890694542
-580.559040010518 -1802.4253355417873 0.9972105385642595
-536.5543180530617 -1829.4884978113798 0.9972246358615735
-491.8601265561689 -1855.4374306200393 0.9972380804456231
-446.50363878991743 -1880.2525838868733 0.9972508717326845
-400.5127299002171 -1903.9149771773891 0.9972630091396044
-353.91597854445 -1926.4062346903092 0.9972744920802331
-306.7426657936138 -1947.708621742744 0.997285319962968
-259.0244422060648 -1967.8068301894018 0.997295493072153
-210.79136264502853 -1986.684369959921 0.9973050107154487
-162.07381456111733 -2004.3248892605834 0.9973138718857743
-108.53010031920667 -2009.1231057297769 0.9973162766560991
-55.273127002925285 -2012.4306863782647 0.9973179329908568
-2.3474187184105206 -2014.2698468990561 0.9973188535065776
50.207205856446826 -2014.6578098740347 0.9973190476416565
102.34745270005395 -2013.621053371853 0.9973185288189139
151.45781328403913 -2023.1861458108106 0.9973233113393402
203.019427855966 -2019.413408884237 0.9973214260861893
252.20567344813946 -2026.393607138901 0.9973249129905535
303.0394523576747 -2019.947446590792 0.9973216930345983
352.16188595873575 -2024.3622803043197 0.9973238987647548
401.3851862648474 -2027.5181193095743 0.9973254742715966
450.6757674512251 -2029.4125771614495 0.9973264195691737
500 -2030.0442221777303 0.9973267346672133
549.324232548774 -2029.4125771614495 0.9973264195691737
598.6148137351518 -2027.5181193095743 0.9973254742715966
647.8381140412647 -2024.3622803043197 0.9973238987647548
696.9605476423243 -2019.947446590792 0.9973216930345983
747.7943265518593 -2026.3936071389012 0.9973249129905535
796.9805721440347 -2019.413408884237 0.9973214260861893
848.5421867159604 -2023.1861458108106 0.9973233113393402
897.6525472999457 -2013.621053371853 0.9973185288189139
949.792794143553 -2014.6578098740347 0.9973190476416565
1002.3474187184099 -2014.2698468990561 0.9973188535065776
1003.2697593369049 -1862.1262776933895 0.9972415346225091
1004.5243130277852 -1736.9001426172504 0.9971760847809599
1008.1803137926322 -1637.0829763570146 0.9971227138942835
1011.337149159987 -1550.6685429514346 0.9970756303694751
1015.0254067487737 -1476.9769008847531 0.9970348231216437
1014.7837910757509 -1405.5712759632977 0.9969946967342185
1022.1873804283418 -1355.37847388386 0.9969661416543835
1020.9943223795643 -1297.525990383631 0.9969328668686336
1029.2400013268561 -1259.1659750593387 0.9969105875790816
1029.0504141160006 -1213.4400653231758 0.9968838031083154
1033.08347178729 -1177.3550535047375 0.9968624900971117
1035.13342829744 -1142.3770114176727 0.9968416816953907
1042.5652195319367 -1115.9251976910507 0.9968258473517049
1048.6333438463873 -1090.1160342712526 0.9968103157190267
1053.3712680891465 -1065.0194812271027 0.9967951348618561
1056.8148658674456 -1040.7031315008962 0.9967803521524486
1059.0028922546185 -1017.2320044795614 0.9967660140522718
1068.4795849579618 -1000.2900624858327 0.9967556220707185
1068.485064887688 -978.3157019738119 0.9967843858565236
1076.272573645697 -962.275559648776 0.996806023240765
1083.3566643296804 -946.5790932265512 0.9968273677278845
1080.434139526423 -926.999585434355 0.9968542065614638
1085.975849050402 -912.4199986256351 0.9968743306825857
1090.8777352995437 -898.2750801463038 0.9968939564203982
1095.1605642774841 -884.5900934799328 0.9969130298060564
1108.8664041945822 -874.2672991365538 0.9969274675991983
1112.1256693841442 -861.2219599948537 0.9969457690224088
1114.8195577607669 -848.7021401936206 0.9969633855601813
1116.9688101918384 -836.7270975350336 0.9969802777392156
1129.2327512613551 -826.8386891724359 0.996994253760604
1130.4869961528404 -815.6524252381978 0.9970100899840977
1142.1780545701108 -805.9301718906714 0.9970238728567385
1142.5978855234525 -795.5948772458446 0.997038541330053
1153.7610016814394 -786.0978053458763 0.9970520325574664
1153.4115133529376 -776.6670925632521 0.9970654388995882
1164.0966546075224 -767.4522247909629 0.9970785452836538
1174.6344010076782 -758.246291343592 0.9970916436955242
1173.3083214291375 -750.0947903975222 0.9971032441885456
1183.454805930878 -741.2567961786326 0.9971158224977454
1193.4987329868866 -732.4763925140002 0.9971283181081472
1203.453825536523 -723.77664517938 0.9971406966198765
1201.0572624888368 -717.432432739647 0.9971497212003713
1210.7218904160459 -709.2774011813593 0.997161317712001
1220.436763644413 -701.226902499653 0.9971727601307331
1230.2734794016917 -693.2841028970158 0.9971840430493657
1240.3220788544168 -685.4512333814288 0.9971951625085973
1250.7079417359555 -677.7235934520361 0.9972061244918959
1261.6139521320522 -670.0841917162397 0.9972169524728832
1273.3248020820818 -662.4923262153767 0.997227703488314
1284.917652791942 -655.6434069786134 0.9972373934843497
NaN NaN NaN
NaN NaN NaN
NaN NaN NaN
NaN NaN NaN
NaN NaN NaN
NaN NaN NaN
NaN NaN NaN
NaN NaN NaN
NaN NaN NaN
961.0316214174441 370.1628730363884 0.9976036295187425
930.2642906639057 378.18597167241165 0.9976000986717569
899.6324142224187 384.6555663522662 0.9975972473100856
869.1927439143852 389.584190798301 0.9975950725912914
852.3130660050098 395.06761729019274 0.9975926505132819
835.4624470022646 399.76214699833235 0.9975905747559005
818.6701576201856 403.6743746701917 0.9975888433942264
801.9652430480913 406.8118529358111 0.9975874539056245
785.37649371299 409.1830832968878 0.9975864031766623
768.9324162382765 410.79750645175295 0.9975856875114155
765.0092534296938 415.85366883176505 0.9975834446240344
748.7488624744148 416.32094653612296 0.997583237225901
744.6663863862591 420.9127789727708 0.9975811981249741
728.6671167836902 420.26008517562735 0.9975814880833839
724.469315668094 424.39513650361397 0.9975796504428351
708.8068547592032 422.6542354786109 0.9975804242971557
704.5369061770738 426.3428996762189 0.9975787843114109
700.1270457201997 429.96300673777546 0.9975771736124618
684.9849839267954 426.8054816082213 0.9975785785601512
680.5584995369248 429.9932130333775 0.9975771601677579
676.0084927058969 433.11044029582297 0.9975757722589914
671.3380820392681 436.15442800118024 0.9975744161118956
657.0103901248009 431.3152652052939 0.9975765716467782
652.3899616278076 433.9481084423608 0.9975753991474419
647.6652692951881 436.5076570974437 0.9975742586882219
642.8395494606435 438.9915690402025 0.99757315136407
637.9161072195091 441.3975624781257 0.9975720782436565
632.8983141698063 443.72341902495896 0.997571040367773
620.0245092962729 436.73928587280994 0.9975741554520596
615.1443291081423 438.69098195592613 0.9975732853950156
610.1853586326273 440.56502124045943 0.9975724496327041
605.1509930142238 442.3595981696852 0.9975716490101768
600.0446787409545 444.07297868836963 0.9975708843400828
594.8699112926816 445.7035026635408 0.997570156401402
589.6302327568238 447.24958619890697 0.9975694659382278
584.3292294129661 448.70972383971264 0.9975688136586042
578.9705292879071 450.0824906651729 0.997568200233416
573.5577996829167 451.36654426582186 0.9975676262953383
563.688909483768 441.66300017390694 0.997571959821133
558.5358048388064 442.6507658060399 0.9975715190827854
553.3426394583962 443.5560655639586 0.9975711150629035
548.1129678224491 444.377973382523 0.9975707481951477
542.8503692882309 445.1156473473532 0.9975704188740152
537.5584456503206 445.76833090276534 0.9975701274542043
532.2408186855706 446.3353539356796 0.997569874250042
526.9011276846985 446.8161337344091 0.9975696595349773
521.5430269721438 447.2101758214453 0.9975694835411407
516.1701834158209 447.51707465936585 0.9975693464589694
510.78627392857976 447.73651422931647 0.9975692484369008
505.39498296278316 447.8682684814547 0.9975691895811324
