0 670.8622016569722
-6.723278975519606 670.8143115719334
-13.44195560631274 670.6706970161337
-20.15143068699033 670.4315249988769
-26.847111288725916 670.0970735735635
-33.524413892260945 669.6677313948547
-40.178767514581736 669.143997099241
-46.805616827163036 668.5264785095974
-53.400425263684994 667.8158916644953
-59.95867811513163 667.0130596732125
-66.47588561017514 666.1189113974832
-72.94758597880002 665.1344799614196
-79.36934849706913 664.0609010910451
-90.49614997988658 673.6721779983417
-97.15518216933033 672.2896482897238
-103.74772202610374 670.812458277257
-110.26925663681207 669.2422284041845
-116.71532148349173 667.5806771398596
-123.08150348965545 665.829618285693
-129.36344403184208 663.9909581251735
-135.5568419146657 662.0666924216687
-141.65745630730913 660.0589032682084
-147.661109639534 657.9697557938089
-161.63944691177016 664.8131062306479
-167.74207462345706 662.3435155264208
-173.72991029833958 659.7912250800563
-179.59885285632853 657.1588495731321
-185.34488222933427 654.4490737648428
-190.96406211028005 651.664648364638
-206.2672352579333 656.3512870964602
-211.88918846088902 653.1542499613944
-217.36614699164696 649.8838667430093
-222.6943569582661 646.5432928414584
-238.71230020776673 649.548708995751
-243.9715977146975 645.7776453372768
-249.06395677910854 641.9395934872078
-265.5212379634335 643.5330888894513
-270.4857244175336 639.2530224032193
-287.2230189737973 639.7634941253804
-292.0143538254399 635.0326283415411
-308.95395153757227 634.4298935411498
-313.5262036020378 629.2422285865683
-330.5888079782714 627.5006252828166
-347.76509795308766 625.0068936463662
-365.02616423211737 621.7519369066443
-382.34283522972873 617.7275839364896
-399.68570637164447 612.9265979283433
-417.0251695787972 607.342684444492
-447.89184322934057 602.3198261927979
-478.91764841130856 595.7625174669975
-510.04556332422 587.6584729890287
-555.0821845411396 578.230649086671
-600.2724296381472 566.4836925359617
-659.5514024539613 551.8866348554407
-747.1100158649535 532.4063511332653
-863.1645764495064 505.78416181918425
NaN NaN
NaN NaN
NaN NaN
NaN NaN
-1320.3837851726962 -785.7415807454507
-1300.6647224368999 -796.6956241835367
-1280.1059241403607 -810.4736885454558
-1262.1273350050215 -824.5916534061381
-1245.6571166452304 -839.1507753339554
-1229.5931971860061 -854.6037581219717
-1226.7106177427936 -868.5167174795348
-1210.995040375388 -885.5042136260604
-1195.4812829061598 -902.786638357988
-1192.7168748677477 -919.0201821877903
-1177.1483311638713 -937.0726021752492
-1173.9221688830307 -954.7112732254416
-1157.9477434658652 -973.3886770838632
-1153.9613063677364 -992.3052510493402
-1149.4486940237093 -1012.0008076168582
-1144.3588110791252 -1032.4411615119268
-1138.6429404179223 -1053.591656339373
-1120.5446363843018 -1073.7538820614172
-1125.1617180017488 -1097.872504742821
-1117.3202270167499 -1120.9229482248022
-1108.6974278468058 -1144.5253222812078
-1099.2640370424576 -1168.635830627122
-1099.8959232837883 -1196.753772864154
-1088.5686466530365 -1222.1053656316958
-1086.8672718847258 -1252.109067146047
-1073.519115853026 -1278.494638637502
-1069.3291364600966 -1310.1458333060662
-1063.733931118942 -1342.706935612166
-1066.3817620176567 -1381.8435209769016
-1057.8755722605551 -1416.3452138647726
-1057.3785601920317 -1458.0009340649012
-1046.008967378457 -1494.1970775761347
-1042.121654621091 -1538.1184561990026
-1045.0226475937832 -1590.7368551598931
-1037.0232163606688 -1637.3060002673037
-1035.2088205135474 -1693.0760448284352
-1030.786526423451 -1750.426397229267
-1023.6691743702658 -1809.231592896109
-1021.2726639354973 -1878.5510459657892
-1022.7268454478157 -1959.2280144070214
-1020.1472455711332 -2042.1962570964984
-1013.4112112190396 -2127.237581990248
-964.0727837986594 -2151.511055344691
-902.0095818331317 -2153.5072617545784
-840.676990319285 -2153.6836630877197
-785.4992585601416 -2162.875177285486
-725.4556274783305 -2159.65194790419
-670.9820030155911 -2165.7529761018172
-616.7580564001271 -2170.4039718975832
-562.823582634975 -2173.6185465231392
-509.22205476874046 -2175.4177213976604
-455.992298323654 -2175.817878621522
-403.17661986462326 -2174.844462987653
-353.3624003157933 -2184.0708639744657
-301.12562367783084 -2180.4586172259737
-251.24161067837338 -2187.192499252112
-199.7295324718745 -2181.0015201667497
-149.91222551640746 -2185.2605480712164
-99.99630681466377 -2188.3052975929854
-50.014605339247275 -2190.1331817308032
0 -2190.7426488208375
50.014605339246444 -2190.1331817308032
99.99630681466297 -2188.3052975929854
149.91222551640746 -2185.2605480712164
199.72953247187382 -2181.0015201667497
251.24161067837247 -2187.192499252112
301.12562367783084 -2180.4586172259737
353.36240031579246 -2184.0708639744657
403.1766198646223 -2174.844462987653
455.992298323654 -2175.817878621522
509.2220547687395 -2175.4177213976604
562.8235826349741 -2173.6185465231397
616.7580564001271 -2170.4039718975832
670.9820030155903 -2165.7529761018172
725.4556274783295 -2159.65194790419
785.4992585601416 -2162.875177285486
840.6769903192845 -2153.68366308772
902.0095818331312 -2153.5072617545793
964.0727837986594 -2151.511055344691
1013.4112112190386 -2127.2375819902486
1020.1472455711331 -2042.1962570964986
1022.7268454478157 -1959.2280144070214
1021.2726639354972 -1878.5510459657894
1023.6691743702645 -1809.2315928961095
1030.786526423451 -1750.426397229267
1035.208820513547 -1693.0760448284352
1037.0232163606686 -1637.306000267304
1045.0226475937832 -1590.7368551598931
1042.1216546210906 -1538.1184561990035
1046.0089673784562 -1494.1970775761351
1057.3785601920317 -1458.0009340649012
1057.875572260555 -1416.3452138647726
1066.3817620176567 -1381.8435209769016
1063.7339311189419 -1342.706935612166
1069.329136460096 -1310.1458333060664
1073.5191158530256 -1278.4946386375022
1086.8672718847258 -1252.109067146047
1088.5686466530365 -1222.1053656316958
1099.8959232837863 -1196.7537728641546
1099.2640370424567 -1168.6358306271227
1108.697427846806 -1144.5253222812078
1117.3202270167499 -1120.9229482248024
1125.1617180017488 -1097.872504742821
1120.5446363843018 -1073.7538820614172
1138.642940417922 -1053.5916563393732
1144.358811079125 -1032.4411615119272
1149.4486940237089 -1012.0008076168584
1153.9613063677361 -992.3052510493405
1157.9477434658652 -973.3886770838632
1173.9221688830307 -954.7112732254416
1177.1483311638713 -937.0726021752494
1192.7168748677477 -919.0201821877906
1195.4812829061586 -902.7866383579885
1210.9950403753874 -885.5042136260608
1226.7106177427936 -868.5167174795348
1229.5931971860061 -854.6037581219717
1245.6571166452304 -839.1507753339554
1262.1273350050215 -824.5916534061381
1280.1059241403607 -810.4736885454558
1300.6647224368999 -796.6956241835367
1320.3837851726962 -785.7415807454507
NaN NaN
NaN NaN
NaN NaN
NaN NaN
863.1645764495064 505.78416181918425
747.1100158649535 532.4063511332653
659.5514024539613 551.8866348554407
600.2724296381473 566.4836925359612
555.0821845411396 578.2306490866707
510.0455633242201 587.6584729890285
478.91764841130856 595.7625174669975
447.89184322934057 602.3198261927979
417.0251695787972 607.342684444492
399.6857063716446 612.9265979283432
382.3428352297288 617.7275839364895
365.0261642321174 621.7519369066442
347.76509795308766 625.0068936463662
330.5888079782714 627.5006252828166
313.5262036020378 629.2422285865683
308.9539515375723 634.4298935411497
292.01435382543997 635.032628341541
287.22301897379737 639.7634941253802
270.4857244175336 639.2530224032193
265.5212379634335 643.5330888894513
249.06395677910854 641.9395934872078
243.97159771469757 645.7776453372767
238.71230020776676 649.548708995751
222.69435695826616 646.5432928414583
217.36614699164696 649.8838667430093
211.88918846088902 653.1542499613944
206.2672352579333 656.3512870964602
190.96406211028017 651.664648364638
185.34488222933433 654.4490737648428
179.59885285632856 657.158849573132
173.72991029833958 659.7912250800563
167.74207462345706 662.3435155264208
161.63944691177016 664.8131062306479
147.6611096395341 657.9697557938089
141.6574563073092 660.0589032682084
135.55684191466577 662.0666924216687
129.36344403184208 663.9909581251735
123.08150348965545 665.829618285693
116.71532148349173 667.5806771398596
110.26925663681212 669.2422284041845
103.74772202610379 670.812458277257
97.15518216933037 672.2896482897238
90.49614997988658 673.6721779983417
79.36934849706913 664.0609010910451
72.94758597880002 665.1344799614196
66.47588561017518 666.1189113974832
59.95867811513168 667.0130596732125
53.400425263685975 667.8158916644953
46.805616827163036 668.5264785095974
40.178767514581736 669.143997099241
33.524413892260945 669.6677313948547
26.847111288726072 670.0970735735635
20.151430686990615 670.4315249988769
13.441955606312789 670.6706970161337
6.723278975519606 670.8143115719334
