-500 331.29220165697416 0.9976206547878373
-504.7001819715058 331.2503382495106 0.9976206730516369
-509.39714812791766 331.1247878485198 0.9976207278247324
-514.0876848432114 330.91566986639083 0.9976208190522418
-518.7685828680823 330.62318315110656 0.997620946642785
-523.4366395145911 330.24760572740814 0.9976211104686195
-528.0886608365523 329.78929443473845 0.9976213103658297
-532.7214638039765 329.2486844622699 0.9976215461345691
-537.3318784703056 328.62628878146353 0.9976218175393567
-541.9167501308928 327.9226974766252 0.9976221243094255
-546.472941471306 327.13857697411635 0.9976224661391231
-550.9973347040361 326.2746691709182 0.9976228426883643
-555.4868336921937 325.33179046340257 0.9976232535831343
-564.6977395275843 335.08359739034995 0.9976190000676932
-569.4585570114746 333.851054369254 0.9976195381395053
-574.1718640460984 332.53290890315105 0.9976201134325551
-578.8344356503713 331.1303579684527 0.9976207253947204
-583.443081346718 329.64467293746634 0.9976213734401337
-587.9946473339445 328.0771979759236 0.9976220569500244
-592.4860186357803 326.42934834681444 0.9976227752736054
-596.9141212235567 324.7026086225948 0.9976235277290056
-601.2759241116562 322.89853080796314 0.9976243136042436
-605.56844142441 321.0187323756721 0.9976251321582446
-617.8644908893916 328.0765057173678 0.9976220572518412
-622.314831962065 325.82583319132516 0.9976230382952832
-626.6815145609256 323.4963643424341 0.997624053213543
-630.9615486632068 321.09011026400555 0.9976251010826048
-635.1520031593133 318.6091419659844 0.9976261809525463
-639.2500078554762 316.0555878604075 0.9976272918488357
-653.0674480479663 320.9745324744184 0.9976251514012362
-657.2401287725196 318.010601393833 0.9976264413928336
-661.3052685606089 314.9734864775713 0.9976277624318405
-665.2600811103307 311.865703424682 0.9976291133667065
-679.9439895266971 315.10279324898704 0.997627706204495
-683.9095290650831 311.5616480996669 0.9976292454920173
-687.7492937026374 307.9511251356513 0.9976308137990199
-702.9960024674493 309.7691306402541 0.9976300242534675
-706.7927681752238 305.7099333950419 0.9976317867303621
-722.4059939558545 306.43702027755864 0.9976314711406866
-726.1176823831148 301.91791297636485 0.9976334318901176
-742.0227959578764 301.5214897530113 0.9976336038044071
-745.6064351556992 296.5341133350803 0.9976357654668936
-761.7269754819253 294.98621518117017 0.9976364359227847
-778.0083958670117 292.67906241029095 0.9976374348511863
-794.4224003154831 289.603034423431 0.9976387659526306
-810.9403977755914 285.7494569076032 0.9976404323543852
-827.5335310440008 281.11061203331514 0.9976424366019511
-844.1727058745388 275.67974796798575 0.9976447806519394
-874.3890205880286 270.800415051065 0.9976468844507597
-904.8148419960335 264.37670156447524 0.9976496509593423
-935.3935594969766 256.3959438303923 0.9976530830241347
-979.9321460564073 247.08074856465262 0.9976570819323821
NaN NaN NaN
NaN NaN NaN
NaN NaN NaN
NaN NaN NaN
NaN NaN NaN
NaN NaN NaN
NaN NaN NaN
NaN NaN NaN
-1234.3581743423163 -502.9745626765105 0.9974500265423236
-1223.418896733089 -510.6719988119966 0.9974395028974845
-1212.444072222573 -519.1763453304046 0.9974278475260383
-1202.2901414129442 -527.7056509390526 0.9974161285586562
-1192.6750386203514 -536.306419928194 0.9974042823742024
-1183.4161713449935 -544.998355487272 0.9973922818281736
-1174.387331718727 -553.787334035784 0.9973801187412719
-1165.4970995070234 -562.6714880763008 0.9973677956876477
-1156.6724765979657 -571.6479230682967 0.997355316775127
-1159.7867911724936 -578.5961699909249 0.9973456388507156
-1150.726916998122 -588.1336692013583 0.9973323290608752
-1141.586980519851 -597.7376218976531 0.9973188980474124
-1132.3509486906225 -607.3833710416769 0.9973053812045559
-1134.5472906276123 -616.2529422675681 0.997292929068365
-1124.9477456317668 -626.2638155181768 0.9972788496956638
-1115.2013704379942 -636.2646977965319 0.9972647596145436
-1116.501323242845 -646.4832872984816 0.9972503390883706
-1106.290858541677 -656.7560602633268 0.9972358198817115
-1106.8643469391113 -667.9267198050949 0.9972200087286462
-1096.1314168545236 -678.4095757911673 0.9972051517468348
-1095.9001943382275 -690.4702665213459 0.9971880384299708
-1084.5927614013015 -701.099907339566 0.9971729405832328
-1083.484360059664 -713.9799994575957 0.9971546311855681
-1081.8409696874153 -727.4298569459813 0.9971354989959907
-1079.6380712439206 -741.4268967729996 0.9971155804108206
-1066.8746241239933 -752.4606842508666 0.9970998771167326
-1063.6441994653333 -767.1094479446036 0.9970790329220108
-1059.792085704482 -782.2314099834371 0.9970575278761665
-1055.2947672102575 -797.7981685876327 0.9970354130088744
-1059.384582736253 -818.707390141047 0.997005762613734
-1053.3278387893065 -835.4176397390977 0.9969821271511062
-1046.554771060291 -852.4714346912841 0.9969580768014003
-1047.679587020943 -875.8346039390509 0.996925272894826
-1039.1852511770423 -893.793099415838 0.9969001943096597
-1038.0875146750782 -918.6700181365882 0.9968656901695482
-1035.708899948674 -944.3966146602723 0.9968303480432985
-1032.008370696919 -970.9015703651963 0.996794364238707
-1026.9483455109453 -998.1115776332759 0.9967579492914808
-1020.4941616817106 -1025.9515382819798 0.9967713486229263
-1019.4907360591037 -1062.7157967133155 0.9967937374965083
-1016.4599683322291 -1100.5620995947288 0.9968166118134858
-1017.6932451771747 -1148.4235515404846 0.9968452893231228
-1010.3557490965153 -1188.4752822783244 0.9968690746869613
-1012.5579246807293 -1248.764019117074 0.9969045162909334
-1006.0310608319811 -1300.9365215948214 0.9969348393218682
-1007.2112682862379 -1374.993712327571 0.9969773354760407
-1004.3857208922695 -1451.2204724314463 0.9970204161382646
-997.4318455387145 -1529.3318776530105 0.9970638775948436
-960.4421359053835 -1541.5915032863452 0.9970706367102224
-923.1486527110975 -1552.9020010040788 0.9970768576821682
-885.5773399049335 -1563.2581676654058 0.9970825412771409
-847.7505581239786 -1572.6491508464185 0.9970876848762046
-809.6952476690115 -1581.0726991147803 0.997092290283387
-771.4343547190315 -1588.518789091237 0.9970963547509747
-732.9933000412987 -1594.982270254078 0.9970998778954798
-694.398160542237 -1600.4607402054646 0.9971028605182677
-655.6739276801214 -1604.9488796716255 0.9971053015155823
-616.8461337183992 -1608.442823252021 0.9971072002577227
-577.9406209288735 -1610.9401943156972 0.9971085566016484
-538.9832727401852 -1612.4392956996394 0.9971093704473818
-500 -1612.9391092767519 0.9971096417358122
-461.0167272598151 -1612.4392956996394 0.9971093704473818
-422.05937907112695 -1610.9401943156972 0.9971085566016484
-383.1538662816012 -1608.442823252021 0.9971072002577227
-344.3260723198795 -1604.9488796716255 0.9971053015155823
-305.60183945776333 -1600.4607402054648 0.9971028605182677
-267.00669995870203 -1594.982270254078 0.9970998778954798
-228.56564528096982 -1588.518789091237 0.9970963547509747
-190.30475233098937 -1581.0726991147806 0.997092290283387
-152.249441876021 -1572.6491508464185 0.9970876848762046
-114.42266009506733 -1563.2581676654058 0.9970825412771409
-76.85134728890299 -1552.9020010040788 0.9970768576821682
-39.55786409461645 -1541.5915032863452 0.9970706367102224
-2.568154461285862 -1529.3318776530105 0.9970638775948436
34.096562218749234 -1516.1351012379776 0.9970565830269135
70.41083552608455 -1502.0077420564608 0.9970487524476348
106.3531523792476 -1486.961271765921 0.9970403877535319
141.90219550486674 -1471.0069638713828 0.9970314904937538
177.03491492296376 -1454.154574973979 0.9970220611369734
211.73046901852973 -1436.4159341770394 0.9970121010826188
245.9685579390994 -1417.8031602484543 0.9970016116819098
279.7294180130389 -1398.3286186223231 0.9969905942244073
312.9938137173334 -1378.0048782056526 0.9969790499241337
345.74266294994385 -1356.8445287638021 0.996966979825591
377.9595314650801 -1334.8611544597236 0.9969543853710038
409.62807210924717 -1312.067833295459 0.9969412675558132
440.7311336396776 -1288.4770858383727 0.996927626900769
471.25680003948804 -1264.1023972147893 0.9969134643386043
501.19079401057917 -1238.9557595410486 0.9968987797970726
530.5195962036637 -1213.0487499435485 0.9968835728188005
559.2338145242101 -1186.3924217743104 0.9968678424970578
587.3250286415865 -1158.996356046394 0.9968515869089862
614.7860346232435 -1130.868447379013 0.9968348029681233
641.6128544931885 -1102.014447542784 0.9968174861241044
667.8014219748468 -1072.4372660351244 0.9967996299025425
693.3535205617723 -1042.1358078476378 0.9967812251436984
718.2701764073452 -1011.1050487028267 0.9967622599681735
742.5121668331175 -979.3471126268378 0.9967830009429577
765.9660285688973 -946.8941137835584 0.9968269377917602
788.6080622612258 -913.7617291241085 0.996872474095835
810.4187259228486 -879.9645144840684 0.9969194941957963
831.3784760784855 -845.516963891091 0.9969678748196872
851.4663613692628 -810.434426403696 0.9970174853072882
870.6647738703085 -774.7296712673725 0.9970681940161474
888.9545101190051 -738.4157088630309 0.997119865878971
906.3168796795123 -701.503985275993 0.9971723664070773
922.7337771367658 -664.0034805507208 0.9972255643113586
938.1877651324363 -625.9193646778668 0.997279334556011
952.6592876204111 -587.2549412293749 0.9973335565445697
966.1318408040581 -548.0029484288937 0.9973881269506852
978.5864222904794 -508.1489256519915 0.9974429550812423
990.0023749506216 -467.66550523420784 0.9974979704334139
1000.3573729601163 -426.5035678127366 0.9975531334987233
1009.6228747553172 -384.5866676136688 0.9976084407905199
1005.4401817010838 -344.86049797732534 0.9976599993897481
1012.6617769840075 -301.84121543069364 0.9977148447667112
1007.0610033232306 -262.5540150507783 0.9977640034097138
1012.2614256148702 -219.8955253315522 0.9978163496150853
1016.1330769212657 -181.10995929971648 0.9978329770704146
1020.0775733090787 -142.34343553710028 0.9978176736351381
1023.5554603976972 -114.98943435592462 0.9978068027786295
NaN NaN NaN
NaN NaN NaN
703.5669911981664 77.59143801084682 0.9977285376905324
445.14412397347394 137.39605439348423 0.9977036043900802
286.54032273209805 174.9722686801252 0.9976877829661428
170.7760865139858 201.52734586118711 0.9976765290327615
83.56011293164337 220.92876923394547 0.9976682683794091
24.67586057847105 235.435442810328 0.997662070514231
-20.067853943596617 247.08074856465245 0.9976570819323821
-64.60644050302434 256.39594383039207 0.9976530830241347
-95.18515800396509 264.37670156447524 0.9976496509593423
-125.61097941197161 270.800415051065 0.9976468844507597
-155.82729412546152 275.67974796798575 0.9976447806519394
-172.46646895599912 281.11061203331496 0.9976424366019511
-189.0596022244059 285.7494569076031 0.9976404323543852
-205.57759968451492 289.6030344234309 0.9976387659526306
-221.99160413299168 292.67906241029095 0.9976374348511863
-238.27302451806992 294.98621518117017 0.9976364359227847
-254.39356484429578 296.5341133350803 0.9976357654668936
-257.97720404212885 301.5214897530111 0.9976336038044071
-273.8823176168803 301.91791297636473 0.9976334318901176
-277.5940060441455 306.4370202775586 0.9976314711406866
-293.207231824771 305.7099333950419 0.9976317867303621
-297.00399753255573 309.7691306402541 0.9976300242534675
-312.2507062973626 307.9511251356513 0.9976308137990199
-316.09047093492205 311.5616480996668 0.9976292454920173
-320.0560104733081 315.10279324898704 0.997627706204495
-334.7399188896745 311.86570342468195 0.9976291133667065
-338.69473143939126 314.9734864775713 0.9976277624318405
-342.75987122747495 318.010601393833 0.9976264413928336
-346.9325519520337 320.9745324744184 0.9976251514012362
-360.7499921445238 316.05558786040746 0.9976272918488357
-364.84799684069185 318.6091419659844 0.9976261809525463
-369.03845133679334 321.0901102640055 0.9976251010826048
-373.31848543907427 323.4963643424341 0.997624053213543
-377.6851680379298 325.82583319132516 0.9976230382952832
-382.13550911060844 328.0765057173678 0.9976220572518412
-394.4315585755952 321.0187323756721 0.9976251321582446
-398.7240758883438 322.89853080796314 0.9976243136042436
-403.08587877644845 324.7026086225948 0.9976235277290056
-407.51398136421426 326.42934834681444 0.9976227752736054
-412.0053526660557 328.0771979759236 0.9976220569500244
-416.55691865328197 329.64467293746634 0.9976213734401337
-421.1655643496232 331.1303579684527 0.9976207253947204
-425.82813595389615 332.532908903151 0.9976201134325551
-430.54144298852015 333.851054369254 0.9976195381395053
-435.30226047241035 335.08359739034995 0.9976190000676932
-444.5131663078062 325.33179046340257 0.9976232535831343
-449.0026652959692 326.2746691709182 0.9976228426883643
-453.52705852869934 327.13857697411635 0.9976224661391231
-458.0832498691071 327.9226974766252 0.9976221243094255
-462.6681215296889 328.62628878146353 0.9976218175393567
-467.2785361960182 329.2486844622699 0.9976215461345691
-471.9113391634476 329.78929443473845 0.9976213103658297
-476.56336048540885 330.24760572740814 0.9976211104686195
-481.2314171319224 330.62318315110656 0.997620946642785
-485.9123151567885 330.91566986639083 0.9976208190522418
-490.60285187208234 331.1247878485198 0.9976207278247324
-495.2998180284942 331.2503382495106 0.9976206730516369
500 331.29220165697416 0.9976206547878373
495.2998180284942 331.2503382495106 0.9976206730516369
490.60285187208234 331.1247878485198 0.9976207278247324
485.9123151567887 330.91566986639083 0.9976208190522418
481.23141713192246 330.62318315110656 0.997620946642785
476.56336048540885 330.24760572740814 0.9976211104686195
471.9113391634476 329.78929443473845 0.9976213103658297
467.2785361960182 329.2486844622699 0.9976215461345691
462.6681215296889 328.62628878146353 0.9976218175393567
458.0832498691071 327.9226974766252 0.9976221243094255
453.5270585286994 327.13857697411635 0.9976224661391231
449.0026652959692 326.2746691709182 0.9976228426883643
444.5131663078062 325.33179046340257 0.9976232535831343
435.30226047241035 335.08359739034995 0.9976190000676932
430.5414429885202 333.851054369254 0.9976195381395053
425.82813595389615 332.53290890315105 0.9976201134325551
421.16556434962325 331.1303579684527 0.9976207253947204
416.55691865328197 329.64467293746634 0.9976213734401337
412.0053526660557 328.0771979759236 0.9976220569500244
407.51398136421426 326.42934834681444 0.9976227752736054
403.08587877644845 324.7026086225948 0.9976235277290056
398.72407588834386 322.89853080796314 0.9976243136042436
394.43155857559526 321.0187323756721 0.9976251321582446
382.13550911060844 328.0765057173678 0.9976220572518412
377.6851680379298 325.82583319132516 0.9976230382952832
373.31848543907427 323.4963643424341 0.997624053213543
369.0384513367934 321.09011026400555 0.9976251010826048
364.8479968406919 318.6091419659844 0.9976261809525463
360.7499921445239 316.0555878604075 0.9976272918488357
346.9325519520337 320.9745324744184 0.9976251514012362
342.75987122747495 318.010601393833 0.9976264413928336
338.69473143939126 314.9734864775713 0.9976277624318405
334.7399188896747 311.865703424682 0.9976291133667065
320.0560104733081 315.10279324898704 0.997627706204495
316.09047093492217 311.5616480996669 0.9976292454920173
312.2507062973626 307.9511251356513 0.9976308137990199
297.00399753255573 309.7691306402541 0.9976300242534675
293.207231824771 305.7099333950419 0.9976317867303621
277.5940060441456 306.43702027755864 0.9976314711406866
273.8823176168803 301.91791297636485 0.9976334318901176
257.97720404212896 301.5214897530113 0.9976336038044071
254.39356484429578 296.5341133350803 0.9976357654668936
238.27302451806992 294.98621518117017 0.9976364359227847
221.99160413299168 292.67906241029095 0.9976374348511863
205.57759968451498 289.603034423431 0.9976387659526306
189.059602224406 285.7494569076032 0.9976404323543852
172.46646895599918 281.11061203331514 0.9976424366019511
155.82729412546152 275.67974796798575 0.9976447806519394
125.61097941197161 270.800415051065 0.9976468844507597
95.18515800396509 264.37670156447524 0.9976496509593423
64.60644050302437 256.3959438303923 0.9976530830241347
20.06785394359663 247.08074856465262 0.9976570819323821
-24.675860578471013 235.43544281032854 0.997662070514231
-83.56011293164337 220.92876923394547 0.9976682683794091
-170.7760865139858 201.52734586118711 0.9976765290327615
-286.54032273209805 174.9722686801252 0.9976877829661428
-445.14412397347377 137.3960543934852 0.9977036043900802
-703.5669911981664 77.59143801084683 0.9977285376905324
NaN NaN NaN
NaN NaN NaN
-1023.5554603976972 -114.98943435592462 0.9978068027786295
-1020.0775733090787 -142.34343553710028 0.9978176736351381
-1016.1330769212657 -181.10995929971648 0.9978329770704146
-1012.2614256148702 -219.8955253315522 0.9978163496150853
-1007.0610033232306 -262.5540150507783 0.9977640034097138
-1012.6617769840075 -301.84121543069364 0.9977148447667112
-1005.4401817010838 -344.86049797732534 0.9976599993897481
-1009.6228747553176 -384.5866676136665 0.9976084407905199
-1000.3573729601165 -426.50356781273524 0.9975531334987233
-990.0023749506216 -467.66550523420676 0.997497970433414
-978.5864222904795 -508.1489256519909 0.9974429550812423
-966.1318408040581 -548.0029484288937 0.9973881269506852
-952.6592876204111 -587.2549412293749 0.9973335565445697
-938.1877651324365 -625.9193646778663 0.997279334556011
-922.7337771367659 -664.0034805507205 0.9972255643113586
-906.3168796795131 -701.5039852759918 0.9971723664070773
-888.9545101190055 -738.4157088630305 0.997119865878971
-870.6647738703085 -774.7296712673725 0.9970681940161474
-851.4663613692628 -810.434426403696 0.9970174853072882
-831.3784760784854 -845.5169638910913 0.9969678748196872
-810.4187259228484 -879.9645144840686 0.9969194941957963
-788.6080622612265 -913.7617291241071 0.996872474095835
-765.9660285688982 -946.894113783557 0.9968269377917602
-742.5121668331175 -979.3471126268378 0.9967830009429577
-718.2701764073452 -1011.1050487028267 0.9967622599681735
-693.3535205617728 -1042.1358078476374 0.9967812251436984
-667.801421974847 -1072.437266035124 0.9967996299025425
-641.6128544931886 -1102.014447542784 0.9968174861241044
-614.7860346232435 -1130.868447379013 0.9968348029681233
-587.325028641587 -1158.9963560463939 0.9968515869089862
-559.2338145242101 -1186.3924217743104 0.9968678424970578
-530.519596203665 -1213.0487499435478 0.9968835728188005
-501.19079401057957 -1238.9557595410477 0.9968987797970726
-471.25680003948804 -1264.1023972147893 0.9969134643386043
-440.7311336396779 -1288.4770858383724 0.996927626900769
-409.6280721092477 -1312.067833295459 0.9969412675558132
-377.9595314650801 -1334.8611544597236 0.9969543853710038
-345.74266294994464 -1356.8445287638017 0.996966979825591
-312.99381371733386 -1378.0048782056524 0.9969790499241337
-279.7294180130389 -1398.3286186223231 0.9969905942244073
-245.96855793909958 -1417.803160248454 0.9970016116819098
-211.7304690185307 -1436.4159341770392 0.9970121010826188
-177.03491492296376 -1454.154574973979 0.9970220611369734
-141.90219550486748 -1471.0069638713821 0.9970314904937538
-106.35315237924827 -1486.9612717659209 0.9970403877535319
-70.41083552608455 -1502.0077420564608 0.9970487524476348
-34.096562218749646 -1516.1351012379773 0.9970565830269135
2.568154461285391 -1529.3318776530105 0.9970638775948436
39.55786409461645 -1541.5915032863452 0.9970706367102224
76.85134728890228 -1552.9020010040788 0.9970768576821682
114.42266009506672 -1563.2581676654058 0.9970825412771409
152.249441876021 -1572.6491508464185 0.9970876848762046
190.30475233098898 -1581.0726991147803 0.997092290283387
228.56564528096882 -1588.518789091237 0.9970963547509747
267.00669995870203 -1594.982270254078 0.9970998778954798
305.6018394577627 -1600.4607402054646 0.9971028605182677
344.32607231987873 -1604.9488796716255 0.9971053015155823
383.1538662816012 -1608.442823252021 0.9971072002577227
422.0593790711263 -1610.9401943156972 0.9971085566016484
461.0167272598144 -1612.4392956996394 0.9971093704473818
500 -1612.9391092767519 0.9971096417358122
538.983272740185 -1612.4392956996394 0.9971093704473818
577.9406209288728 -1610.9401943156972 0.9971085566016484
616.8461337183992 -1608.442823252021 0.9971072002577227
655.6739276801203 -1604.9488796716255 0.9971053015155823
694.3981605422362 -1600.4607402054648 0.9971028605182677
732.9933000412987 -1594.982270254078 0.9970998778954798
771.4343547190306 -1588.518789091237 0.9970963547509747
809.695247669011 -1581.0726991147806 0.997092290283387
847.7505581239786 -1572.6491508464185 0.9970876848762046
885.5773399049331 -1563.2581676654058 0.9970825412771409
923.1486527110966 -1552.9020010040788 0.9970768576821682
960.4421359053835 -1541.5915032863452 0.9970706367102224
997.431845538714 -1529.3318776530105 0.9970638775948436
1004.3857208922693 -1451.2204724314465 0.9970204161382646
1007.2112682862379 -1374.993712327571 0.9969773354760407
1006.0310608319808 -1300.9365215948217 0.9969348393218682
1012.5579246807284 -1248.7640191170747 0.9969045162909334
1010.3557490965153 -1188.4752822783244 0.9968690746869613
1017.6932451771742 -1148.4235515404846 0.9968452893231228
1016.4599683322289 -1100.562099594729 0.9968166118134858
1019.4907360591037 -1062.7157967133155 0.9967937374965083
1020.4941616817105 -1025.9515382819802 0.9967713486229263
1026.9483455109448 -998.1115776332762 0.9967579492914808
1032.008370696919 -970.9015703651963 0.996794364238707
1035.7088999486737 -944.3966146602723 0.9968303480432985
1038.087514675078 -918.6700181365883 0.9968656901695482
1039.1852511770423 -893.793099415838 0.9969001943096597
1047.6795870209423 -875.834603939051 0.996925272894826
1046.5547710602905 -852.4714346912845 0.9969580768014003
1053.3278387893065 -835.4176397390977 0.9969821271511062
1059.384582736253 -818.7073901410472 0.997005762613734
1055.2947672102573 -797.7981685876327 0.9970354130088744
1059.7920857044817 -782.2314099834372 0.9970575278761665
1063.644199465333 -767.1094479446037 0.9970790329220108
1066.8746241239924 -752.460684250867 0.9970998771167326
1079.6380712439206 -741.4268967729996 0.9971155804108206
1081.8409696874153 -727.4298569459813 0.9971354989959907
1083.4843600596635 -713.9799994575961 0.9971546311855681
1084.592761401301 -701.0999073395664 0.9971729405832328
1095.9001943382275 -690.4702665213459 0.9971880384299708
1096.1314168545236 -678.4095757911674 0.9972051517468348
1106.8643469391113 -667.9267198050949 0.9972200087286462
1106.290858541677 -656.7560602633268 0.9972358198817115
1116.501323242845 -646.4832872984819 0.9972503390883706
1115.201370437994 -636.2646977965322 0.9972647596145436
1124.9477456317668 -626.2638155181768 0.9972788496956638
1134.5472906276123 -616.2529422675683 0.997292929068365
1132.3509486906225 -607.3833710416769 0.9973053812045559
1141.586980519851 -597.7376218976531 0.9973188980474124
1150.7269169981219 -588.1336692013584 0.9973323290608752
1159.7867911724936 -578.5961699909251 0.9973456388507156
1156.6724765979657 -571.6479230682969 0.997355316775127
1165.4970995070232 -562.6714880763011 0.9973677956876477
1174.387331718727 -553.787334035784 0.9973801187412719
1183.4161713449935 -544.998355487272 0.9973922818281736
1192.6750386203514 -536.306419928194 0.9974042823742024
1202.2901414129442 -527.7056509390526 0.9974161285586562
1212.444072222573 -519.1763453304046 0.9974278475260383
1223.418896733089 -510.6719988119966 0.9974395028974845
1234.3581743423163 -502.9745626765105 0.9974500265423236
NaN NaN NaN
NaN NaN NaN
NaN NaN NaN
NaN NaN NaN
NaN NaN NaN
NaN NaN NaN
NaN NaN NaN
NaN NaN NaN
979.9321460564074 247.08074856465245 0.9976570819323821
935.3935594969766 256.39594383039207 0.9976530830241347
904.8148419960335 264.37670156447524 0.9976496509593423
874.3890205880286 270.800415051065 0.9976468844507597
844.1727058745388 275.67974796798575 0.9976447806519394
827.5335310440008 281.11061203331496 0.9976424366019511
810.9403977755914 285.7494569076031 0.9976404323543852
794.4224003154832 289.6030344234309 0.9976387659526306
778.0083958670117 292.67906241029095 0.9976374348511863
761.7269754819253 294.98621518117017 0.9976364359227847
745.6064351556992 296.5341133350803 0.9976357654668936
742.0227959578764 301.5214897530111 0.9976336038044071
726.1176823831148 301.91791297636473 0.9976334318901176
722.4059939558545 306.4370202775586 0.9976314711406866
706.7927681752238 305.7099333950419 0.9976317867303621
702.9960024674493 309.7691306402541 0.9976300242534675
687.7492937026374 307.9511251356513 0.9976308137990199
683.9095290650831 311.5616480996668 0.9976292454920173
679.9439895266974 315.10279324898704 0.997627706204495
665.2600811103307 311.86570342468195 0.9976291133667065
661.3052685606089 314.9734864775713 0.9976277624318405
657.2401287725196 318.010601393833 0.9976264413928336
653.0674480479663 320.9745324744184 0.9976251514012362
639.2500078554762 316.05558786040746 0.9976272918488357
635.1520031593133 318.6091419659844 0.9976261809525463
630.9615486632068 321.0901102640055 0.9976251010826048
626.6815145609256 323.4963643424341 0.997624053213543
622.314831962065 325.82583319132516 0.9976230382952832
617.8644908893916 328.0765057173678 0.9976220572518412
605.5684414244103 321.0187323756721 0.9976251321582446
601.2759241116562 322.89853080796314 0.9976243136042436
596.9141212235569 324.7026086225948 0.9976235277290056
592.4860186357803 326.42934834681444 0.9976227752736054
587.9946473339445 328.0771979759236 0.9976220569500244
583.443081346718 329.64467293746634 0.9976213734401337
578.8344356503713 331.1303579684527 0.9976207253947204
574.1718640460984 332.532908903151 0.9976201134325551
569.4585570114746 333.851054369254 0.9976195381395053
564.6977395275843 335.08359739034995 0.9976190000676932
555.4868336921937 325.33179046340257 0.9976232535831343
550.9973347040361 326.2746691709182 0.9976228426883643
546.4729414713061 327.13857697411635 0.9976224661391231
541.9167501308929 327.9226974766252 0.9976221243094255
537.3318784703056 328.62628878146353 0.9976218175393567
532.7214638039765 329.2486844622699 0.9976215461345691
528.0886608365523 329.78929443473845 0.9976213103658297
523.4366395145911 330.24760572740814 0.9976211104686195
518.7685828680823 330.62318315110656 0.997620946642785
514.0876848432115 330.91566986639083 0.9976208190522418
509.39714812791766 331.1247878485198 0.9976207278247324
504.7001819715058 331.2503382495106 0.9976206730516369
