-500 948.6922016569681 0.9973337001327224
-508.37854016062124 948.6393806539133 0.9973337262529236
-516.751343543181 948.4809863350904 0.9973338045778806
-525.1126772864378 948.2172246527291 0.9973339350007226
-533.4568163601729 947.8484384646647 0.9973341173435651
-541.7780474739833 947.3751069409499 0.9973343513578573
-550.0706729784139 946.7978447338315 0.9973346367248699
-558.3290147552099 946.1174009119587 0.9973349730563197
-566.5474180946162 945.3346576597031 0.9973353598951308
-574.720255556779 944.4506287431501 0.9973357967163312
-582.8419308147244 943.4664577438767 0.9973362829280825
-590.9068824763492 942.383416062739 0.9973368178728417
-598.9095878828813 941.2029006954774 0.9973374008286513
-611.603940349932 950.6991984957895 0.9973327074570877
-619.8160572984702 949.1939524064718 0.9973334520009658
-627.9461512824568 947.5866350378891 0.9973342467815084
-635.988655625708 945.8792133061445 0.9973350907773
-643.9380634135842 944.0737714872723 0.9973359829072688
-651.7889312534093 942.1725076300497 0.9973369220327701
-659.5358829922459 940.1777297620127 0.9973379069597798
-667.1736133892235 938.0918518936356 0.9973389364411924
-674.696891740112 935.9173898265908 0.997340009179222
-682.100565451918 933.6569567722844 0.9973411238278971
-697.4553200209989 940.324870286968 0.9973378343223679
-704.9098186191218 937.6761647096808 0.9973391415507974
-712.2240522653145 934.9415656835679 0.9973404904334247
-719.3930108325193 932.1241817351421 0.9973418793680857
-726.411783286636 929.2271997820878 0.9973433067154789
-733.2755610460189 926.2538796862838 0.9973447708022152
-749.7943338842699 930.7504499690398 0.9973425563124483
-756.6020554786345 927.3626896984928 0.997344224918564
-763.2341384352229 923.9014505965522 0.9973459285312523
-769.6860371974967 920.3704114551846 0.9973476652663699
-786.7954634922978 923.1862764249188 0.9973462803888932
-793.1132902462101 919.2270976225967 0.9973482273364463
-799.2304992962214 915.2028857748422 0.9973502046615342
-816.6782488238038 916.6126910933426 0.9973495121274762
-822.5981431612221 912.1519134099128 0.9973517027023534
-840.2551303521143 912.4851545463225 0.9973515391246222
-845.9298122782321 907.581031822137 0.9973539452898421
-863.715806102792 906.8094966405388 0.9973543236188659
-869.0969232399319 901.4579592468767 0.9973569461618679
-886.9303072934448 899.5578699114334 0.997357876623392
-904.8387632962568 896.9114828395217 0.9973591719442809
-922.7928801639076 893.5101298474522 0.9973608357750124
-940.7630113285676 889.3460515055754 0.9973628711426599
-958.7193043669894 884.4124045697332 0.9973652804435681
-976.6317307913729 878.7032688343606 0.9973680654374714
NaN NaN NaN
NaN NaN NaN
NaN NaN NaN
NaN NaN NaN
NaN NaN NaN
NaN NaN NaN
NaN NaN NaN
NaN NaN NaN
NaN NaN NaN
NaN NaN NaN
NaN NaN NaN
NaN NaN NaN
-1422.843205352703 -1186.7806419708897 0.9968680722018798
-1410.2613644627174 -1191.991412039657 0.9968711535990438
-1397.3798093332293 -1197.8031576618662 0.9968745865501172
-1385.2199198449034 -1203.6879889996708 0.9968780585575011
-1373.4940170058633 -1209.676393547153 0.9968815874269308
-1362.0196543925815 -1215.7809245726105 0.9968851803253914
-1350.6736241731896 -1222.0047543681205 0.9968888388685028
-1339.3689886516286 -1228.3456924137133 0.9968925615117519
-1328.0373750948702 -1234.8007652272663 0.996896346254177
-1328.9186239503306 -1239.882353963998 0.9968993222159217
-1317.1069151949207 -1246.821384825589 0.9969033810196121
-1305.142134842751 -1253.855470588348 0.9969074896058794
-1293.015832757487 -1260.9657514074315 0.9969116367535769
-1292.385700622763 -1267.5678852328178 0.9969154821760968
-1279.729276288898 -1275.0248565193324 0.9969198193214766
-1266.8804336202306 -1282.5177680404574 0.9969241707785771
-1265.002758342242 -1290.2087604078247 0.9969286304082133
-1251.5672582373334 -1297.979407254667 0.9969331291771472
-1248.7601262523322 -1306.4414318316008 0.9969380201698046
-1234.7076264931495 -1314.4436148400976 0.9969426376733045
-1230.9320561111365 -1323.6380251221983 0.9969479338989908
-1216.2359093068394 -1331.8230653441121 0.996952640411437
-1211.4566790117806 -1341.7036413593403 0.9969583114985774
-1206.0770728700634 -1352.0519893038922 0.9969642389174118
-1200.0843465545984 -1362.854936526998 0.9969704134891342
-1183.8402008084531 -1371.4869863981903 0.9969753375561609
-1176.765877843432 -1382.8641286000761 0.996981814400633
-1169.0450873615391 -1394.647354902965 0.9969885067128795
-1160.663978770868 -1406.8179965929412 0.996995402316308
-1160.4539160926918 -1423.1178296060607 0.9970046108461196
-1150.5030514294874 -1436.284101185614 0.9970120269258315
-1139.8487695940912 -1449.7696371432332 0.9970196023692344
-1136.6905606010134 -1468.2047694345779 0.9970299248210953
-1124.362600457396 -1482.5252640371627 0.9970379168029914
-1119.0501709546081 -1502.3304314145212 0.9970489315594604
-1112.5094845085684 -1522.9199181334038 0.9970603357940636
-1104.7099478652153 -1544.2449829592986 0.9970720974496416
-1095.6227639951067 -1566.2536378132345 0.9970841830085629
-1085.2204932325012 -1588.8907723483692 0.9970965576383792
-1080.0012639286504 -1618.8891546960062 0.9971128691895992
-1072.879957419648 -1649.9850418937508 0.9971296732835117
-1069.841855168598 -1689.5566278255792 0.9971509052432501
-1058.6960370288323 -1722.9593692181238 0.9971686954584228
-1056.6867117543718 -1773.5461432349928 0.9971954098962025
-1046.4141627640408 -1817.7247550736795 0.9972185175708174
-1043.581643837489 -1880.9215498867718 0.9972512156714625
-1037.0047371114733 -1946.6015700142027 0.9972847584037129
-1031.010489739945 -2024.151390008929 0.9973237934449762
-1024.609675615925 -2114.3841801748035 0.9973684483727363
-1020.644408229886 -2228.4729638655394 0.9974237550144636
-1017.1213673506535 -2368.261282694235 0.9974898032314972
-963.1159143644607 -2368.674356711811 0.9974899956503064
-909.5237027266337 -2367.768061831807 0.9974895734575029
-858.9035389059661 -2376.6353865047136 0.9974937009323231
-805.8896245649222 -2373.193328016616 0.997492099635586
-755.2050959644962 -2379.6659724046485 0.9974951098836339
-702.912039567591 -2373.7456274067376 0.9974923566485349
-652.2966363014255 -2377.8394369361076 0.9974942608114202
-601.5847402463396 -2380.7663414686444 0.9974956212431977
-550.8084703691043 -2382.523585774992 0.99749643762759
-500 -2383.109517438991 0.9974967097765238
-449.1915296308968 -2382.523585774992 0.99749643762759
-398.4152597536616 -2380.7663414686444 0.9974956212431977
-347.70336369857506 -2377.8394369361076 0.9974942608114202
-297.0879604324103 -2373.7456274067376 0.9974923566485349
-244.7949040355043 -2379.6659724046485 0.9974951098836339
-194.11037543507803 -2373.193328016616 0.997492099635586
-141.0964610940348 -2376.6353865047136 0.9974937009323231
-90.47629727336697 -2367.768061831807 0.9974895734575029
-36.88408563553847 -2368.674356711811 0.9974899956503064
17.12136735065303 -2368.261282694235 0.9974898032314972
71.4987014117393 -2366.504496145449 0.9974889847027938
126.21004006710581 -2363.3884871835667 0.9974875321645882
181.21291365557101 -2358.893455289588 0.9974854351771724
236.46854203293069 -2353.006865830273 0.9974826861272441
297.2430630337661 -2356.0522768043916 0.9974841087492284
353.2090646101817 -2347.2000600312126 0.9974799711286945
415.27533653289026 -2346.9832379228874 0.9974798696907783
478.074367088437 -2345.020836886631 0.997478951400033
541.5488749474472 -2341.2757913632086 0.9974771979227183
605.6401180247535 -2335.71336237425 0.9974745910716902
670.2879535365621 -2328.3012233764694 0.9974711127880331
735.4308991065352 -2319.0095513392425 0.9974667451284771
808.8982623527263 -2316.919417287856 0.9974657615053036
883.338630224532 -2312.5171855817707 0.9974636884418475
958.669325907973 -2305.751531806977 0.997460498815084
1034.8040882217979 -2296.5745746087086 0.9974561654141226
1039.2556758261737 -2218.839505335163 0.9974191341893623
1040.3081689840062 -2143.1598607859482 0.9973825184942121
1047.5455958184882 -2077.181207729134 0.9973501358458462
1052.040170013314 -2012.8324597960782 0.9973181341111598
1053.8915819703896 -1950.226757909506 0.9972865968357281
1063.2784607844021 -1895.9144873641615 0.9972589118626936
1060.3444397328847 -1836.7393034492368 0.9972283997372852
1065.517420246966 -1785.3182391381042 0.9972015875088739
1079.4187697711086 -1740.6527391934792 0.9971780702902835
1081.0974861951534 -1691.6892761729252 0.997152044684145
1081.0992488664617 -1644.2170924085426 0.9971265642910355
1090.579239038968 -1602.5727061941016 0.9971040094449369
1098.87633184966 -1561.7701733525882 0.9970817253799056
1106.0957322763634 -1521.8235447783939 0.9970597297253535
1112.0807492665504 -1482.8455868497335 0.9970380953039474
1116.5927693724354 -1445.0200874166424 0.9970169366887306
1119.6940689908831 -1408.4313439980053 0.9969963151266477
1133.4562126126855 -1375.1849382368516 0.9969774443841897
1134.091812625131 -1340.9056398430641 0.9969578538961321
1145.8271629812168 -1309.3258330149793 0.9969396854197079
1156.7165070017652 -1278.486732878799 0.9969218306030857
1166.827440209267 -1248.4540641474646 0.9969043351838571
1176.2442062360235 -1219.2889044639846 0.9968872429822294
1185.0654077666766 -1191.0514125380873 0.9968705979692201
1193.4113479034324 -1163.7985292869146 0.9968544428251194
1201.4345571822168 -1137.5808470048466 0.996838816952113
1222.462677358203 -1110.9865459304299 0.9968228816111908
1230.597386743922 -1086.5986687765026 0.9968081927185222
1252.577456721321 -1061.1942255072713 0.9967928141865853
1262.241884523372 -1038.9429231646411 0.9967792792349703
1286.3941846899975 -1015.9167559689679 0.9967652085711184
1310.6176529072743 -996.020367780045 0.9967607272356835
1339.3615452476886 -977.0948818093773 0.9967860261251885
1364.8193792118586 -964.1456711233212 0.9968034911674954
NaN NaN NaN
NaN NaN NaN
843.6528023966399 678.8889729308495 0.9974635321316646
584.893330605883 738.7719096168335 0.9974353266033097
425.8571476728555 776.4484380238729 0.997417404047521
309.565048970301 803.1255372649651 0.9974046307400237
221.72609388131468 822.6703430912095 0.9973952284628883
162.1241679597029 837.341351402392 0.9973881462402858
116.56857966501163 849.1714767865038 0.9973824200346062
71.12447554650643 858.6914513915492 0.9973778020299263
39.54721729653866 866.8963668417917 0.9973738147758113
8.03051629950702 873.5629807633067 0.9973705701802026
-23.368269208627467 878.7032688343606 0.9973680654374714
-41.28069563301203 884.4124045697331 0.9973652804435681
-59.23698867142459 889.3460515055752 0.9973628711426599
-77.20711983608524 893.510129847452 0.9973608357750124
-95.16123670375232 896.9114828395217 0.9973591719442809
-113.06969270654014 899.5578699114334 0.997357876623392
-130.90307676005278 901.4579592468767 0.9973569461618679
-136.28419389721836 906.8094966405387 0.9973543236188659
-154.07018772175275 907.5810318221369 0.9973539452898421
-159.74486964788565 912.4851545463224 0.9973515391246222
-177.4018568387625 912.1519134099128 0.9973517027023534
-183.32175117621154 916.6126910933426 0.9973495121274762
-200.7695007037786 915.2028857748422 0.9973502046615342
-206.886709753803 919.2270976225966 0.9973482273364463
-213.20453650771765 923.1862764249188 0.9973462803888932
-230.31396280251747 920.3704114551845 0.9973476652663699
-236.7658615647772 923.9014505965522 0.9973459285312523
-243.39794452135047 927.3626896984928 0.997344224918564
-250.20566611573008 930.7504499690398 0.9973425563124483
-266.72443895398106 926.2538796862838 0.9973447708022152
-273.5882167133793 929.2271997820878 0.9973433067154789
-280.6069891674809 932.124181735142 0.9973418793680857
-287.77594773468536 934.9415656835679 0.9973404904334247
-295.0901813808628 937.6761647096808 0.9973391415507974
-302.54467997900116 940.324870286968 0.9973378343223679
-317.8994345480975 933.6569567722844 0.9973411238278971
-325.30310825988795 935.9173898265908 0.997340009179222
-332.8263866107918 938.0918518936356 0.9973389364411924
-340.4641170077384 940.1777297620127 0.9973379069597798
-348.21106874659097 942.1725076300497 0.9973369220327701
-356.06193658641575 944.0737714872723 0.9973359829072688
-364.0113443742763 945.8792133061445 0.9973350907773
-372.0538487175276 947.5866350378891 0.9973342467815084
-380.18394270151424 949.1939524064718 0.9973334520009658
-388.3960596500524 950.6991984957895 0.9973327074570877
-401.09041211711866 941.2029006954774 0.9973374008286513
-409.09311752366636 942.383416062739 0.9973368178728417
-417.15806918529114 943.4664577438767 0.9973362829280825
-425.27974444322086 944.4506287431501 0.9973357967163312
-433.45258190536805 945.3346576597031 0.9973353598951308
-441.67098524477456 946.1174009119587 0.9973349730563197
-449.92932702158606 946.7978447338315 0.9973346367248699
-458.22195252601665 947.3751069409499 0.9973343513578573
-466.543183639842 947.8484384646647 0.9973341173435651
-474.88732271356207 948.2172246527291 0.9973339350007226
-483.2486564568124 948.4809863350904 0.9973338045778806
-491.62145983937876 948.6393806539133 0.9973337262529236
500 948.6922016569681 0.9973337001327224
491.62145983937876 948.6393806539133 0.9973337262529236
483.2486564568124 948.4809863350904 0.9973338045778806
474.88732271356224 948.2172246527291 0.9973339350007226
466.5431836398421 947.8484384646647 0.9973341173435651
458.22195252601665 947.3751069409499 0.9973343513578573
449.92932702158606 946.7978447338315 0.9973346367248699
441.67098524477456 946.1174009119587 0.9973349730563197
433.45258190536805 945.3346576597031 0.9973353598951308
425.27974444322086 944.4506287431501 0.9973357967163312
417.1580691852912 943.4664577438767 0.9973362829280825
409.09311752366636 942.383416062739 0.9973368178728417
401.09041211711866 941.2029006954774 0.9973374008286513
388.3960596500524 950.6991984957895 0.9973327074570877
380.1839427015143 949.1939524064718 0.9973334520009658
372.0538487175276 947.5866350378891 0.9973342467815084
364.01134437427635 945.8792133061445 0.9973350907773
356.06193658641575 944.0737714872723 0.9973359829072688
348.21106874659097 942.1725076300497 0.9973369220327701
340.4641170077384 940.1777297620127 0.9973379069597798
332.8263866107918 938.0918518936356 0.9973389364411924
325.303108259888 935.9173898265908 0.997340009179222
317.89943454809753 933.6569567722844 0.9973411238278971
302.54467997900116 940.324870286968 0.9973378343223679
295.0901813808628 937.6761647096808 0.9973391415507974
287.77594773468536 934.9415656835679 0.9973404904334247
280.60698916748095 932.1241817351421 0.9973418793680857
273.5882167133794 929.2271997820878 0.9973433067154789
266.7244389539812 926.2538796862838 0.9973447708022152
250.20566611573008 930.7504499690398 0.9973425563124483
243.39794452135047 927.3626896984928 0.997344224918564
236.7658615647772 923.9014505965522 0.9973459285312523
230.31396280251764 920.3704114551846 0.9973476652663699
213.20453650771765 923.1862764249188 0.9973462803888932
206.8867097538031 919.2270976225967 0.9973482273364463
200.7695007037786 915.2028857748422 0.9973502046615342
183.32175117621154 916.6126910933426 0.9973495121274762
177.4018568387625 912.1519134099128 0.9973517027023534
159.74486964788576 912.4851545463225 0.9973515391246222
154.07018772175275 907.581031822137 0.9973539452898421
136.28419389721847 906.8094966405388 0.9973543236188659
130.90307676005278 901.4579592468767 0.9973569461618679
113.06969270654014 899.5578699114334 0.997357876623392
95.16123670375232 896.9114828395217 0.9973591719442809
77.2071198360853 893.5101298474522 0.9973608357750124
59.236988671424704 889.3460515055754 0.9973628711426599
41.28069563301209 884.4124045697332 0.9973652804435681
23.368269208627467 878.7032688343606 0.9973680654374714
-8.03051629950702 873.5629807633067 0.9973705701802026
-39.54721729653866 866.8963668417917 0.9973738147758113
-71.12447554650639 858.6914513915494 0.9973778020299263
-116.56857966501161 849.1714767865041 0.9973824200346062
-162.12416795970285 837.3413514023925 0.9973881462402858
-221.72609388131468 822.6703430912095 0.9973952284628883
-309.565048970301 803.1255372649651 0.9974046307400237
-425.8571476728555 776.4484380238729 0.997417404047521
-584.8933306058827 738.7719096168345 0.9974353266033097
-843.6528023966399 678.8889729308495 0.9974635321316646
NaN NaN NaN
NaN NaN NaN
-1364.8193792118586 -964.1456711233212 0.9968034911674954
-1339.3615452476886 -977.0948818093773 0.9967860261251885
-1310.6176529072743 -996.020367780045 0.9967607272356835
-1286.3941846899975 -1015.9167559689679 0.9967652085711184
-1262.241884523372 -1038.9429231646411 0.9967792792349703
-1252.577456721321 -1061.1942255072713 0.9967928141865853
-1230.597386743922 -1086.5986687765026 0.9968081927185222
-1222.4626773582047 -1110.9865459304283 0.9968228816111908
-1201.4345571822173 -1137.5808470048455 0.996838816952113
-1193.4113479034324 -1163.7985292869141 0.9968544428251194
-1185.0654077666768 -1191.051412538087 0.9968705979692201
-1176.2442062360235 -1219.2889044639846 0.9968872429822294
-1166.827440209267 -1248.4540641474646 0.9969043351838571
-1156.7165070017656 -1278.4867328787986 0.9969218306030857
-1145.8271629812168 -1309.3258330149793 0.9969396854197079
-1134.091812625132 -1340.905639843063 0.9969578538961321
-1133.4562126126857 -1375.1849382368512 0.9969774443841896
-1119.6940689908831 -1408.4313439980053 0.9969963151266477
-1116.5927693724354 -1445.0200874166424 0.9970169366887306
-1112.08074926655 -1482.8455868497344 0.9970380953039474
-1106.095732276363 -1521.8235447783939 0.9970597297253535
-1098.8763318496613 -1561.7701733525869 0.9970817253799056
-1090.5792390389695 -1602.5727061941002 0.9971040094449369
-1081.0992488664617 -1644.2170924085426 0.9971265642910355
-1081.0974861951534 -1691.6892761729252 0.997152044684145
-1079.418769771109 -1740.6527391934787 0.9971780702902835
-1065.5174202469661 -1785.3182391381038 0.9972015875088739
-1060.3444397328847 -1836.7393034492368 0.9972283997372852
-1063.2784607844021 -1895.9144873641615 0.9972589118626936
-1053.89158197039 -1950.226757909506 0.9972865968357281
-1052.040170013314 -2012.8324597960782 0.9973181341111598
-1047.5455958184903 -2077.181207729132 0.9973501358458462
-1040.3081689840076 -2143.1598607859464 0.9973825184942121
-1039.2556758261737 -2218.839505335163 0.9974191341893623
-1034.8040882217986 -2296.5745746087086 0.9974561654141226
-958.6693259079734 -2305.751531806977 0.997460498815084
-883.338630224532 -2312.5171855817707 0.9974636884418475
-808.8982623527282 -2316.9194172878547 0.9974657615053036
-735.4308991065357 -2319.009551339242 0.9974667451284771
-670.2879535365621 -2328.3012233764694 0.9974711127880331
-605.6401180247537 -2335.7133623742498 0.9974745910716902
-541.5488749474484 -2341.2757913632086 0.9974771979227183
-478.074367088437 -2345.020836886631 0.997478951400033
-415.2753365328913 -2346.9832379228865 0.9974798696907783
-353.20906461018257 -2347.200060031212 0.9974799711286945
-297.2430630337661 -2356.0522768043916 0.9974841087492284
-236.46854203293134 -2353.006865830273 0.9974826861272441
-181.21291365557158 -2358.893455289588 0.9974854351771724
-126.21004006710581 -2363.3884871835667 0.9974875321645882
-71.49870141174024 -2366.5044961454487 0.9974889847027938
-17.121367350653767 -2368.261282694235 0.9974898032314972
36.88408563553847 -2368.674356711811 0.9974899956503064
90.47629727336636 -2367.768061831807 0.9974895734575029
141.0964610940336 -2376.6353865047136 0.9974937009323231
194.11037543507803 -2373.193328016616 0.997492099635586
244.7949040355035 -2379.6659724046485 0.9974951098836339
297.08796043240943 -2373.7456274067376 0.9974923566485349
347.70336369857506 -2377.8394369361076 0.9974942608114202
398.4152597536608 -2380.7663414686444 0.9974956212431977
449.1915296308958 -2382.523585774992 0.99749643762759
500 -2383.109517438991 0.9974967097765238
550.8084703691039 -2382.523585774992 0.99749643762759
601.5847402463388 -2380.7663414686444 0.9974956212431977
652.2966363014255 -2377.8394369361076 0.9974942608114202
702.9120395675898 -2373.7456274067376 0.9974923566485349
755.2050959644953 -2379.6659724046485 0.9974951098836339
805.8896245649222 -2373.193328016616 0.997492099635586
858.9035389059652 -2376.6353865047136 0.9974937009323231
909.523702726633 -2367.768061831807 0.9974895734575029
963.1159143644607 -2368.674356711811 0.9974899956503064
1017.1213673506529 -2368.261282694235 0.9974898032314972
1020.6444082298849 -2228.47296386554 0.9974237550144636
1024.609675615925 -2114.3841801748035 0.9973684483727363
1031.0104897399442 -2024.151390008929 0.9973237934449762
1037.004737111473 -1946.6015700142027 0.9972847584037129
1043.581643837489 -1880.9215498867718 0.9972512156714625
1046.4141627640404 -1817.7247550736797 0.9972185175708174
1056.686711754371 -1773.5461432349932 0.9971954098962025
1058.6960370288323 -1722.9593692181238 0.9971686954584228
1069.8418551685972 -1689.5566278255792 0.9971509052432501
1072.8799574196478 -1649.985041893751 0.9971296732835117
1080.0012639286504 -1618.8891546960062 0.9971128691895992
1085.220493232501 -1588.8907723483694 0.9970965576383792
1095.622763995106 -1566.2536378132347 0.9970841830085629
1104.7099478652153 -1544.2449829592986 0.9970720974496416
1112.5094845085682 -1522.9199181334038 0.9970603357940636
1119.050170954608 -1502.3304314145214 0.9970489315594604
1124.362600457396 -1482.5252640371627 0.9970379168029914
1136.6905606010127 -1468.204769434578 0.9970299248210953
1139.8487695940905 -1449.7696371432332 0.9970196023692344
1150.5030514294874 -1436.284101185614 0.9970120269258315
1160.4539160926918 -1423.1178296060607 0.9970046108461196
1160.6639787708677 -1406.8179965929412 0.996995402316308
1169.045087361539 -1394.647354902965 0.9969885067128795
1176.7658778434316 -1382.8641286000761 0.996981814400633
1183.8402008084522 -1371.4869863981905 0.9969753375561609
1200.0843465545984 -1362.854936526998 0.9969704134891342
1206.0770728700634 -1352.0519893038922 0.9969642389174118
1211.4566790117801 -1341.7036413593407 0.9969583114985774
1216.235909306839 -1331.8230653441124 0.996952640411437
1230.9320561111365 -1323.6380251221983 0.9969479338989908
1234.7076264931495 -1314.4436148400976 0.9969426376733045
1248.7601262523322 -1306.4414318316008 0.9969380201698046
1251.5672582373334 -1297.979407254667 0.9969331291771472
1265.002758342242 -1290.208760407825 0.9969286304082133
1266.8804336202306 -1282.517768040458 0.9969241707785771
1279.729276288898 -1275.0248565193324 0.9969198193214766
1292.3857006227634 -1267.567885232818 0.9969154821760968
1293.015832757487 -1260.9657514074315 0.9969116367535769
1305.142134842751 -1253.855470588348 0.9969074896058794
1317.1069151949207 -1246.8213848255891 0.9969033810196121
1328.9186239503304 -1239.8823539639982 0.9968993222159217
1328.0373750948702 -1234.8007652272668 0.996896346254177
1339.3689886516281 -1228.3456924137136 0.9968925615117519
1350.6736241731896 -1222.0047543681205 0.9968888388685028
1362.0196543925815 -1215.7809245726105 0.9968851803253914
1373.4940170058633 -1209.676393547153 0.9968815874269308
1385.2199198449034 -1203.6879889996708 0.9968780585575011
1397.3798093332293 -1197.8031576618662 0.9968745865501172
1410.2613644627174 -1191.991412039657 0.9968711535990438
1422.843205352703 -1186.7806419708897 0.9968680722018798
NaN NaN NaN
NaN NaN NaN
NaN NaN NaN
NaN NaN NaN
NaN NaN NaN
NaN NaN NaN
NaN NaN NaN
NaN NaN NaN
NaN NaN NaN
NaN NaN NaN
NaN NaN NaN
NaN NaN NaN
976.6317307913729 878.7032688343606 0.9973680654374714
958.7193043669894 884.4124045697331 0.9973652804435681
940.7630113285676 889.3460515055752 0.9973628711426599
922.7928801639077 893.510129847452 0.9973608357750124
904.8387632962568 896.9114828395217 0.9973591719442809
886.9303072934448 899.5578699114334 0.997357876623392
869.0969232399319 901.4579592468767 0.9973569461618679
863.715806102792 906.8094966405387 0.9973543236188659
845.9298122782321 907.5810318221369 0.9973539452898421
840.2551303521143 912.4851545463224 0.9973515391246222
822.5981431612221 912.1519134099128 0.9973517027023534
816.6782488238038 916.6126910933426 0.9973495121274762
799.2304992962214 915.2028857748422 0.9973502046615342
793.1132902462101 919.2270976225966 0.9973482273364463
786.795463492298 923.1862764249188 0.9973462803888932
769.6860371974967 920.3704114551845 0.9973476652663699
763.2341384352229 923.9014505965522 0.9973459285312523
756.6020554786345 927.3626896984928 0.997344224918564
749.7943338842699 930.7504499690398 0.9973425563124483
733.2755610460189 926.2538796862838 0.9973447708022152
726.411783286636 929.2271997820878 0.9973433067154789
719.3930108325193 932.124181735142 0.9973418793680857
712.2240522653145 934.9415656835679 0.9973404904334247
704.9098186191218 937.6761647096808 0.9973391415507974
697.4553200209989 940.324870286968 0.9973378343223679
682.1005654519182 933.6569567722844 0.9973411238278971
674.696891740112 935.9173898265908 0.997340009179222
667.1736133892238 938.0918518936356 0.9973389364411924
659.5358829922459 940.1777297620127 0.9973379069597798
651.7889312534093 942.1725076300497 0.9973369220327701
643.9380634135842 944.0737714872723 0.9973359829072688
635.988655625708 945.8792133061445 0.9973350907773
627.9461512824568 947.5866350378891 0.9973342467815084
619.8160572984702 949.1939524064718 0.9973334520009658
611.603940349932 950.6991984957895 0.9973327074570877
598.9095878828813 941.2029006954774 0.9973374008286513
590.9068824763492 942.383416062739 0.9973368178728417
582.8419308147245 943.4664577438767 0.9973362829280825
574.7202555567791 944.4506287431501 0.9973357967163312
566.5474180946162 945.3346576597031 0.9973353598951308
558.3290147552099 946.1174009119587 0.9973349730563197
550.0706729784139 946.7978447338315 0.9973346367248699
541.7780474739833 947.3751069409499 0.9973343513578573
533.4568163601729 947.8484384646647 0.9973341173435651
525.1126772864379 948.2172246527291 0.9973339350007226
516.751343543181 948.4809863350904 0.9973338045778806
508.37854016062124 948.6393806539133 0.9973337262529236
