0 316.4783903255107
-4.520386356961484 316.4382624883125
-9.037680407881947 316.31791724518945
-13.548791950379057 316.1174693517241
-18.05063498799074 315.8371099007205
-22.540129829633962 315.47710607277156
-27.23724596956272 316.18196611869746
-31.729630224620546 315.6572021719659
-36.20030908047323 315.05304791205543
-40.97906583382633 315.49149781423677
-45.43335796255552 314.72079357976133
-50.26151350585624 314.9729533971487
-54.68627507083558 314.03465682060795
-59.54956524244389 314.0959004527406
-64.44248824023089 314.0534457203112
-68.81540820916278 312.8560612798835
-73.7211790232434 312.6161714068704
-78.64472581457062 312.2683354576814
-83.58186639977473 311.8110345107177
-88.52836357197737 311.24286041528023
-93.4799285611154 310.56251708322793
-98.43222455765213 309.7688216537183
-104.15740207511412 309.783485487564
-109.12901940494143 308.7383764704352
-114.92560053093553 308.45490598710415
-119.89646177744594 307.1516954682849
-125.74186760388561 306.560624550665
-131.61736932738094 305.8001452713026
-137.51646538278447 304.86758626085594
-143.43256138096189 303.76046295163
-149.3589762772752 302.4764801046088
-156.32317324940277 301.7127399552693
-163.33477786578666 300.710909205172
-170.38472509991442 299.46721412074123
-177.46382308537684 297.9781557647565
-184.56276218204377 296.2405138083639
-192.82561351180155 294.8008659958391
-202.30750175206458 293.56107595749444
-210.6671522986344 291.4492259473616
-220.26157042643436 289.46344892117105
-231.135781121072 287.49991585626066
-242.07664562632345 285.06727158446387
-254.33698393096827 282.51037972471363
-267.9486294364594 279.7194781287579
-282.93801371121106 276.5827622900819
-299.3260974535785 272.9866323918912
-318.459389891057 269.0241490551565
-340.38651958851807 264.46947274311657
-363.78904827783447 258.9588179663383
-392.7613261835086 252.6660193264649
-426.00503443749255 245.07440513560016
-466.32190833549686 235.88306896191125
-516.563126085571 224.48883388068234
-579.6107281823023 209.98543428024286
-662.584122867168 190.89782032725358
-775.4899489111821 164.75437411107197
-939.7310861016617 126.76286683769904
NaN NaN
NaN NaN
NaN NaN
-1144.295749712041 -315.7073909408901
-1129.8500948516046 -331.6382680898196
-1116.4346507344724 -350.9365038896489
-1105.1983953345484 -370.49945652262744
-1095.225012959216 -390.4539011795121
-1086.8262838984092 -411.0805973435809
-1079.744860139142 -432.3466230029224
-1072.7738544447234 -454.15719032437016
-1067.0382454490955 -476.1312768863477
-1061.173811261287 -498.50940168253385
-1056.3135403579877 -521.1222569833992
-1052.361251192766 -544.0723380406093
-1047.997988740198 -567.4874199250457
-1044.3836549454247 -591.3487511326477
-1040.2231546792448 -615.6873685583425
-1036.6757254047752 -640.5748621142262
-1033.6684730428415 -666.1048573409199
-1029.9363309563312 -692.1636257524208
-1027.7946626350613 -719.2005901398057
-1024.7969188771829 -746.8470247290566
-1022.0535274287947 -775.3861253987551
-1019.4810119855858 -804.8925820428457
-1016.9922813632356 -835.4360477060723
-1014.4966343850564 -867.0807672326057
-1012.9808765344218 -900.3865761753613
-1011.2256154312795 -934.9838021106164
-1009.1266531835886 -970.9154950219759
-1006.5770652136707 -1008.2176526159797
-1005.4823567765451 -1048.2280643773174
-1003.865819901481 -1089.8067670296684
-1001.6447141825115 -1132.999668041215
-997.7538135244542 -1177.08580774501
-969.3244595015132 -1202.177381323362
-940.3142595017031 -1226.529382970328
-910.7344962310422 -1250.130963429744
-880.5977441777779 -1272.9705908271042
-849.9178045188622 -1295.0362924651206
-818.7095006361851 -1316.315810794696
-786.9886954683141 -1336.7967884805082
-754.772101204538 -1356.4668565375696
-722.077343907778 -1375.3138031609074
-688.9227330608873 -1393.3255782540646
-655.3273308731958 -1410.4904374528617
-621.310830113519 -1426.7969644631123
-586.8935723090966 -1442.234179850213
-552.0963924556803 -1456.7914949470714
-516.9407038144103 -1470.4588674834984
-481.44832658658856 -1483.2267045373317
-445.64157814836744 -1495.08603108851
-409.54315018835655 -1506.028423880889
-373.1760958819435 -1516.0460537906274
-336.563809175772 -1525.1317275025262
-299.7299780423983 -1533.278885021601
-262.6985521644577 -1540.4816075984527
-225.49372546472267 -1546.7346628189234
-188.13989326118954 -1552.0334917568057
-150.66161978719424 -1556.3741985049976
-113.08362385596759 -1559.7536167755804
-75.43073492739909 -1562.1692653006162
-37.72786915001355 -1563.619369954714
0 -1564.1028562526958
37.7278691500129 -1563.619369954714
75.43073492739848 -1562.1692653006162
113.08362385596759 -1559.7536167755804
150.66161978719362 -1556.3741985049976
188.13989326118897 -1552.0334917568057
225.49372546472267 -1546.7346628189234
262.6985521644572 -1540.4816075984527
299.72997804239753 -1533.278885021601
336.563809175772 -1525.1317275025262
373.17609588194296 -1516.0460537906274
409.54315018835615 -1506.028423880889
445.64157814836744 -1495.08603108851
481.4483265865882 -1483.2267045373321
516.9407038144097 -1470.4588674834986
552.0963924556803 -1456.7914949470714
586.8935723090962 -1442.2341798502132
621.3108301135186 -1426.7969644631128
655.3273308731958 -1410.4904374528617
688.922733060887 -1393.3255782540646
722.077343907778 -1375.3138031609074
754.772101204538 -1356.4668565375696
786.9886954683141 -1336.7967884805082
818.7095006361851 -1316.315810794696
849.9178045188622 -1295.0362924651206
880.5977441777777 -1272.9705908271042
910.734496231042 -1250.1309634297438
940.3142595017031 -1226.529382970328
969.324459501512 -1202.1773813233624
997.7538135244532 -1177.0858077450114
1001.6447141825115 -1132.999668041215
1003.8658199014802 -1089.80676702967
1005.4823567765445 -1048.2280643773179
1006.5770652136705 -1008.2176526159798
1009.1266531835884 -970.9154950219761
1011.2256154312798 -934.9838021106162
1012.9808765344218 -900.3865761753613
1014.4966343850564 -867.0807672326057
1016.9922813632355 -835.4360477060727
1019.4810119855858 -804.8925820428457
1022.053527428794 -775.3861253987556
1024.7969188771829 -746.8470247290566
1027.7946626350613 -719.2005901398057
1029.9363309563312 -692.1636257524208
1033.6684730428415 -666.10485734092
1036.6757254047754 -640.5748621142259
1040.2231546792445 -615.6873685583425
1044.3836549454243 -591.3487511326489
1047.997988740198 -567.4874199250457
1052.361251192766 -544.0723380406093
1056.313540357987 -521.1222569834003
1061.1738112612866 -498.50940168253555
1067.0382454490955 -476.13127688634734
1072.7738544447218 -454.15719032437255
1079.744860139142 -432.3466230029224
1086.8262838984092 -411.0805973435809
1095.225012959216 -390.4539011795121
1105.1983953345484 -370.49945652262744
1116.4346507344724 -350.9365038896489
1129.8500948516046 -331.6382680898196
1144.295749712041 -315.7073909408901
NaN NaN
NaN NaN
NaN NaN
939.731086101662 126.76286683769723
775.4899489111821 164.75437411107197
662.584122867168 190.89782032725358
579.6107281823023 209.98543428024286
516.5631260855711 224.48883388068185
466.32190833549697 235.8830689619111
426.00503443749255 245.07440513559996
392.7613261835086 252.6660193264649
363.78904827783447 258.9588179663383
340.38651958851807 264.46947274311657
318.459389891057 269.02414905515644
299.3260974535785 272.98663239189125
282.9380137112111 276.5827622900818
267.9486294364594 279.7194781287579
254.33698393096827 282.51037972471363
242.07664562632345 285.06727158446387
231.1357811210721 287.4999158562605
220.2615704264344 289.46344892117094
210.6671522986344 291.4492259473615
202.30750175206458 293.56107595749444
192.82561351180155 294.8008659958391
184.56276218204377 296.2405138083639
177.46382308537693 297.97815576475637
170.38472509991445 299.46721412074123
163.33477786578666 300.71090920517196
156.32317324940277 301.7127399552693
149.3589762772752 302.4764801046088
143.43256138096189 303.76046295163
137.5164653827846 304.8675862608559
131.617369327381 305.80014527130186
125.74186760388564 306.560624550665
119.89646177744594 307.1516954682849
114.92560053093553 308.45490598710415
109.12901940494143 308.7383764704352
104.15740207511419 309.7834854875639
98.43222455765216 309.7688216537183
93.47992856111541 310.56251708322793
88.52836357197737 311.24286041528023
83.58186639977473 311.8110345107177
78.64472581457062 312.2683354576814
73.72117902324347 312.6161714068704
68.81540820916283 312.8560612798835
64.44248824023092 314.0534457203111
59.54956524244389 314.0959004527406
54.68627507083558 314.03465682060795
50.26151350585624 314.9729533971487
45.43335796255557 314.7207935797613
40.979065833826375 315.49149781423677
36.20030908047329 315.05304791205543
31.729630224620546 315.6572021719659
27.23724596956272 316.18196611869746
22.540129829633962 315.47710607277156
18.050634987990783 315.8371099007205
13.5487919503791 316.1174693517241
9.037680407881991 316.31791724518945
4.520386356961484 316.4382624883125
