0 276.69039032550864
-4.283336606996225 276.6509686444721
-8.56374337000916 276.53274000938956
-12.838292437370884 276.33581359882936
-17.104059940722927 276.06037122495525
-21.35812798336169 275.70666710567514
-25.820627409308926 276.41919287720054
-30.079365829985175 275.9034404452053
-34.317529860239716 275.3096196954604
-38.86506215082478 275.7596977992801
-43.08957864931382 275.0018857079348
-47.68956487164084 275.2681674863451
-51.88791980076921 274.34518527231756
-56.52672118944716 274.4228950481652
-61.19722711062417 274.39801451346693
-65.3499541428187 273.2192655956448
-70.03790706927725 272.9990229517749
-74.74616030359414 272.67179355113836
-79.470679213853 272.23600344411716
-84.20737231344958 271.6901869463021
-88.9520946215502 271.0329880724264
-93.70065108826309 270.2631618502983
-99.22533186000838 270.3023554708908
-103.99983263868197 269.2823707537263
-109.6028125019252 269.0245512892572
-114.38372045871931 267.74744915963123
-120.04295115297502 267.1828732780822
-125.73618349695417 266.44920376759836
-131.4570408438397 265.5436963431908
-137.19905096039878 264.46379271308643
-142.95565211177 263.2071233027514
-149.75442385748386 262.47071560093343
-156.60510514017128 261.4961613543161
-163.4987412221306 260.2796118716245
-170.42624736481665 258.8174934621701
-177.3784178215677 257.10651145606204
-185.49942430216916 255.69316987775096
-194.84448869741004 254.47925946764445
-203.0724301753212 252.39279062781796
-212.5403442776366 250.43182570666593
-223.2933426895121 248.49246652350868
-234.1183697275598 246.08329040348272
-246.26832476978146 243.54909530876384
-259.77511686879956 240.78005547887255
-274.66524945431127 237.66430502942302
-290.9597512468285 234.08818518446657
-310.0051956102422 230.14470020280933
-331.85027131609723 225.60795695394887
-355.1765963319864 220.11411928710538
-384.0785731085848 213.836974230816
-417.25793095874485 206.25980575943538
-457.5164492807167 197.0816664765024
-507.7053462765591 185.69934199363726
-570.7066982988844 171.2065328538865
-653.6399452866491 152.12815910345327
-766.5117535261064 125.99257653114248
-930.7250261186787 88.00753394552724
NaN NaN
NaN NaN
NaN NaN
-1108.7780386367854 -245.44152096818416
-1096.3582543187968 -262.88441008031026
-1085.1198609404696 -283.89176181505553
-1075.8359341823289 -305.06317994867726
-1067.636266680374 -326.5432003431658
-1060.8776325146384 -348.6383005280725
-1055.3143499310768 -371.31520439104975
-1049.746840368062 -394.475702816022
-1045.293616810159 -417.72026566216306
-1040.618035407323 -441.30994800044846
-1036.856693975402 -465.07101277531575
-1033.9280789454792 -489.11629454443613
-1030.5255559402767 -513.5833744774096
-1027.8141908609455 -538.4553155768534
-1024.5049112584938 -563.7669779498909
-1021.7630409646706 -589.5948700770032
-1019.5211380014938 -616.0376038463457
-1016.5142586671525 -642.9784382192582
-1015.0690445574096 -670.8831208189857
-1012.7330643973594 -699.3705771027728
-1010.6233373542447 -728.7334977558149
-1008.6583009312579 -759.0484528737809
-1006.7523824158083 -790.3865126044072
-1004.816092616134 -822.8129438065187
-1003.8424984270245 -856.9002812842696
-1002.6075022533022 -892.2677994569772
-1001.0074707391562 -928.9584757268228
-979.535991467105 -955.0780126267183
-956.4010508157655 -979.9721297485942
-932.6652949286405 -1004.2214895895943
-908.3859775831903 -1027.8164794700451
-883.5932667985261 -1050.752962399876
-858.2932457833928 -1073.0260361065518
-832.4935493800226 -1094.6292982824023
-806.2032129111172 -1115.5552066877322
-779.4324997433207 -1135.7953637977587
-752.1928369889899 -1155.340770363049
-724.4966121612672 -1174.181991158394
-696.3571917344101 -1192.3093481039145
-667.7887323834059 -1209.7130151164017
-638.8062471059877 -1226.383192388608
-609.4253767080436 -1242.3101155408183
-579.6624608777521 -1257.4842032904146
-549.5344181190962 -1271.8960828709185
-519.0587659936326 -1285.5367012107668
-488.25346821436904 -1298.3972809504958
-457.13702158998785 -1310.469477493601
-425.7282873053068 -1321.7452834029389
-394.04658345549916 -1332.2171977216267
-362.11156487947574 -1341.8781607244903
-329.94321293755576 -1350.7215968233809
-297.5618174703288 -1358.7414566207353
-264.98793282945275 -1365.932214748759
-232.24234836950015 -1372.2888780092212
-199.34607380480526 -1377.8070305330634
-166.3202992787311 -1382.4828210494652
-133.18636581851496 -1386.3129524905448
-99.96575393056544 -1389.294748490633
-66.68004267997425 -1391.4261088763046
-33.35088872928035 -1392.70553174389
0 -1393.132105964576
33.35088872927982 -1392.70553174389
66.68004267997377 -1391.4261088763046
99.96575393056544 -1389.294748490633
133.1863658185144 -1386.3129524905448
166.3202992787306 -1382.4828210494652
199.34607380480526 -1377.8070305330634
232.24234836949975 -1372.2888780092212
264.987932829452 -1365.932214748759
297.5618174703288 -1358.7414566207353
329.9432129375553 -1350.7215968233809
362.1115648794754 -1341.8781607244903
394.04658345549916 -1332.2171977216267
425.7282873053065 -1321.7452834029393
457.13702158998734 -1310.4694774936013
488.25346821436904 -1298.3972809504958
519.0587659936322 -1285.536701210767
549.5344181190958 -1271.896082870919
579.6624608777521 -1257.4842032904146
609.4253767080435 -1242.3101155408183
638.8062471059877 -1226.383192388608
667.7887323834059 -1209.7130151164017
696.3571917344101 -1192.3093481039145
724.4966121612672 -1174.181991158394
752.1928369889899 -1155.340770363049
779.4324997433205 -1135.7953637977587
806.2032129111171 -1115.555206687732
832.4935493800226 -1094.6292982824023
858.2932457833919 -1073.0260361065523
883.5932667985253 -1050.7529623998773
908.3859775831903 -1027.8164794700451
932.6652949286397 -1004.2214895895952
956.4010508157651 -979.9721297485946
979.5359914671047 -955.0780126267184
1001.007470739156 -928.958475726823
1002.6075022533025 -892.2677994569771
1003.8424984270245 -856.9002812842696
1004.816092616134 -822.8129438065187
1006.7523824158081 -790.3865126044077
1008.6583009312579 -759.0484528737809
1010.6233373542441 -728.7334977558154
1012.7330643973594 -699.3705771027728
1015.0690445574096 -670.8831208189857
1016.5142586671525 -642.9784382192582
1019.5211380014938 -616.0376038463459
1021.763040964671 -589.5948700770027
1024.5049112584938 -563.7669779498909
1027.814190860945 -538.4553155768546
1030.5255559402767 -513.5833744774096
1033.9280789454792 -489.11629454443613
1036.8566939754014 -465.07101277531706
1040.6180354073226 -441.3099480004502
1045.293616810159 -417.72026566216266
1049.7468403680612 -394.4757028160246
1055.3143499310768 -371.31520439104975
1060.8776325146384 -348.6383005280725
1067.636266680374 -326.5432003431658
1075.8359341823289 -305.06317994867726
1085.1198609404696 -283.89176181505553
1096.3582543187968 -262.88441008031026
1108.7780386367854 -245.44152096818416
NaN NaN
NaN NaN
NaN NaN
930.7250261186789 88.00753394552544
766.5117535261064 125.99257653114248
653.6399452866491 152.12815910345327
570.7066982988844 171.2065328538865
507.70534627655917 185.69934199363678
457.5164492807168 197.08166647650225
417.25793095874485 206.25980575943518
384.0785731085848 213.836974230816
355.1765963319864 220.11411928710538
331.85027131609723 225.60795695394887
310.0051956102422 230.14470020280928
290.9597512468285 234.0881851844666
274.6652494543113 237.6643050294229
259.77511686879956 240.78005547887255
246.26832476978146 243.54909530876384
234.1183697275598 246.08329040348272
223.2933426895122 248.49246652350848
212.54034427763662 250.43182570666585
203.0724301753212 252.39279062781787
194.84448869741004 254.47925946764445
185.49942430216916 255.69316987775096
177.3784178215677 257.10651145606204
170.42624736481673 258.81749346217
163.49874122213063 260.2796118716245
156.60510514017128 261.49616135431603
149.75442385748386 262.47071560093343
142.95565211177 263.2071233027514
137.19905096039878 264.46379271308643
131.45704084383982 265.54369634319073
125.73618349695421 266.4492037675976
120.04295115297505 267.1828732780822
114.38372045871931 267.74744915963123
109.6028125019252 269.0245512892572
103.99983263868197 269.2823707537263
99.22533186000845 270.3023554708907
93.70065108826311 270.2631618502983
88.95209462155022 271.0329880724264
84.20737231344958 271.6901869463021
79.470679213853 272.23600344411716
74.74616030359414 272.67179355113836
70.03790706927732 272.9990229517749
65.34995414281875 273.2192655956448
61.1972271106242 274.3980145134669
56.52672118944716 274.4228950481652
51.88791980076921 274.34518527231756
47.68956487164084 275.2681674863451
43.08957864931387 275.0018857079347
38.86506215082482 275.7596977992801
34.31752986023977 275.3096196954604
30.079365829985175 275.9034404452053
25.820627409308926 276.41919287720054
21.35812798336169 275.70666710567514
17.10405994072297 276.06037122495525
12.838292437370926 276.33581359882936
8.563743370009204 276.53274000938956
4.283336606996225 276.6509686444721
