0 188.5393903255097
-3.7581487988835405 188.50153314561877
-7.513727691273761 188.38799389214321
-11.264168516309672 188.19886938766908
-15.006906603241864 187.9343208829637
-18.739382513603296 187.5945738768551
-22.682084564608708 188.32408319560824
-26.42317661083612 187.82829592988801
-30.146200036101263 187.25736925006748
-34.18145054279547 187.73320983511456
-37.89689517083868 187.00396050914088
-41.991368328594646 187.3015297356797
-45.68811545243252 186.41247675584663
-49.829558072031986 186.52666755699957
-54.00729512520239 186.54072296037236
-57.67218090962685 185.40326136418497
-61.877554550576406 185.22654749522712
-66.108821197379 184.94497225819384
-70.36227312090574 184.55683978794178
-74.634141680332 184.06055693313502
-78.9206004623411 183.45463500539202
-83.21776848797873 182.7376914237495
-88.29824526274825 182.83123120981918
-92.63603092377953 181.86690981239713
-97.81008385144543 181.6659206224694
-102.17014701981635 180.4466620792583
-107.41690349880243 179.94078640692248
-112.70631488988569 179.26651440163292
-118.032281304968 178.42094023249513
-123.38860114932484 177.4013422707959
-128.7689770209525 176.2051862503672
-135.20124632538764 175.5293340572823
-141.6953991877303 174.61521137440252
-148.2427252170406 173.45880344039182
-154.8343770184031 172.05637094695007
-161.46137902292674 170.40445452035155
-169.26812579462154 169.04939485750396
-178.31005460218404 167.89282120996663
-186.2461923676359 165.86258479055314
-195.43383462038636 163.95659151590897
-205.91828512993538 162.07078998456674
-216.48667226219553 159.71360795941249
-228.39207128335894 157.22969793893907
-241.66655885251296 154.50909322869998
-256.3367976092833 151.43979196054943
-272.4239669784255 147.90800473353443
-291.2747824191266 144.00661093510908
-312.9380660918545 139.50959869691354
-336.0955605554092 134.05301962708123
-364.841783968452 127.8105553551111
-397.87857238945037 120.26539162431203
-438.0078029265917 111.11649028038106
-488.0807823893443 99.76055393354721
-550.9796665744153 85.29120814204526
-633.8239656470511 66.2333062196914
-746.6204068539992 40.11514568595091
-910.7719449494834 2.144425727526994
-921.7299881591255 -22.904775173279198
-923.55039379092 -47.04317704539906
-924.7390658473558 -71.22754041671504
-925.3246130318107 -100
-925.2163975486596 -119.66284197343788
-924.5037762247064 -143.8849570401889
-923.1568004554936 -168.08574736540723
-921.175905649829 -192.24905655860556
-918.4851787637231 -216.6638175179682
-914.9265414314743 -241.64416932395812
-910.5964197507521 -266.60312544846533
-905.5548267056229 -291.35166382045156
-899.8366180902494 -315.8343865142679
-893.4646804740426 -340.0347760991738
-886.4557442864032 -363.947392644105
-878.8232088212106 -387.56901693808743
-870.5786438866857 -410.89581693124063
-861.7325914307634 -433.92263934425864
-852.2950507125051 -456.6429636597247
-842.2757672026046 -479.04909145194347
-831.6844314339354 -501.1323676673572
-820.5307661760975 -522.8834318420165
-808.8246177285351 -544.2923941847412
-796.5759942312367 -565.3490029069496
-783.7950985804705 -586.0427716720659
-770.4923474033386 -606.3630846347439
-756.6783737051155 -626.2992848297159
-742.3640534539287 -645.8407340312402
-727.5604629967287 -664.9768851665503
-712.2789086583314 -683.6973135228691
-696.5309400736395 -701.9917530337963
-680.3282823802676 -719.8501400401332
-663.6828793670944 -737.2626257282205
-646.6068836481396 -754.2196004143167
-629.1126065640832 -770.7117115072888
-611.2125702890551 -786.7298758958541
-592.9194437750973 -802.2652909815777
-574.2460636269209 -817.3094439015565
-555.2054232910676 -831.8541201492233
-535.8106626391077 -845.8914102618488
-516.075021663701 -859.4137010504342
-496.0119267532493 -872.413710742362
-475.6348647971439 -884.8844505047136
-454.95746506523506 -896.8192596128413
-433.9934528447579 -908.2117923961622
-412.7566434791673 -919.0560179072362
-391.26094159299646 -929.346223389025
-369.52033383371315 -939.0770142424531
-347.54888197305166 -948.2433136172255
-325.3607140603248 -956.8403591539429
-302.970012037231 -964.8636929995664
-280.39103748744174 -972.3091977551225
-257.6380840716475 -979.1730471094461
-234.72549444310044 -985.4517274487268
-211.6676613254682 -991.1420494766586
-188.47900507275784 -996.2411173932794
-165.1739822447652 -1000.7463480790834
-141.76722096005466 -1004.6559171008678
-118.27320653776128 -1007.9680454782653
-94.70629541083746 -1010.6807129023432
-71.08095267995135 -1012.7922873219987
-47.411717348243364 -1014.3014807644083
-23.713187474375903 -1015.2073714188388
0 -1015.5093962332193
23.713187474375502 -1015.2073714188388
47.41171734824302 -1014.3014807644083
71.08095267995135 -1012.7922873219987
94.70629541083703 -1010.6807129023432
118.2732065377609 -1007.9680454782654
141.76722096005466 -1004.6559171008678
165.1739822447649 -1000.7463480790835
188.47900507275733 -996.2411173932794
211.6676613254682 -991.1420494766586
234.72549444310008 -985.4517274487268
257.63808407164726 -979.1730471094461
280.39103748744174 -972.3091977551225
302.9700120372308 -964.8636929995665
325.3607140603245 -956.8403591539429
347.54888197305166 -948.2433136172255
369.5203338337129 -939.0770142424533
391.2609415929962 -929.3462233890253
412.7566434791673 -919.0560179072362
433.9934528447577 -908.2117923961622
454.95746506523506 -896.8192596128413
475.6348647971439 -884.8844505047136
496.0119267532493 -872.413710742362
516.075021663701 -859.4137010504342
535.8106626391077 -845.8914102618488
555.2054232910674 -831.8541201492233
574.2460636269209 -817.3094439015564
592.9194437750973 -802.2652909815777
611.2125702890546 -786.7298758958543
629.1126065640827 -770.7117115072895
646.6068836481396 -754.2196004143167
663.6828793670937 -737.2626257282209
680.3282823802676 -719.8501400401333
696.5309400736394 -701.9917530337964
712.2789086583311 -683.6973135228693
727.5604629967288 -664.9768851665503
742.3640534539287 -645.8407340312402
756.6783737051155 -626.2992848297159
770.4923474033385 -606.3630846347444
783.7950985804705 -586.0427716720659
796.5759942312363 -565.34900290695
808.8246177285351 -544.2923941847412
820.5307661760975 -522.8834318420165
831.6844314339354 -501.1323676673572
842.2757672026046 -479.0490914519436
852.2950507125051 -456.64296365972444
861.7325914307634 -433.9226393442587
870.5786438866852 -410.89581693124165
878.8232088212106 -387.56901693808743
886.4557442864032 -363.947392644105
893.4646804740422 -340.03477609917525
899.8366180902493 -315.83438651426974
905.5548267056229 -291.35166382045117
910.5964197507518 -266.6031254484673
914.9265414314743 -241.64416932395812
918.4851787637231 -216.6638175179682
921.175905649829 -192.24905655860556
923.1568004554936 -168.08574736540723
924.5037762247064 -143.8849570401889
925.2163975486596 -119.66284197343788
925.3246130318107 -100
924.7390658473558 -71.22754041671504
923.5503937909201 -47.04317704539864
921.7299881591255 -22.904775173279198
910.7719449494837 2.144425727525197
746.6204068539992 40.11514568595091
633.8239656470511 66.2333062196914
550.9796665744153 85.29120814204526
488.08078238934434 99.76055393354675
438.0078029265918 111.11649028038092
397.87857238945037 120.26539162431182
364.841783968452 127.8105553551111
336.0955605554092 134.05301962708123
312.9380660918545 139.50959869691354
291.2747824191266 144.00661093510902
272.4239669784255 147.90800473353445
256.33679760928334 151.43979196054931
241.66655885251296 154.50909322869998
228.39207128335894 157.22969793893907
216.48667226219553 159.71360795941249
205.9182851299355 162.07078998456655
195.4338346203864 163.95659151590888
186.2461923676359 165.86258479055306
178.31005460218404 167.89282120996663
169.26812579462154 169.04939485750396
161.46137902292674 170.40445452035155
154.8343770184032 172.05637094694995
148.24272521704063 173.45880344039182
141.6953991877303 174.6152113744025
135.20124632538764 175.5293340572823
128.7689770209525 176.2051862503672
123.38860114932484 177.4013422707959
118.03228130496811 178.42094023249507
112.70631488988573 179.26651440163218
107.41690349880245 179.94078640692246
102.17014701981635 180.4466620792583
97.81008385144543 181.6659206224694
92.63603092377953 181.86690981239713
88.29824526274832 182.83123120981907
83.21776848797876 182.7376914237495
78.92060046234111 183.45463500539202
74.634141680332 184.06055693313502
70.36227312090574 184.55683978794178
66.108821197379 184.94497225819384
61.87755455057647 185.2265474952271
57.6721809096269 185.40326136418497
54.00729512520242 186.5407229603723
49.829558072031986 186.52666755699957
45.68811545243252 186.41247675584663
41.991368328594646 187.3015297356797
37.89689517083873 187.00396050914085
34.18145054279551 187.73320983511456
30.146200036101316 187.25736925006746
26.42317661083612 187.82829592988801
22.682084564608708 188.32408319560824
18.739382513603296 187.5945738768551
15.006906603241909 187.93432088296368
11.264168516309715 188.19886938766908
7.513727691273806 188.38799389214321
3.7581487988835405 188.50153314561877
