-500 760.0422016569709 0.9974252252691376
-507.25459738061375 759.9927288081245 0.9974252488145937
-514.5042282774072 759.8443701308605 0.9974253194210508
-521.743929595452 759.5973051346813 0.9974254369988321
-528.9687450153674 759.2518326744108 0.9974256013986604
-536.1737283752801 758.8083704590334 0.997425812411936
-543.3539470461784 758.2674543646651 0.9974260697711236
-550.5044852978886 757.6297375523307 0.9974263731502493
-557.6204476538546 756.8959893913521 0.9974267221655058
-564.6969622322026 756.0670941894888 0.9974271163759652
-571.7291840709021 755.1440497308935 0.9974275552843985
-578.7122984348091 754.1279656235715 0.9974280383381997
-585.6415241023934 753.0200614578999 0.997428564930413
-597.2714900986591 762.5944314913496 0.9974240102737333
-604.4290433218882 761.1725113395441 0.9974246872600255
-611.5151190713473 759.6535520522747 0.997425410231545
-618.5248661887996 758.0392852862951 0.9974261783218331
-625.4534855598196 756.3315469303872 0.9974269906133055
-632.2962333891284 754.5322741246223 0.99742784613892
-639.0484244388814 752.6435021073688 0.997428743883935
-645.705435227492 750.6673608941519 0.9974296827877523
-652.2627071869728 748.6060717931213 0.9974306617458436
-658.7157497768461 746.4619437622084 0.9974316796117524
-673.1359000085633 753.2489811129235 0.997428456133498
-679.6724615850211 750.7218967457388 0.9974296568817419
-686.0860546334179 748.1110874959983 0.9974308967653733
-692.3722862807849 745.4193265634069 0.9974321744056011
-698.5268504699541 742.649459893835 0.9974334883901392
-704.5455309044642 739.8044016283761 0.9974348372756782
-720.2388965453994 744.4300307345721 0.9974326437979817
-726.2414667628772 741.1717738276235 0.9974341890808651
-732.0892059735353 737.8401282268626 0.997435768113269
-737.7781061708627 734.4384173347532 0.9974373792518559
-754.1464020028087 737.3829898989407 0.9974359846905494
-759.7454743297546 733.5515436017005 0.9974377991155097
-765.1667975870707 729.653736690646 0.9974396435190844
-781.9420068815843 731.1882698437868 0.9974389175673476
-787.213167471056 726.8501972942568 0.9974409692242799
-804.2456720088127 727.3037801864235 0.9974407547904063
-809.3205503658352 722.5173010637077 0.9974430166308097
-826.5318307807345 721.8603834249043 0.9974433268843899
-831.3637185475275 716.6201174404945 0.9974458003127665
-848.6737336843694 714.8276420771874 0.9974466457653389
-866.0850399150986 712.2849099305889 0.9974478445622567
-883.568566876889 708.9829618012246 0.997449400376269
-901.0949905207137 704.9137587117517 0.9974513162723804
-918.6347625182984 700.0701901836043 0.997453594700127
-936.1581398445625 694.4460819029683 0.9974562374872761
-967.1956148321096 689.3855301290106 0.9974586128805107
-998.3789915102698 682.7931357848327 0.9974617036548635
NaN NaN NaN
NaN NaN NaN
NaN NaN NaN
NaN NaN NaN
NaN NaN NaN
NaN NaN NaN
NaN NaN NaN
NaN NaN NaN
NaN NaN NaN
NaN NaN NaN
-1379.7549879134467 -1002.835588485061 0.9967571857431909
-1367.401545977387 -1008.4737922205811 0.9967606463243679
-1354.7993891228648 -1014.7519694777471 0.9967644950563235
-1342.947556891405 -1021.0985132241669 0.9967683807273283
-1331.558987924221 -1027.5465073502405 0.9967723233986402
-1320.4510730880127 -1034.109610504719 0.9967763311690971
-1309.5000345051255 -1040.7913435193143 0.9967804059111411
-1298.6181350381394 -1047.5894517645406 0.9967845459664023
-1287.7361594669653 -1054.5008575003685 0.9967887491795564
-1289.0393983406032 -1059.9228120063601 0.9967920424574569
-1277.7389761754157 -1067.3375288830912 0.9967965402815527
-1266.3090986836935 -1074.8451658592132 0.9968010875939273
-1254.739909832631 -1082.42565540778 0.9968056720215639
-1254.6688784096823 -1089.4510226115158 0.9968099144493057
-1242.618562030348 -1097.3871424627605 0.996814699599561
-1230.3942476366867 -1105.3534465431958 0.9968194952198389
-1229.1638942468826 -1113.5243133398697 0.9968244059522479
-1216.393875091459 -1121.7727650436457 0.9968293550770071
-1214.2876291136633 -1130.754883777761 0.9968347350106577
-1200.9361782904602 -1139.2363525725568 0.9968398060981354
-1197.9083009862668 -1148.987473799284 0.9968456255583799
-1183.9435680507427 -1157.650403221245 0.9968507859544835
-1179.9520686401263 -1168.1203305848555 0.9968570106839398
-1175.3805642305545 -1179.0820197163084 0.9968635136537213
-1170.2141883131476 -1190.5208199532758 0.9968702842914252
-1154.7513545040958 -1199.6342313526804 0.996875667313686
-1148.529450001695 -1211.6703627443223 0.9968827614910929
-1141.673652461481 -1224.1307009884822 0.996890087503779
-1134.1681442562208 -1236.9948570522574 0.9968976315692344
-1134.91693885927 -1254.2432603216819 0.9969077159424031
-1125.859253901478 -1268.1451494145128 0.9969158181601072
-1116.1027572139828 -1282.3765843274327 0.9969240888481202
-1113.9247025349223 -1301.8501743629297 0.9969353674942735
-1102.499351300118 -1316.943900462697 0.9969440788808286
-1098.1690747805387 -1337.8357738911532 0.9969560928363057
-1092.607835849464 -1359.5366197989388 0.9969685182969824
-1085.782439206991 -1381.993051070915 0.9969813190359214
-1077.6617399720324 -1405.1485167714857 0.9969944574330267
-1068.2162074188473 -1428.943458299677 0.9970078946484742
-1064.0150252461776 -1460.4631749943658 0.9970255947333996
-1057.8930684355728 -1493.0944749921757 0.9970438004250369
-1055.9000534734869 -1534.5751673194477 0.9970667704376944
-1045.7072221059118 -1569.5276146540787 0.9970859762432565
-1044.7457543160851 -1622.4044571249874 0.9971147741519171
-1035.4253628924907 -1668.4951495415817 0.9971396259702137
-1033.6124097491786 -1734.325117182926 0.9971747214551762
-1028.003109004524 -1802.6002628090473 0.9972106299326158
-1022.965424622772 -1883.0494847584139 0.9972523094075547
-1017.4968937599488 -1976.448866100213 0.9972998547094832
-1014.4582806870577 -2094.256922604152 0.9973585581862736
-1011.831707061731 -2238.21841508645 0.9974284204073328
-958.3456805004043 -2238.6229624058537 0.9974286138756219
-905.2735098884546 -2237.6723563211617 0.9974281592383537
-855.1927232422148 -2246.7767523637967 0.9974325099227093
-802.6993557948235 -2243.2223269464753 0.9974308123356141
-752.5507424207814 -2249.86745783292 0.9974339850464838
-700.7808308055925 -2243.7684228330013 0.9974310732293573
-650.6998228014595 -2247.9713176598043 0.997433080171006
-600.5209551766019 -2250.9760341901756 0.9974345139202693
-550.2768047453376 -2252.779923317889 0.9974353742568197
-500 -2253.3813961979263 0.9974356610500875
-449.7231952546637 -2252.779923317889 0.9974353742568197
-399.4790448233992 -2250.9760341901756 0.9974345139202693
-349.30017719854095 -2247.9713176598043 0.997433080171006
-299.2191691944085 -2243.7684228330013 0.9974310732293573
-247.44925757921908 -2249.86745783292 0.9974339850464838
-197.3006442051768 -2243.2223269464753 0.9974308123356141
-144.80727675778655 -2246.7767523637967 0.9974325099227093
-94.72649011154625 -2237.6723563211617 0.9974281592383537
-41.65431949959461 -2238.6229624058537 0.9974286138756219
11.83170706173028 -2238.21841508645 0.9974284204073328
65.68961639475972 -2236.433643080727 0.9974275666796697
119.88091765043714 -2233.2525627419695 0.9974260442777403
174.36249168900233 -2228.6545725137075 0.9974238420392011
229.09490205943928 -2222.626435116223 0.997420951717935
289.3797994960199 -2225.7892155656255 0.9974224686210231
344.8186942501404 -2216.7130436853117 0.9974181129883559
406.3937428715788 -2216.5228950825854 0.9974180216509757
468.7002688377611 -2214.5381775192304 0.9974170680874296
531.680006245653 -2210.7205862861915 0.9974152328376716
595.2731856699368 -2205.0340249601413 0.9974124964798944
659.4185877612897 -2197.444678870356 0.9974088396010923
724.0535970706858 -2187.9210927052773 0.9974042427725559
797.0552019222793 -2185.8105520984627 0.9974032228613029
871.0242072784042 -2181.3208839462272 0.997401051796464
945.8764289589491 -2174.398731128382 0.9973977005918503
1021.5240063841884 -2164.993926360772 0.9973931399429475
1025.047729527187 -2084.936970547333 0.9973539648657248
1025.1265647723103 -2006.8743100858442 0.997315149895247
1031.4053844213188 -1938.7161275855194 0.9972807548205007
1034.9006035824375 -1872.1374671177052 0.9972466957578295
1035.7116405115485 -1807.2551912488682 0.9972130601162356
1044.0867921020106 -1750.8820184542667 0.9971834749792086
1040.033422615759 -1689.3486165397458 0.997150794079723
1044.1209250250847 -1635.7884875047935 0.9971220146417468
1056.9760703329955 -1589.1941669892874 0.997096723104815
1057.500394797106 -1538.018323401235 0.997068668436095
1056.3137787030303 -1488.3048055701377 0.9970411356926775
1064.6480919022317 -1444.6173340757575 0.9970167105258597
1071.7666011340943 -1401.731028534497 0.9969925222248865
1077.7742345416584 -1359.6599672644775 0.9969685887672816
1082.5162974370103 -1318.522873540292 0.9969449886521605
1085.7586225986345 -1278.514960423719 0.9969218469969355
1087.5668347184119 -1239.727611827589 0.9968992316385455
1100.0710873496664 -1204.408108757418 0.9968784831387862
1099.3723457462165 -1167.9004586435553 0.9968568800982041
1109.801425913089 -1134.1886634916968 0.996836789124112
1119.3605010886197 -1101.1845581538034 0.9968169865638133
1128.120200868556 -1068.9589729466998 0.996797522962109
1136.1683831852836 -1037.5785923290152 0.996778447357465
1143.6080327077257 -1007.1100073887426 0.9967598096314711
1150.5645860316529 -977.6172850631771 0.9967853240990306
1157.1963667308244 -949.1585810947422 0.9968238491099507
1176.7685134423582 -920.1946418668614 0.9968635854698977
1183.5052207818733 -893.5471744762739 0.9969005368361765
1203.9888781189547 -865.6869090782383 0.9969394984886809
1212.2804239716163 -841.1995223930602 0.9969739643891491
1234.975066323574 -815.7618622227577 0.9970099349354142
1257.890848398028 -793.7003621284344 0.9970412317478318
1285.3616320750857 -772.6363154492667 0.9970711711946647
1309.9319372235695 -758.1764206621015 0.997091743122096
NaN NaN NaN
NaN NaN NaN
800.8488045304397 495.15917059418155 0.997547962363423
542.1921841348676 555.0181760763653 0.9975208000280469
383.28811782984627 592.6640529466151 0.9975035476177352
267.1573104419815 619.3038676693665 0.997491259205489
179.5087108133598 638.8048621903788 0.9974822215802333
120.12607403766016 653.425657110371 0.9974754221570535
74.81855828460331 665.199309829827 0.9974699321185587
29.651140086927583 674.6567129700845 0.9974655126337602
-1.621008489726442 682.7931357848327 0.9974617036548635
-32.804385167889144 689.3855301290106 0.9974586128805107
-63.84186015543784 694.4460819029683 0.9974562374872761
-81.36523748170242 700.0701901836042 0.997453594700127
-98.90500947927995 704.9137587117516 0.9974513162723804
-116.43143312310542 708.9829618012245 0.997449400376269
-133.91496008490833 712.2849099305889 0.9974478445622567
-151.32626631561868 714.8276420771874 0.9974466457653389
-168.63628145246037 716.6201174404945 0.9974458003127665
-173.46816921927436 721.8603834249042 0.9974433268843899
-190.67944963415283 722.5173010637076 0.9974430166308097
-195.75432799118727 727.3037801864234 0.9974407547904063
-212.78683252893177 726.8501972942568 0.9974409692242799
-218.05799311842782 731.1882698437868 0.9974389175673476
-234.83320241292927 729.653736690646 0.9974396435190844
-240.2545256702569 733.5515436017004 0.9974377991155097
-245.85359799720362 737.3829898989407 0.9974359846905494
-262.2218938291497 734.4384173347531 0.9974373792518559
-267.9107940264648 737.8401282268626 0.997435768113269
-273.75853323711027 741.1717738276235 0.9974341890808651
-279.76110345460063 744.4300307345721 0.9974326437979817
-295.4544690955358 739.8044016283761 0.9974348372756782
-301.47314953005815 742.649459893835 0.9974334883901392
-307.62771371921525 745.4193265634068 0.9974321744056011
-313.91394536658197 748.1110874959983 0.9974308967653733
-320.3275384149666 750.7218967457388 0.9974296568817419
-326.8640999914367 753.2489811129235 0.997428456133498
-341.2842502231662 746.4619437622084 0.9974316796117524
-347.73729281302724 748.6060717931213 0.9974306617458436
-354.29456477252023 750.6673608941519 0.9974296827877523
-360.95157556110604 752.6435021073688 0.997428743883935
-367.70376661087187 754.5322741246223 0.99742784613892
-374.54651444018043 756.3315469303872 0.9974269906133055
-381.47513381118785 758.0392852862951 0.9974261783218331
-388.4848809286402 759.6535520522747 0.997425410231545
-395.5709566780994 761.1725113395441 0.9974246872600255
-402.72850990132844 762.5944314913496 0.9974240102737333
-414.3584758976065 753.0200614578999 0.997428564930413
-421.28770156520335 754.1279656235715 0.9974280383381997
-428.2708159291103 755.1440497308935 0.9974275552843985
-435.3030377677972 756.0670941894888 0.9974271163759652
-442.37955234613275 756.8959893913521 0.9974267221655058
-449.495514702099 757.6297375523307 0.9974263731502493
-456.64605295382154 758.2674543646651 0.9974260697711236
-463.8262716247198 758.8083704590334 0.997425812411936
-471.03125498464436 759.2518326744108 0.9974256013986604
-478.2560704045479 759.5973051346813 0.9974254369988321
-485.4957717225893 759.8443701308605 0.9974253194210508
-492.74540261938625 759.9927288081245 0.9974252488145937
500 760.0422016569709 0.9974252252691376
492.74540261938625 759.9927288081245 0.9974252488145937
485.4957717225893 759.8443701308605 0.9974253194210508
478.2560704045481 759.5973051346813 0.9974254369988321
471.0312549846444 759.2518326744108 0.9974256013986604
463.8262716247198 758.8083704590334 0.997425812411936
456.64605295382154 758.2674543646651 0.9974260697711236
449.495514702099 757.6297375523307 0.9974263731502493
442.37955234613275 756.8959893913521 0.9974267221655058
435.3030377677972 756.0670941894888 0.9974271163759652
428.27081592911037 755.1440497308935 0.9974275552843985
421.28770156520335 754.1279656235715 0.9974280383381997
414.3584758976065 753.0200614578999 0.997428564930413
402.72850990132844 762.5944314913496 0.9974240102737333
395.57095667809944 761.1725113395441 0.9974246872600255
388.4848809286402 759.6535520522747 0.997425410231545
381.4751338111879 758.0392852862951 0.9974261783218331
374.54651444018043 756.3315469303872 0.9974269906133055
367.70376661087187 754.5322741246223 0.99742784613892
360.95157556110604 752.6435021073688 0.997428743883935
354.29456477252023 750.6673608941519 0.9974296827877523
347.7372928130273 748.6060717931213 0.9974306617458436
341.2842502231663 746.4619437622084 0.9974316796117524
326.8640999914367 753.2489811129235 0.997428456133498
320.3275384149666 750.7218967457388 0.9974296568817419
313.91394536658197 748.1110874959983 0.9974308967653733
307.6277137192153 745.4193265634069 0.9974321744056011
301.4731495300582 742.649459893835 0.9974334883901392
295.4544690955359 739.8044016283761 0.9974348372756782
279.76110345460063 744.4300307345721 0.9974326437979817
273.75853323711027 741.1717738276235 0.9974341890808651
267.9107940264648 737.8401282268626 0.997435768113269
262.22189382914985 734.4384173347532 0.9974373792518559
245.85359799720362 737.3829898989407 0.9974359846905494
240.254525670257 733.5515436017005 0.9974377991155097
234.83320241292927 729.653736690646 0.9974396435190844
218.05799311842782 731.1882698437868 0.9974389175673476
212.78683252893177 726.8501972942568 0.9974409692242799
195.75432799118738 727.3037801864235 0.9974407547904063
190.67944963415283 722.5173010637077 0.9974430166308097
173.46816921927447 721.8603834249043 0.9974433268843899
168.63628145246037 716.6201174404945 0.9974458003127665
151.32626631561868 714.8276420771874 0.9974466457653389
133.91496008490833 712.2849099305889 0.9974478445622567
116.43143312310548 708.9829618012246 0.997449400376269
98.90500947928007 704.9137587117517 0.9974513162723804
81.36523748170248 700.0701901836043 0.997453594700127
63.84186015543784 694.4460819029683 0.9974562374872761
32.804385167889144 689.3855301290106 0.9974586128805107
1.621008489726442 682.7931357848327 0.9974617036548635
-29.65114008692755 674.6567129700848 0.9974655126337602
-74.8185582846033 665.1993098298273 0.9974699321185587
-120.12607403766012 653.4256571103716 0.9974754221570535
-179.5087108133598 638.8048621903788 0.9974822215802333
-267.1573104419815 619.3038676693665 0.997491259205489
-383.28811782984627 592.6640529466151 0.9975035476177352
-542.1921841348674 555.0181760763663 0.9975208000280469
-800.8488045304397 495.15917059418155 0.997547962363423
NaN NaN NaN
NaN NaN NaN
-1309.9319372235695 -758.1764206621015 0.997091743122096
-1285.3616320750857 -772.6363154492667 0.9970711711946647
-1257.890848398028 -793.7003621284344 0.9970412317478318
-1234.975066323574 -815.7618622227577 0.9970099349354142
-1212.2804239716163 -841.1995223930602 0.9969739643891491
-1203.9888781189547 -865.6869090782383 0.9969394984886809
-1183.5052207818733 -893.5471744762739 0.9969005368361765
-1176.7685134423596 -920.1946418668597 0.9968635854698977
-1157.1963667308248 -949.1585810947411 0.9968238491099507
-1150.5645860316529 -977.6172850631764 0.9967853240990306
-1143.608032707726 -1007.1100073887424 0.9967598096314711
-1136.1683831852836 -1037.5785923290152 0.996778447357465
-1128.120200868556 -1068.9589729466998 0.996797522962109
-1119.3605010886201 -1101.184558153803 0.9968169865638133
-1109.801425913089 -1134.1886634916966 0.996836789124112
-1099.3723457462174 -1167.9004586435542 0.9968568800982041
-1100.0710873496666 -1204.4081087574175 0.9968784831387862
-1087.5668347184119 -1239.727611827589 0.9968992316385455
-1085.7586225986345 -1278.514960423719 0.9969218469969355
-1082.5162974370098 -1318.522873540293 0.9969449886521605
-1077.774234541658 -1359.6599672644775 0.9969685887672816
-1071.7666011340955 -1401.7310285344954 0.9969925222248865
-1064.6480919022333 -1444.6173340757562 0.9970167105258597
-1056.3137787030303 -1488.3048055701377 0.9970411356926775
-1057.500394797106 -1538.018323401235 0.997068668436095
-1056.976070332996 -1589.194166989287 0.997096723104815
-1044.120925025085 -1635.788487504793 0.9971220146417468
-1040.033422615759 -1689.3486165397458 0.997150794079723
-1044.0867921020106 -1750.8820184542667 0.9971834749792086
-1035.711640511549 -1807.2551912488682 0.9972130601162356
-1034.9006035824375 -1872.1374671177052 0.9972466957578295
-1031.4053844213208 -1938.7161275855176 0.9972807548205007
-1025.1265647723117 -2006.8743100858426 0.997315149895247
-1025.047729527187 -2084.936970547333 0.9973539648657248
-1021.5240063841889 -2164.993926360772 0.9973931399429475
-945.8764289589495 -2174.398731128382 0.9973977005918503
-871.0242072784042 -2181.3208839462272 0.997401051796464
-797.0552019222812 -2185.8105520984614 0.9974032228613029
-724.0535970706862 -2187.921092705277 0.9974042427725559
-659.4185877612897 -2197.444678870356 0.9974088396010923
-595.273185669937 -2205.034024960141 0.9974124964798944
-531.6800062456542 -2210.7205862861915 0.9974152328376716
-468.7002688377611 -2214.5381775192304 0.9974170680874296
-406.39374287157983 -2216.5228950825845 0.9974180216509757
-344.8186942501413 -2216.7130436853113 0.9974181129883559
-289.3797994960199 -2225.7892155656255 0.9974224686210231
-229.09490205943993 -2222.626435116223 0.997420951717935
-174.3624916890029 -2228.6545725137075 0.9974238420392011
-119.88091765043714 -2233.2525627419695 0.9974260442777403
-65.68961639476065 -2236.4336430807266 0.9974275666796697
-11.831707061731008 -2238.21841508645 0.9974284204073328
41.65431949959461 -2238.6229624058537 0.9974286138756219
94.72649011154564 -2237.6723563211617 0.9974281592383537
144.80727675778536 -2246.7767523637967 0.9974325099227093
197.3006442051768 -2243.2223269464753 0.9974308123356141
247.44925757921828 -2249.86745783292 0.9974339850464838
299.21916919440764 -2243.7684228330013 0.9974310732293573
349.30017719854095 -2247.9713176598043 0.997433080171006
399.4790448233984 -2250.9760341901756 0.9974345139202693
449.7231952546627 -2252.779923317889 0.9974353742568197
500 -2253.3813961979263 0.9974356610500875
550.2768047453372 -2252.779923317889 0.9974353742568197
600.5209551766011 -2250.9760341901756 0.9974345139202693
650.6998228014595 -2247.9713176598043 0.997433080171006
700.7808308055912 -2243.7684228330013 0.9974310732293573
752.5507424207805 -2249.86745783292 0.9974339850464838
802.6993557948235 -2243.2223269464753 0.9974308123356141
855.1927232422139 -2246.7767523637967 0.9974325099227093
905.2735098884539 -2237.6723563211617 0.9974281592383537
958.3456805004043 -2238.6229624058537 0.9974286138756219
1011.8317070617304 -2238.21841508645 0.9974284204073328
1014.4582806870566 -2094.2569226041524 0.9973585581862736
1017.4968937599488 -1976.448866100213 0.9972998547094832
1022.9654246227716 -1883.0494847584139 0.9972523094075547
1028.0031090045238 -1802.6002628090473 0.9972106299326158
1033.6124097491786 -1734.325117182926 0.9971747214551762
1035.4253628924903 -1668.495149541582 0.9971396259702137
1044.7457543160842 -1622.404457124988 0.9971147741519171
1045.7072221059118 -1569.5276146540787 0.9970859762432565
1055.9000534734862 -1534.5751673194477 0.9970667704376944
1057.8930684355726 -1493.094474992176 0.9970438004250369
1064.0150252461776 -1460.4631749943658 0.9970255947333996
1068.216207418847 -1428.9434582996773 0.9970078946484742
1077.6617399720317 -1405.148516771486 0.9969944574330267
1085.782439206991 -1381.993051070915 0.9969813190359214
1092.6078358494638 -1359.5366197989388 0.9969685182969824
1098.1690747805385 -1337.8357738911534 0.9969560928363057
1102.499351300118 -1316.943900462697 0.9969440788808286
1113.9247025349216 -1301.8501743629297 0.9969353674942735
1116.1027572139824 -1282.376584327433 0.9969240888481202
1125.859253901478 -1268.1451494145128 0.9969158181601072
1134.91693885927 -1254.2432603216819 0.9969077159424031
1134.1681442562206 -1236.9948570522574 0.9968976315692344
1141.6736524614807 -1224.1307009884822 0.996890087503779
1148.5294500016946 -1211.6703627443223 0.9968827614910929
1154.751354504095 -1199.6342313526807 0.996875667313686
1170.2141883131476 -1190.5208199532758 0.9968702842914252
1175.3805642305545 -1179.0820197163084 0.9968635136537213
1179.9520686401258 -1168.120330584856 0.9968570106839398
1183.9435680507422 -1157.6504032212451 0.9968507859544835
1197.9083009862668 -1148.987473799284 0.9968456255583799
1200.9361782904602 -1139.2363525725568 0.9968398060981354
1214.2876291136633 -1130.754883777761 0.9968347350106577
1216.393875091459 -1121.7727650436457 0.9968293550770071
1229.1638942468826 -1113.5243133398699 0.9968244059522479
1230.3942476366867 -1105.3534465431962 0.9968194952198389
1242.618562030348 -1097.3871424627605 0.996814699599561
1254.6688784096827 -1089.451022611516 0.9968099144493057
1254.739909832631 -1082.42565540778 0.9968056720215639
1266.3090986836935 -1074.8451658592132 0.9968010875939273
1277.7389761754157 -1067.3375288830914 0.9967965402815527
1289.0393983406032 -1059.9228120063603 0.9967920424574569
1287.7361594669653 -1054.500857500369 0.9967887491795564
1298.618135038139 -1047.5894517645409 0.9967845459664023
1309.5000345051255 -1040.7913435193143 0.9967804059111411
1320.4510730880127 -1034.109610504719 0.9967763311690971
1331.558987924221 -1027.5465073502405 0.9967723233986402
1342.947556891405 -1021.0985132241669 0.9967683807273283
1354.7993891228648 -1014.7519694777471 0.9967644950563235
1367.401545977387 -1008.4737922205811 0.9967606463243679
1379.7549879134467 -1002.835588485061 0.9967571857431909
NaN NaN NaN
NaN NaN NaN
NaN NaN NaN
NaN NaN NaN
NaN NaN NaN
NaN NaN NaN
NaN NaN NaN
NaN NaN NaN
NaN NaN NaN
NaN NaN NaN
998.3789915102698 682.7931357848327 0.9974617036548635
967.1956148321096 689.3855301290106 0.9974586128805107
936.1581398445625 694.4460819029683 0.9974562374872761
918.6347625182984 700.0701901836042 0.997453594700127
901.0949905207137 704.9137587117516 0.9974513162723804
883.5685668768891 708.9829618012245 0.997449400376269
866.0850399150986 712.2849099305889 0.9974478445622567
848.6737336843694 714.8276420771874 0.9974466457653389
831.3637185475275 716.6201174404945 0.9974458003127665
826.5318307807345 721.8603834249042 0.9974433268843899
809.3205503658352 722.5173010637076 0.9974430166308097
804.2456720088127 727.3037801864234 0.9974407547904063
787.213167471056 726.8501972942568 0.9974409692242799
781.9420068815843 731.1882698437868 0.9974389175673476
765.1667975870707 729.653736690646 0.9974396435190844
759.7454743297546 733.5515436017004 0.9974377991155097
754.1464020028089 737.3829898989407 0.9974359846905494
737.7781061708627 734.4384173347531 0.9974373792518559
732.0892059735353 737.8401282268626 0.997435768113269
726.2414667628772 741.1717738276235 0.9974341890808651
720.2388965453994 744.4300307345721 0.9974326437979817
704.5455309044642 739.8044016283761 0.9974348372756782
698.5268504699541 742.649459893835 0.9974334883901392
692.3722862807849 745.4193265634068 0.9974321744056011
686.0860546334179 748.1110874959983 0.9974308967653733
679.6724615850211 750.7218967457388 0.9974296568817419
673.1359000085633 753.2489811129235 0.997428456133498
658.7157497768463 746.4619437622084 0.9974316796117524
652.2627071869728 748.6060717931213 0.9974306617458436
645.7054352274922 750.6673608941519 0.9974296827877523
639.0484244388814 752.6435021073688 0.997428743883935
632.2962333891284 754.5322741246223 0.99742784613892
625.4534855598196 756.3315469303872 0.9974269906133055
618.5248661887996 758.0392852862951 0.9974261783218331
611.5151190713473 759.6535520522747 0.997425410231545
604.4290433218882 761.1725113395441 0.9974246872600255
597.2714900986591 762.5944314913496 0.9974240102737333
585.6415241023934 753.0200614578999 0.997428564930413
578.7122984348091 754.1279656235715 0.9974280383381997
571.7291840709022 755.1440497308935 0.9974275552843985
564.6969622322027 756.0670941894888 0.9974271163759652
557.6204476538546 756.8959893913521 0.9974267221655058
550.5044852978886 757.6297375523307 0.9974263731502493
543.3539470461784 758.2674543646651 0.9974260697711236
536.1737283752801 758.8083704590334 0.997425812411936
528.9687450153674 759.2518326744108 0.9974256013986604
521.7439295954521 759.5973051346813 0.9974254369988321
514.5042282774072 759.8443701308605 0.9974253194210508
507.25459738061375 759.9927288081245 0.9974252488145937
