0 215.97939032550883
-3.9216313850664775 215.94104614137078
-7.8405808208412004 215.8260471582121
-11.75416818045324 215.63449404484012
-15.6597169806678 215.36655445245472
-19.55455620068762 215.02246281967794
-23.65906288202512 215.74668543112335
-27.56128998644672 215.24468332765164
-31.4446684638488 214.6666300891008
-35.6393841172793 215.13445122473757
-39.51329469721227 214.39631076557527
-43.76512600736389 214.68414070864998
-47.618015638685186 213.78452609949517
-51.914278108581456 213.8873609394631
-56.24540624906909 213.88929620647184
-60.06214923124289 212.7389825257289
-64.41774210503581 212.54871884356885
-68.79748706701795 212.25293219374078
-73.19757462843796 211.8499646614594
-77.61413565173046 211.3382627738096
-82.04324455859296 210.71637915077238
-86.48092260479876 209.98297404680008
-91.69967299730394 210.05959673855705
-96.17340110740675 209.0779482377136
-101.48097214731462 208.85926868995233
-105.9720375844554 207.62200436108614
-111.34719070632697 207.09785625008533
-116.76230511776693 206.40509474901515
-122.21119478010345 205.54086431364578
-127.68757385316033 204.50249415944666
-133.18506265233538 203.28750128612865
-139.73141831981448 202.5927991292358
-146.33655279160297 201.659865064648
-152.9916796155122 200.48473602598955
-159.68787751534117 199.06372425908089
-166.41609927153092 197.39342165987236
-174.32067007712664 196.02021976653026
-183.4569601571182 194.84579809951614
-191.48393176302432 192.79805742472118
-200.75881817128138 190.87495235349868
-211.3268633585974 188.97247917956813
-221.9751383992739 186.59911222215808
-233.95666380831537 184.0995492602853
-247.30346407159098 181.36386746999884
-262.04215226921417 178.28010731272798
-278.19386091411513 174.73452004899968
-297.10526123348166 170.82002393672784
-318.82513386593786 166.31064406875333
-342.03518258702854 160.8424669920693
-370.8298895373649 154.5892071452138
-403.9110575472074 147.03408084925292
-444.0805333091987 137.87607820135267
-494.1895960507341 126.51192764874958
-557.1203768388415 112.03527809125654
-639.9923639784434 92.97100361541462
-752.8122657402582 66.8474198790063
-916.9830207998166 28.872241515231337
NaN NaN
NaN NaN
-1041.6183502605595 -57.057625311312556
-1023.8966640706751 -122.55572174276067
-1020.0966011018871 -143.24161817124673
-1017.1018053091394 -168.12170955897386
-1014.4649807998958 -192.98395381833308
-1011.7933065498493 -217.93752768172763
-1009.7777625896827 -243.32226762566643
-1008.3309001803294 -269.09820196728344
-1006.362258654711 -295.162932719203
-1005.0412034970108 -321.08561002789946
-1003.1498400418634 -347.1803541397187
-1001.8685228684622 -373.2728757515658
-1001.1761130848669 -399.50491586566716
-992.4440318451382 -426.21833190718223
-983.0233629264285 -452.58278165054924
-972.9259146653709 -478.5952216488735
-962.1630134582664 -504.2501866295331
-950.7457882522426 -529.5403362614471
-938.6853648059978 -554.4569050081252
-925.9929480089089 -578.9901045998464
-912.6799087904759 -603.1294026052573
-898.7578180597905 -626.8637611240573
-884.2384755105354 -650.1818147900304
-869.1339246457658 -673.0720122618629
-853.456451619456 -695.5227312489602
-837.2186082688809 -717.5223579954085
-820.4331659530795 -739.059374331204
-803.113141958515 -760.1223997170888
-785.2718096993779 -780.7002356309882
-766.9226278399477 -800.7819153223047
-748.0792807230084 -820.3567205835227
-728.755665874229 -839.4142091246629
-708.9658414245835 -857.9442346218225
-688.7240759290169 -875.9369603985463
-668.0447821898553 -893.3828711213429
-646.9425361856047 -910.2727821761249
-625.4320644851076 -926.5978480305072
-603.5282322380552 -942.349568331284
-581.2459955403658 -957.5197783127259
-558.6004862862314 -972.1006828057187
-535.6068854581393 -986.0848166271778
-512.2805039250857 -999.465078310543
-488.6408818901942 -1012.2375863542292
-464.7074257736794 -1024.3999350932495
-440.49290939434553 -1035.9458211468864
-416.01058936015176 -1046.8690568429045
-391.2741005008669 -1057.1635575050714
-366.2975459077125 -1066.8235009020807
-341.09533199268424 -1075.8432340664667
-315.6822643293003 -1084.2174439964385
-290.0734313822558 -1091.9410939619038
-264.2841980326622 -1099.0094674162006
-238.33019138329965 -1105.418210800426
-212.2272607814763 -1111.1633320440972
-185.99145234303282 -1116.2412091804156
-159.63899836326271 -1120.6486357477256
-133.18628156597165 -1124.3828083554836
-106.64980976352525 -1127.4413165056033
-80.04620864645574 -1129.8222090285917
-53.3921851770174 -1131.5239497822645
-26.70451091456174 -1132.545439718482
0 -1132.8860094405711
26.704510914561297 -1132.545439718482
53.39218517701703 -1131.5239497822645
80.04620864645574 -1129.8222090285917
106.64980976352471 -1127.4413165056033
133.1862815659712 -1124.3828083554836
159.63899836326271 -1120.6486357477256
185.9914523430325 -1116.2412091804156
212.22726078147574 -1111.1633320440972
238.33019138329965 -1105.418210800426
264.28419803266183 -1099.0094674162006
290.0734313822556 -1091.9410939619038
315.6822643293003 -1084.2174439964385
341.09533199268395 -1075.843234066467
366.29754590771205 -1066.8235009020807
391.2741005008669 -1057.1635575050714
416.0105893601514 -1046.8690568429047
440.49290939434525 -1035.9458211468868
464.7074257736794 -1024.3999350932495
488.640881890194 -1012.2375863542292
512.2805039250857 -999.465078310543
535.6068854581393 -986.0848166271778
558.6004862862314 -972.1006828057187
581.2459955403658 -957.5197783127259
603.5282322380552 -942.349568331284
625.4320644851074 -926.5978480305072
646.9425361856047 -910.2727821761248
668.0447821898553 -893.3828711213429
688.7240759290161 -875.9369603985466
708.965841424583 -857.9442346218232
728.755665874229 -839.4142091246629
748.0792807230077 -820.3567205835233
766.9226278399477 -800.7819153223048
785.2718096993776 -780.7002356309883
803.1131419585148 -760.122399717089
820.4331659530797 -739.059374331204
837.2186082688809 -717.5223579954085
853.456451619456 -695.5227312489602
869.1339246457657 -673.0720122618634
884.2384755105354 -650.1818147900304
898.7578180597901 -626.8637611240576
912.6799087904759 -603.1294026052573
925.9929480089089 -578.9901045998464
938.6853648059978 -554.4569050081252
950.7457882522426 -529.5403362614472
962.1630134582666 -504.2501866295327
972.9259146653709 -478.5952216488736
983.023362926428 -452.58278165055043
992.4440318451382 -426.21833190718223
1001.1761130848669 -399.50491586566716
1001.8685228684618 -373.2728757515673
1003.1498400418632 -347.1803541397207
1005.0412034970108 -321.08561002789907
1006.3622586547104 -295.1629327192056
1008.3309001803294 -269.09820196728344
1009.7777625896827 -243.32226762566643
1011.7933065498493 -217.93752768172763
1014.4649807998958 -192.98395381833308
1017.1018053091394 -168.12170955897386
1020.0966011018871 -143.24161817124673
1023.8966640706751 -122.55572174276067
1041.6183502605595 -57.057625311312556
NaN NaN
NaN NaN
916.9830207998168 28.87224151522954
752.8122657402582 66.8474198790063
639.9923639784434 92.97100361541462
557.1203768388415 112.03527809125654
494.18959605073417 126.51192764874911
444.0805333091988 137.87607820135253
403.9110575472074 147.03408084925272
370.8298895373649 154.5892071452138
342.03518258702854 160.8424669920693
318.82513386593786 166.31064406875333
297.10526123348166 170.82002393672778
278.19386091411513 174.7345200489997
262.0421522692142 178.28010731272786
247.30346407159098 181.36386746999884
233.95666380831537 184.0995492602853
221.9751383992739 186.59911222215808
211.3268633585975 188.97247917956793
200.7588181712814 190.8749523534986
191.48393176302432 192.7980574247211
183.4569601571182 194.84579809951614
174.32067007712664 196.02021976653026
166.41609927153092 197.39342165987236
159.68787751534126 199.06372425908077
152.99167961551223 200.48473602598955
146.33655279160297 201.65986506464796
139.73141831981448 202.5927991292358
133.18506265233538 203.28750128612865
127.68757385316033 204.50249415944666
122.21119478010357 205.54086431364573
116.76230511776697 206.4050947490144
111.347190706327 207.0978562500853
105.9720375844554 207.62200436108614
101.48097214731462 208.85926868995233
96.17340110740675 209.0779482377136
91.699672997304 210.05959673855693
86.48092260479879 209.98297404680008
82.04324455859297 210.71637915077238
77.61413565173046 211.3382627738096
73.19757462843796 211.8499646614594
68.79748706701795 212.25293219374078
64.41774210503588 212.54871884356882
60.06214923124294 212.7389825257289
56.24540624906912 213.88929620647178
51.914278108581456 213.8873609394631
47.618015638685186 213.78452609949517
43.76512600736389 214.68414070864998
39.51329469721232 214.39631076557524
35.63938411727934 215.13445122473757
31.444668463848853 214.66663008910078
27.56128998644672 215.24468332765164
23.65906288202512 215.74668543112335
19.55455620068762 215.02246281967794
15.659716980667845 215.3665544524547
11.754168180453282 215.63449404484012
7.840580820841245 215.8260471582121
3.9216313850664775 215.94104614137078
