0 226.2693903255085
-3.982937354885079 226.23086351477778
-7.96315074442899 226.11531713298794
-11.937918054507078 225.92285329127927
-15.904520872202527 225.65364204101385
-19.860246333344243 225.3079211732365
-24.025429751056272 226.03016126944152
-27.988082502300696 225.525828601813
-31.931594124254126 224.9451029037383
-36.186109207710736 225.4099167458462
-40.11944451960236 224.66844211173816
-44.430285136902356 224.95261982351383
-48.341728208529936 224.04904460336337
-52.69604812228751 224.14762095788691
-57.084697920519105 224.14501117375914
-60.958387351848906 222.98987796130785
-65.37031243795809 222.794533099197
-69.80573676813256 222.49341716957088
-74.26081269376255 222.08488648902852
-78.73163339100489 221.56740246406255
-83.21423609468741 220.93953320529002
-87.70460539860628 220.19995503044404
-92.97520839776232 220.27023381183375
-97.49991492626695 219.28208764720728
-102.85755525826556 219.05677421525843
-107.39774654619505 217.81275771677159
-112.82104840914867 217.2817574412714
-118.28330145322239 216.58206237928349
-123.77828733327925 215.71083584407728
-129.29968861709898 214.66542611769069
-134.84109476410396 213.44336942453918
-141.43023281772454 212.74159853121836
-148.07698539305522 211.80161019849004
-154.77253751493905 210.6194607455887
-161.50794020169295 209.19148175112994
-168.2741193647575 207.51428433719266
-176.21537418306605 206.13427910741513
-185.38704974021852 204.95316443309721
-193.44808403629497 202.8988596625342
-202.755687002867 200.96933766759483
-213.35508019434565 199.06061262769364
-224.0333132006783 196.68117632068768
-236.04338600517403 194.17574350579014
-249.41730352874524 191.4344078104859
-264.18166026668825 188.34522556979493
-280.35757113999875 184.79446329229916
-299.2916907888648 180.87505381233487
-321.0327842812191 176.36103608319326
-344.2625408488858 170.88850975393981
-373.0754291257073 164.6312015665023
-406.1732394813663 157.07233930860588
-446.3578072026763 147.91092367171703
-496.4804011737553 136.54369279195083
-559.4231431880013 122.06430432221077
-642.3055133527156 102.99764013881082
-755.1342128226054 76.87202270140226
-919.3121742436915 38.89517243562042
NaN NaN
NaN NaN
NaN NaN
-1043.1778623469827 -144.89559454774516
-1036.798373675551 -165.05708523405858
-1031.485054269298 -189.19353053587898
-1027.0855840551988 -213.30420320941934
-1023.0194101929151 -237.53885567561855
-1019.8573515708379 -262.2425330747516
-1017.4514936669319 -287.3810270514177
-1014.6708092905754 -312.8539659264654
-1012.6623560371911 -338.2365327335791
-1010.1744019550032 -363.8312360927875
-1008.3727151415932 -389.46295302085866
-1007.219643263934 -415.2667869755543
-1005.4429057022338 -441.4003824881468
-1004.2260020447958 -467.853257264032
-1002.297610810098 -494.669372580012
-1000.8391219142613 -521.9354625421399
-991.3275905190059 -548.5536860597686
-978.7102634994748 -574.5290220793985
-965.4350004186222 -600.101379891138
-951.5137727814547 -625.2599964510651
-936.958765909399 -649.9935515508172
-921.7824059796358 -674.2903647272685
-905.9973733690124 -698.1385503564424
-889.6165998884803 -721.5261425882318
-872.6532903218756 -744.4411820971181
-855.1208747743759 -766.8718085197271
-837.0330337495554 -788.8063064509175
-818.4037070565059 -810.2331527468979
-799.2470216739514 -831.1410683990339
-779.5773310670626 -851.5190367963407
-759.4092016102239 -871.3563321198058
-738.7573590118445 -890.64254003031
-717.6367372193705 -909.3675716896452
-696.0624114034331 -927.5216755569069
-674.0496161245844 -945.0954466739961
-651.6137320606722 -962.0798347821639
-628.7702733899181 -978.4661500500162
-605.5348396588382 -994.2460530274872
-581.9260437729766 -1009.4129764334766
-557.9701197329124 -1023.9656154007238
-533.6803610322922 -1037.8978353075365
-509.0690521263625 -1051.2027078171304
-484.1491116730551 -1063.8733338579468
-458.93397501468934 -1075.9028731336907
-433.4376168885626 -1087.2846585119262
-407.6744014112534 -1098.012154889936
-381.6591716088719 -1108.079118218276
-355.40708385245864 -1117.4795018911707
-328.9337031552664 -1126.207627196886
-302.2548862602165 -1134.258119344012
-275.38677454875676 -1141.6259511871867
-248.34577921376024 -1148.3064858897353
-221.14854062612264 -1154.2954752988999
-193.81190219635894 -1159.5890684683043
-166.35289911998768 -1164.1838570072885
-138.78872194036836 -1168.0768625867256
-111.13669051870208 -1171.2655267150556
-83.41424613582554 -1173.747777177653
-55.63891417810115 -1175.5219836942035
-27.82828676002446 -1176.5869799824984
0 -1176.9420563036151
27.828286760024 -1176.5869799824984
55.63891417810077 -1175.5219836942035
83.41424613582554 -1173.747777177653
111.13669051870154 -1171.2655267150556
138.78872194036788 -1168.0768625867256
166.35289911998768 -1164.1838570072885
193.81190219635863 -1159.5890684683043
221.14854062612207 -1154.2954752988999
248.34577921376024 -1148.3064858897353
275.3867745487564 -1141.6259511871867
302.25488626021627 -1134.258119344012
328.9337031552664 -1126.207627196886
355.40708385245836 -1117.479501891171
381.6591716088714 -1108.079118218276
407.6744014112534 -1098.012154889936
433.4376168885622 -1087.2846585119264
458.93397501468905 -1075.9028731336912
484.1491116730551 -1063.8733338579468
509.06905212636235 -1051.2027078171304
533.6803610322922 -1037.8978353075365
557.9701197329124 -1023.9656154007238
581.9260437729766 -1009.4129764334766
605.5348396588382 -994.2460530274872
628.7702733899181 -978.4661500500162
651.613732060672 -962.0798347821639
674.0496161245844 -945.095446673996
696.0624114034331 -927.5216755569069
717.6367372193697 -909.3675716896455
738.7573590118441 -890.6425400303108
759.4092016102239 -871.3563321198058
779.5773310670619 -851.5190367963413
799.2470216739513 -831.141068399034
818.4037070565057 -810.233152746898
837.0330337495552 -788.8063064509178
855.1208747743761 -766.8718085197271
872.6532903218756 -744.4411820971181
889.6165998884803 -721.5261425882318
905.9973733690123 -698.1385503564428
921.7824059796358 -674.2903647272685
936.9587659093984 -649.9935515508175
951.5137727814547 -625.2599964510651
965.4350004186222 -600.101379891138
978.7102634994748 -574.5290220793985
991.3275905190059 -548.5536860597687
1000.8391219142617 -521.9354625421395
1002.297610810098 -494.66937258001207
1004.2260020447953 -467.8532572640332
1005.4429057022338 -441.4003824881468
1007.219643263934 -415.2667869755543
1008.3727151415927 -389.4629530208601
1010.1744019550028 -363.83123609278937
1012.6623560371911 -338.2365327335787
1014.6708092905745 -312.85396592646794
1017.4514936669319 -287.3810270514177
1019.8573515708379 -262.2425330747516
1023.0194101929151 -237.53885567561855
1027.0855840551988 -213.30420320941934
1031.485054269298 -189.19353053587898
1036.798373675551 -165.05708523405858
1043.1778623469827 -144.89559454774516
NaN NaN
NaN NaN
NaN NaN
919.3121742436917 38.89517243561862
755.1342128226054 76.87202270140226
642.3055133527156 102.99764013881082
559.4231431880013 122.06430432221077
496.48040117375535 136.54369279195035
446.35780720267644 147.9109236717169
406.1732394813663 157.07233930860568
373.0754291257073 164.6312015665023
344.2625408488858 170.88850975393981
321.0327842812191 176.36103608319326
299.2916907888648 180.8750538123348
280.35757113999875 184.79446329229918
264.1816602666883 188.34522556979482
249.41730352874524 191.4344078104859
236.04338600517403 194.17574350579014
224.0333132006783 196.68117632068768
213.35508019434576 199.06061262769344
202.75568700286703 200.96933766759474
193.44808403629497 202.8988596625341
185.38704974021852 204.95316443309721
176.21537418306605 206.13427910741513
168.2741193647575 207.51428433719266
161.50794020169303 209.19148175112983
154.77253751493907 210.6194607455887
148.07698539305522 211.80161019849
141.43023281772454 212.74159853121836
134.84109476410396 213.44336942453918
129.29968861709898 214.66542611769069
123.77828733327937 215.71083584407722
118.28330145322244 216.58206237928275
112.8210484091487 217.28175744127137
107.39774654619505 217.81275771677159
102.85755525826556 219.05677421525843
97.49991492626695 219.28208764720728
92.97520839776239 220.27023381183363
87.7046053986063 220.19995503044404
83.21423609468742 220.93953320529002
78.73163339100489 221.56740246406255
74.26081269376255 222.08488648902852
69.80573676813256 222.49341716957088
65.37031243795816 222.79453309919697
60.958387351848955 222.98987796130785
57.08469792051913 224.1450111737591
52.69604812228751 224.14762095788691
48.341728208529936 224.04904460336337
44.430285136902356 224.95261982351383
40.11944451960241 224.66844211173813
36.18610920771078 225.4099167458462
31.93159412425418 224.94510290373827
27.988082502300696 225.525828601813
24.025429751056272 226.03016126944152
19.860246333344243 225.3079211732365
15.904520872202571 225.65364204101382
11.93791805450712 225.92285329127927
7.963150744429035 226.11531713298794
3.982937354885079 226.23086351477778
