0 1507.782201656976
-11.709497854098752 1507.719457942358
-23.410976058118774 1507.5313216312786
-35.09642044336915 1507.218077042564
-46.75782780021785 1506.7801974430374
-58.38721134833113 1506.218344150993
-69.97660619577879 1505.533365282468
-81.51807478328983 1504.726294141386
-93.00371230998313 1503.798347254998
-104.42565213688866 1502.750922056728
-115.77607116457293 1501.585594218718
-127.04719518125847 1500.304114637015
-138.23130417777486 1498.9084060723137
-154.08011109463848 1508.173326163509
-165.4175714472663 1506.4211322957462
-176.64175583539753 1504.5519537043463
-187.74497704783096 1502.5684545286072
-198.71963050746547 1500.4734551740569
-209.55819946938126 1498.2699269279528
-220.2532601595024 1495.9609862657758
-230.79748685034053 1493.5498888557577
-241.18365687032707 1491.0400232712525
-251.4046555434823 1488.4349044203432
-269.5292375123873 1494.7497782027726
-279.7041676474812 1491.7406315846206
-289.68757251984454 1488.639164675804
-299.47261268584094 1485.4494797895727
-309.0525841796952 1482.1757743600008
-318.42092310190816 1478.822332839704
-337.38590272492263 1482.9364197002803
-346.5798002180786 1479.1648585521598
-355.5363928216794 1475.3195514376323
-364.24954187641225 1471.4052303939025
-383.5554093611227 1473.839652856454
-392.003362871323 1469.5019213572527
-400.18292436152245 1465.103091242551
-419.6238385798112 1466.1432486147387
-427.46634384301177 1461.3188175344935
-446.97407053317175 1461.2954094674924
-454.42635212772393 1456.0426338880275
-473.9155875117774 1454.931413988692
-480.92442078290054 1449.2501086003224
-500.3088799894562 1447.0310905838494
-519.69070713494 1444.077508005995
-539.0394813599818 1440.3815551481043
-558.3246002682076 1435.936301058194
-577.5153102094733 1430.7356944777152
-596.5807366882834 1424.7745682855914
-629.0503151937867 1419.3979708249476
-661.5548682630979 1412.51139706513
-694.0363606358096 1404.1034943497084
-740.3004612105977 1394.3980806762918
-786.5912463104816 1382.4005908496424
-846.8430655190701 1367.580768306387
-935.2461649723934 1347.9061217028304
NaN NaN
NaN NaN
NaN NaN
NaN NaN
NaN NaN
-1501.024810019329 -1576.1358237648683
-1479.7187280968917 -1584.0418006584082
-1457.0928705602091 -1594.0506667057791
-1436.9223178662035 -1604.378209541468
-1418.1280911274368 -1615.100062424166
-1399.5580667780223 -1626.5519673389858
-1394.2970820202643 -1636.940672795564
-1375.7673684575034 -1649.6770899847077
-1357.3595344850578 -1662.716022961526
-1351.7778449342502 -1675.0490783409828
-1333.1473470200954 -1688.8252968000552
-1326.8716363104743 -1702.3694945202249
-1307.7092483328167 -1716.7805048485236
-1300.4882696920704 -1731.4548814656268
-1292.6472946938322 -1746.8073379020414
-1284.1481186916353 -1762.8169859175036
-1274.9543110343634 -1779.4620360699803
-1253.463036038437 -1795.4221710059733
-1254.3579617666564 -1814.558996106544
-1242.9011109750727 -1832.9560228453793
-1230.6377783124303 -1851.8798797567376
-1217.5479085419688 -1871.2983900172376
-1214.27255757742 -1894.011002685868
-1199.2691006300906 -1914.618594215404
-1193.6345289735102 -1939.0742665209145
-1176.6275840362262 -1960.717930082838
-1168.5217578071104 -1986.7461471791005
-1159.0313018322265 -2013.6484201486217
-1157.5292437790674 -2046.1009781661355
-1145.1979991759254 -2074.892453865532
-1140.6409881931877 -2109.779130046341
-1125.5492304908128 -2140.279914483267
-1117.7253184516294 -2177.4202308544113
-1116.5001545183902 -2222.1227931094277
-1104.728757304625 -2261.9335389943176
-1098.9834774897079 -2309.8257045765936
-1090.7423102725602 -2359.3502215771673
-1079.922586283247 -2410.4059992076736
-1073.7326065792902 -2470.901928928294
-1071.3438238588924 -2541.7250708644597
-1065.0961242759367 -2615.020591743506
-1054.8652996254216 -2690.5985257168445
-1003.138085236251 -2712.3463897624283
-939.0245785512105 -2714.2547465128814
-875.6445705434558 -2714.5360016734676
-818.2802345736455 -2722.8463781198707
-756.1916502214534 -2720.084919267441
-699.5428441994969 -2725.628948586334
-643.1495001096406 -2729.874679512198
-587.0490345751904 -2732.833065486793
-531.2825600199233 -2734.52204101778
-475.88666964749154 -2734.9557568948503
-420.90143921498276 -2734.15678393748
-368.84263775180654 -2742.4496255088416
-314.4326074320116 -2739.279923692045
-262.31573266729504 -2745.334429838458
-208.61915006075785 -2739.847251309142
-156.57374666424465 -2743.676661769294
-104.43461422375006 -2746.4148929397797
-52.23294779785933 -2748.059006467647
0 -2748.6072400778094
52.23294779785847 -2748.059006467647
104.43461422374924 -2746.4148929397797
156.57374666424465 -2743.676661769294
208.61915006075716 -2739.847251309142
262.3157326672941 -2745.334429838458
314.4326074320116 -2739.279923692045
368.8426377518057 -2742.4496255088416
420.90143921498174 -2734.15678393748
475.88666964749154 -2734.9557568948503
531.2825600199224 -2734.52204101778
587.0490345751894 -2732.8330654867937
643.1495001096406 -2729.874679512198
699.542844199496 -2725.628948586334
756.1916502214524 -2720.084919267441
818.2802345736455 -2722.8463781198707
875.6445705434553 -2714.536001673468
939.0245785512096 -2714.2547465128823
1003.138085236251 -2712.3463897624283
1054.8652996254207 -2690.598525716845
1065.0961242759365 -2615.020591743506
1071.3438238588924 -2541.7250708644597
1073.7326065792902 -2470.901928928294
1079.9225862832457 -2410.405999207674
1090.7423102725602 -2359.3502215771673
1098.9834774897074 -2309.8257045765936
1104.7287573046249 -2261.933538994318
1116.5001545183902 -2222.1227931094277
1117.7253184516285 -2177.4202308544122
1125.5492304908116 -2140.2799144832675
1140.6409881931877 -2109.779130046341
1145.1979991759251 -2074.892453865532
1157.5292437790674 -2046.1009781661355
1159.031301832226 -2013.6484201486217
1168.5217578071095 -1986.7461471791007
1176.627584036226 -1960.7179300828382
1193.6345289735102 -1939.0742665209145
1199.2691006300906 -1914.618594215404
1214.2725575774177 -1894.0110026858688
1217.547908541968 -1871.2983900172383
1230.6377783124306 -1851.8798797567376
1242.901110975073 -1832.9560228453795
1254.3579617666564 -1814.558996106544
1253.463036038437 -1795.4221710059733
1274.9543110343632 -1779.4620360699803
1284.1481186916349 -1762.816985917504
1292.6472946938318 -1746.8073379020416
1300.4882696920702 -1731.4548814656273
1307.7092483328167 -1716.7805048485236
1326.8716363104743 -1702.3694945202249
1333.1473470200954 -1688.8252968000554
1351.77784493425 -1675.049078340983
1357.3595344850564 -1662.7160229615263
1375.7673684575027 -1649.6770899847077
1394.2970820202643 -1636.940672795564
1399.5580667780223 -1626.5519673389858
1418.1280911274368 -1615.100062424166
1436.9223178662035 -1604.378209541468
1457.0928705602091 -1594.0506667057791
1479.7187280968917 -1584.0418006584082
1501.024810019329 -1576.1358237648683
NaN NaN
NaN NaN
NaN NaN
NaN NaN
NaN NaN
935.2461649723934 1347.9061217028304
846.8430655190701 1367.580768306387
786.5912463104817 1382.4005908496417
740.3004612105977 1394.3980806762916
694.0363606358097 1404.1034943497082
661.5548682630979 1412.51139706513
629.0503151937867 1419.3979708249476
596.5807366882834 1424.7745682855914
577.5153102094735 1430.7356944777152
558.3246002682077 1435.9363010581937
539.0394813599819 1440.381555148104
519.69070713494 1444.077508005995
500.3088799894562 1447.0310905838494
480.92442078290054 1449.2501086003224
473.91558751177746 1454.9314139886917
454.426352127724 1456.0426338880275
446.9740705331718 1461.2954094674924
427.46634384301177 1461.3188175344935
419.6238385798112 1466.1432486147387
400.18292436152245 1465.103091242551
392.0033628713231 1469.5019213572527
383.5554093611227 1473.839652856454
364.2495418764123 1471.4052303939022
355.5363928216794 1475.3195514376323
346.5798002180786 1479.1648585521598
337.38590272492263 1482.9364197002803
318.4209231019083 1478.822332839704
309.05258417969526 1482.1757743600008
299.472612685841 1485.4494797895725
289.68757251984454 1488.639164675804
279.7041676474812 1491.7406315846206
269.5292375123873 1494.7497782027726
251.4046555434824 1488.4349044203432
241.18365687032713 1491.0400232712525
230.7974868503406 1493.5498888557577
220.2532601595024 1495.9609862657758
209.55819946938126 1498.2699269279528
198.71963050746547 1500.4734551740569
187.744977047831 1502.5684545286072
176.6417558353976 1504.5519537043463
165.41757144726634 1506.4211322957462
154.08011109463848 1508.173326163509
138.23130417777486 1498.9084060723137
127.04719518125847 1500.304114637015
115.77607116457297 1501.585594218718
104.42565213688871 1502.750922056728
93.00371230998458 1503.798347254998
81.51807478328983 1504.726294141386
69.97660619577879 1505.533365282468
58.38721134833113 1506.218344150993
46.757827800218 1506.7801974430374
35.09642044337012 1507.218077042564
23.41097605811882 1507.5313216312786
11.709497854098752 1507.719457942358
