0 300.7003903255099
-4.426383869906295 300.6605425157551
-8.84973985838067 300.54103661719984
-13.267042143496505 300.34198517385204
-17.675269020970745 300.0635755982619
-22.071404959560475 299.7060699306471
-26.675483437048285 300.41396983327627
-31.07521503364445 299.8927794182505
-35.45368973451856 299.2927229296126
-40.14075402849813 299.7357840152022
-44.50392823489071 298.97019218231287
-49.24160284056393 299.2279520876921
-53.576582463740294 298.29572844801004
-58.350851221427945 298.36350175782275
-63.15557434400753 298.328016103804
-67.44117642423323 297.1380216119957
-72.26057117942923 296.90592288157393
-77.09874293952822 296.56625849474193
-81.9515680329437 296.1174877084451
-86.81486703842324 295.55817955689236
-91.68440820577058 294.8870141996342
-96.55591094048062 294.10278414546553
-102.2015811277446 294.1271753085384
-107.09503154935578 293.0920293758782
-112.81483976081074 292.8187308483028
-117.71037470277848 291.5258736562326
-123.481952459559 290.9453093908477
-129.28517494634988 290.1954615715578
-135.11359013458224 289.2736299141956
-140.96065207625583 288.17730061565584
-146.81972703923003 286.9041489590447
-153.71832435260734 286.1512475388947
-160.66611454355987 285.16023333328087
-167.65407632079325 283.92730288402254
-174.67306029963746 282.44892761028257
-181.71379803909636 280.72185770314076
-189.92040054936112 279.292641673149
-199.34803105797744 278.06311424600216
-207.65545214628605 275.96132918271496
-217.19970488466973 273.98539143955696
-228.02584863959135 272.03144456913486
-238.9207775975034 269.60810663338515
-251.13734322911833 267.06021521494085
-264.70740893549083 264.27798294000974
-279.6574347817508 261.14958096257925
-296.00840844055693 257.56138608549867
-315.10686457280286 253.60643657922574
-337.00145561842015 249.0588716543087
-360.37376560965333 243.55488573146994
-389.31816548138363 237.26829454715585
-422.53635547178226 229.68240883125895
-462.83008836549783 220.49630590735256
-513.0505582302744 209.10679399444032
-576.0798197802573 194.60759405944637
-659.0372938266174 175.52364432471208
-771.9296300515831 149.38331645006548
-936.1597174877202 111.39437275976884
NaN NaN
NaN NaN
NaN NaN
-1131.2567088615003 -288.62022066004346
-1117.4804484389838 -305.0930722177155
-1104.796071605124 -325.00651801870066
-1094.2256410102027 -345.1512606466396
-1084.8654049096428 -365.6601994773755
-1077.0404437315553 -386.82315941742206
-1070.4958314064838 -408.60683097755896
-1064.0258788015515 -430.9148815144782
-1058.752050939562 -453.35912451190427
-1053.3189956528345 -476.18734160106914
-1048.8602294538798 -499.2282972307815
-1045.284261327993 -522.588083760235
-1041.2761477915797 -546.3979392686683
-1037.9972968583065 -570.6396210700507
-1034.154510162274 -595.3454519532628
-1030.9090133501793 -620.5887474058981
-1028.1897223696346 -646.4649107483451
-1024.7314297661892 -672.8589719752362
-1022.8535717362885 -700.2264809608499
-1020.1072611660172 -728.193940739331
-1017.6052920188902 -757.0481030404195
-1015.2648160410338 -786.8643248203933
-1012.9992342748812 -817.7127559430958
-1010.7182325851151 -849.6579919135296
-1009.4109416730986 -883.2647227561711
-1007.8561213112022 -918.1589957240099
-1005.9497355585019 -954.3837993012569
-1003.5850052217218 -991.9750109348873
-1002.6711304360325 -1032.280026707352
-1001.2276603357792 -1074.148933020841
-979.0752748727031 -1102.3090005338584
-952.444583513073 -1126.9843791875137
-925.2563786752507 -1150.95635953002
-897.5196131285041 -1174.2164364174514
-869.2446785701109 -1196.7550775465359
-840.4432328530517 -1218.5619995092663
-811.1281352140181 -1239.6264142372722
-781.3132422476455 -1259.937188833508
-751.0134257441163 -1279.48303381551
-720.2443830032212 -1298.2525938979813
-689.0227020592077 -1316.2346189668785
-657.3656320042987 -1333.4179704247742
-625.2911530048283 -1349.7917666441588
-592.8178549766882 -1365.3454065111891
-559.964956604378 -1380.0686791472092
-526.752151007316 -1393.9517186381106
-493.1996913996 -1406.9851602128094
-459.3282208104371 -1419.16004375363
-425.15886324343376 -1430.4679826410134
-390.71310189688734 -1440.9010979555283
-356.0127673846405 -1450.4520610472318
-321.0800180958836 -1459.114135350403
-285.9372945661045 -1466.881174014705
-250.60728829057808 -1473.747627906109
-215.11292539179283 -1479.7085907156552
-179.47732494705403 -1484.7597861506715
-143.7237676896504 -1488.8975574884148
-107.87568285319183 -1492.1189341303786
-71.956605451021 -1494.421587033835
-35.99015352471127 -1495.803850812829
0 -1496.2647162361684
35.990153524710685 -1495.803850812829
71.95660545102045 -1494.421587033835
107.87568285319183 -1492.1189341303786
143.72376768964978 -1488.8975574884148
179.47732494705352 -1484.7597861506715
215.11292539179283 -1479.7085907156552
250.60728829057769 -1473.747627906109
285.9372945661038 -1466.881174014705
321.0800180958836 -1459.114135350403
356.01276738464 -1450.4520610472318
390.71310189688694 -1440.9010979555283
425.15886324343376 -1430.4679826410134
459.32822081043673 -1419.1600437536304
493.1996913995995 -1406.9851602128097
526.752151007316 -1393.9517186381106
559.9649566043776 -1380.0686791472094
592.8178549766877 -1365.3454065111896
625.2911530048283 -1349.7917666441588
657.3656320042985 -1333.4179704247742
689.0227020592077 -1316.2346189668785
720.2443830032212 -1298.2525938979813
751.0134257441163 -1279.48303381551
781.3132422476455 -1259.937188833508
811.1281352140181 -1239.6264142372722
840.4432328530514 -1218.5619995092663
869.2446785701108 -1196.7550775465356
897.5196131285041 -1174.2164364174514
925.2563786752496 -1150.9563595300206
952.4445835130721 -1126.984379187515
979.0752748727031 -1102.3090005338584
1001.2276603357784 -1074.1489330208426
1002.671130436032 -1032.2800267073524
1003.5850052217215 -991.9750109348875
1005.9497355585016 -954.3837993012571
1007.8561213112025 -918.1589957240097
1009.4109416730986 -883.2647227561711
1010.7182325851151 -849.6579919135296
1012.9992342748811 -817.7127559430962
1015.2648160410338 -786.8643248203933
1017.6052920188895 -757.04810304042
1020.1072611660172 -728.193940739331
1022.8535717362885 -700.2264809608499
1024.7314297661892 -672.8589719752362
1028.1897223696346 -646.4649107483452
1030.9090133501795 -620.5887474058977
1034.1545101622737 -595.3454519532628
1037.997296858306 -570.6396210700518
1041.2761477915797 -546.3979392686683
1045.284261327993 -522.588083760235
1048.8602294538791 -499.2282972307827
1053.318995652834 -476.1873416010709
1058.752050939562 -453.35912451190393
1064.0258788015503 -430.9148815144807
1070.4958314064838 -408.60683097755896
1077.0404437315553 -386.82315941742206
1084.8654049096428 -365.6601994773755
1094.2256410102027 -345.1512606466396
1104.796071605124 -325.00651801870066
1117.4804484389838 -305.0930722177155
1131.2567088615003 -288.62022066004346
NaN NaN
NaN NaN
NaN NaN
936.1597174877204 111.39437275976704
771.9296300515831 149.38331645006548
659.0372938266174 175.52364432471208
576.0798197802573 194.60759405944637
513.0505582302745 209.10679399443984
462.83008836549794 220.49630590735242
422.53635547178226 229.68240883125875
389.31816548138363 237.26829454715585
360.37376560965333 243.55488573146994
337.00145561842015 249.0588716543087
315.10686457280286 253.6064365792257
296.00840844055693 257.5613860854987
279.65743478175085 261.14958096257914
264.70740893549083 264.27798294000974
251.13734322911833 267.06021521494085
238.9207775975034 269.60810663338515
228.02584863959146 272.0314445691347
217.19970488466976 273.98539143955685
207.65545214628605 275.9613291827149
199.34803105797744 278.06311424600216
189.92040054936112 279.292641673149
181.71379803909636 280.72185770314076
174.67306029963754 282.44892761028245
167.65407632079328 283.92730288402254
160.66611454355987 285.1602333332808
153.71832435260734 286.1512475388947
146.81972703923003 286.9041489590447
140.96065207625583 288.17730061565584
135.11359013458235 289.27362991419557
129.28517494634994 290.1954615715571
123.48195245955903 290.9453093908477
117.71037470277848 291.5258736562326
112.81483976081074 292.8187308483028
107.09503154935578 293.0920293758782
102.20158112774467 294.1271753085383
96.55591094048064 294.10278414546553
91.6844082057706 294.8870141996342
86.81486703842324 295.55817955689236
81.9515680329437 296.1174877084451
77.09874293952822 296.56625849474193
72.2605711794293 296.90592288157393
67.44117642423328 297.1380216119957
63.15557434400756 298.3280161038039
58.350851221427945 298.36350175782275
53.576582463740294 298.29572844801004
49.24160284056393 299.2279520876921
44.50392823489076 298.9701921823128
40.14075402849817 299.7357840152022
35.45368973451862 299.2927229296126
31.07521503364445 299.8927794182505
26.675483437048285 300.41396983327627
22.071404959560475 299.7060699306471
17.675269020970788 300.0635755982619
13.267042143496548 300.34198517385204
8.849739858380714 300.54103661719984
4.426383869906295 300.6605425157551
