-862.885 611.685 0.000010877629709982717
327.69499999999994 649.605 0.000010845640965267836
602.855 660.565 0.0000108371152829401
-279.0450000000001 636.405 0.000010856495318225826
-602.855 660.565 0.0000108371152829401
384.2950000000001 657.345 0.000010839782951361623
-609.3149999999999 658.9949999999999 0.000010838410850271944
360.845 495.7549999999999 0.000010975164249387792
-188.53500000000008 619.165 0.000010871029175772246
-252.79500000000007 631.815 0.00001086023163706514
552.915 657.5350000000001 0.000010840529926814838
880.1750000000002 607.665 0.00001088119096609909
596.315 662.0350000000001 0.000010835897466354676
-660.3149999999999 654.605 0.000010841423827347363
862.8850000000002 611.685 0.000010877629709982717
-460.18499999999995 658.865 0.00001083945339725039
-742.155 635.645 0.000010856930428356503
1302.455 804.7049999999999 0.000010869670332439295
-689.395 641.4949999999999 0.000010852486637458903
-23.325000000000045 585.7249999999999 0.000010900627007723152
747.2049999999999 631.815 0.00001086023163706514
-52.805000000000064 568.1949999999999 0.000010915907684146391
263.06500000000005 639.415 0.000010853691146746348
-214.7449999999999 629.665 0.000010861905667286883
-539.8149999999999 658.865 0.00001083945339725039
-327.69499999999994 649.605 0.000010845640965267836
493.33500000000004 660.5249999999999 0.00001083810075777916
-519.675 458.125 0.00001100319530047695
622.0149999999999 655.595 0.000010841230300374647
295.345 646.185 0.000010848139143455454
377.9850000000001 655.595 0.000010841230300374647
480.0350000000001 660.145 0.000010838410617803389
-339.68499999999995 654.605 0.000010841423827347363
-257.845 635.645 0.000010856930428356503
188.53500000000008 619.165 0.000010871029175772246
526.605 659.8050000000001 0.000010838681411884173
231.44499999999994 629.145 0.000010862423409992579
785.2550000000001 629.665 0.000010861905667286883
-945.665 592.2749999999999 0.000010894837015813228
806.9250000000002 624.345 0.000010866508890015216
-333.635 652.145 0.000010843496435793072
209.98500000000013 624.935 0.000010866014379170857
-811.465 619.165 0.000010871029175772246
811.4650000000001 619.165 0.000010871029175772246
403.68499999999995 662.0350000000001 0.000010835897466354676
500.0050000000001 660.575 0.000010838061996673956
-499.995 660.575 0.000010838061996673956
533.2150000000001 659.385 0.00001083902911893005
513.315 660.385 0.00001083821700294954
-1499.995 1999.995 NaN
763.625 633.415 0.000010858722041137819
-434.135 655.845 0.000010841906779494496
-790.015 624.935 0.000010866014379170857
97.98500000000013 556.4549999999999 0.000010925967644389417
353.615 647.7549999999999 0.000010847744150550645
715.665 639.7349999999999 0.000010853645444469914
252.79500000000007 631.815 0.00001086023163706514
572.2849999999999 654.865 0.000010842706188581903
720.9549999999999 636.405 0.000010856495318225826
546.375 658.2449999999999 0.000010839953830209237
453.625 658.2449999999999 0.000010839953830209237
976.6750000000002 585.7249999999999 0.000010900627007723152
-715.665 639.7349999999999 0.000010853645444469914
704.6550000000002 646.185 0.000010848139143455454
-295.345 646.185 0.000010848139143455454
214.74500000000012 629.665 0.000010861905667286883
-785.255 629.665 0.000010861905667286883
171.49500000000012 617.425 0.000010872551217046242
427.71500000000015 654.865 0.000010842706188581903
-519.965 660.145 0.000010838410617803389
1042.2849999999999 613.335 0.0000109067163853588
-403.68499999999995 662.0350000000001 0.000010835897466354676
-976.675 585.7249999999999 0.000010900627007723152
486.68499999999995 660.385 0.00001083821700294954
742.1550000000002 635.645 0.000010856930428356503
640.435 649.845 0.000010846009981552996
466.7850000000001 659.385 0.00001083902911893005
678.125 646.9749999999999 0.000010847855498774
-119.82500000000005 607.665 0.00001088119096609909
-137.115 611.685 0.000010877629709982717
137.115 611.685 0.000010877629709982717
768.5549999999998 629.145 0.000010862423409992579
447.08500000000004 657.5350000000001 0.000010840529926814838
-763.625 633.415 0.000010858722041137819
-720.9549999999999 636.405 0.000010856495318225826
-263.06500000000005 639.415 0.000010853691146746348
-244.79500000000007 522.375 0.000010954198572875603
-102.50499999999988 602.875 0.00001088543487127584
-622.015 655.595 0.000010841230300374647
-736.935 639.415 0.000010853691146746348
244.79500000000007 522.375 0.000010954198572875603
-360.845 495.7549999999999 0.000010975164249387792
-683.8249999999999 644.2749999999999 0.000010850138064310746
310.605 641.4949999999999 0.000010852486637458903
539.815 658.865 0.00001083945339725039
-559.415 656.7349999999999 0.000010841181122414584
565.8650000000002 655.845 0.000010841906779494496
-486.68499999999995 660.385 0.00001083821700294954
52.805000000000064 568.1949999999999 0.000010915907684146391
828.5050000000001 617.425 0.000010872551217046242
-316.17499999999995 644.2749999999999 0.000010850138064310746
-666.365 652.145 0.000010843496435793072
666.3650000000002 652.145 0.000010843496435793072
519.675 458.125 0.00001100319530047695
-806.925 624.345 0.000010866508890015216
-778.275 398.28499999999985 0.000011043637390755785
-768.555 629.145 0.000010862423409992579
-628.245 653.7649999999999 0.00001084275154439246
519.9650000000001 660.145 0.000010838410617803389
-493.3349999999999 660.5249999999999 0.00001083810075777916
339.68499999999995 654.605 0.000010841423827347363
-353.615 647.7549999999999 0.000010847744150550645
-880.175 607.665 0.00001088119096609909
-365.615 651.845 0.000010844345265265295
-171.4949999999999 617.425 0.000010872551217046242
-440.58500000000004 656.7349999999999 0.000010841181122414584
440.58500000000004 656.7349999999999 0.000010841181122414584
257.845 635.645 0.000010856930428356503
434.135 655.845 0.000010841906779494496
790.0149999999999 624.935 0.00001086601437917086
-565.865 655.845 0.000010841906779494496
-427.7149999999999 654.865 0.000010842706188581903
371.7550000000001 653.7649999999999 0.00001084275154439246
-615.7049999999999 657.345 0.000010839782951361623
-410.2850000000001 663.415 0.000010834758546990005
945.665 592.2749999999999 0.000010894837015813228
-397.145 660.565 0.0000108371152829401
845.6550000000002 614.935 0.000010874750405186304
-710.235 642.9949999999999 0.00001085085925731497
-640.435 649.845 0.000010846009981552996
672.3049999999998 649.605 0.000010845640965267836
-284.33500000000004 639.7349999999999 0.000010853645444469914
897.4949999999999 602.875 0.00001088543487127584
628.2449999999999 653.7649999999999 0.00001084275154439246
-384.2950000000001 657.345 0.000010839782951361623
-704.655 646.185 0.000010848139143455454
7.785000000000082 577.625 0.000010907718260330995
914.815 597.2950000000001 0.000010890360986545722
-157.2449999999999 541.855 0.000010938253668637959
279.0450000000001 636.405 0.000010856495318225826
-533.215 659.385 0.00001083902911893005
154.34500000000003 614.935 0.000010874750405186304
-828.505 617.425 0.000010872551217046242
157.24500000000012 541.855 0.000010938253668637959
85.18499999999995 597.2950000000001 0.000010890360986545722
-85.18499999999995 597.2950000000001 0.000010890360986545722
54.335000000000036 592.2749999999999 0.000010894837015813228
460.18499999999995 658.865 0.00001083945339725039
236.375 633.415 0.000010858722041137819
736.935 639.415 0.000010853691146746348
-359.56500000000005 649.845 0.000010846009981552996
-466.7850000000001 659.385 0.00001083902911893005
193.07500000000005 624.345 0.000010866508890015216
-672.305 649.605 0.000010845640965267836
689.395 641.4949999999999 0.000010852486637458903
-289.7649999999999 642.9949999999999 0.00001085085925731497
-54.335000000000036 592.2749999999999 0.000010894837015813228
-421.355 653.7950000000001 0.000010843578569250539
421.355 653.7950000000001 0.000010843578569250539
615.7049999999999 657.345 0.000010839782951361623
-390.68499999999995 658.9949999999999 0.000010838410850271944
-526.605 659.8050000000001 0.000010838681411884173
559.415 656.7349999999999 0.000010841181122414584
-447.08500000000004 657.5350000000001 0.000010840529926814838
-480.03499999999997 660.145 0.000010838410617803389
-897.495 602.875 0.00001088543487127584
-377.9849999999999 655.595 0.000010841230300374647
-473.395 659.8050000000001 0.000010838681411884173
660.315 654.605 0.000010841423827347363
609.315 658.9949999999999 0.000010838410850271944
-7.785000000000082 577.625 0.000010907718260330995
23.325000000000045 585.7249999999999 0.000010900627007723152
634.3850000000002 651.845 0.000010844345265265295
284.33500000000004 639.7349999999999 0.000010853645444469914
-634.385 651.845 0.000010844345265265295
506.66499999999996 660.5249999999999 0.00001083810075777916
-914.8149999999999 597.2950000000001 0.000010890360986545722
-572.285 654.865 0.000010842706188581903
119.82500000000005 607.665 0.00001088119096609909
-646.385 647.7549999999999 0.000010847744150550645
-845.655 614.935 0.000010874750405186304
-154.34500000000003 614.935 0.000010874750405186304
-1302.455 804.7049999999999 0.000010869670332439295
-231.44499999999994 629.145 0.000010862423409992579
333.635 652.145 0.000010843496435793072
-552.915 657.5350000000001 0.000010840529926814838
390.68499999999995 658.9949999999999 0.000010838410850271944
-1042.2849999999999 613.335 0.0000109067163853588
-506.66499999999996 660.5249999999999 0.00001083810075777916
321.875 646.9749999999999 0.000010847855498774
-546.375 658.2449999999999 0.000010839953830209237
-97.9849999999999 556.4549999999999 0.000010925967644389415
-596.3149999999999 662.0350000000001 0.000010835897466354676
683.8249999999998 644.2749999999999 0.000010850138064310746
-371.7549999999999 653.7649999999999 0.00001084275154439246
-678.125 646.9749999999999 0.000010847855498774
410.2850000000001 663.415 0.000010834758546990005
578.645 653.7950000000001 0.000010843578569250539
359.56500000000005 649.845 0.000010846009981552996
316.17499999999995 644.2749999999999 0.000010850138064310746
-321.875 646.9749999999999 0.000010847855498774
646.3850000000002 647.7549999999999 0.000010847744150550645
-236.375 633.415 0.000010858722041137819
-578.645 653.7950000000001 0.000010843578569250539
365.615 651.845 0.000010844345265265295
-589.715 663.415 0.000010834758546990005
-747.205 631.815 0.00001086023163706514
-193.07500000000005 624.345 0.000010866508890015216
-513.3149999999999 660.385 0.00001083821700294954
473.395 659.8050000000001 0.000010838681411884173
778.2750000000001 398.28499999999985 0.000011043637390755785
397.145 660.565 0.0000108371152829401
710.2350000000001 642.9949999999999 0.00001085085925731497
589.7150000000001 663.415 0.000010834758546990005
-310.605 641.4949999999999 0.000010852486637458903
-453.625 658.2449999999999 0.000010839953830209237
-209.9849999999999 624.935 0.00001086601437917086
289.7650000000001 642.9949999999999 0.00001085085925731497
102.50500000000011 602.875 0.00001088543487127584
