0 211.52039032550897
-3.89506546481175 211.48212527956107
-7.787467187286492 211.3673635024759
-11.67454323502991 211.17620503804983
-15.553635294336086 210.90881649741243
-19.422090476536418 210.56543086646923
-23.50030390544495 211.29051256785215
-27.376346562909998 210.78952037551505
-31.233667344339825 210.2126252027579
-35.402469911425676 210.68174949892384
-39.25062977417656 209.94505384890468
-43.47689038456389 210.2344664255423
-47.30440685841913 209.33656808115228
-51.57551110264217 209.44124826481277
-55.88171319144075 209.44515305398068
-59.673779378980285 208.296927836978
-64.00496162743616 208.10886599946332
-68.36057886320162 207.8153887042144
-72.73683813346398 207.4148318695128
-77.12988663137821 206.90563557469997
-81.53581489295203 206.28634572714807
-85.95066006081551 205.55561562055436
-91.14694099043864 205.63498734013714
-95.59857845256732 204.65615449359967
-100.88445279923587 204.44034962898635
-105.35423036770156 203.20601124028911
-110.70851903510423 202.68483240057137
-116.10320670573623 201.99507544256554
-121.53212134039394 201.1338766504588
-126.98899078878706 200.0985569775409
-132.46744873723566 198.8866250928174
-138.99526537072012 198.19498605504336
-145.58236533097366 197.2651088399831
-152.21997452576056 196.09302198082992
-158.89918368458873 194.67502934585963
-165.61095723113274 193.00771449970023
-173.49963163121956 191.6374607188135
-182.6205880044414 190.46593935496435
-190.6327991112737 188.42104312166887
-199.89350834426094 186.50071871739036
-210.44796939643982 184.6009546853804
-221.08326265199867 182.23021777946192
-233.05241752300995 179.73319842056654
-246.3874669734908 176.99996665578777
-261.1150321369754 173.91855606799896
-277.25625314956557 170.37521131023658
-296.15780842614896 166.4628443239648
-317.8684853526493 161.95547419582937
-341.0699940068904 156.48918179525873
-369.85682238241657 150.23767622932212
-402.9307787090719 142.68416885019997
-443.09371462202506 133.52764516419478
-493.19691383075826 122.16482942002919
-556.1225114208722 107.68936672450971
-638.9899992495922 88.6261277886096
-751.8060886712411 62.50342532263475
-915.9737209741374 24.528971449729372
NaN NaN
NaN NaN
-1022.6336301825472 -60.335686834392654
-1014.4109333976324 -112.7675071519337
-1012.0421905622255 -133.60045949536487
-1010.2920812349399 -158.78308159779598
-1008.5722367614377 -183.9799120754479
-1006.6076571054685 -209.26234029331692
-1005.1614313978998 -234.9611660152719
-1004.1826186165318 -261.031347779811
-1002.6046610355432 -287.3687027626668
-1001.6103872181204 -313.53940534903785
-997.5733830834773 -340.25989396378407
-990.4134771912434 -367.1521247616728
-982.5504940209767 -393.70288391965096
-973.9987817744764 -419.9142858841705
-964.770911303101 -445.78563546971634
-954.8784784207025 -471.3135464433273
-944.3325867199235 -496.49238157864846
-933.144132944544 -521.3147413272662
-921.3240021174394 -545.7718765217139
-908.8831507447281 -569.8540662667646
-895.8326945156052 -593.5508798606018
-882.1839430191445 -616.8514038995273
-867.9484292756846 -639.7444120790449
-853.1379254554814 -662.2185007782298
-837.7644423856027 -684.2621997775009
-821.8402532016867 -705.8640485772986
-805.3778478065241 -727.0126810970669
-788.3899598289292 -747.6968659879797
-770.8895773640877 -767.9055497342288
-752.8898726229048 -787.627905466379
-734.4042428265514 -806.8533490634335
-715.4462981659088 -825.5715660610496
-696.0298096448655 -843.772531398088
-676.1687592856267 -861.4465229254289
-655.8772743085842 -878.584133032113
-635.169646386124 -895.1762780353968
-614.0603193511116 -911.2142066237639
-592.5638774492398 -926.6895060888756
-570.6949979206084 -941.5940929055012
-548.4685360812359 -955.920246962982
-525.8993987397015 -969.6605721755689
-503.00262516438266 -982.808030483309
-479.7933401808661 -995.3559276444532
-456.2880260735032 -1007.298895731019
-432.506900289874 -1018.6354645493403
-408.4637715785985 -1029.3602504990047
-384.1719593034129 -1039.4673633410575
-359.64524651790384 -1048.9511629171736
-334.8977152931128 -1057.8061661564846
-309.94384279165956 -1066.027217888539
-284.79838527340104 -1073.6094272725595
-259.4763718854166 -1080.5482117916904
-233.99309073882958 -1086.8393401205137
-208.36404921350208 -1092.4789306817122
-182.6049487664581 -1097.4634603030588
-156.73167462850634 -1101.7898096428414
-130.76026034788953 -1105.4552507831136
-104.70686274652094 -1108.457437071737
-78.58775500476412 -1110.794469558044
-52.41929035871005 -1112.4648527102036
-26.2178857271214 -1113.4675164838202
0 -1113.8018088850827
26.217885727120965 -1113.4675164838202
52.41929035870968 -1112.4648527102036
78.58775500476412 -1110.794469558044
104.70686274652041 -1108.457437071737
130.76026034788907 -1105.4552507831136
156.73167462850634 -1101.7898096428414
182.6049487664578 -1097.4634603030588
208.36404921350154 -1092.4789306817122
233.99309073882958 -1086.8393401205137
259.47637188541626 -1080.5482117916904
284.7983852734008 -1073.6094272725595
309.94384279165956 -1066.027217888539
334.8977152931126 -1057.8061661564848
359.6452465179034 -1048.9511629171736
384.1719593034129 -1039.4673633410575
408.46377157859814 -1029.360250499005
432.5069002898737 -1018.6354645493408
456.2880260735032 -1007.298895731019
479.7933401808659 -995.3559276444532
503.00262516438266 -982.808030483309
525.8993987397015 -969.6605721755689
548.4685360812359 -955.920246962982
570.6949979206084 -941.5940929055012
592.5638774492398 -926.6895060888756
614.0603193511114 -911.2142066237639
635.169646386124 -895.1762780353966
655.8772743085842 -878.584133032113
676.1687592856259 -861.4465229254292
696.029809644865 -843.7725313980886
715.4462981659088 -825.5715660610496
734.4042428265507 -806.853349063434
752.8898726229048 -787.6279054663792
770.8895773640876 -767.9055497342289
788.389959828929 -747.6968659879799
805.3778478065242 -727.0126810970669
821.8402532016867 -705.8640485772986
837.7644423856027 -684.2621997775009
853.1379254554813 -662.2185007782302
867.9484292756846 -639.7444120790449
882.1839430191442 -616.8514038995277
895.8326945156052 -593.5508798606018
908.8831507447281 -569.8540662667646
921.3240021174394 -545.7718765217139
933.144132944544 -521.3147413272663
944.3325867199237 -496.4923815786481
954.8784784207025 -471.31354644332737
964.7709113031005 -445.78563546971753
973.9987817744764 -419.9142858841705
982.5504940209767 -393.70288391965096
990.413477191243 -367.1521247616744
997.5733830834771 -340.25989396378606
1001.6103872181204 -313.53940534903745
1002.6046610355428 -287.36870276266944
1004.1826186165318 -261.031347779811
1005.1614313978998 -234.9611660152719
1006.6076571054685 -209.26234029331692
1008.5722367614377 -183.9799120754479
1010.2920812349399 -158.78308159779598
1012.0421905622255 -133.60045949536487
1014.4109333976324 -112.7675071519337
1022.6336301825472 -60.335686834392654
NaN NaN
NaN NaN
915.9737209741377 24.528971449727575
751.8060886712411 62.50342532263475
638.9899992495922 88.6261277886096
556.1225114208722 107.68936672450971
493.1969138307583 122.16482942002872
443.0937146220252 133.52764516419464
402.9307787090719 142.68416885019977
369.85682238241657 150.23767622932212
341.0699940068904 156.48918179525873
317.8684853526493 161.95547419582937
296.15780842614896 166.46284432396473
277.25625314956557 170.3752113102366
261.11503213697546 173.91855606799885
246.3874669734908 176.99996665578777
233.05241752300995 179.73319842056654
221.08326265199867 182.23021777946192
210.44796939643993 184.6009546853802
199.89350834426097 186.50071871739027
190.6327991112737 188.4210431216688
182.6205880044414 190.46593935496435
173.49963163121956 191.6374607188135
165.61095723113274 193.00771449970023
158.89918368458882 194.6750293458595
152.2199745257606 196.09302198082992
145.58236533097366 197.26510883998307
138.99526537072012 198.19498605504336
132.46744873723566 198.8866250928174
126.98899078878706 200.0985569775409
121.53212134039406 201.13387665045875
116.10320670573627 201.9950754425648
110.70851903510426 202.68483240057134
105.35423036770156 203.20601124028911
100.88445279923587 204.44034962898635
95.59857845256732 204.65615449359967
91.14694099043871 205.63498734013703
85.95066006081554 205.55561562055436
81.53581489295205 206.28634572714807
77.12988663137821 206.90563557469997
72.73683813346398 207.4148318695128
68.36057886320162 207.8153887042144
64.00496162743623 208.1088659994633
59.673779378980335 208.296927836978
55.88171319144078 209.44515305398062
51.57551110264217 209.44124826481277
47.30440685841913 209.33656808115228
43.47689038456389 210.2344664255423
39.25062977417661 209.94505384890465
35.40246991142572 210.68174949892384
31.233667344339878 210.21262520275786
27.376346562909998 210.78952037551505
23.50030390544495 211.29051256785215
19.422090476536418 210.56543086646923
15.55363529433613 210.9088164974124
11.674543235029953 211.17620503804983
7.787467187286536 211.3673635024759
3.89506546481175 211.48212527956107
