-500 790.9122016569704 0.9974104872124127
-507.4385152900695 790.8621809283445 0.9974105111682426
-514.8719380481701 790.712180055189 0.9974105830049107
-522.2951792176133 790.4623828739982 0.9974107026300087
-529.7031566899719 790.1130954400887 0.9974108698897155
-537.0907987732497 789.6647455197107 0.9974110845690854
-544.4530476532715 789.1178818796196 0.9974113463924514
-551.7848628454502 788.4731733748152 0.9974116550239416
-559.0812246350702 787.7314078352641 0.9974120100681099
-566.3371375034969 786.8934907528152 0.9974124110706772
-573.547633538073 785.9604437693816 0.9974128575193848
-580.7077758234248 784.9334029681626 0.9974133488449552
-587.8126618119278 783.8136169695035 0.997413884422162
-599.6168001397765 793.3752115466216 0.997409307331632
-606.946918336238 791.939656241405 0.9974099950920537
-614.2038334331652 790.4062383590116 0.9974107295161591
-621.3825771875664 788.7767280531796 0.9974115097128614
-628.4782346631629 787.0530018578775 0.9974123347385909
-635.4859475851016 785.2370396073286 0.9974132035990284
-642.4009176567047 783.3309211781287 0.9974141152509324
-649.2184098357753 781.3368230577038 0.9974150686040545
-655.9337555683956 779.2570147440526 0.9974160625231403
-662.5423559782215 777.093854982039 0.9974170958300105
-677.1154414651437 783.8613993414035 0.997413861571041
-683.8022109178739 781.3144133216566 0.9974150793156739
-690.3631815186374 778.6833475630551 0.9974163365989944
-696.7938593892505 775.9710301369636 0.9974176320066765
-703.0898394763202 773.18036278464 0.9974189640903169
-709.2468085639913 770.3143162196701 0.997420331369997
-725.0752408372146 774.9188266093032 0.9974181343490234
-731.2095630981829 771.6393782428567 0.9974196993331402
-737.185649467266 768.2865264328118 0.9974212982695563
-742.999403975221 764.8636527362784 0.9974229294765962
-759.4889757010887 767.7871640577371 0.9974215363166411
-765.205662388811 763.9348160778471 0.9974233719281888
-770.7408578667499 760.0163247226054 0.9974252375846944
-787.6261191994021 761.5304478664414 0.9974245168623005
-793.0034362203559 757.1722962950005 0.9974265907432367
-810.1381288286257 757.6061868998615 0.9974263843531794
-815.311156860591 752.8004570059961 0.9974286692954115
-832.6164812879803 752.1247837692808 0.9974289903737389
-837.5382429517391 746.8663097360843 0.9974314876839984
-854.9339002749454 745.0562248137004 0.9974323466978722
-872.4265582865609 742.4965309520506 0.9974335609158939
-889.9870908693102 739.1783165724255 0.9974351340076129
-907.5861211983625 735.0935884416501 0.9974370690322912
-925.1940511844479 730.2352798104254 0.9974393684312437
-942.7810910904042 724.5972579462871 0.997442034021603
-973.8776896176835 719.5236584146227 0.9974444301537524
NaN NaN NaN
NaN NaN NaN
NaN NaN NaN
NaN NaN NaN
NaN NaN NaN
NaN NaN NaN
NaN NaN NaN
NaN NaN NaN
NaN NaN NaN
NaN NaN NaN
NaN NaN NaN
-1387.326894223202 -1033.9748305022324 0.9967762489190284
-1374.9293678531546 -1039.533237980258 0.9967796390981296
-1362.2738451735127 -1045.724430298875 0.9967834107337505
-1350.3637059729867 -1051.984962573877 0.9967872198039801
-1338.9117668178346 -1058.3474317172854 0.9967910859492483
-1327.7354476963108 -1064.825288433796 0.9967950170938605
-1316.7110781496992 -1071.4219869501392 0.9967990150610356
-1305.751072006616 -1078.135282842996 0.9968030782117434
-1294.7863724665112 -1084.9621159862133 0.9968072044173657
-1296.012746017245 -1090.321061521046 0.9968104394220881
-1284.6188333734901 -1097.647768921876 0.9968148566160605
-1273.0914692465383 -1105.0678782936993 0.9968193234448408
-1261.4210601503698 -1112.561542790891 0.9968238277445748
-1261.248932482642 -1119.5088377729528 0.9968279975290729
-1249.089028507566 -1127.3566402485321 0.9968327007482074
-1236.7520963177394 -1135.2357708597003 0.9968374152276032
-1235.4052529435528 -1143.3183515145365 0.9968422436300808
-1222.5157468131558 -1151.4789792122106 0.9968471106439281
-1220.2837341357817 -1160.3655846258255 0.996852401490498
-1206.8069223018701 -1168.7591235212417 0.9968573900410872
-1203.6452689717703 -1178.408196885388 0.9968631143278667
-1189.5502534038299 -1186.983621411612 0.9968681922949748
-1185.4182282673198 -1197.3457235181995 0.9968743164939531
-1180.7027549702743 -1208.1953195740218 0.9968807150524355
-1175.3893627270763 -1219.5180428377757 0.9968873776623061
-1159.7883459490815 -1228.543683745013 0.9968926776717224
-1153.415251921938 -1240.4597576267447 0.9968996601706174
-1146.4062611060447 -1252.7968835097142 0.9969068716627205
-1138.7459158826837 -1265.5349960947094 0.9969142986646107
-1139.3246737072561 -1282.6112366706002 0.9969242250181594
-1130.109540804269 -1296.3798227689597 0.996932203685942
-1120.1950424249662 -1310.4762667904536 0.9969403493277816
-1117.844007015512 -1329.762199448288 0.9969514561194436
-1106.2603503218438 -1344.716424476379 0.9969600384691375
-1101.7573494707142 -1365.4125445905263 0.9969718733485765
-1096.024195623251 -1386.913571932541 0.9969841160928431
-1089.028155662775 -1409.16697242918 0.9969967312363903
-1080.7384969917348 -1432.1170267351092 0.9970096819030091
-1071.1260513928924 -1455.7049808629527 0.9970229299744042
-1066.7470400060793 -1486.9533085635526 0.9970403833198469
-1060.4509583564322 -1519.3113778585646 0.9970583405069837
-1058.2758358218032 -1560.453255462538 0.9970810030822856
-1047.9178458692152 -1595.131404201933 0.9970999591317158
-1046.7744245457054 -1647.60406829063 0.9971283903506841
-1037.2895743186778 -1693.3583327257702 0.9971529360921293
-1035.3004199916052 -1758.7264916905362 0.9971876120709704
-1029.524517323519 -1826.548138783558 0.9972231079537697
-1024.3225175283346 -1906.492535575674 0.9972643277680775
-1018.694292435139 -1999.3427003953734 0.9973113724406413
-1015.4973332722884 -2116.508382523676 0.9973694898219772
-1012.7180708484046 -2259.7523805892884 0.9974386967112044
-959.1450043018668 -2260.158390763656 0.9974388900353205
-905.9857057130273 -2259.2153859214172 0.9974384409936748
-855.8144521895732 -2268.279119528279 0.99744275343585
-803.2338998829683 -2264.7439660986647 0.9974410723821313
-752.9954475125778 -2271.3595150575343 0.9974442172613217
-701.1379229518486 -2265.2911260842757 0.9974413326489814
-650.9673582503854 -2269.475311684104 0.9974433219830171
-600.699177328027 -2272.466684020018 0.9974447431730131
-550.3658754289995 -2274.262574435371 0.997445595981035
-500 -2274.8613823775413 0.9974458802659644
-449.6341245710018 -2274.262574435371 0.997445595981035
-399.30082267197395 -2272.466684020018 0.9974447431730131
-349.03264174961475 -2269.475311684104 0.9974433219830171
-298.8620770481524 -2265.2911260842757 0.9974413326489814
-247.00455248742273 -2271.3595150575343 0.9974442172613217
-196.766100117032 -2264.7439660986647 0.9974410723821313
-144.18554781042792 -2268.279119528279 0.99744275343585
-94.01429428697342 -2259.2153859214172 0.9974384409936748
-40.854995698132086 -2260.158390763656 0.9974388900353205
12.718070848404157 -2259.7523805892884 0.9974386967112044
66.66304060112834 -2257.972408749021 0.9974378489798552
120.94153148263261 -2254.802490579294 0.9974363385153129
175.51053935557155 -2250.2221632884757 0.9974341542803989
230.33074414288825 -2244.218312334998 0.9974312881394838
290.69763227329446 -2247.3609531943152 0.9974327888192168
346.22505767697277 -2238.3232097723503 0.9974284705252353
407.8824391615219 -2238.128482490532 0.9974283773963559
470.2715560059834 -2236.1475933583415 0.9974274298220203
533.3343155218422 -2232.342450926314 0.9974256085360652
597.0111292632241 -2226.6771938001316 0.9974228943303963
661.2409678509463 -2219.1182663805357 0.9974192680275764
725.9614161809734 -2209.6344989609315 0.9974147104585167
799.0411754246923 -2207.5274601279393 0.9974136967015159
873.089358351925 -2203.0528053798844 0.9974115423829869
948.0220458926522 -2196.1575300601935 0.9974082188396146
1023.7516594953845 -2186.7918657760547 0.9974036971318052
1027.4342933403834 -2107.134375469112 0.9973648905828171
1027.6804044947921 -2029.4828075938758 0.9973264546058282
1034.1242500496178 -1961.7016346022924 0.9972924071787713
1037.7920603266064 -1895.5097442829556 0.9972587044060134
1038.7833800930307 -1831.023460633997 0.9972254331179343
1047.3342079761603 -1775.0097809822043 0.9971961787670255
1043.4761673905696 -1713.8889611881073 0.9971638764711446
1047.7535386842212 -1660.7042387479812 0.9971354414247808
1060.7920607386627 -1614.449407306857 0.9971104613274676
1061.5198221568296 -1563.6641465356868 0.9970827638408577
1060.5435082154997 -1514.34765093544 0.9970555935076186
1069.0811190252016 -1471.0232818837314 0.9970314996085307
1076.4096758898002 -1428.5085239157827 0.997007649617536
1082.6342641726542 -1386.8175589660955 0.9969840615411826
1087.5999361461231 -1346.0681535404824 0.9969608129573344
1091.0718187609973 -1306.453566806113 0.996938027177721
1093.1150281521864 -1268.0639888249154 0.9969157709247314
1105.8488432851532 -1233.1209892290728 0.9968953618430259
1105.3952294158105 -1197.0196500598656 0.9968741239741433
1116.065477001609 -1163.6981946419558 0.9968543831831825
1125.8716662033871 -1131.092123925455 0.9968349368135802
1134.8839962393838 -1099.2714472705534 0.9968158346274427
1143.189781235913 -1068.3019243359117 0.9967971247949172
1150.8913082877377 -1038.2490534352823 0.996778856188443
1158.113160302915 -1009.1756602984025 0.9967610768359595
1165.0126632656193 -981.1385544463234 0.9967805974112655
1184.8674807007185 -952.6227076165336 0.9968191304300368
1191.8777513852224 -926.4047771845666 0.9968550253527575
1212.657236112433 -899.0139348586118 0.9968929289635082
1221.2224788441351 -874.9563631607568 0.9969265025871841
1244.2108768932947 -849.9848840872296 0.9969615784488031
1267.3927051859155 -828.3443340639207 0.9969921242578629
1295.125275808092 -807.6983752713951 0.9970213649405205
1319.8798058294904 -793.5352304804834 0.9970414662744062
NaN NaN NaN
NaN NaN NaN
807.8530950903634 525.2240473401818 0.9975343610061154
549.1796444664883 585.0869688375328 0.99750703065738
390.25395907688414 622.7378614138028 0.9974896703339765
274.0967585647974 649.3837772395553 0.9974773038576596
186.41700986084334 668.891940883242 0.9974682075456479
126.9984894067218 683.5209525399745 0.9974613626287046
81.65037996503376 695.3038462409196 0.9974558346158868
36.43768588940412 704.7714883481424 0.9974513832286764
5.115610275298749 712.9191190486987 0.997447545615826
-26.12231038231522 719.5236584146227 0.9974444301537524
-57.21890890959614 724.5972579462871 0.997442034021603
-74.80594881555312 730.2352798104253 0.9974393684312437
-92.41387880163089 735.09358844165 0.9974370690322912
-110.01290913068394 739.1783165724254 0.9974351340076129
-127.57344171344634 742.4965309520506 0.9974335609158939
-145.0660997250422 745.0562248137004 0.9974323466978722
-162.46175704824822 746.8663097360843 0.9974314876839984
-167.38351871202883 752.1247837692807 0.9974289903737389
-184.68884313939645 752.800457005996 0.9974286692954115
-189.86187117137428 757.6061868998614 0.9974263843531794
-206.99656377963134 757.1722962950005 0.9974265907432367
-212.3738808006106 761.5304478664414 0.9974245168623005
-229.25914213325007 760.0163247226054 0.9974252375846944
-234.7943376112008 763.934816077847 0.9974233719281888
-240.5110242989241 767.7871640577371 0.9974215363166411
-257.0005960247919 764.8636527362783 0.9974229294765962
-262.8143505327341 768.2865264328118 0.9974212982695563
-268.790436901804 771.6393782428567 0.9974196993331402
-274.92475916278545 774.9188266093032 0.9974181343490234
-290.75319143600865 770.3143162196701 0.997420331369997
-296.9101605236925 773.18036278464 0.9974189640903169
-303.2061406107496 775.9710301369635 0.9974176320066765
-309.6368184813625 778.6833475630551 0.9974163365989944
-316.1977890821133 781.3144133216566 0.9974150793156739
-322.88455853485635 783.8613993414035 0.997413861571041
-337.45764402179134 777.093854982039 0.9974170958300105
-344.06624443160445 779.2570147440526 0.9974160625231403
-350.7815901642374 781.3368230577038 0.9974150686040545
-357.59908234328225 783.3309211781287 0.9974141152509324
-364.51405241489863 785.2370396073286 0.9974132035990284
-371.5217653368371 787.0530018578775 0.9974123347385909
-378.6174228124205 788.7767280531796 0.9974115097128614
-385.7961665668218 790.4062383590116 0.9974107295161591
-393.0530816637491 791.939656241405 0.9974099950920537
-400.38319986021054 793.3752115466216 0.997409307331632
-412.18733818807215 783.8136169695035 0.997413884422162
-419.2922241765882 784.9334029681626 0.9974133488449552
-426.4523664619399 785.9604437693816 0.9974128575193848
-433.6628624965029 786.8934907528152 0.9974124110706772
-440.9187753649167 787.7314078352641 0.9974120100681099
-448.2151371545368 788.4731733748152 0.9974116550239416
-455.54695234672846 789.1178818796196 0.9974113463924514
-462.9092012267502 789.6647455197107 0.9974110845690854
-470.29684331004034 790.1130954400887 0.9974108698897155
-477.7048207823866 790.4623828739982 0.9974107026300087
-485.1280619518258 790.712180055189 0.9974105830049107
-492.5614847099305 790.8621809283445 0.9974105111682426
500 790.9122016569704 0.9974104872124127
492.5614847099305 790.8621809283445 0.9974105111682426
485.1280619518258 790.712180055189 0.9974105830049107
477.7048207823868 790.4623828739982 0.9974107026300087
470.2968433100404 790.1130954400887 0.9974108698897155
462.9092012267502 789.6647455197107 0.9974110845690854
455.54695234672846 789.1178818796196 0.9974113463924514
448.2151371545368 788.4731733748152 0.9974116550239416
440.9187753649167 787.7314078352641 0.9974120100681099
433.6628624965029 786.8934907528152 0.9974124110706772
426.45236646193996 785.9604437693816 0.9974128575193848
419.2922241765882 784.9334029681626 0.9974133488449552
412.18733818807215 783.8136169695035 0.997413884422162
400.38319986021054 793.3752115466216 0.997409307331632
393.05308166374914 791.939656241405 0.9974099950920537
385.7961665668218 790.4062383590116 0.9974107295161591
378.61742281242056 788.7767280531796 0.9974115097128614
371.5217653368371 787.0530018578775 0.9974123347385909
364.51405241489863 785.2370396073286 0.9974132035990284
357.59908234328225 783.3309211781287 0.9974141152509324
350.7815901642374 781.3368230577038 0.9974150686040545
344.0662444316045 779.2570147440526 0.9974160625231403
337.4576440217914 777.093854982039 0.9974170958300105
322.88455853485635 783.8613993414035 0.997413861571041
316.1977890821133 781.3144133216566 0.9974150793156739
309.6368184813625 778.6833475630551 0.9974163365989944
303.2061406107497 775.9710301369636 0.9974176320066765
296.9101605236926 773.18036278464 0.9974189640903169
290.75319143600876 770.3143162196701 0.997420331369997
274.92475916278545 774.9188266093032 0.9974181343490234
268.790436901804 771.6393782428567 0.9974196993331402
262.8143505327341 768.2865264328118 0.9974212982695563
257.00059602479206 764.8636527362784 0.9974229294765962
240.5110242989241 767.7871640577371 0.9974215363166411
234.79433761120092 763.9348160778471 0.9974233719281888
229.25914213325007 760.0163247226054 0.9974252375846944
212.3738808006106 761.5304478664414 0.9974245168623005
206.99656377963134 757.1722962950005 0.9974265907432367
189.8618711713744 757.6061868998615 0.9974263843531794
184.68884313939645 752.8004570059961 0.9974286692954115
167.38351871202894 752.1247837692808 0.9974289903737389
162.46175704824822 746.8663097360843 0.9974314876839984
145.0660997250422 745.0562248137004 0.9974323466978722
127.57344171344634 742.4965309520506 0.9974335609158939
110.012909130684 739.1783165724255 0.9974351340076129
92.413878801631 735.0935884416501 0.9974370690322912
74.80594881555318 730.2352798104254 0.9974393684312437
57.21890890959614 724.5972579462871 0.997442034021603
26.12231038231522 719.5236584146227 0.9974444301537524
-5.115610275298749 712.9191190486987 0.997447545615826
-36.43768588940409 704.7714883481426 0.9974513832286764
-81.65037996503375 695.3038462409198 0.9974558346158868
-126.99848940672176 683.520952539975 0.9974613626287046
-186.41700986084334 668.891940883242 0.9974682075456479
-274.0967585647974 649.3837772395553 0.9974773038576596
-390.25395907688414 622.7378614138028 0.9974896703339765
-549.1796444664881 585.0869688375338 0.99750703065738
-807.8530950903634 525.2240473401818 0.9975343610061154
NaN NaN NaN
NaN NaN NaN
-1319.8798058294904 -793.5352304804834 0.9970414662744062
-1295.125275808092 -807.6983752713951 0.9970213649405205
-1267.3927051859155 -828.3443340639207 0.9969921242578629
-1244.2108768932947 -849.9848840872296 0.9969615784488031
-1221.2224788441351 -874.9563631607568 0.9969265025871841
-1212.657236112433 -899.0139348586118 0.9968929289635082
-1191.8777513852224 -926.4047771845666 0.9968550253527575
-1184.8674807007199 -952.6227076165319 0.9968191304300368
-1165.0126632656197 -981.1385544463224 0.9967805974112655
-1158.113160302915 -1009.1756602984018 0.9967610768359595
-1150.891308287738 -1038.2490534352821 0.996778856188443
-1143.189781235913 -1068.3019243359117 0.9967971247949172
-1134.8839962393838 -1099.2714472705534 0.9968158346274427
-1125.8716662033876 -1131.0921239254546 0.9968349368135802
-1116.065477001609 -1163.6981946419555 0.9968543831831825
-1105.3952294158114 -1197.0196500598645 0.9968741239741433
-1105.8488432851534 -1233.1209892290724 0.9968953618430259
-1093.1150281521864 -1268.0639888249154 0.9969157709247314
-1091.0718187609973 -1306.453566806113 0.996938027177721
-1087.5999361461227 -1346.0681535404833 0.9969608129573344
-1082.6342641726537 -1386.8175589660955 0.9969840615411826
-1076.4096758898013 -1428.508523915781 0.997007649617536
-1069.0811190252032 -1471.02328188373 0.9970314996085307
-1060.5435082154997 -1514.34765093544 0.9970555935076186
-1061.5198221568296 -1563.6641465356868 0.9970827638408577
-1060.7920607386632 -1614.4494073068565 0.9971104613274676
-1047.7535386842214 -1660.7042387479808 0.9971354414247808
-1043.4761673905696 -1713.8889611881073 0.9971638764711446
-1047.3342079761603 -1775.0097809822043 0.9971961787670255
-1038.7833800930312 -1831.023460633997 0.9972254331179343
-1037.7920603266064 -1895.5097442829556 0.9972587044060134
-1034.1242500496198 -1961.7016346022906 0.9972924071787713
-1027.6804044947935 -2029.4828075938742 0.9973264546058282
-1027.4342933403834 -2107.134375469112 0.9973648905828171
-1023.751659495385 -2186.7918657760547 0.9974036971318052
-948.0220458926526 -2196.1575300601935 0.9974082188396146
-873.089358351925 -2203.0528053798844 0.9974115423829869
-799.0411754246942 -2207.527460127938 0.9974136967015159
-725.9614161809739 -2209.634498960931 0.9974147104585167
-661.2409678509463 -2219.1182663805357 0.9974192680275764
-597.0111292632243 -2226.677193800131 0.9974228943303963
-533.3343155218435 -2232.342450926314 0.9974256085360652
-470.2715560059834 -2236.1475933583415 0.9974274298220203
-407.88243916152294 -2238.128482490531 0.9974283773963559
-346.2250576769736 -2238.32320977235 0.9974284705252353
-290.69763227329446 -2247.3609531943152 0.9974327888192168
-230.3307441428889 -2244.218312334998 0.9974312881394838
-175.51053935557212 -2250.2221632884757 0.9974341542803989
-120.94153148263261 -2254.802490579294 0.9974363385153129
-66.66304060112927 -2257.9724087490204 0.9974378489798552
-12.718070848404885 -2259.7523805892884 0.9974386967112044
40.854995698132086 -2260.158390763656 0.9974388900353205
94.01429428697281 -2259.2153859214172 0.9974384409936748
144.18554781042673 -2268.279119528279 0.99744275343585
196.766100117032 -2264.7439660986647 0.9974410723821313
247.00455248742193 -2271.3595150575343 0.9974442172613217
298.86207704815155 -2265.2911260842757 0.9974413326489814
349.03264174961475 -2269.475311684104 0.9974433219830171
399.30082267197315 -2272.466684020018 0.9974447431730131
449.63412457100077 -2274.262574435371 0.997445595981035
500 -2274.8613823775413 0.9974458802659644
550.3658754289992 -2274.262574435371 0.997445595981035
600.6991773280262 -2272.466684020018 0.9974447431730131
650.9673582503854 -2269.475311684104 0.9974433219830171
701.1379229518474 -2265.2911260842757 0.9974413326489814
752.9954475125769 -2271.3595150575343 0.9974442172613217
803.2338998829683 -2264.7439660986647 0.9974410723821313
855.8144521895723 -2268.279119528279 0.99744275343585
905.9857057130266 -2259.2153859214172 0.9974384409936748
959.1450043018668 -2260.158390763656 0.9974388900353205
1012.7180708484041 -2259.7523805892884 0.9974386967112044
1015.4973332722873 -2116.5083825236766 0.9973694898219772
1018.694292435139 -1999.3427003953734 0.9973113724406413
1024.3225175283342 -1906.492535575674 0.9972643277680775
1029.5245173235187 -1826.548138783558 0.9972231079537697
1035.3004199916052 -1758.7264916905362 0.9971876120709704
1037.2895743186773 -1693.3583327257704 0.9971529360921293
1046.7744245457045 -1647.6040682906305 0.9971283903506841
1047.9178458692152 -1595.131404201933 0.9970999591317158
1058.2758358218025 -1560.453255462538 0.9970810030822856
1060.450958356432 -1519.3113778585648 0.9970583405069837
1066.7470400060793 -1486.9533085635526 0.9970403833198469
1071.1260513928921 -1455.7049808629529 0.9970229299744042
1080.738496991734 -1432.1170267351094 0.9970096819030091
1089.028155662775 -1409.16697242918 0.9969967312363903
1096.0241956232508 -1386.913571932541 0.9969841160928431
1101.757349470714 -1365.4125445905265 0.9969718733485765
1106.2603503218438 -1344.716424476379 0.9969600384691375
1117.8440070155114 -1329.762199448288 0.9969514561194436
1120.1950424249658 -1310.4762667904538 0.9969403493277816
1130.109540804269 -1296.3798227689597 0.996932203685942
1139.3246737072561 -1282.6112366706002 0.9969242250181594
1138.7459158826834 -1265.5349960947094 0.9969142986646107
1146.4062611060444 -1252.7968835097142 0.9969068716627205
1153.4152519219376 -1240.4597576267447 0.9968996601706174
1159.7883459490806 -1228.5436837450131 0.9968926776717224
1175.3893627270763 -1219.5180428377757 0.9968873776623061
1180.7027549702743 -1208.1953195740218 0.9968807150524355
1185.4182282673194 -1197.3457235182 0.9968743164939531
1189.5502534038294 -1186.9836214116121 0.9968681922949748
1203.6452689717703 -1178.408196885388 0.9968631143278667
1206.8069223018701 -1168.7591235212417 0.9968573900410872
1220.2837341357817 -1160.3655846258255 0.996852401490498
1222.5157468131558 -1151.4789792122106 0.9968471106439281
1235.4052529435528 -1143.3183515145367 0.9968422436300808
1236.7520963177394 -1135.2357708597008 0.9968374152276032
1249.089028507566 -1127.3566402485321 0.9968327007482074
1261.2489324826424 -1119.508837772953 0.9968279975290729
1261.4210601503698 -1112.561542790891 0.9968238277445748
1273.0914692465383 -1105.0678782936993 0.9968193234448408
1284.6188333734901 -1097.6477689218761 0.9968148566160605
1296.012746017245 -1090.3210615210462 0.9968104394220881
1294.7863724665112 -1084.9621159862138 0.9968072044173657
1305.7510720066155 -1078.1352828429963 0.9968030782117434
1316.7110781496992 -1071.4219869501392 0.9967990150610356
1327.7354476963108 -1064.825288433796 0.9967950170938605
1338.9117668178346 -1058.3474317172854 0.9967910859492483
1350.3637059729867 -1051.984962573877 0.9967872198039801
1362.2738451735127 -1045.724430298875 0.9967834107337505
1374.9293678531546 -1039.533237980258 0.9967796390981296
1387.326894223202 -1033.9748305022324 0.9967762489190284
NaN NaN NaN
NaN NaN NaN
NaN NaN NaN
NaN NaN NaN
NaN NaN NaN
NaN NaN NaN
NaN NaN NaN
NaN NaN NaN
NaN NaN NaN
NaN NaN NaN
NaN NaN NaN
973.8776896176835 719.5236584146227 0.9974444301537524
942.7810910904042 724.5972579462871 0.997442034021603
925.1940511844479 730.2352798104253 0.9974393684312437
907.5861211983625 735.09358844165 0.9974370690322912
889.9870908693104 739.1783165724254 0.9974351340076129
872.4265582865609 742.4965309520506 0.9974335609158939
854.9339002749454 745.0562248137004 0.9974323466978722
837.5382429517391 746.8663097360843 0.9974314876839984
832.6164812879803 752.1247837692807 0.9974289903737389
815.311156860591 752.800457005996 0.9974286692954115
810.1381288286257 757.6061868998614 0.9974263843531794
793.0034362203559 757.1722962950005 0.9974265907432367
787.6261191994021 761.5304478664414 0.9974245168623005
770.7408578667499 760.0163247226054 0.9974252375846944
765.205662388811 763.934816077847 0.9974233719281888
759.488975701089 767.7871640577371 0.9974215363166411
742.999403975221 764.8636527362783 0.9974229294765962
737.185649467266 768.2865264328118 0.9974212982695563
731.2095630981829 771.6393782428567 0.9974196993331402
725.0752408372146 774.9188266093032 0.9974181343490234
709.2468085639913 770.3143162196701 0.997420331369997
703.0898394763202 773.18036278464 0.9974189640903169
696.7938593892505 775.9710301369635 0.9974176320066765
690.3631815186374 778.6833475630551 0.9974163365989944
683.8022109178739 781.3144133216566 0.9974150793156739
677.1154414651437 783.8613993414035 0.997413861571041
662.5423559782217 777.093854982039 0.9974170958300105
655.9337555683956 779.2570147440526 0.9974160625231403
649.2184098357756 781.3368230577038 0.9974150686040545
642.4009176567047 783.3309211781287 0.9974141152509324
635.4859475851016 785.2370396073286 0.9974132035990284
628.4782346631629 787.0530018578775 0.9974123347385909
621.3825771875664 788.7767280531796 0.9974115097128614
614.2038334331652 790.4062383590116 0.9974107295161591
606.946918336238 791.939656241405 0.9974099950920537
599.6168001397765 793.3752115466216 0.997409307331632
587.8126618119278 783.8136169695035 0.997413884422162
580.7077758234248 784.9334029681626 0.9974133488449552
573.5476335380731 785.9604437693816 0.9974128575193848
566.337137503497 786.8934907528152 0.9974124110706772
559.0812246350702 787.7314078352641 0.9974120100681099
551.7848628454502 788.4731733748152 0.9974116550239416
544.4530476532715 789.1178818796196 0.9974113463924514
537.0907987732497 789.6647455197107 0.9974110845690854
529.7031566899719 790.1130954400887 0.9974108698897155
522.2951792176134 790.4623828739982 0.9974107026300087
514.8719380481701 790.712180055189 0.9974105830049107
507.4385152900695 790.8621809283445 0.9974105111682426
