0 1449.472201656975
-11.36209735846004 1449.410492826385
-22.716413157788026 1449.2254584408784
-34.055171157064066 1448.9173746460783
-45.37060574818767 1448.48670110787
-56.65496726327706 1447.9340801474916
-67.90052727126915 1447.2603355319964
-79.09958386011706 1446.4664709211393
-90.24446690101973 1445.553667972053
-101.32754329111052 1444.5232841037782
-112.34122217102882 1443.3768499237958
-123.27796011387407 1442.116066319452
-134.13026628198818 1440.7428012170606
-149.65008101697134 1450.0318527257712
-160.66158530904957 1448.3054141477849
-171.5630731519632 1446.4635462360654
-182.34707849460423 1444.508840413381
-193.00621553448366 1442.4440403110177
-203.53318376587578 1440.2720365717298
-213.92077297028015 1437.9958613543404
-224.1618681458058 1435.6186825468244
-234.24945437208402 1433.143797697269
-244.17662160755148 1430.5746276717723
-262.01232587217993 1436.926321548977
-271.9035300187582 1433.9547669412223
-281.6085550699856 1430.8915623269208
-291.1207523698503 1427.7407063728526
-300.433604945449 1424.5062911218135
-309.5407319672458 1421.1924941672617
-328.25058572927173 1425.3464719368994
-337.195618251389 1421.6149391011638
-345.9097773335214 1417.8096881597282
-354.3870904681809 1413.9353413021347
-373.4638812643725 1416.4095461120608
-381.68967431532866 1412.1112955689757
-389.6541438332395 1407.7515360710722
-408.8871819794898 1408.8302456830597
-416.52916953877764 1404.0437416441998
-435.84387431796944 1404.0575301198853
-443.110762082073 1398.8411171081493
-462.42235877586967 1397.765324449314
-469.2614302416109 1392.118412041988
-488.48412087392285 1389.9326565259896
-507.7122835444006 1387.011112743234
-526.9156027076306 1383.345885024723
-546.063575654871 1378.9299560128284
-565.1255427289689 1373.7571918492754
-584.0707176683602 1367.8223468704318
-616.4286183765917 1362.470395174347
-648.8301439291617 1355.6067620111628
-681.2173296755759 1347.2200297467102
-727.3959091475617 1337.533956344228
-773.610017280032 1325.5539217048379
-833.7940562071568 1310.749619664314
-922.1383185181866 1291.0885147369181
NaN NaN
NaN NaN
NaN NaN
NaN NaN
NaN NaN
-1491.6475550202608 -1528.0271419947958
-1470.3926162603398 -1536.050977339833
-1447.8362583364483 -1546.2067355847082
-1427.742480120587 -1556.6832741660555
-1409.0325386624288 -1567.5572595520432
-1390.5559828569728 -1579.169165483101
-1385.3873290558895 -1589.6999865856262
-1366.967645487941 -1602.609229254983
-1348.6757088911113 -1615.8222373890458
-1343.2102787793121 -1628.3166822830826
-1324.70750316185 -1642.2713098319314
-1318.5619742586234 -1655.9878041726154
-1299.5375284827423 -1670.579845893676
-1292.4589400543223 -1685.4357498503687
-1284.7664857497398 -1700.9756089767463
-1276.4214769818043 -1717.1780571869635
-1267.3870035895666 -1734.020827988969
-1246.0542980789578 -1750.1668998339915
-1247.1229125009434 -1769.5260016692457
-1235.8380467680358 -1788.1325056859762
-1223.7499986346597 -1807.2687479482474
-1210.8382736921442 -1826.9020379427254
-1207.7534561049258 -1849.8642577381936
-1192.9332536905015 -1870.6928735200506
-1187.494683687335 -1895.4092814822682
-1170.6742407211796 -1917.277756103532
-1162.7677526783543 -1943.5748282816903
-1153.4777288136243 -1970.7501748013058
-1152.189246618547 -2003.5284723682294
-1140.0591921426203 -2032.6009814861686
-1135.715742041959 -2067.824022060527
-1120.8239849494814 -2098.6105275940827
-1113.2115708983167 -2136.0942012545725
-1112.2086103983916 -2181.201903851102
-1100.6444564093233 -2221.3622108011414
-1095.1156629823552 -2269.6660232195954
-1087.0872182412045 -2319.603876362891
-1076.4760173232285 -2371.073221120873
-1070.50065584692 -2432.045125457162
-1068.330699889216 -2503.4061100113922
-1062.2945009200903 -2577.2359174348258
-1052.2675995796608 -2653.342514057282
-1000.6865469375527 -2675.2324517081315
-936.7014772115825 -2677.1457651352953
-873.4499861863311 -2677.4211203538885
-816.2217994386224 -2685.7811607343156
-754.2620257823031 -2682.9936764438753
-697.7491619828538 -2688.56910947232
-641.4916327542817 -2692.837701995112
-585.5269661046653 -2695.8105458131686
-529.8963857916254 -2697.5057424812658
-474.6365901636686 -2697.9375657507003
-419.7877604783925 -2697.1287496184655
-367.8694764029177 -2705.4742972593294
-313.59624940139196 -2702.2796045328055
-261.61944539072886 -2708.3724817361544
-208.0604176228019 -2702.8455536430197
-156.15495347157957 -2706.699224662333
-104.15554067121526 -2709.4547721004024
-52.0934475822626 -2711.109270302892
0 -2711.6609646231504
52.09344758226176 -2711.109270302892
104.15554067121444 -2709.4547721004024
156.15495347157957 -2706.699224662333
208.06041762280122 -2702.8455536430197
261.61944539072795 -2708.3724817361544
313.59624940139196 -2702.2796045328055
367.86947640291686 -2705.4742972593294
419.7877604783915 -2697.1287496184655
474.6365901636686 -2697.9375657507003
529.8963857916245 -2697.5057424812658
585.5269661046643 -2695.810545813169
641.4916327542817 -2692.837701995112
697.7491619828529 -2688.56910947232
754.2620257823021 -2682.9936764438753
816.2217994386224 -2685.7811607343156
873.4499861863306 -2677.421120353889
936.7014772115816 -2677.145765135296
1000.6865469375527 -2675.2324517081315
1052.2675995796599 -2653.3425140572826
1062.29450092009 -2577.2359174348258
1068.330699889216 -2503.4061100113922
1070.50065584692 -2432.045125457162
1076.476017323227 -2371.0732211208733
1087.0872182412045 -2319.603876362891
1095.1156629823547 -2269.6660232195954
1100.644456409323 -2221.362210801142
1112.2086103983916 -2181.201903851102
1113.2115708983158 -2136.0942012545734
1120.8239849494803 -2098.610527594083
1135.715742041959 -2067.824022060527
1140.05919214262 -2032.6009814861686
1152.189246618547 -2003.5284723682294
1153.4777288136238 -1970.7501748013058
1162.7677526783534 -1943.5748282816905
1170.6742407211793 -1917.2777561035323
1187.494683687335 -1895.4092814822682
1192.9332536905015 -1870.6928735200506
1207.7534561049235 -1849.8642577381943
1210.8382736921433 -1826.902037942726
1223.74999863466 -1807.2687479482474
1235.838046768036 -1788.1325056859764
1247.1229125009434 -1769.5260016692457
1246.0542980789578 -1750.1668998339915
1267.3870035895663 -1734.020827988969
1276.4214769818038 -1717.178057186964
1284.7664857497393 -1700.9756089767466
1292.458940054322 -1685.4357498503691
1299.5375284827423 -1670.579845893676
1318.5619742586234 -1655.9878041726154
1324.70750316185 -1642.2713098319316
1343.210278779312 -1628.3166822830829
1348.67570889111 -1615.822237389046
1366.9676454879402 -1602.609229254983
1385.3873290558895 -1589.6999865856262
1390.5559828569728 -1579.169165483101
1409.0325386624288 -1567.5572595520432
1427.742480120587 -1556.6832741660555
1447.8362583364483 -1546.2067355847082
1470.3926162603398 -1536.050977339833
1491.6475550202608 -1528.0271419947958
NaN NaN
NaN NaN
NaN NaN
NaN NaN
NaN NaN
922.1383185181866 1291.0885147369181
833.7940562071568 1310.749619664314
773.6100172800321 1325.5539217048372
727.3959091475617 1337.5339563442278
681.217329675576 1347.22002974671
648.8301439291617 1355.6067620111628
616.4286183765917 1362.470395174347
584.0707176683602 1367.8223468704318
565.125542728969 1373.7571918492754
546.0635756548711 1378.9299560128281
526.9156027076307 1383.3458850247227
507.7122835444006 1387.011112743234
488.48412087392285 1389.9326565259896
469.2614302416109 1392.118412041988
462.4223587758697 1397.7653244493138
443.11076208207305 1398.8411171081493
435.8438743179695 1404.0575301198853
416.52916953877764 1404.0437416441998
408.8871819794898 1408.8302456830597
389.6541438332395 1407.7515360710722
381.6896743153287 1412.1112955689757
373.4638812643725 1416.4095461120608
354.38709046818093 1413.9353413021345
345.9097773335214 1417.8096881597282
337.195618251389 1421.6149391011638
328.25058572927173 1425.3464719368994
309.5407319672459 1421.1924941672617
300.4336049454491 1424.5062911218135
291.1207523698504 1427.7407063728524
281.6085550699856 1430.8915623269208
271.9035300187582 1433.9547669412223
262.01232587217993 1436.926321548977
244.17662160755157 1430.5746276717723
234.24945437208407 1433.143797697269
224.16186814580587 1435.6186825468244
213.92077297028015 1437.9958613543404
203.53318376587578 1440.2720365717298
193.00621553448366 1442.4440403110177
182.34707849460426 1444.508840413381
171.56307315196327 1446.4635462360654
160.6615853090496 1448.3054141477849
149.65008101697134 1450.0318527257712
134.13026628198818 1440.7428012170606
123.27796011387407 1442.116066319452
112.34122217102886 1443.3768499237958
101.32754329111057 1444.5232841037782
90.24446690102118 1445.553667972053
79.09958386011706 1446.4664709211393
67.90052727126915 1447.2603355319964
56.65496726327706 1447.9340801474916
45.37060574818783 1448.48670110787
34.05517115706504 1448.9173746460783
22.71641315778807 1449.2254584408784
11.36209735846004 1449.410492826385
