-500 499.3622016569745 0.9975460658965775
-505.7015128118761 499.3173553484889 0.9975460861404015
-511.3991235465189 499.18286410319735 0.9975461468492463
-517.0889327860897 498.9588708915607 0.9975462479552664
-522.767046429818 498.64561376424183 0.9975463893455115
-528.4295783479812 498.24342550220365 0.9975465708621144
-534.0726530307257 497.7527331272713 0.9975467923025523
-539.69240822959 497.17405727357215 0.9975470534199844
-545.2849975902568 496.50801142053984 0.9975473539236612
-550.8465932746062 495.75530098806615 0.9975476934794083
-556.3733885703476 494.9167222947714 0.9975480717101813
-561.8616004864991 493.9931613803583 0.9975484881966926
-567.307472332992 492.9855926932471 0.9975489424781085
-577.4666497514456 502.6678443579418 0.9975445732073471
-583.1669876451567 501.3610655016077 0.9975451634133926
-588.810420015996 499.96420101760754 0.997545794133541
-594.3930844214352 498.47865747704856 0.997546464698435
-599.9111597982538 496.9059275426913 0.9975471743984763
-605.3608690675766 495.2475878262135 0.9975479224849736
-610.7384817105959 493.50529662095175 0.9975487081713524
-616.0403163130993 491.68079151304676 0.9975495306344248
-621.2627430771803 489.7758868741451 0.9975503890157161
-626.402186298565 487.7924712391943 0.9975512824228482
-639.5308832641069 494.74411607242564 0.997548149554143
-644.7990227742638 492.3850901046553 0.9975492131819004
-649.9680942693426 489.9453358186297 0.9975503126726841
-655.0345578092974 487.4271630533724 0.9975514469325812
-659.9949433050845 484.83294659370335 0.9975526148389087
-664.8458528906795 482.1651228574497 0.997553815241947
-679.3986558589601 486.9690877923987 0.9975516532010066
-684.2886532647398 483.8897809878774 0.9975530392960972
-689.052572026476 480.737210043292 0.997554457472824
-693.6871469340592 477.51420727742993 0.9975559063956526
-709.0313352173329 480.63663033577035 0.997554502703441
-713.6372196088344 476.9816871364626 0.9975561457025074
-718.0969552253353 473.2585488652107 0.9975578181048685
-733.9428361977903 474.96543320803744 0.997557051543627
-738.31756469919 470.7969168435327 0.9975589231556429
-754.4871477526141 471.4167901618351 0.9975586449404183
-758.7332066323412 466.79287310660465 0.9975607194315491
-775.1503376084368 466.29433607239196 0.9975609429808231
-779.2232902452959 461.20782694440265 0.9975632225333877
-795.8101046972834 459.56405452441027 0.9975639586979763
-812.5344403338618 457.16455463824644 0.997565032874919
-829.3676976075542 453.9999659555274 0.997566448757429
-846.2809981316793 450.0618632148307 0.9975682094521217
-863.2452137819255 445.3427666682272 0.9975703174707984
-880.2309959907881 439.8361508704989 0.9975727747236245
-910.7692055317084 434.88578016161966 0.9975749814173828
-941.4919886056141 428.3959437788542 0.9975778709930441
-972.3425310882385 420.35416533315174 0.9975814462907591
NaN NaN NaN
NaN NaN NaN
NaN NaN NaN
NaN NaN NaN
NaN NaN NaN
NaN NaN NaN
NaN NaN NaN
NaN NaN NaN
NaN NaN NaN
-1303.6616432902883 -717.9737104474318 0.9971489513324907
-1291.8800420954926 -724.5480040943357 0.9971395992181308
-1279.9522270573057 -731.8429871673843 0.9971292194511617
-1268.8201144245577 -739.1913150403736 0.9971187620619066
-1258.1983698438123 -746.6319113284728 0.9971081725698807
-1247.9041292826942 -754.1809713031994 0.9970974289147038
-1237.8123585478836 -761.8428900294566 0.9970865259377689
-1227.8335284368895 -769.615392345922 0.9970754680916184
-1217.8965655793393 -777.4952939796304 0.9970642612432575
-1220.0543764616666 -783.6362181173241 0.9970555310466275
-1209.8032762494395 -792.0532755884601 0.9970435711574709
-1199.457182704888 -800.5546008972028 0.9970315002564096
-1189.0032148473674 -809.1177422546664 0.9970193521656644
-1190.0311753042806 -817.0239001566003 0.99700814706261
-1179.1711394296328 -825.9539021213612 0.9969955053894061
-1168.1605702949184 -834.8982857428907 0.996982860777704
-1168.1781028979615 -844.0568729369644 0.9969699336507973
-1156.6796172783156 -853.2850400710647 0.9969569314527245
-1155.9087613986358 -863.329733126097 0.9969428080562834
-1143.8754424815047 -872.7863662327674 0.9969295421895353
-1142.2554822005482 -883.6662378323579 0.9969143202439569
-1129.6450981693322 -893.2938853004437 0.9969008896470846
-1127.1195381312398 -904.9495118713198 0.9968846839868639
-1124.0438075280288 -917.139775658016 0.9968678038451908
-1120.3984636620341 -929.8464964059091 0.9968502903251281
-1106.3425322161277 -939.9152811520771 0.9968364767540938
-1101.6708632506543 -953.2548708657712 0.9968182701590277
-1096.3789987359505 -967.0481788844316 0.9967995660641005
-1090.4471993692507 -981.2710231622847 0.9967804197778384
-1092.9355345307379 -1000.3677462380895 0.9967556698024296
-1085.4633218693177 -1015.6942483129404 0.996765072282319
-1077.2905005369712 -1031.3629228898901 0.9967746545478072
-1076.8575011702885 -1052.8259063796422 0.996787731088093
-1067.0034345182619 -1069.3916628581906 0.9967977851404476
-1064.3982913962923 -1092.3401120683059 0.9968116573405995
-1060.5447469911592 -1116.1292172231697 0.996825969804946
-1055.4050630903328 -1140.69634362913 0.9968406781512412
-1048.9441890770775 -1165.9761141760196 0.9968557369486508
-1041.1293017745777 -1191.9006106791962 0.9968710999313499
-1038.6694490883597 -1226.196213963969 0.9968913001296912
-1034.2411269973945 -1261.6040601945851 0.9969120087620149
-1034.0182643428202 -1306.5033904973905 0.9969380559505935
-1025.40943093963 -1344.2044008052317 0.9969597450441201
-1026.1995429663077 -1401.1014991288323 0.9969921655975742
-1018.4419673198045 -1450.5125760144967 0.9970200191112136
-1018.3042388260284 -1520.863879412903 0.9970591991175967
-1014.2644995655086 -1593.539957852548 0.9970990921125873
-1010.7656371125807 -1678.8453182788155 0.9971451749124588
-1006.7823248141111 -1777.479643238451 0.9971974757063554
-1005.2075669186788 -1901.3511585044846 0.9972616968577157
-1003.9816816022601 -2052.0151654369092 0.9973376699194361
-951.2665573973735 -2052.4061136248233 0.9973378640601627
-898.9657792896693 -2051.384861045992 0.9973373568846223
-849.6878670176312 -2060.867067331508 0.997342061920482
-797.9658587667299 -2057.133602867033 0.9973402104662455
-748.6136362273988 -2064.0535300095617 0.9973436410066387
-697.6187366840022 -2057.669810314124 0.9973404764617123
-648.3310870498725 -2062.0465176171083 0.9973426465285222
-598.9431448083241 -2065.1751764358 0.9973441966085383
-549.4883029778183 -2067.053347308826 0.9973451266687765
-500 -2067.679566849107 0.9973454366908251
-450.51169702218215 -2067.053347308826 0.9973451266687765
-401.0568551916767 -2065.1751764358 0.9973441966085383
-351.6689129501279 -2062.0465176171083 0.9973426465285222
-302.3812633159987 -2057.669810314124 0.9973404764617123
-251.3863637726014 -2064.0535300095617 0.9973436410066387
-202.03414123327073 -2057.133602867033 0.9973402104662455
-150.31213298237037 -2060.867067331508 0.997342061920482
-101.0342207103317 -2051.384861045992 0.9973373568846223
-48.733442602626305 -2052.4061136248233 0.9973378640601627
3.98168160225908 -2052.0151654369092 0.9973376699194361
57.06810781819264 -2050.1857907778103 0.9973367612673256
110.48626900438668 -2046.9009744263199 0.9973351288517449
164.1919075000414 -2042.1387969775024 0.9973327603227673
218.14443120700867 -2035.8848344938872 0.9973296463678261
277.7042232376054 -2039.2349134656524 0.9973313149194096
332.35507249748036 -2029.801360243511 0.9973266135195622
393.20055207265347 -2029.6538286611647 0.9973265399229713
454.7743850336247 -2027.6335237852131 0.9973255318665455
517.0166111224886 -2023.7001444034536 0.9973235680753344
579.8656851299121 -2017.8153644371953 0.9973206271024685
643.2585165121826 -2009.942882098652 0.9973166872782265
699.421293040978 -1990.059035359244 0.9973067083215331
747.3773453026728 -1958.7724784303498 0.9972909252724729
794.4989412897794 -1926.3019875496725 0.9972744389771695
840.7590736111474 -1892.67251625736 0.9972572496683617
886.1302162674896 -1857.9090700598565 0.9972393573656415
930.5903866092633 -1822.0382653052702 0.9972207627071127
974.1155315286537 -1785.0859047695178 0.9972014657296684
1007.0414481976087 -1738.8777239398814 0.9971771313126959
1008.9030158618483 -1668.6122636284917 0.9971396888225725
1007.9938266081758 -1599.9297246284318 0.9971025715641946
1014.6838267441144 -1540.083125853234 0.9970698059992327
1008.7347227338491 -1474.534443332248 0.9970334601431557
1010.9677420123504 -1417.2927520329947 0.9970013234794168
1022.021609239759 -1367.3450008545703 0.9969729758757423
1020.5210263348774 -1312.2812600910975 0.9969413906663795
1017.2183488465647 -1258.5815935453306 0.9969102468332947
1023.4910813567841 -1211.2169745732679 0.9968824945743494
1028.4547470165346 -1164.535201165914 0.9968548806879705
1032.208808561844 -1118.5453536129028 0.9968274195937632
1034.597146683882 -1073.3718326215221 0.9968001957537189
1035.3889486243502 -1029.2260816212463 0.9967733495409818
1034.6508498170124 -986.2080912294684 0.996773809023042
1044.6350556532668 -946.8393434190425 0.9968270125372133
1041.1934766703214 -905.9101200594783 0.9968833511754598
1048.8808059809442 -867.8974256205194 0.9969363965571559
1055.5761176879425 -830.4508909284104 0.9969891457159418
1061.3472289372494 -793.644009687399 0.9970413117814388
1066.2799167908063 -757.5471694034461 0.9970926385589365
1070.476401841378 -722.2325622050879 0.9971428932736175
1074.062845746174 -687.7717112005129 0.9971918691990836
1077.1998056886885 -654.231765158698 0.9972393895943887
1092.9615584028948 -619.7657460800871 0.9972879915654987
1095.895060211094 -587.7392788697842 0.9973328800092776
1112.1041152422663 -553.8737798038749 0.9973799989691783
1116.2963295299924 -523.7635570258902 0.9974215484677208
1134.3931934243162 -492.08124461024045 0.9974648764611908
1152.962884182134 -464.24037868645263 0.9975025913233546
1175.9505745691847 -437.292680333401 0.9975387537166783
1197.2274705399827 -418.5633857049571 0.9975636792010932
NaN NaN NaN
NaN NaN NaN
741.7014620244175 241.27798918351323 0.9976595691744515
483.1869635567394 301.103926093173 0.9976337848715822
324.46545841041535 338.70744811258913 0.9976174172809463
208.55752629375996 365.2957424099937 0.9976057686717695
121.17196330127659 384.7361976728673 0.9975972117496107
62.09234425447298 399.28760681594406 0.9975907846708623
17.127619649857717 410.9832245806009 0.9975856051685158
-27.65746891176319 420.3541653331515 0.9975814462907591
-58.5080113943837 428.3959437788542 0.9975778709930441
-89.23079446829117 434.88578016161966 0.9975749814173828
-119.76900400921224 439.8361508704989 0.9975727747236245
-136.75478621807446 445.34276666822706 0.9975703174707984
-153.71900186831652 450.06186321483057 0.9975682094521217
-170.6323023924424 453.99996595552733 0.997566448757429
-187.465559666143 457.16455463824644 0.997565032874919
-204.18989530270903 459.56405452441027 0.9975639586979763
-220.7767097546963 461.20782694440265 0.9975632225333877
-224.84966239156992 466.2943360723918 0.9975609429808231
-241.26679336765113 466.79287310660453 0.9975607194315491
-245.51285224738587 471.416790161835 0.9975586449404183
-261.682435300802 470.7969168435327 0.9975589231556429
-266.0571638022176 474.96543320803744 0.997557051543627
-281.90304477466475 473.2585488652107 0.9975578181048685
-286.3627803911736 476.9816871364625 0.9975561457025074
-290.96866478267515 480.63663033577035 0.997554502703441
-306.3128530659488 477.5142072774299 0.9975559063956526
-310.9474279735241 480.737210043292 0.997554457472824
-315.711346735252 483.8897809878774 0.9975530392960972
-320.60134414103993 486.9690877923987 0.9975516532010066
-335.1541471093205 482.16512285744966 0.997553815241947
-340.00505669492344 484.83294659370335 0.9975526148389087
-344.96544219070273 487.42716305337234 0.9975514469325812
-350.0319057306573 489.9453358186297 0.9975503126726841
-355.20097722572825 492.3850901046553 0.9975492131819004
-360.4691167358931 494.74411607242564 0.997548149554143
-373.59781370144304 487.7924712391943 0.9975512824228482
-378.7372569228197 489.7758868741451 0.9975503890157161
-383.9596836869086 491.68079151304676 0.9975495306344248
-389.26151828939584 493.50529662095175 0.9975487081713524
-394.63913093242365 495.2475878262135 0.9975479224849736
-400.08884020174617 496.9059275426913 0.9975471743984763
-405.60691557855654 498.47865747704856 0.997546464698435
-411.1895799839958 499.9642010176075 0.997545794133541
-416.8330123548352 501.3610655016077 0.9975451634133926
-422.53335024854624 502.6678443579418 0.9975445732073471
-432.69252766700794 492.9855926932471 0.9975489424781085
-438.138399513509 493.9931613803583 0.9975484881966926
-443.62661142966044 494.9167222947714 0.9975480717101813
-449.1534067253936 495.75530098806615 0.9975476934794083
-454.7150024097349 496.50801142053984 0.9975473539236612
-460.30759177040187 497.17405727357215 0.9975470534199844
-465.9273469692742 497.7527331272713 0.9975467923025523
-471.57042165201875 498.24342550220365 0.9975465708621144
-477.2329535701894 498.64561376424183 0.9975463893455115
-482.9110672139102 498.9588708915607 0.9975462479552664
-488.6008764534811 499.18286410319735 0.9975461468492463
-494.2984871881239 499.3173553484889 0.9975460861404015
500 499.3622016569745 0.9975460658965775
494.2984871881239 499.3173553484889 0.9975460861404015
488.6008764534811 499.18286410319735 0.9975461468492463
482.91106721391037 498.9588708915607 0.9975462479552664
477.23295357018947 498.64561376424183 0.9975463893455115
471.57042165201875 498.24342550220365 0.9975465708621144
465.9273469692742 497.7527331272713 0.9975467923025523
460.30759177040187 497.17405727357215 0.9975470534199844
454.7150024097349 496.50801142053984 0.9975473539236612
449.1534067253936 495.75530098806615 0.9975476934794083
443.6266114296605 494.9167222947714 0.9975480717101813
438.138399513509 493.9931613803583 0.9975484881966926
432.69252766700794 492.9855926932471 0.9975489424781085
422.53335024854624 502.6678443579418 0.9975445732073471
416.83301235483526 501.3610655016077 0.9975451634133926
411.1895799839958 499.96420101760754 0.997545794133541
405.6069155785566 498.47865747704856 0.997546464698435
400.08884020174617 496.9059275426913 0.9975471743984763
394.63913093242365 495.2475878262135 0.9975479224849736
389.26151828939584 493.50529662095175 0.9975487081713524
383.9596836869086 491.68079151304676 0.9975495306344248
378.73725692281977 489.7758868741451 0.9975503890157161
373.5978137014431 487.7924712391943 0.9975512824228482
360.4691167358931 494.74411607242564 0.997548149554143
355.20097722572825 492.3850901046553 0.9975492131819004
350.0319057306573 489.9453358186297 0.9975503126726841
344.9654421907028 487.4271630533724 0.9975514469325812
340.0050566949235 484.83294659370335 0.9975526148389087
335.1541471093206 482.1651228574497 0.997553815241947
320.60134414103993 486.9690877923987 0.9975516532010066
315.711346735252 483.8897809878774 0.9975530392960972
310.9474279735241 480.737210043292 0.997554457472824
306.31285306594896 477.51420727742993 0.9975559063956526
290.96866478267515 480.63663033577035 0.997554502703441
286.3627803911737 476.9816871364626 0.9975561457025074
281.90304477466475 473.2585488652107 0.9975578181048685
266.0571638022176 474.96543320803744 0.997557051543627
261.682435300802 470.7969168435327 0.9975589231556429
245.51285224738598 471.4167901618351 0.9975586449404183
241.26679336765113 466.79287310660465 0.9975607194315491
224.84966239157004 466.29433607239196 0.9975609429808231
220.7767097546963 461.20782694440265 0.9975632225333877
204.18989530270903 459.56405452441027 0.9975639586979763
187.465559666143 457.16455463824644 0.997565032874919
170.63230239244245 453.9999659555274 0.997566448757429
153.71900186831664 450.0618632148307 0.9975682094521217
136.7547862180745 445.3427666682272 0.9975703174707984
119.76900400921224 439.8361508704989 0.9975727747236245
89.23079446829117 434.88578016161966 0.9975749814173828
58.5080113943837 428.3959437788542 0.9975778709930441
27.657468911763218 420.35416533315174 0.9975814462907591
-17.127619649857703 410.9832245806011 0.9975856051685158
-62.09234425447294 399.28760681594457 0.9975907846708623
-121.17196330127659 384.7361976728673 0.9975972117496107
-208.55752629375996 365.2957424099937 0.9976057686717695
-324.46545841041535 338.70744811258913 0.9976174172809463
-483.1869635567392 301.103926093174 0.9976337848715822
-741.7014620244175 241.27798918351326 0.9976595691744515
NaN NaN NaN
NaN NaN NaN
-1197.2274705399827 -418.5633857049571 0.9975636792010932
-1175.9505745691847 -437.292680333401 0.9975387537166783
-1152.962884182134 -464.24037868645263 0.9975025913233546
-1134.3931934243162 -492.08124461024045 0.9974648764611908
-1116.2963295299924 -523.7635570258902 0.9974215484677208
-1112.1041152422663 -553.8737798038749 0.9973799989691783
-1095.895060211094 -587.7392788697842 0.9973328800092776
-1092.961558402896 -619.7657460800851 0.9972879915654987
-1077.1998056886887 -654.2317651586968 0.9972393895943887
-1074.062845746174 -687.7717112005121 0.9971918691990836
-1070.4764018413782 -722.2325622050874 0.9971428932736175
-1066.2799167908063 -757.5471694034461 0.9970926385589365
-1061.3472289372494 -793.644009687399 0.9970413117814388
-1055.576117687943 -830.4508909284099 0.9969891457159418
-1048.8808059809442 -867.8974256205191 0.9969363965571559
-1041.1934766703223 -905.9101200594772 0.9968833511754598
-1044.635055653267 -946.8393434190422 0.9968270125372133
-1034.6508498170124 -986.2080912294684 0.996773809023042
-1035.3889486243502 -1029.2260816212463 0.9967733495409818
-1034.5971466838819 -1073.371832621523 0.9968001957537189
-1032.2088085618436 -1118.5453536129028 0.9968274195937632
-1028.4547470165357 -1164.5352011659124 0.9968548806879705
-1023.4910813567853 -1211.2169745732663 0.9968824945743494
-1017.2183488465647 -1258.5815935453306 0.9969102468332947
-1020.5210263348774 -1312.2812600910975 0.9969413906663795
-1022.0216092397594 -1367.34500085457 0.9969729758757423
-1010.9677420123506 -1417.2927520329943 0.9970013234794168
-1008.7347227338493 -1474.534443332248 0.9970334601431557
-1014.6838267441144 -1540.083125853234 0.9970698059992327
-1007.9938266081763 -1599.9297246284318 0.9971025715641946
-1008.9030158618483 -1668.6122636284917 0.9971396888225725
-1007.0414481976107 -1738.8777239398796 0.9971771313126959
-974.115531528655 -1785.0859047695162 0.9972014657296684
-930.5903866092633 -1822.0382653052702 0.9972207627071127
-886.13021626749 -1857.9090700598563 0.9972393573656415
-840.7590736111479 -1892.67251625736 0.9972572496683617
-794.4989412897794 -1926.3019875496725 0.9972744389771695
-747.3773453026744 -1958.7724784303484 0.9972909252724729
-699.4212930409784 -1990.0590353592436 0.9973067083215331
-643.2585165121826 -2009.942882098652 0.9973166872782265
-579.8656851299123 -2017.815364437195 0.9973206271024685
-517.0166111224898 -2023.7001444034531 0.9973235680753344
-454.7743850336247 -2027.6335237852131 0.9973255318665455
-393.2005520726545 -2029.653828661164 0.9973265399229713
-332.3550724974812 -2029.8013602435108 0.9973266135195622
-277.7042232376054 -2039.2349134656524 0.9973313149194096
-218.14443120700932 -2035.884834493887 0.9973296463678261
-164.19190750004196 -2042.1387969775024 0.9973327603227673
-110.48626900438668 -2046.9009744263199 0.9973351288517449
-57.06810781819355 -2050.18579077781 0.9973367612673256
-3.9816816022598025 -2052.0151654369092 0.9973376699194361
48.733442602626305 -2052.4061136248233 0.9973378640601627
101.0342207103311 -2051.384861045992 0.9973373568846223
150.31213298236923 -2060.867067331508 0.997342061920482
202.03414123327073 -2057.133602867033 0.9973402104662455
251.38636377260062 -2064.0535300095617 0.9973436410066387
302.38126331599784 -2057.669810314124 0.9973404764617123
351.6689129501279 -2062.0465176171083 0.9973426465285222
401.05685519167594 -2065.1751764358 0.9973441966085383
450.5116970221811 -2067.053347308826 0.9973451266687765
500 -2067.679566849107 0.9973454366908251
549.4883029778181 -2067.053347308826 0.9973451266687765
598.9431448083233 -2065.1751764358 0.9973441966085383
648.3310870498725 -2062.0465176171083 0.9973426465285222
697.618736684001 -2057.669810314124 0.9973404764617123
748.6136362273979 -2064.0535300095617 0.9973436410066387
797.9658587667299 -2057.133602867033 0.9973402104662455
849.6878670176303 -2060.867067331508 0.997342061920482
898.9657792896686 -2051.384861045992 0.9973373568846223
951.2665573973735 -2052.4061136248233 0.9973378640601627
1003.9816816022595 -2052.0151654369092 0.9973376699194361
1005.2075669186777 -1901.3511585044848 0.9972616968577157
1006.7823248141111 -1777.479643238451 0.9971974757063554
1010.7656371125803 -1678.8453182788155 0.9971451749124588
1014.2644995655083 -1593.5399578525482 0.9970990921125873
1018.3042388260284 -1520.863879412903 0.9970591991175967
1018.441967319804 -1450.512576014497 0.9970200191112136
1026.1995429663068 -1401.101499128833 0.9969921655975742
1025.40943093963 -1344.2044008052317 0.9969597450441201
1034.0182643428195 -1306.5033904973905 0.9969380559505935
1034.2411269973943 -1261.6040601945854 0.9969120087620149
1038.6694490883597 -1226.196213963969 0.9968913001296912
1041.1293017745777 -1191.9006106791965 0.9968710999313499
1048.944189077077 -1165.9761141760198 0.9968557369486508
1055.4050630903328 -1140.69634362913 0.9968406781512412
1060.544746991159 -1116.1292172231697 0.996825969804946
1064.398291396292 -1092.340112068306 0.9968116573405995
1067.0034345182619 -1069.3916628581906 0.9967977851404476
1076.8575011702878 -1052.8259063796422 0.996787731088093
1077.2905005369707 -1031.3629228898903 0.9967746545478072
1085.4633218693177 -1015.6942483129404 0.996765072282319
1092.9355345307379 -1000.3677462380897 0.9967556698024296
1090.4471993692505 -981.2710231622847 0.9967804197778384
1096.3789987359503 -967.0481788844316 0.9967995660641005
1101.670863250654 -953.2548708657713 0.9968182701590277
1106.3425322161268 -939.9152811520775 0.9968364767540938
1120.3984636620341 -929.8464964059091 0.9968502903251281
1124.0438075280288 -917.139775658016 0.9968678038451908
1127.1195381312393 -904.9495118713203 0.9968846839868638
1129.6450981693317 -893.2938853004439 0.9969008896470846
1142.2554822005482 -883.6662378323579 0.9969143202439569
1143.8754424815047 -872.7863662327675 0.9969295421895353
1155.9087613986358 -863.329733126097 0.9969428080562834
1156.6796172783156 -853.2850400710647 0.9969569314527245
1168.1781028979615 -844.0568729369646 0.9969699336507973
1168.1605702949182 -834.8982857428911 0.996982860777704
1179.1711394296328 -825.9539021213612 0.9969955053894061
1190.0311753042809 -817.0239001566006 0.99700814706261
1189.0032148473674 -809.1177422546664 0.9970193521656644
1199.457182704888 -800.5546008972028 0.9970315002564096
1209.8032762494393 -792.0532755884602 0.9970435711574709
1220.0543764616666 -783.6362181173242 0.9970555310466275
1217.8965655793393 -777.4952939796307 0.9970642612432575
1227.8335284368893 -769.6153923459224 0.9970754680916184
1237.8123585478836 -761.8428900294566 0.9970865259377689
1247.9041292826942 -754.1809713031994 0.9970974289147038
1258.1983698438123 -746.6319113284728 0.9971081725698807
1268.8201144245577 -739.1913150403736 0.9971187620619066
1279.9522270573057 -731.8429871673843 0.9971292194511617
1291.8800420954926 -724.5480040943357 0.9971395992181308
1303.6616432902883 -717.9737104474318 0.9971489513324907
NaN NaN NaN
NaN NaN NaN
NaN NaN NaN
NaN NaN NaN
NaN NaN NaN
NaN NaN NaN
NaN NaN NaN
NaN NaN NaN
NaN NaN NaN
972.3425310882385 420.3541653331515 0.9975814462907591
941.4919886056141 428.3959437788542 0.9975778709930441
910.7692055317084 434.88578016161966 0.9975749814173828
880.2309959907881 439.8361508704989 0.9975727747236245
863.2452137819255 445.34276666822706 0.9975703174707984
846.2809981316793 450.06186321483057 0.9975682094521217
829.3676976075543 453.99996595552733 0.997566448757429
812.5344403338618 457.16455463824644 0.997565032874919
795.8101046972834 459.56405452441027 0.9975639586979763
779.2232902452959 461.20782694440265 0.9975632225333877
775.1503376084368 466.2943360723918 0.9975609429808231
758.7332066323412 466.79287310660453 0.9975607194315491
754.4871477526141 471.416790161835 0.9975586449404183
738.31756469919 470.7969168435327 0.9975589231556429
733.9428361977903 474.96543320803744 0.997557051543627
718.0969552253353 473.2585488652107 0.9975578181048685
713.6372196088344 476.9816871364625 0.9975561457025074
709.0313352173331 480.63663033577035 0.997554502703441
693.6871469340592 477.5142072774299 0.9975559063956526
689.052572026476 480.737210043292 0.997554457472824
684.2886532647398 483.8897809878774 0.9975530392960972
679.3986558589601 486.9690877923987 0.9975516532010066
664.8458528906795 482.16512285744966 0.997553815241947
659.9949433050845 484.83294659370335 0.9975526148389087
655.0345578092974 487.42716305337234 0.9975514469325812
649.9680942693426 489.9453358186297 0.9975503126726841
644.7990227742638 492.3850901046553 0.9975492131819004
639.5308832641069 494.74411607242564 0.997548149554143
626.4021862985652 487.7924712391943 0.9975512824228482
621.2627430771803 489.7758868741451 0.9975503890157161
616.0403163130995 491.68079151304676 0.9975495306344248
610.7384817105959 493.50529662095175 0.9975487081713524
605.3608690675766 495.2475878262135 0.9975479224849736
599.9111597982538 496.9059275426913 0.9975471743984763
594.3930844214352 498.47865747704856 0.997546464698435
588.810420015996 499.9642010176075 0.997545794133541
583.1669876451567 501.3610655016077 0.9975451634133926
577.4666497514456 502.6678443579418 0.9975445732073471
567.307472332992 492.9855926932471 0.9975489424781085
561.8616004864991 493.9931613803583 0.9975484881966926
556.3733885703477 494.9167222947714 0.9975480717101813
550.8465932746063 495.75530098806615 0.9975476934794083
545.2849975902568 496.50801142053984 0.9975473539236612
539.69240822959 497.17405727357215 0.9975470534199844
534.0726530307257 497.7527331272713 0.9975467923025523
528.4295783479812 498.24342550220365 0.9975465708621144
522.767046429818 498.64561376424183 0.9975463893455115
517.0889327860898 498.9588708915607 0.9975462479552664
511.3991235465189 499.18286410319735 0.9975461468492463
505.7015128118761 499.3173553484889 0.9975460861404015
