0 159.72739032551058
-3.5864920833914566 159.69004450007915
-7.17053190522795 159.57803796277088
-10.749668868958926 159.39146349763948
-14.321455706944631 159.13047563499813
-17.883450142164754 158.7952904868911
-21.656257331321477 159.53035084831737
-25.228157566444988 159.0410891622362
-28.78280818696635 158.4776453690825
-32.650620289587444 158.9619063760104
-36.19967566814642 158.24199273988478
-40.12892276588694 158.54978821406092
-43.66172025686722 157.67182494501566
-47.64060203365504 157.79793950541287
-51.65727844514235 157.8247210519679
-55.16271417193001 156.70075414456386
-59.21035761839403 156.5382675794683
-63.28572203425825 156.27161432586956
-67.38520653799691 155.89905867074827
-71.5051480103636 155.41896580042672
-75.64182416127665 154.82980365274264
-79.7914566653177 154.1301446695464
-84.72674614146479 154.24144740464442
-88.92179223097095 153.29531946581483
-93.95565114078278 153.11290515161232
-98.17816192694535 151.91255268333904
-103.29010193090166 151.4258630716015
-108.44752515061039 150.77100503688158
-113.64442215607576 149.94501994728694
-118.87467981029758 148.94513278771262
-124.13208710800046 147.7687554628177
-130.44456573123946 147.11269573173115
-136.82218790366397 146.21832499964478
-143.25632309864542 145.0815742255142
-149.73820149661813 143.6986499692127
-156.25892276189234 142.0660390238547
-163.9629542979912 140.73002870302633
-172.90580376950317 139.59219547593963
-180.74656600247806 137.5803385246767
-189.8426018919466 135.69231263643977
-200.23927798984028 133.8240163298153
-210.72378281826323 131.4838284835296
-222.5492491321547 129.01635405152552
-235.74780837248105 126.31158027533617
-250.34617521635587 123.25746084076195
-266.36557834595135 119.7401636522959
-285.1527796640538 115.8525272834094
-306.756644929067 111.36850105648247
-329.85895742220885 105.92409989384376
-358.5542731210934 99.69297097550329
-391.5444629738055 92.15826793812494
-431.63143602485434 83.01892296336085
-481.66652804488496 71.67161153258473
-544.5319207967678 57.20993469537327
-627.3471473990891 38.15872395418147
-740.1189550234271 12.046257783242783
-793.6332089581888 -13.194486535064492
-795.7208228290755 -33.98271175968579
-797.2643337927316 -54.82312200790351
-798.2623249923945 -75.70170679735854
-798.7329721610067 -100
-798.6179095600081 -117.51239523741964
-797.9745458537616 -138.41907034446893
-796.7837109379127 -159.30594892934457
-795.0458576991732 -180.1590178469756
-792.7615989325086 -200.96485313807605
-789.8227512436032 -222.06015761593596
-786.2010647723499 -243.3356357001544
-781.9543693395685 -264.5327314093879
-777.1161678671813 -285.56064398163784
-771.7082169800005 -306.383300219044
-765.7461525467863 -326.9839314247506
-759.242250848954 -347.3526160100555
-752.2069080399557 -367.48158124956564
-744.6494355286183 -387.3634579737242
-736.5785446931798 -406.9906252388906
-728.0026378660924 -426.35502446164514
-718.9300101412538 -445.44814076544867
-709.3689401821501 -464.26109539430297
-699.3277849342289 -482.78471411956434
-688.815021512627 -501.0096195155862
-677.8392835534887 -518.9263051418101
-666.4093835514237 -536.5252020664531
-654.5343187951535 -553.796738994412
-642.2233010453291 -570.7313811813519
-629.4857171185477 -587.3196870980795
-616.3311613174832 -603.5523278384045
-602.7694515754657 -619.4201144494591
-588.810564440232 -634.9140349190014
-574.4646807045697 -650.0252615577598
-559.7421780497774 -664.7451715123862
-544.6535832645257 -679.0653619934153
-529.209626515471 -692.977660745366
-513.421179324937 -706.4741358154994
-497.29927733951547 -719.5471040395707
-480.85511127686954 -732.1891393547074
-464.1000181181304 -744.3930795265298
-447.0454361847318 -756.152017666751
-429.702992914884 -767.4593379884989
-412.0843798976607 -778.3086779632399
-394.20143597235347 -788.6939644391703
-376.0661016665654 -798.6094015381798
-357.6904139774516 -808.0494713878811
-339.0865062238315 -817.0089387282821
-320.26660126493096 -825.4828520505234
-301.2430049495268 -833.4665443800774
-282.0280974828863 -840.9556312045813
-262.6343211163486 -847.9460016323009
-243.07420602750844 -854.4338556721477
-223.36032245652655 -860.4156557794452
-203.50529749828632 -865.8881496484764
-183.52181590114392 -870.8483829302132
-163.42259714113737 -875.2936692289452
-143.2204035804809 -879.2216102835583
-122.9280367540542 -882.6301036415784
-102.5583196889041 -885.5173072979695
-82.12410529986029 -887.8816701101973
-61.63826994759508 -889.7219342868876
-41.1137037783051 -891.0371132513
-20.563309892463636 -891.826502426319
0 -892.0896791148954
20.56330989246328 -891.826502426319
41.11370377830482 -891.0371132513
61.63826994759508 -889.7219342868876
82.12410529985993 -887.8816701101973
102.5583196889038 -885.5173072979696
122.9280367540542 -882.6301036415784
143.22040358048065 -879.2216102835584
163.42259714113695 -875.2936692289452
183.52181590114392 -870.8483829302132
203.50529749828596 -865.8881496484764
223.36032245652635 -860.4156557794452
243.07420602750844 -854.4338556721477
262.63432111634836 -847.946001632301
282.02809748288604 -840.9556312045813
301.2430049495268 -833.4665443800774
320.2666012649307 -825.4828520505237
339.08650622383124 -817.0089387282824
357.6904139774516 -808.0494713878811
376.06610166656526 -798.6094015381798
394.2014359723534 -788.6939644391703
412.0843798976607 -778.3086779632399
429.702992914884 -767.4593379884989
447.0454361847318 -756.152017666751
464.1000181181304 -744.3930795265298
480.8551112768693 -732.1891393547074
497.2992773395154 -719.5471040395707
513.421179324937 -706.4741358154994
529.2096265154706 -692.9776607453663
544.6535832645252 -679.065361993416
559.7421780497774 -664.7451715123862
574.4646807045692 -650.0252615577601
588.810564440232 -634.9140349190016
602.7694515754656 -619.4201144494592
616.331161317483 -603.5523278384047
629.4857171185478 -587.3196870980795
642.2233010453291 -570.7313811813519
654.5343187951535 -553.796738994412
666.4093835514237 -536.5252020664533
677.8392835534887 -518.9263051418101
688.8150215126267 -501.00961951558656
699.3277849342289 -482.78471411956434
709.3689401821501 -464.26109539430297
718.9300101412538 -445.44814076544867
728.0026378660924 -426.35502446164526
736.5785446931798 -406.9906252388905
744.6494355286183 -387.3634579737243
752.2069080399554 -367.48158124956655
759.242250848954 -347.3526160100555
765.7461525467863 -326.9839314247506
771.7082169800003 -306.38330021904505
777.1161678671812 -285.5606439816393
781.9543693395685 -264.5327314093877
786.2010647723498 -243.33563570015585
789.8227512436032 -222.06015761593596
792.7615989325086 -200.96485313807605
795.0458576991732 -180.1590178469756
796.7837109379127 -159.30594892934457
797.9745458537616 -138.41907034446893
798.6179095600081 -117.51239523741964
798.7329721610067 -100
798.2623249923945 -75.70170679735854
797.2643337927317 -54.82312200790309
795.7208228290755 -33.98271175968579
793.633208958189 -13.194486535066234
740.1189550234271 12.046257783242783
627.3471473990891 38.15872395418147
544.5319207967678 57.20993469537327
481.666528044885 71.67161153258427
431.63143602485445 83.01892296336071
391.5444629738055 92.15826793812472
358.5542731210934 99.69297097550329
329.85895742220885 105.92409989384376
306.756644929067 111.36850105648247
285.1527796640538 115.85252728340933
266.36557834595135 119.74016365229592
250.34617521635593 123.25746084076182
235.74780837248105 126.31158027533617
222.5492491321547 129.01635405152552
210.72378281826323 131.4838284835296
200.2392779898404 133.8240163298151
189.84260189194663 135.69231263643968
180.74656600247806 137.58033852467662
172.90580376950317 139.59219547593963
163.9629542979912 140.73002870302633
156.25892276189234 142.0660390238547
149.73820149661822 143.6986499692126
143.25632309864545 145.0815742255142
136.82218790366397 146.21832499964475
130.44456573123946 147.11269573173115
124.13208710800046 147.7687554628177
118.87467981029758 148.94513278771262
113.64442215607588 149.94501994728688
108.44752515061043 150.77100503688084
103.29010193090168 151.42586307160147
98.17816192694535 151.91255268333904
93.95565114078278 153.11290515161232
88.92179223097095 153.29531946581483
84.72674614146486 154.2414474046443
79.79145666531772 154.1301446695464
75.64182416127666 154.82980365274264
71.5051480103636 155.41896580042672
67.38520653799691 155.89905867074827
63.28572203425825 156.27161432586956
59.21035761839409 156.53826757946828
55.16271417193006 156.70075414456386
51.65727844514238 157.82472105196786
47.64060203365504 157.79793950541287
43.66172025686722 157.67182494501566
40.12892276588694 158.54978821406092
36.19967566814647 158.24199273988475
32.650620289587486 158.9619063760104
28.782808186966403 158.47764536908247
25.228157566444988 159.0410891622362
21.656257331321477 159.53035084831737
17.883450142164754 158.7952904868911
14.321455706944676 159.1304756349981
10.749668868958969 159.39146349763948
7.170531905227994 159.57803796277088
3.5864920833914566 159.69004450007915
