0 1137.342201656969
-9.502482940629294 1137.286032499706
-18.998458808958727 1137.117602539324
-28.481424977430983 1136.8371441707732
-37.94488770496732 1136.4450442549148
-47.382366572693506 1135.9418434228662
-56.78739891065878 1135.3282351030016
-66.15354421254519 1134.6050642715832
-75.47438853539215 1133.7733259280542
-84.74354888135693 1132.8341632968113
-93.954677558528 1131.7888657568599
-103.10146651787522 1130.6388665019101
-112.17765166336446 1129.3857399330584
-125.9363906012237 1138.803965500233
-135.20307127506584 1137.2153934734033
-144.37718349357948 1135.5197180235034
-153.45244506262588 1133.7191413259939
-162.42264126734574 1131.815996044161
-171.28162911769934 1129.8127411354772
-180.02334154561996 1127.7119574166568
-188.64179155094348 1125.5163428931228
-197.13107629325356 1123.2287078600637
-205.4853811269806 1120.8519697823635
-221.77474003342513 1127.4007594610125
-230.14717565324102 1124.6304326736195
-238.3620498972112 1121.7720438711342
-246.4137353842535 1118.8290369068804
-254.2967161033076 1115.8049396703407
-262.0055911875825 1112.7033577441885
-279.34977122314046 1117.0708692035075
-286.96264419440354 1113.553605569362
-294.37907089691095 1109.9627729662418
-301.5939682241188 1106.3024055756132
-319.44452498176844 1108.989562950897
-326.48110616265296 1104.9026516434928
-333.29420100537203 1100.7520348590385
-351.4144907660047 1102.0371123428959
-357.9831188514067 1097.4536295255689
-376.26458869541585 1097.666528906224
-382.5390741906474 1092.6447625805663
-400.89978142483415 1091.7586098561733
-406.83012793235474 1086.2958010532568
-425.18688090253835 1084.2880977456814
-443.5924866773985 1081.5380557484543
-462.01719345092704 1078.0372978936816
-480.4310321364219 1073.7783442994007
-498.80384621568027 1068.754618955862
-517.105321738183 1062.9604557657542
-548.8654177669007 1057.7404313976026
-580.7154430827977 1050.99959789875
-612.5978110060896 1042.7261898130141
-658.3186010454277 1033.143643743181
-704.1222618817434 1021.2570456944135
-763.9434769492678 1006.5358239920402
-851.9727874986086 986.9472068605638
-968.4261775158487 960.2328231011306
NaN NaN
NaN NaN
NaN NaN
NaN NaN
-1435.5921164545457 -1256.6071210876935
-1414.6951973880884 -1265.4118039224977
-1392.618303320657 -1276.5387682676048
-1373.046933332474 -1287.9981856880686
-1354.9039688858086 -1299.873456717363
-1337.050583003467 -1312.5359942829355
-1332.4893529551398 -1323.9978825514793
-1314.7924684935729 -1338.0368680647384
-1297.2561983893056 -1352.3849571884332
-1292.5414383883738 -1365.9292263516334
-1274.8609565799086 -1381.041676683229
-1269.5474019089215 -1395.8735961709049
-1251.4010200590774 -1411.6348086693056
-1245.2239669207324 -1427.6602208762515
-1238.4680249859048 -1444.4044908733295
-1231.0912241805377 -1461.842954910328
-1223.053437133268 -1479.9500830209215
-1202.706174195952 -1497.2822007370298
-1204.8554998342738 -1518.0555809728326
-1194.633971263715 -1537.9912925917477
-1183.625543089318 -1558.471688224695
-1171.8069347834428 -1579.4607469676623
-1169.8915546881378 -1603.9942381084315
-1156.1876162857948 -1626.2102569663232
-1151.9437433050264 -1652.5587857596804
-1136.2510961043313 -1675.830504602249
-1129.551202898219 -1703.8010774830325
-1121.4700953176882 -1732.6710073713257
-1121.470414629334 -1767.464064674781
-1110.5449615191771 -1798.269046331292
-1107.4807659154962 -1835.5588576702544
-1093.7777497198354 -1868.0951973175777
-1087.4229926301628 -1907.6749032782764
-1087.7407882598277 -1955.2464684417794
-1077.3993089810676 -1997.524683645175
-1073.1470594492118 -2048.3134159348856
-1066.3678077864552 -2100.7366728254706
-1056.9761851076607 -2154.6833445737097
-1052.254254156348 -2218.4950437282514
-1051.3594860062863 -2293.0507825609648
-1046.5499483197498 -2370.0398653169404
-1037.7003572705937 -2449.258918886707
-986.946916134424 -2471.983051666438
-923.6821955121886 -2473.925433676618
-861.1509113433086 -2474.166149768707
-804.688195240413 -2482.8175725383485
-743.4492597496941 -2479.877390499179
-687.6995537784112 -2485.6370502058735
-632.203935929149 -2490.039728858411
-577.0006434405564 -2493.097356248187
-522.1316069544811 -2494.8290299324585
-467.6341930571701 -2495.249751516933
-413.54925239098094 -2494.383209635556
-362.4192683112421 -2503.037787978701
-308.9117996937915 -2499.6965803303674
-257.7201379058144 -2506.014402538153
-204.93097648127983 -2500.2544458007737
-153.80953729977014 -2504.250350577476
-102.59272190609065 -2507.1074027174236
-51.31227566616879 -2508.822767398254
0 -2509.3947444868045
51.312275666167956 -2508.822767398254
102.59272190608985 -2507.1074027174236
153.80953729977014 -2504.250350577476
204.93097648127915 -2500.2544458007737
257.7201379058135 -2506.014402538153
308.9117996937915 -2499.6965803303674
362.41926831124124 -2503.037787978701
413.5492523909799 -2494.383209635556
467.6341930571701 -2495.249751516933
522.1316069544802 -2494.8290299324585
577.0006434405553 -2493.0973562481877
632.203935929149 -2490.039728858411
687.6995537784103 -2485.6370502058735
743.449259749693 -2479.877390499179
804.688195240413 -2482.8175725383485
861.1509113433082 -2474.1661497687073
923.682195512188 -2473.925433676619
986.946916134424 -2471.983051666438
1037.7003572705928 -2449.2589188867073
1046.5499483197495 -2370.0398653169404
1051.3594860062863 -2293.0507825609648
1052.254254156348 -2218.4950437282514
1056.9761851076594 -2154.68334457371
1066.3678077864552 -2100.7366728254706
1073.1470594492114 -2048.3134159348856
1077.3993089810674 -1997.5246836451752
1087.7407882598277 -1955.2464684417794
1087.4229926301618 -1907.6749032782773
1093.7777497198342 -1868.0951973175781
1107.4807659154962 -1835.5588576702544
1110.544961519177 -1798.269046331292
1121.470414629334 -1767.464064674781
1121.4700953176878 -1732.6710073713257
1129.5512028982182 -1703.8010774830327
1136.251096104331 -1675.8305046022492
1151.9437433050264 -1652.5587857596804
1156.1876162857948 -1626.2102569663232
1169.8915546881356 -1603.9942381084322
1171.8069347834419 -1579.460746967663
1183.6255430893182 -1558.471688224695
1194.6339712637152 -1537.9912925917479
1204.8554998342738 -1518.0555809728326
1202.706174195952 -1497.2822007370298
1223.0534371332678 -1479.9500830209215
1231.0912241805372 -1461.8429549103284
1238.4680249859043 -1444.4044908733297
1245.2239669207322 -1427.660220876252
1251.4010200590774 -1411.6348086693056
1269.5474019089215 -1395.8735961709049
1274.8609565799086 -1381.0416766832293
1292.5414383883735 -1365.9292263516336
1297.2561983893042 -1352.3849571884336
1314.7924684935722 -1338.0368680647384
1332.4893529551398 -1323.9978825514793
1337.050583003467 -1312.5359942829355
1354.9039688858086 -1299.873456717363
1373.046933332474 -1287.9981856880686
1392.618303320657 -1276.5387682676048
1414.6951973880884 -1265.4118039224977
1435.5921164545457 -1256.6071210876935
NaN NaN
NaN NaN
NaN NaN
NaN NaN
968.4261775158487 960.2328231011306
851.9727874986086 986.9472068605638
763.9434769492678 1006.5358239920402
704.1222618817435 1021.2570456944129
658.3186010454277 1033.1436437431807
612.5978110060897 1042.726189813014
580.7154430827977 1050.99959789875
548.8654177669007 1057.7404313976026
517.105321738183 1062.9604557657542
498.8038462156804 1068.754618955862
480.43103213642195 1073.7783442994005
462.0171934509271 1078.0372978936814
443.5924866773985 1081.5380557484543
425.18688090253835 1084.2880977456814
406.83012793235474 1086.2958010532568
400.8997814248342 1091.758609856173
382.53907419064745 1092.6447625805663
376.2645886954159 1097.666528906224
357.9831188514067 1097.4536295255689
351.4144907660047 1102.0371123428959
333.29420100537203 1100.7520348590385
326.481106162653 1104.9026516434928
319.44452498176844 1108.989562950897
301.59396822411884 1106.302405575613
294.37907089691095 1109.9627729662418
286.96264419440354 1113.553605569362
279.34977122314046 1117.0708692035075
262.00559118758264 1112.7033577441885
254.29671610330766 1115.8049396703407
246.41373538425353 1118.8290369068802
238.3620498972112 1121.7720438711342
230.14717565324102 1124.6304326736195
221.77474003342513 1127.4007594610125
205.48538112698068 1120.8519697823635
197.1310762932536 1123.2287078600637
188.64179155094354 1125.5163428931228
180.02334154561996 1127.7119574166568
171.28162911769934 1129.8127411354772
162.42264126734574 1131.815996044161
153.4524450626259 1133.7191413259939
144.37718349357954 1135.5197180235034
135.20307127506587 1137.2153934734033
125.9363906012237 1138.803965500233
112.17765166336446 1129.3857399330584
103.10146651787522 1130.6388665019101
93.95467755852805 1131.7888657568599
84.74354888135699 1132.8341632968113
75.4743885353936 1133.7733259280542
66.15354421254519 1134.6050642715832
56.78739891065878 1135.3282351030016
47.382366572693506 1135.9418434228662
37.94488770496748 1136.4450442549148
28.48142497743175 1136.8371441707732
18.998458808958773 1137.117602539324
9.502482940629294 1137.286032499706
