0 282.52139032550895
-4.318076656560099 282.4818651560694
-8.63319966004224 282.3633263284292
-12.942417366001392 282.1658838384777
-17.24278214592597 281.8897208584726
-21.53135239186711 281.5350935060255
-26.028235301759914 282.2464958522475
-30.321214922302428 281.7294227672306
-34.59345440113601 281.1340876237545
-39.17487303540259 281.5824615945755
-43.43306354866821 280.8227601374266
-48.066488378379304 281.0869723181008
-52.2980235903479 280.1617457578429
-56.96972419721392 280.23704239193916
-61.67282572444584 280.2095863282631
-65.85782241116223 279.0281063424729
-70.57769692459988 278.80498436329754
-75.31750180089242 278.4747350374421
-80.0731807842036 278.03579247973965
-84.84062103237176 277.48669943744545
-89.61565649200372 276.82610870331973
-94.39407133808734 276.05278440769604
-99.94813525360146 276.0883831457481
-104.75152380270275 275.06471641910605
-110.3828762647974 274.80313775359684
-115.19162220370511 273.52220939452013
-120.87813718457399 272.9537506197538
-126.59808142037893 272.2161520914171
-132.34505995730575 271.3066802104348
-138.11258265996406 270.2227874894247
-143.89407030843887 268.9621152478512
-150.71708540629956 268.22170192872403
-157.59135028099422 267.24315026349325
-164.50789403180582 266.02262254606404
-171.45761622041599 264.5565560409974
-178.43129587439608 262.8416669732097
-186.5730899622015 261.42447017091905
-195.93820612783355 260.2067670566741
-204.18544979684123 258.11657856257864
-213.67190328220178 256.1519773846538
-224.44266556310276 254.20907547744648
-235.28466878168896 251.79646005931616
-247.4508006813347 249.2589387145499
-260.97295922785315 246.48669500514856
-275.8776373195466 243.36787204176096
-292.18585370816254 239.78881968900293
-311.24417235829264 235.84255046565332
-333.10127321808994 231.30317909546483
-356.4387660137055 225.80687685216535
-385.3510455419788 219.52743773621282
-418.5398340547682 211.9481522197354
-458.8069044870207 202.76807890970886
-509.00346917960445 191.384008908118
-572.0115992300749 176.8896477180939
-654.95072993207 157.8099198000447
-767.8275235394365 131.6731847971667
-932.0448797368745 93.68719480041449
NaN NaN
NaN NaN
NaN NaN
-1114.5834243565623 -256.1663810364934
-1101.7861606715812 -273.3553903174685
-1090.1500512177015 -294.0771455398342
-1080.516235485943 -314.98137099252824
-1072.004041190557 -336.20952141657165
-1064.9607744752134 -358.0636804150037
-1059.1376123395705 -380.51048386477
-1053.33281081027 -403.4521103501661
-1048.6651961960658 -426.49182632494785
-1043.79284280396 -449.88717497303617
-1039.8512607539728 -473.46496154635264
-1036.7561180562857 -497.3362172133837
-1033.198459632793 -521.6368432342504
-1030.3422730888476 -546.3495137886306
-1026.8973153046932 -571.5083964293024
-1024.0277711713732 -597.1891507734455
-1021.665196590716 -623.4895448870586
-1018.5445182795597 -650.2932499404524
-1016.9905004948905 -678.0634300553181
-1014.551566351983 -706.4208858941403
-1012.343630223576 -735.6568011006561
-1010.2847749241657 -765.8474259126837
-1008.2891430365789 -797.0635860258704
-1006.2670149759107 -829.3703676625869
-1005.2104531320414 -863.3383459080615
-1003.8960577422828 -898.5884691706048
-1002.2200780690425 -935.1637068912357
-998.0351678430072 -971.8427982450042
-974.4377577431035 -997.1909627328372
-950.2557186239217 -1021.881018773256
-925.5425423598031 -1045.9069507107947
-900.3034963867445 -1069.2652029741826
-874.5449748655689 -1091.9503342404473
-848.2749328566331 -1113.955433060488
-821.5027351385164 -1135.2724754408187
-794.2389836917113 -1155.8926073992607
-766.4954532870802 -1175.8063967925941
-738.284887977389 -1195.003997623768
-709.6210194839773 -1213.4753419737372
-680.518378213603 -1231.2102338600382
-650.992359164669 -1248.1985227087755
-621.0589931327787 -1264.4301118201352
-590.7350175303512 -1279.8951054952197
-560.0377560172539 -1294.5838339952738
-528.9851384484277 -1308.4869643622524
-497.5955476241187 -1321.5954561191008
-465.8879059253233 -1333.9007181047066
-433.88150621883216 -1345.3945126512886
-401.596104061078 -1356.0691247859238
-369.05179714357155 -1365.917296845081
-336.26901469642934 -1374.9322712950373
-303.26849906300464 -1383.107832724347
-270.0712613318617 -1390.4383056296426
-236.69855142544714 -1396.918562519089
-203.17184305120378 -1402.5440690572495
-169.5127933525532 -1407.3108713131383
-135.74321294264348 -1411.2155853506713
-101.88505407929665 -1414.2554637397052
-67.96036931233061 -1416.4283510305793
-33.99129009257823 -1417.732705836307
0 -1418.1675933352199
33.99129009257769 -1417.732705836307
67.96036931233012 -1416.4283510305793
101.88505407929665 -1414.2554637397052
135.74321294264288 -1411.2155853506713
169.51279335255268 -1407.3108713131383
203.17184305120378 -1402.5440690572495
236.69855142544674 -1396.918562519089
270.07126133186097 -1390.4383056296426
303.26849906300464 -1383.107832724347
336.2690146964289 -1374.9322712950373
369.0517971435712 -1365.917296845081
401.596104061078 -1356.0691247859238
433.8815062188318 -1345.394512651289
465.8879059253228 -1333.9007181047068
497.5955476241187 -1321.5954561191008
528.9851384484273 -1308.4869643622526
560.0377560172534 -1294.5838339952743
590.7350175303512 -1279.8951054952197
621.0589931327786 -1264.4301118201352
650.992359164669 -1248.1985227087755
680.518378213603 -1231.2102338600382
709.6210194839773 -1213.4753419737372
738.284887977389 -1195.003997623768
766.4954532870802 -1175.8063967925941
794.238983691711 -1155.8926073992607
821.5027351385163 -1135.2724754408184
848.2749328566331 -1113.955433060488
874.5449748655678 -1091.9503342404478
900.3034963867436 -1069.265202974184
925.5425423598031 -1045.9069507107947
950.2557186239209 -1021.881018773257
974.4377577431029 -997.1909627328378
998.035167843007 -971.8427982450044
1002.2200780690423 -935.163706891236
1003.8960577422831 -898.5884691706046
1005.2104531320414 -863.3383459080615
1006.2670149759107 -829.3703676625869
1008.2891430365788 -797.0635860258709
1010.2847749241657 -765.8474259126837
1012.3436302235755 -735.6568011006566
1014.551566351983 -706.4208858941403
1016.9905004948905 -678.0634300553181
1018.5445182795597 -650.2932499404524
1021.665196590716 -623.4895448870587
1024.0277711713734 -597.189150773445
1026.8973153046932 -571.5083964293024
1030.3422730888472 -546.3495137886317
1033.198459632793 -521.6368432342504
1036.7561180562857 -497.3362172133837
1039.8512607539722 -473.4649615463539
1043.7928428039595 -449.88717497303793
1048.6651961960658 -426.49182632494745
1053.332810810269 -403.45211035016865
1059.1376123395705 -380.51048386477
1064.9607744752134 -358.0636804150037
1072.004041190557 -336.20952141657165
1080.516235485943 -314.98137099252824
1090.1500512177015 -294.0771455398342
1101.7861606715812 -273.3553903174685
1114.5834243565623 -256.1663810364934
NaN NaN
NaN NaN
NaN NaN
932.0448797368747 93.68719480041268
767.8275235394365 131.6731847971667
654.95072993207 157.8099198000447
572.0115992300749 176.8896477180939
509.0034691796045 191.38400890811752
458.8069044870208 202.76807890970872
418.5398340547682 211.9481522197352
385.3510455419788 219.52743773621282
356.4387660137055 225.80687685216535
333.10127321808994 231.30317909546483
311.24417235829264 235.84255046565326
292.18585370816254 239.78881968900296
275.87763731954664 243.36787204176085
260.97295922785315 246.48669500514856
247.4508006813347 249.2589387145499
235.28466878168896 251.79646005931616
224.44266556310288 254.20907547744628
213.6719032822018 256.15197738465366
204.18544979684123 258.1165785625786
195.93820612783355 260.2067670566741
186.5730899622015 261.42447017091905
178.43129587439608 262.8416669732097
171.45761622041607 264.5565560409973
164.50789403180585 266.02262254606404
157.59135028099422 267.2431502634932
150.71708540629956 268.22170192872403
143.89407030843887 268.9621152478512
138.11258265996406 270.2227874894247
132.34505995730586 271.30668021043476
126.59808142037897 272.21615209141635
120.87813718457402 272.9537506197538
115.19162220370511 273.52220939452013
110.3828762647974 274.80313775359684
104.75152380270275 275.06471641910605
99.94813525360154 276.08838314574797
94.39407133808737 276.05278440769604
89.61565649200374 276.82610870331973
84.84062103237176 277.48669943744545
80.0731807842036 278.03579247973965
75.31750180089242 278.4747350374421
70.57769692459995 278.80498436329754
65.85782241116227 279.0281063424729
61.67282572444587 280.209586328263
56.96972419721392 280.23704239193916
52.2980235903479 280.1617457578429
48.066488378379304 281.0869723181008
43.43306354866826 280.82276013742654
39.17487303540263 281.5824615945755
34.593454401136064 281.1340876237545
30.321214922302428 281.7294227672306
26.028235301759914 282.2464958522475
21.53135239186711 281.5350935060255
17.24278214592601 281.8897208584726
12.942417366001434 282.1658838384777
8.633199660042285 282.3633263284292
4.318076656560099 282.4818651560694
