0 269.4873903255083
-4.240422428123204 269.44809648308717
-8.477944423497707 269.3302510270465
-12.709667525533197 269.13396212632256
-16.93269721664858 268.85940991296326
-21.144144890502055 268.50684625818354
-25.56417060098712 269.2207597903778
-29.780611068887392 268.70663875329177
-33.97668189795606 268.11468872521476
-38.48235458752277 268.56687193450347
-42.665273773640756 267.81139376562135
-47.223953480963914 268.080232105941
-51.381321001877886 267.1600223196098
-55.97948217985292 267.2407130352679
-60.60972294060916 267.2190140363658
-64.72258745839434 266.0436387907395
-69.37110783623166 265.8269529728352
-74.04038551281391 265.5034540680573
-78.7264125681258 265.0715581648188
-83.42512389595748 264.52978916312503
-88.13240054628409 263.87678023426406
-92.84407313259783 263.1112751617481
-98.33245707968752 263.1549095195965
-103.07127296547982 262.1394731670807
-108.63920432425954 261.88629742154353
-113.38572418550156 260.6139218106508
-119.01125076099983 260.05414244425253
-124.67148606213534 259.3253264264105
-130.36007605661695 258.42471627188934
-136.07057062564166 257.3497403423156
-141.796429633532 256.09801560586345
-148.5652537089468 255.3665560195451
-155.3868023191547 254.39693976062665
-162.2521406925318 253.18530456790512
-169.1522034843704 251.72806321773598
-176.0778037563091 250.02190758193794
-184.17313142801157 248.61332833913156
-193.49342598923982 247.4041030341377
-201.69752358403173 245.32222906134885
-211.14253609552665 243.36575598679863
-221.8735909044883 241.43077310982082
-232.67764736657674 239.025845534512
-244.8076192319804 236.49575933691045
-258.2954292487922 233.7306772405316
-273.1675938560794 230.61872224947615
-289.44515408870996 227.04622491415694
-308.474694921474 223.1061792898844
-330.30491602540036 218.57268254384093
-353.6174455486863 213.08188935379602
-382.50669539674516 206.80757813591404
-415.6744036048336 199.2330248378883
-455.92235755528236 190.05727464724734
-506.1017826904443 178.67710639339634
-569.0947618544725 164.18621449221854
-652.0207407246586 145.10951353707563
-764.8863905684634 118.9753545554653
-929.0946187079662 80.99148230125476
NaN NaN
NaN NaN
NaN NaN
-1101.241867390095 -231.9623014095909
-1089.34332941417 -249.73682539233198
-1078.6483498969237 -271.116824434372
-1069.837724509813 -292.6361604775124
-1062.057171621504 -314.44334162151665
-1055.6773616937387 -336.8505893647518
-1050.457641310156 -359.8248069723856
-1045.201963994966 -383.2673776372171
-1041.028981992599 -406.7752862263428
-1036.6094103111468 -430.614222241483
-1033.0815895211917 -454.60985418080895
-1030.3679250760463 -478.87741654256564
-1027.1649797129091 -503.55670944712665
-1024.6393604797304 -528.6313526488009
-1021.5036229442428 -554.1371413002724
-1018.9246504341423 -580.1517078776458
-1016.8363624520028 -606.7747724422819
-1013.9740461323579 -633.8891054500637
-1012.6667902484953 -661.9637499556397
-1010.4611187780419 -690.6152845944771
-1008.4754943452233 -720.1383247966306
-1006.6288358082545 -750.6098612571805
-1004.8359580956192 -782.1012872579621
-1003.0076869189573 -814.6781105741933
-1002.1383771635826 -848.9153386129822
-999.9362810887213 -883.874297875595
-978.602188511746 -909.4252382138573
-956.6444383876558 -934.3725187720053
-934.0800800396378 -958.7037185733758
-910.9263806955505 -982.4067447465251
-887.2021591658674 -1005.4699371870837
-862.9607751829054 -1027.8858830261968
-838.2270849460748 -1049.650416619788
-813.0083276046404 -1070.7577632333414
-787.3131314647596 -1091.2009743688345
-761.1513416499331 -1110.9722149989625
-734.533955941187 -1130.063019272112
-707.4729216325471 -1148.4644580461816
-679.9811543042292 -1166.1673334828708
-652.072349335657 -1183.162275129454
-623.7610482921707 -1199.4399151993623
-595.0624107540863 -1214.990898575249
-565.9922857030876 -1229.8060311529125
-536.5670918275423 -1243.8763058322138
-506.8038381251483 -1257.193014142106
-476.7199714186237 -1269.7477026529282
-446.3334636785639 -1281.5323302975241
-415.6626437646187 -1292.5391730415513
-384.7262903646935 -1302.760993355107
-353.5435123042112 -1312.190975136361
-322.13373878248575 -1320.8227667246406
-290.5167018026043 -1328.6505230321804
-258.71239269111965 -1335.6689034517397
-226.74103308404432 -1341.8730800435967
-194.62306078088938 -1347.2587827154555
-162.37909032651305 -1351.8222865193188
-130.02988398192707 -1355.5604012754113
-97.59634083455924 -1358.470538058324
-65.09945640726941 -1360.5506647073032
-32.56030222355316 -1361.7993278988833
0 -1362.215645655647
32.56030222355265 -1361.7993278988833
65.09945640726895 -1360.5506647073032
97.59634083455924 -1358.470538058324
130.0298839819265 -1355.5604012754113
162.37909032651254 -1351.8222865193188
194.62306078088938 -1347.2587827154555
226.74103308404392 -1341.8730800435967
258.71239269111896 -1335.6689034517397
290.5167018026043 -1328.6505230321804
322.1337387824853 -1320.8227667246406
353.5435123042109 -1312.190975136361
384.7262903646935 -1302.760993355107
415.66264376461834 -1292.5391730415517
446.33346367856336 -1281.5323302975244
476.7199714186237 -1269.7477026529282
506.8038381251478 -1257.1930141421062
536.567091827542 -1243.8763058322143
565.9922857030876 -1229.8060311529125
595.0624107540862 -1214.990898575249
623.7610482921707 -1199.4399151993623
652.072349335657 -1183.162275129454
679.9811543042292 -1166.1673334828708
707.4729216325471 -1148.4644580461816
734.533955941187 -1130.063019272112
761.1513416499329 -1110.9722149989625
787.3131314647595 -1091.2009743688343
813.0083276046404 -1070.7577632333414
838.227084946074 -1049.6504166197885
862.9607751829046 -1027.8858830261981
887.2021591658674 -1005.4699371870837
910.9263806955498 -982.406744746526
934.0800800396373 -958.7037185733762
956.6444383876556 -934.3725187720054
978.6021885117458 -909.4252382138575
999.9362810887217 -883.8742978755948
1002.1383771635826 -848.9153386129822
1003.0076869189573 -814.6781105741933
1004.835958095619 -782.1012872579626
1006.6288358082545 -750.6098612571805
1008.4754943452227 -720.1383247966311
1010.4611187780419 -690.6152845944771
1012.6667902484953 -661.9637499556397
1013.9740461323579 -633.8891054500637
1016.8363624520028 -606.774772442282
1018.9246504341427 -580.1517078776453
1021.5036229442428 -554.1371413002724
1024.63936047973 -528.631352648802
1027.1649797129091 -503.55670944712665
1030.3679250760463 -478.87741654256564
1033.081589521191 -454.6098541808103
1036.6094103111463 -430.61422224148475
1041.028981992599 -406.7752862263424
1045.2019639949651 -383.2673776372197
1050.457641310156 -359.8248069723856
1055.6773616937387 -336.8505893647518
1062.057171621504 -314.44334162151665
1069.837724509813 -292.6361604775124
1078.6483498969237 -271.116824434372
1089.34332941417 -249.73682539233198
1101.241867390095 -231.9623014095909
NaN NaN
NaN NaN
NaN NaN
929.0946187079664 80.99148230125296
764.8863905684634 118.9753545554653
652.0207407246586 145.10951353707563
569.0947618544725 164.18621449221854
506.10178269044434 178.67710639339586
455.9223575552825 190.0572746472472
415.6744036048336 199.2330248378881
382.50669539674516 206.80757813591404
353.6174455486863 213.08188935379602
330.30491602540036 218.57268254384093
308.474694921474 223.10617928988435
289.44515408870996 227.04622491415697
273.16759385607946 230.61872224947604
258.2954292487922 233.7306772405316
244.8076192319804 236.49575933691045
232.67764736657674 239.025845534512
221.87359090448842 241.43077310982062
211.14253609552668 243.36575598679855
201.69752358403173 245.32222906134876
193.49342598923982 247.4041030341377
184.17313142801157 248.61332833913156
176.0778037563091 250.02190758193794
169.1522034843705 251.72806321773587
162.25214069253184 253.18530456790512
155.3868023191547 254.39693976062662
148.5652537089468 255.3665560195451
141.796429633532 256.09801560586345
136.07057062564166 257.3497403423156
130.36007605661706 258.4247162718893
124.67148606213539 259.3253264264098
119.01125076099986 260.05414244425253
113.38572418550156 260.6139218106508
108.63920432425954 261.88629742154353
103.07127296547982 262.1394731670807
98.33245707968759 263.1549095195964
92.84407313259786 263.1112751617481
88.1324005462841 263.87678023426406
83.42512389595748 264.52978916312503
78.7264125681258 265.0715581648188
74.04038551281391 265.5034540680573
69.37110783623173 265.8269529728352
64.72258745839439 266.0436387907395
60.60972294060919 267.21901403636576
55.97948217985292 267.2407130352679
51.381321001877886 267.1600223196098
47.223953480963914 268.080232105941
42.665273773640806 267.8113937656213
38.48235458752281 268.56687193450347
33.97668189795612 268.11468872521476
29.780611068887392 268.70663875329177
25.56417060098712 269.2207597903778
21.144144890502055 268.50684625818354
16.932697216648624 268.85940991296326
12.70966752553324 269.13396212632256
8.477944423497751 269.3302510270465
4.240422428123204 269.44809648308717
