0 217.69439032550878
-3.931849046702911 217.65601570360528
-7.861009141439165 217.5409254873414
-11.784793159462213 217.34922058591332
-15.700517629256922 217.0810690505479
-19.60550455613039 216.73670587860437
-23.720124026863644 217.46059807084305
-27.632422072422383 216.95820754001187
-31.52582274058302 216.3797088915404
-35.73050496568454 216.847028811589
-39.614319667610616 216.1083326566024
-43.87598586228697 216.39555389446062
-47.73863440032598 215.4952791834732
-52.0445731108658 215.59740427586706
-56.38528819431076 215.59858203435306
-60.211522251343894 214.44746509832538
-64.57650382718953 214.2563545528402
-68.96552868387039 213.95967968971246
-73.37478097265873 213.55578496605426
-77.80038527494287 213.04311938885175
-82.2384098146087 212.42023815985866
-86.68486973710002 211.68580421074074
-91.91226223071367 211.76136958410316
-96.39448674388345 210.77863813929588
-101.71040266580644 210.55885294417
-106.20965574474535 209.32046325370038
-111.59283365679725 208.795173115283
-117.0158045070095 208.10125602072654
-122.47237687229942 207.2358595687177
-127.95625964715005 206.19631615248733
-133.4610680042968 204.98014597586373
-140.01455406946616 204.2842656962329
-146.626624891845 203.35015592028833
-153.28848926541667 202.1738568125894
-159.9912212963998 200.75168384108906
-166.7257692870687 199.0802321060924
-174.6364540947832 197.7058963233444
-183.7786417543016 196.530359155113
-191.8112904752361 194.48152446435668
-201.09162964321231 192.55734990584804
-211.66489949788877 190.6538347542557
-222.3181675328413 188.27945623857968
-234.30445084112515 185.77891496786944
-247.65577064778336 183.04229086008002
-262.39873693545985 179.95762702223914
-278.55447928509574 176.41117725621626
-297.46966615937885 172.495862249329
-319.19307560181807 167.98570940449332
-342.40640896400475 162.51680745238104
-371.204146135422 156.26287288209522
-404.2880878695672 148.70712392581174
-444.46007895811164 139.5485524464134
-494.571396904571 128.18388850594974
-557.5041712303681 113.70678246308225
-640.3778888741555 94.64210970264732
-753.1992569206494 68.51818701607229
-917.3712130404624 30.542730001962862
NaN NaN
NaN NaN
-1049.1358499291018 -56.705743667041176
-1027.3441642826967 -126.30958988641058
-1023.0509223353076 -146.92137275438708
-1019.6208043523895 -171.6800300431833
-1016.658622265368 -196.4144738873039
-1013.733106777805 -221.24425018790276
-1011.5112348543597 -246.5112827199143
-1009.8934221260536 -272.1770315168368
-1007.7811699541174 -298.13960068671076
-1006.3393540934392 -323.96921265143857
-1004.3437657222025 -349.9779697432392
-1002.9719718296253 -375.9914100406963
-1002.1997930264573 -402.1501028921955
-999.536456325982 -428.6454214456922
-990.041457059968 -455.1994719275327
-979.8649814358529 -481.3982037709578
-969.0184423092264 -507.23621788929995
-957.5130587268342 -532.7061968358457
-945.3600498410207 -557.7993689462305
-932.57071687831 -582.5059202650625
-919.1565297365993 -606.8152795211158
-905.1291606185581 -630.7163612759975
-890.5005125510567 -654.1977470803438
-875.2827341375579 -677.2478292344874
-859.4882181387945 -699.8549274689714
-843.1296242624742 -722.0073696433392
-826.219832759143 -743.6935796991929
-808.771970611466 -764.9021203680713
-790.7994215235583 -785.6217380488009
-772.315754837727 -805.8414129201177
-753.3347657811033 -825.5503759660545
-733.8704627927982 -844.7381365258514
-713.9370147826025 -863.3945024546775
-693.5488007994392 -881.5095938673287
-672.7203437164968 -899.0738548563315
-651.4663290341671 -916.078062859033
-629.8015921804503 -932.5133369847399
-607.7411064005162 -948.3711440563758
-585.2999350390066 -963.6432889487329
-562.493316304083 -978.3219485080707
-539.3365365094336 -992.3996318526983
-515.8459066824705 -1005.8697694111539
-492.04434030124384 -1018.7309179488433
-467.94651426684953 -1030.9779178767499
-443.5652751506043 -1042.6043533278028
-418.9139991337696 -1053.603956893842
-394.0064424690346 -1063.9705689948817
-368.85683143568923 -1073.698297256615
-343.4796972954251 -1082.7814232574094
-317.8899720429822 -1091.2145731877479
-292.1028720292808 -1098.9926541091777
-266.13389138445746 -1106.1108978346124
-239.998787718274 -1112.564903708645
-213.71354203416908 -1118.3506370869327
-187.2943331434496 -1123.4644379356591
-160.7575269658921 -1127.9030662239932
-134.11964066505257 -1131.6636894797618
-107.39731719394089 -1134.743872603005
-80.60731797063623 -1137.1416443024425
-53.766486154555984 -1138.8554527871347
-26.891729855366147 -1139.8841878325964
0 -1140.2271733360833
26.891729855365696 -1139.8841878325964
53.76648615455561 -1138.8554527871347
80.60731797063623 -1137.1416443024425
107.39731719394035 -1134.743872603005
134.11964066505212 -1131.6636894797618
160.7575269658921 -1127.9030662239932
187.29433314344928 -1123.4644379356591
213.7135420341685 -1118.3506370869327
239.998787718274 -1112.564903708645
266.1338913844571 -1106.1108978346124
292.10287202928055 -1098.9926541091777
317.8899720429822 -1091.2145731877479
343.47969729542484 -1082.7814232574096
368.8568314356888 -1073.698297256615
394.0064424690346 -1063.9705689948817
418.91399913376927 -1053.6039568938422
443.565275150604 -1042.6043533278032
467.94651426684953 -1030.9779178767499
492.04434030124366 -1018.7309179488433
515.8459066824705 -1005.8697694111539
539.3365365094336 -992.3996318526983
562.493316304083 -978.3219485080707
585.2999350390066 -963.6432889487329
607.7411064005162 -948.3711440563758
629.80159218045 -932.5133369847399
651.4663290341671 -916.0780628590329
672.7203437164968 -899.0738548563315
693.5488007994384 -881.509593867329
713.9370147826021 -863.3945024546782
733.8704627927982 -844.7381365258514
753.3347657811026 -825.5503759660551
772.315754837727 -805.8414129201178
790.7994215235581 -785.621738048801
808.7719706114658 -764.9021203680716
826.2198327591431 -743.6935796991929
843.1296242624742 -722.0073696433392
859.4882181387945 -699.8549274689714
875.2827341375578 -677.2478292344879
890.5005125510567 -654.1977470803438
905.1291606185578 -630.7163612759979
919.1565297365993 -606.8152795211158
932.57071687831 -582.5059202650625
945.3600498410207 -557.7993689462305
957.5130587268342 -532.7061968358458
969.0184423092267 -507.23621788929955
979.8649814358529 -481.3982037709579
990.0414570599676 -455.1994719275339
999.536456325982 -428.6454214456922
1002.1997930264573 -402.1501028921955
1002.971971829625 -375.99141004069776
1004.3437657222023 -349.97796974324115
1006.3393540934392 -323.96921265143817
1007.7811699541168 -298.1396006867134
1009.8934221260536 -272.1770315168368
1011.5112348543597 -246.5112827199143
1013.733106777805 -221.24425018790276
1016.658622265368 -196.4144738873039
1019.6208043523895 -171.6800300431833
1023.0509223353076 -146.92137275438708
1027.3441642826967 -126.30958988641058
1049.1358499291018 -56.705743667041176
NaN NaN
NaN NaN
917.3712130404626 30.542730001961065
753.1992569206494 68.51818701607229
640.3778888741555 94.64210970264732
557.5041712303681 113.70678246308225
494.57139690457103 128.18388850594926
444.46007895811175 139.54855244641325
404.2880878695672 148.70712392581154
371.204146135422 156.26287288209522
342.40640896400475 162.51680745238104
319.19307560181807 167.98570940449332
297.46966615937885 172.49586224932895
278.55447928509574 176.4111772562163
262.3987369354599 179.95762702223902
247.65577064778336 183.04229086008002
234.30445084112515 185.77891496786944
222.3181675328413 188.27945623857968
211.66489949788888 190.6538347542555
201.09162964321234 192.55734990584796
191.8112904752361 194.4815244643566
183.7786417543016 196.530359155113
174.6364540947832 197.7058963233444
166.7257692870687 199.0802321060924
159.99122129639989 200.75168384108895
153.2884892654167 202.1738568125894
146.626624891845 203.3501559202883
140.01455406946616 204.2842656962329
133.4610680042968 204.98014597586373
127.95625964715005 206.19631615248733
122.47237687229953 207.23585956871764
117.01580450700955 208.1012560207258
111.59283365679728 208.79517311528298
106.20965574474535 209.32046325370038
101.71040266580644 210.55885294417
96.39448674388345 210.77863813929588
91.91226223071374 211.76136958410305
86.68486973710004 211.68580421074074
82.23840981460872 212.42023815985866
77.80038527494287 213.04311938885175
73.37478097265873 213.55578496605426
68.96552868387039 213.95967968971246
64.5765038271896 214.25635455284018
60.21152225134394 214.44746509832538
56.38528819431079 215.598582034353
52.0445731108658 215.59740427586706
47.73863440032598 215.4952791834732
43.87598586228697 216.39555389446062
39.614319667610665 216.10833265660239
35.73050496568458 216.847028811589
31.525822740583074 216.37970889154036
27.632422072422383 216.95820754001187
23.720124026863644 217.46059807084305
19.60550455613039 216.73670587860437
15.700517629256966 217.08106905054788
11.784793159462255 217.34922058591332
7.86100914143921 217.5409254873414
3.931849046702911 217.65601570360528
