0 233.4723903255083
-4.025851533758099 233.43373567616268
-8.048949690940443 233.31780611533102
-12.066542966344764 233.12470476378667
-16.075883596276853 232.85460335300525
-20.07422942620388 232.5077420207275
-24.28188655937808 233.22859435626424
-28.28683726339848 232.72263029372596
-32.272442086537794 232.14003387398455
-36.56881677101274 232.60274261062224
-40.54374939527543 231.85893405405218
-44.89589652757928 232.14055520391852
-48.84832700742126 231.2342075560711
-53.24328713188174 231.3298029707836
-57.672202090534114 231.32401165086026
-61.585754036273116 230.16550476621313
-66.03711167100369 229.9666030781367
-70.51151155891279 229.66175665265195
-75.00507933948975 229.2493317683269
-79.51388180849699 228.72780024723963
-84.03393016995352 228.09574104345236
-88.56118335427153 227.35184171899482
-93.86808317808318 227.41767976312744
-98.4284745994691 226.42498523385285
-103.82116343593123 226.1950280829727
-108.3957428194128 224.9462850657514
-113.85274880112387 224.41048827510164
-119.34799888804122 223.70593972047132
-124.87525212050231 222.82981591537933
-130.4281689518561 221.7794784884615
-136.00031724234196 220.55247712142656
-142.6194029662616 219.84575811260615
-149.2952882140718 218.90083179217947
-156.01913804453784 217.7137680493081
-162.7819840821392 216.28091199556428
-169.5747334300161 214.59888821131688
-177.54166705722363 213.21412064603453
-186.73811244838873 212.02832086660396
-194.82299062758443 209.9694212290033
-204.15349518497695 208.03540738746213
-214.77483197936942 206.1223060413815
-225.47403556166137 203.7386211896584
-237.5040915429751 201.22907947764352
-250.89699114875322 198.48378604882686
-265.6793158649201 195.3908083497418
-281.8721682981173 191.8364235626088
-300.822191477633 187.9135747252598
-322.578139571916 183.3963104933012
-345.8216916321859 177.92073968724918
-374.6473068375469 171.66059766140427
-407.7567668352775 164.09912023015295
-447.95189892811067 154.93531550097208
-498.0839647598701 143.56592839219175
-561.0350796324132 129.08462268387873
-643.9247179147061 110.01628570518817
-756.7595757802484 83.88924467707943
-920.942581654404 45.91122407989275
NaN NaN
NaN NaN
NaN NaN
-1054.988512696878 -160.19805371506175
-1047.2338215422055 -179.9365356394453
-1040.6379787756712 -203.55482741221633
-1035.2301065587008 -227.16754086508158
-1030.3440973104714 -250.9335514176412
-1026.4927781736142 -275.1950463574648
-1023.4995890020564 -299.9192480209363
-1020.2137847720752 -325.0063320104813
-1017.7721192989322 -350.03532976734624
-1014.9040310746004 -375.3013337313779
-1012.7676426335504 -400.6289142087779
-1011.315871237794 -426.1490473732735
-1009.2692702514231 -452.01572876907255
-1007.8072625091802 -478.21709795191356
-1005.6548210602252 -504.7953693499811
-1003.9901116235883 -531.8354102428439
-1002.7566250758117 -559.443871299835
-1000.6924468822494 -587.5015990895039
-993.0090465206606 -614.902803559142
-978.6602085727924 -640.7734347250961
-963.660361321269 -666.2047830978421
-948.0223788882523 -691.1849525844673
-931.7593965555637 -715.7018291760248
-914.8848068135848 -739.7432127900618
-897.4122798003017 -763.2969090753447
-879.3557145571308 -786.3508255835939
-860.7292631322923 -808.8930204918354
-841.5473385434104 -830.9117519049627
-821.824541725713 -852.3955311686436
-801.5757000408728 -873.3331421289556
-780.8158529166475 -893.7136701926514
-759.5601975517284 -913.5265234135237
-737.8241371638021 -932.761446701266
-715.6232133728512 -951.4085336381061
-692.9731238250199 -969.4582356501135
-669.8897084336 -986.9013699012976
-646.3893282298026 -1003.7292693245208
-622.5014039466168 -1019.9392685231988
-598.244675772083 -1035.5270734446465
-573.6305388227111 -1050.485570314542
-548.6711849932825 -1064.8075303858602
-523.3793764699233 -1078.4856242646356
-497.7685186421431 -1091.5125736900934
-471.85254222827876 -1103.8811804478373
-445.6459256415721 -1115.584440287755
-419.1635445704203 -1126.6155013712093
-392.42076114836357 -1136.967823001365
-365.4332579487404 -1146.6350817179111
-338.2171328974483 -1155.6113415755715
-310.7887819064788 -1163.8909899784626
-283.1648913467781 -1171.4687812793002
-255.3624227737848 -1178.3398793463102
-227.39857182974538 -1184.4998558538384
-199.29074163657066 -1189.9446987427814
-171.05653107015326 -1194.6708575360894
-142.71369783750873 -1198.675230804831
-114.2801319582885 -1201.9551559145616
-85.77384737955836 -1204.5084754687352
-57.2129441606713 -1206.3334929385785
-28.615590598226905 -1207.4289947259556
0 -1207.7942427007924
28.615590598226433 -1207.4289947259556
57.21294416067091 -1206.3334929385785
85.77384737955836 -1204.5084754687352
114.28013195828794 -1201.9551559145616
142.71369783750825 -1198.675230804831
171.05653107015326 -1194.6708575360894
199.29074163657032 -1189.9446987427814
227.39857182974478 -1184.4998558538384
255.3624227737848 -1178.3398793463102
283.16489134677767 -1171.4687812793002
310.78878190647856 -1163.8909899784626
338.2171328974483 -1155.6113415755715
365.4332579487401 -1146.6350817179114
392.4207611483631 -1136.967823001365
419.1635445704203 -1126.6155013712093
445.6459256415717 -1115.5844402877551
471.8525422282785 -1103.8811804478378
497.7685186421431 -1091.5125736900934
523.3793764699232 -1078.4856242646356
548.6711849932825 -1064.8075303858602
573.6305388227111 -1050.485570314542
598.244675772083 -1035.5270734446465
622.5014039466168 -1019.9392685231988
646.3893282298026 -1003.7292693245208
669.8897084335998 -986.9013699012976
692.9731238250199 -969.4582356501134
715.6232133728512 -951.4085336381061
737.8241371638013 -932.7614467012663
759.5601975517279 -913.5265234135246
780.8158529166475 -893.7136701926514
801.5757000408721 -873.3331421289562
821.8245417257126 -852.3955311686439
841.5473385434102 -830.9117519049628
860.7292631322921 -808.8930204918356
879.3557145571311 -786.3508255835939
897.4122798003017 -763.2969090753447
914.8848068135848 -739.7432127900618
931.7593965555636 -715.7018291760253
948.0223788882523 -691.1849525844673
963.6603613212684 -666.2047830978426
978.6602085727924 -640.7734347250961
993.0090465206606 -614.902803559142
1000.6924468822494 -587.5015990895039
1002.7566250758117 -559.4438712998351
1003.9901116235886 -531.8354102428434
1005.6548210602252 -504.7953693499812
1007.8072625091797 -478.21709795191475
1009.2692702514231 -452.01572876907255
1011.315871237794 -426.1490473732735
1012.7676426335499 -400.62891420877935
1014.9040310746001 -375.3013337313797
1017.7721192989322 -350.03532976734584
1020.2137847720743 -325.00633201048385
1023.4995890020564 -299.9192480209363
1026.4927781736142 -275.1950463574648
1030.3440973104714 -250.9335514176412
1035.2301065587008 -227.16754086508158
1040.6379787756712 -203.55482741221633
1047.2338215422055 -179.9365356394453
1054.988512696878 -160.19805371506175
NaN NaN
NaN NaN
NaN NaN
920.9425816544042 45.91122407989095
756.7595757802484 83.88924467707943
643.9247179147061 110.01628570518817
561.0350796324132 129.08462268387873
498.0839647598702 143.56592839219127
447.9518989281108 154.93531550097194
407.7567668352775 164.09912023015275
374.6473068375469 171.66059766140427
345.8216916321859 177.92073968724918
322.578139571916 183.3963104933012
300.822191477633 187.91357472525974
281.8721682981173 191.83642356260881
265.67931586492017 195.3908083497417
250.89699114875322 198.48378604882686
237.5040915429751 201.22907947764352
225.47403556166137 203.7386211896584
214.77483197936954 206.1223060413813
204.15349518497698 208.03540738746204
194.82299062758443 209.96942122900322
186.73811244838873 212.02832086660396
177.54166705722363 213.21412064603453
169.5747334300161 214.59888821131688
162.78198408213927 216.28091199556417
156.01913804453787 217.7137680493081
149.2952882140718 218.90083179217945
142.6194029662616 219.84575811260615
136.00031724234196 220.55247712142656
130.4281689518561 221.7794784884615
124.87525212050242 222.82981591537927
119.34799888804126 223.70593972047058
113.8527488011239 224.4104882751016
108.3957428194128 224.9462850657514
103.82116343593123 226.1950280829727
98.4284745994691 226.42498523385285
93.86808317808325 227.41767976312732
88.56118335427156 227.35184171899482
84.03393016995354 228.09574104345236
79.51388180849699 228.72780024723963
75.00507933948975 229.2493317683269
70.51151155891279 229.66175665265195
66.03711167100376 229.96660307813667
61.585754036273165 230.16550476621313
57.67220209053414 231.3240116508602
53.24328713188174 231.3298029707836
48.84832700742126 231.2342075560711
44.89589652757928 232.14055520391852
40.543749395275476 231.85893405405216
36.568816771012784 232.60274261062224
32.27244208653785 232.14003387398452
28.28683726339848 232.72263029372596
24.28188655937808 233.22859435626424
20.07422942620388 232.5077420207275
16.075883596276896 232.85460335300522
12.066542966344807 233.12470476378667
8.048949690940487 233.31780611533102
4.025851533758099 233.43373567616268
