-500 1586.6722016569774 0.9969968705779226
-512.1795102893739 1586.608057805145 0.9969969066843218
-524.350678805616 1586.415724771232 0.9969970149452421
-536.5051694777718 1586.0954979319267 0.9969971951859791
-548.6346576353332 1585.6478689553228 0.9969974471157853
-560.7308356986886 1585.0735248616127 0.9969977703285073
-572.7854188583375 1584.3733467095765 0.9969981643034773
-584.790150738151 1583.5484079099551 0.9969986284066559
-596.7368090397372 1582.5999721672174 0.9969991618920234
-608.617211163528 1581.5294910518955 0.9969997639032191
-620.4232198029234 1580.3386012059655 0.9970004334754208
-632.1467485077394 1579.0291211843057 0.9970011695374658
-643.7797672132584 1577.6030479353033 0.9970019709142045
-660.0736811996914 1586.8353196380956 0.996996778757137
-671.8521409283658 1585.0482803782822 0.996997784534001
-683.512914760027 1583.142152043785 0.9969988569339916
-695.0480162668892 1581.1196971550896 0.9969999943261821
-706.4495448826793 1578.983839988757 0.9970011949866391
-717.7096913035228 1576.7376609393134 0.9970024571021657
-728.8207428272603 1574.3843905577178 0.9970037787742395
-739.7750886270793 1571.9274032737262 0.9970051580231332
-750.5652249561831 1569.3702108125242 0.997006592792211
-761.1837602803429 1566.7164553154685 0.9970080809523897
-779.6991767903264 1572.9815136755549 0.997004566374373
-790.2579714980805 1569.92150727863 0.9970062835382082
-800.6180078931831 1566.7682737360578 0.9970080519015838
-810.7721884074755 1563.5260555886646 0.9970098689878497
-820.7135560848695 1560.1991928587247 0.9970117322693757
-830.435299342913 1556.7921145730081 0.9970136391729006
-849.7454492484503 1560.8522313801486 0.9970113666203131
-859.2760464082866 1557.0265142799778 0.9970135080242761
-868.5606373056575 1553.1270135195025 0.9970156890161854
-877.5928584875683 1549.158609753353 0.9970179067728938
-897.2086532567519 1551.5392090400449 0.9970165765809492
-905.9571768000413 1547.1480621296275 0.9970190296926335
-914.4277450762582 1542.6963717686695 0.9970215143946419
-934.1499033920367 1543.6843702281867 0.9970209631392408
-942.2636973134203 1538.8086260919497 0.997023682495172
-962.0325712949161 1538.7348932907255 0.9970237235976097
-969.73567983652 1533.432921296098 0.9970266775753357
-989.4652499192049 1532.273770424321 0.9970273229691273
-996.7037609269724 1526.545933355716 0.9970305098935635
NaN NaN NaN
NaN NaN NaN
NaN NaN NaN
NaN NaN NaN
NaN NaN NaN
NaN NaN NaN
NaN NaN NaN
NaN NaN NaN
NaN NaN NaN
NaN NaN NaN
NaN NaN NaN
NaN NaN NaN
NaN NaN NaN
NaN NaN NaN
NaN NaN NaN
NaN NaN NaN
NaN NaN NaN
NaN NaN NaN
-1532.7115683028403 -1729.880722617938 0.9971723667354357
-1519.725763872807 -1734.2382732202407 0.997174675463977
-1506.3257885805697 -1739.1157879442505 0.997177257267406
-1493.571270905596 -1744.0725933954482 0.9971798784318838
-1481.1735353765025 -1749.1340497215547 0.9971825522239444
-1468.9504946745415 -1754.3105369382292 0.9971852839513902
-1456.780029100696 -1759.6045642836502 0.9971880747485216
-1444.5767187002807 -1765.0141107688587 0.9971909233557618
-1432.2738160652432 -1770.536456793221 0.9971938281470363
-1432.2081188288012 -1774.9197099961802 0.9971961314579638
-1419.2668251203797 -1780.8810143531755 0.9971992607257691
-1406.1061044535875 -1786.9385774887915 0.997202436658021
-1392.7202815582457 -1793.0761021991154 0.9972056505452824
-1390.8038304072973 -1798.7997130592823 0.9972086440935368
-1376.7534412217997 -1805.2595436427541 0.9972120185351923
-1362.454725309413 -1811.7641782128105 0.9972154119270055
-1359.063638930756 -1818.4503115913703 0.9972188953523925
-1344.0599617622227 -1825.2173434204342 0.9972224161295852
-1339.5984199033014 -1832.5837553765014 0.9972262432778812
-1323.8705496343964 -1839.5728470604643 0.9972298691228394
-1318.3128514006576 -1847.5872172901547 0.9972340205617101
-1301.8452218960392 -1854.7555777237062 0.9972377280684017
-1295.1698038167613 -1863.3789274779701 0.9972421809818077
-1287.8365065974353 -1872.414114127776 0.9972468382311157
-1279.8368231538411 -1881.8505464898597 0.9972516932238426
-1261.6537856235573 -1889.443897474849 0.9972555932359327
-1252.4874477433402 -1899.3950696766683 0.997260695182362
-1242.6332415695065 -1909.7071654721171 0.9972659713465011
-1232.081492083865 -1920.3647651213814 0.9972714127313498
-1229.5215381134888 -1934.5854257509557 0.9972786550369656
-1217.3329810523996 -1946.1305133057858 0.9972845194189571
-1204.4168278593993 -1957.9648186943482 0.9972905165101936
-1198.817408174008 -1974.0891925368594 0.9972986645384834
-1184.1885570483687 -1986.6792405415817 0.997305008134242
-1176.4002787601182 -2004.0392592007931 0.9973137286600611
-1167.3740975056235 -2022.1115079069846 0.9973227744846235
-1157.0854298001407 -2040.8567333099213 0.9973321222823158
-1145.5111002591386 -2060.2325177163034 0.9973417473409872
-1132.6288781159194 -2080.193335687614 0.9973516236468429
-1124.7863783499415 -2106.647461897319 0.9973646514464348
-1115.0668435476155 -2134.13423462751 0.9973781141467487
-1109.3160462111327 -2169.1735512875794 0.9973951678292374
-1095.6441858742835 -2198.860686134106 0.997409522321311
-1090.8832664174126 -2243.897214672102 0.9974311347546185
-1078.0581026396576 -2283.3873134962514 0.99744992423175
-1072.5028676591512 -2340.0470474158465 0.9974766223200208
-1063.305319411501 -2399.1938586940305 0.9975041679286537
-1054.6985280687845 -2469.3390619987827 0.9975364115404161
-1045.7246096176752 -2551.359213418585 0.9975735383591084
-1039.1792036101456 -2655.636855592157 0.9976198600389948
-1033.1285016610288 -2784.208343131693 0.9976756457869455
-977.5513793721109 -2784.6445396187723 0.9976758325916021
-922.384493350204 -2783.858468897068 0.9976754959385883
-870.1386596726397 -2792.082219552295 0.99767901530536
-815.5464074856519 -2788.945278625163 0.9976776735365214
-763.2430440453799 -2794.9494826539917 0.9976802409807437
-709.3632307878327 -2789.514413208474 0.9976779170365386
-657.131484084525 -2793.312020250551 0.9976795410979894
-604.806285356882 -2796.0275501592587 0.9976807016410193
-552.4187372314695 -2797.658049123568 0.9976813981656756
-500 -2798.2017455788573 0.9976816303736192
-447.5812627685317 -2797.658049123568 0.9976813981656756
-395.19371464311985 -2796.0275501592587 0.9976807016410193
-342.868515915476 -2793.312020250551 0.9976795410979894
-290.63676921216893 -2789.514413208474 0.9976779170365386
-236.7569559546201 -2794.9494826539917 0.9976802409807437
-184.45359251434903 -2788.945278625163 0.9976776735365214
-129.86134032736177 -2792.082219552295 0.99767901530536
-77.61550664979661 -2783.858468897068 0.9976754959385883
-22.448620627888086 -2784.6445396187723 0.9976758325916021
33.1285016610299 -2784.208343131693 0.9976756457869455
89.07591883155416 -2782.527522675332 0.9976749258080782
145.35717152156522 -2779.588088147402 0.997673666114421
201.93128909398894 -2775.3723228179683 0.9976718581431053
258.7609966378527 -2769.8694526791537 0.9976694958661649
321.0211704047813 -2772.5968030234917 0.9976706669938349
378.56659361329815 -2764.3515160040315 0.997667124482478
442.117720760526 -2764.06253015617 0.9976670002152916
506.40219396722216 -2762.160670575655 0.997666182213091
571.3650901820073 -2758.612187977688 0.9976646551468991
636.9501147136203 -2753.385883201246 0.9976624040460486
703.0996715715636 -2746.4532172616514 0.9976594143018422
769.7549361243624 -2737.788427769129 0.9976556716777826
844.6233622514076 -2735.753593067005 0.9976547918113052
920.4754075475203 -2731.5876579860196 0.997652989323913
997.2320281569913 -2725.2445658665347 0.9976502419237719
1074.810775421357 -2716.682194994749 0.9976465276917899
1081.8144136807218 -2645.170799218686 0.9976152548130742
1085.511036255242 -2575.80792504479 0.997584486621538
1095.3321088458715 -2515.5431847853615 0.9975574017457534
1102.4860644508651 -2456.976963489948 0.9975307622012753
1107.0694357781053 -2400.2079207341512 0.9975046373270514
1119.094248506813 -2351.1206900659145 0.9974818045866939
1119.020891166382 -2297.855207534196 0.9974567706177238
1126.9456572675947 -2251.730581269025 0.9974348738278161
1143.4813860176118 -2211.788443911341 0.9974157463369675
1148.0052730858563 -2168.1808468436993 0.9973946863403428
1150.8911367756975 -2126.06705063209 0.9973741706914263
1163.1272475571366 -2089.2477880495753 0.997356090520272
1174.2149432979172 -2053.3078979832353 0.9973383118181683
1184.2562579595244 -2018.2577710025987 0.9973208483209485
1193.0865607386218 -1984.1930741178649 0.9973037567395151
1200.454578716523 -1951.2689834185219 0.9972871251273062
1206.4125897492795 -1919.5521026070187 0.9972709982283838
1222.9164271217849 -1890.839041212563 0.9972563091426886
1226.3921197677785 -1861.3669048979004 0.9972411427112206
1240.8634916289727 -1834.3230782687106 0.997227146094093
1254.481243039548 -1808.0268132392257 0.9972134627333249
1267.3038873492685 -1782.530584508122 0.9972001259680824
1279.4058771186244 -1757.8818218267809 0.9971871669165273
1290.8750996091162 -1734.1260819952097 0.997174616048069
1301.8203805877558 -1711.3051422184576 0.9971625021027423
1312.3822898396834 -1689.454470263649 0.9971508506497062
1335.9870213388217 -1667.404766931394 0.9971390407161568
1346.5349453924428 -1647.2811788751635 0.9971282163215407
1371.0093897957902 -1626.4346858236636 0.9971169564885124
1382.9035234583991 -1608.264920180786 0.9971071036108551
1409.3372907064868 -1589.5671858962908 0.9970969265292507
1435.5461213710705 -1573.492948568801 0.9970881465597975
1466.1533651046766 -1558.2833754851574 0.9970798125354872
1492.8684098037697 -1547.9237359547842 0.9970741213040317
NaN NaN NaN
NaN NaN NaN
988.4081406350625 1300.2297590148537 0.9971535089990596
729.300844126044 1360.193626680962 0.9971214680912126
569.8178667783006 1397.9738130124047 0.9971010794764263
452.9803101751633 1424.7770017155353 0.997086519606575
364.4976075293075 1444.469969410368 0.9970757714906904
304.1540855869742 1459.3107902808479 0.9970676431505539
257.75956106057185 1471.3318959490837 0.9970610411904126
211.37975546435644 1481.0634758714116 0.9970556848139922
178.77067177372612 1489.500020961674 0.9970510326655035
146.1267285347014 1496.4176319992896 0.9970472121480873
113.50605653876757 1501.8275737296308 0.9970442205567092
94.27793680074119 1507.8242568573692 0.9970409006656352
74.91304533332189 1513.062532590159 0.997037997334592
55.44237600729122 1517.54746178562 0.9970355090927145
35.89680963979331 1521.2849839497305 0.9970334337807066
16.30708349870666 1524.2819131327185 0.9970317685550261
-3.2962390730018347 1526.545933355716 0.9970305098935635
-10.534750080810795 1532.2737704243207 0.9970273229691273
-30.264320163454624 1533.432921296098 0.9970266775753357
-37.96742870508186 1538.7348932907255 0.9970237235976097
-57.73630268655383 1538.8086260919497 0.997023682495172
-65.8500966079892 1543.6843702281867 0.9970209631392408
-85.57225492374175 1542.6963717686695 0.9970215143946419
-94.04282319997785 1547.1480621296275 0.9970190296926335
-102.79134674327356 1551.5392090400449 0.9970165765809492
-122.40714151245135 1549.1586097533527 0.9970179067728938
-131.43936269434266 1553.1270135195025 0.9970156890161854
-140.72395359169312 1557.0265142799778 0.9970135080242761
-150.2545507515497 1560.8522313801486 0.9970113666203131
-169.5647006570822 1556.7921145730081 0.9970136391729006
-179.28644391515206 1560.1991928587247 0.9970117322693757
-189.2278115925247 1563.5260555886643 0.9970098689878497
-199.38199210681682 1566.7682737360578 0.9970080519015838
-209.74202850189357 1569.92150727863 0.9970062835382082
-220.30082320967594 1572.9815136755549 0.997004566374373
-238.816239719682 1566.7164553154685 0.9970080809523897
-249.4347750438169 1569.3702108125242 0.997006592792211
-260.2249113729466 1571.9274032737262 0.9970051580231332
-271.1792571727134 1574.3843905577178 0.9970037787742395
-282.2903086964774 1576.7376609393134 0.9970024571021657
-293.55045511732067 1578.983839988757 0.9970011949866391
-304.9519837330845 1581.1196971550896 0.9969999943261821
-316.4870852399468 1583.142152043785 0.9969988569339916
-328.14785907160814 1585.0482803782822 0.996997784534001
-339.9263188002825 1586.8353196380956 0.996996778757137
-356.2202327867415 1577.6030479353033 0.9970019709142045
-367.85325149228674 1579.0291211843057 0.9970011695374658
-379.57678019710266 1580.3386012059655 0.9970004334754208
-391.3827888364718 1581.5294910518955 0.9969997639032191
-403.2631909602365 1582.5999721672174 0.9969991618920234
-415.2098492618228 1583.5484079099551 0.9969986284066559
-427.21458114166245 1584.3733467095765 0.9969981643034773
-439.2691643013114 1585.0735248616127 0.9969977703285073
-451.3653423646923 1585.6478689553228 0.9969974471157853
-463.4948305222281 1586.0954979319267 0.9969971951859791
-475.6493211943668 1586.415724771232 0.9969970149452421
-487.82048971062613 1586.608057805145 0.9969969066843218
500 1586.6722016569774 0.9969968705779226
487.82048971062613 1586.608057805145 0.9969969066843218
475.6493211943668 1586.415724771232 0.9969970149452421
463.49483052222826 1586.0954979319267 0.9969971951859791
451.36534236469237 1585.6478689553228 0.9969974471157853
439.2691643013114 1585.0735248616127 0.9969977703285073
427.21458114166245 1584.3733467095765 0.9969981643034773
415.2098492618228 1583.5484079099551 0.9969986284066559
403.2631909602365 1582.5999721672174 0.9969991618920234
391.3827888364718 1581.5294910518955 0.9969997639032191
379.5767801971027 1580.3386012059655 0.9970004334754208
367.85325149228674 1579.0291211843057 0.9970011695374658
356.2202327867415 1577.6030479353033 0.9970019709142045
339.9263188002825 1586.8353196380956 0.996996778757137
328.1478590716082 1585.0482803782822 0.996997784534001
316.4870852399468 1583.142152043785 0.9969988569339916
304.95198373308455 1581.1196971550896 0.9969999943261821
293.55045511732067 1578.983839988757 0.9970011949866391
282.2903086964774 1576.7376609393134 0.9970024571021657
271.1792571727134 1574.3843905577178 0.9970037787742395
260.2249113729466 1571.9274032737262 0.9970051580231332
249.43477504381696 1569.3702108125242 0.997006592792211
238.81623971968205 1566.7164553154685 0.9970080809523897
220.30082320967594 1572.9815136755549 0.997004566374373
209.74202850189357 1569.92150727863 0.9970062835382082
199.38199210681682 1566.7682737360578 0.9970080519015838
189.22781159252474 1563.5260555886646 0.9970098689878497
179.28644391515212 1560.1991928587247 0.9970117322693757
169.5647006570823 1556.7921145730081 0.9970136391729006
150.2545507515497 1560.8522313801486 0.9970113666203131
140.72395359169312 1557.0265142799778 0.9970135080242761
131.43936269434266 1553.1270135195025 0.9970156890161854
122.40714151245152 1549.158609753353 0.9970179067728938
102.79134674327356 1551.5392090400449 0.9970165765809492
94.04282319997796 1547.1480621296275 0.9970190296926335
85.57225492374175 1542.6963717686695 0.9970215143946419
65.8500966079892 1543.6843702281867 0.9970209631392408
57.73630268655383 1538.8086260919497 0.997023682495172
37.96742870508197 1538.7348932907255 0.9970237235976097
30.264320163454624 1533.432921296098 0.9970266775753357
10.534750080810909 1532.273770424321 0.9970273229691273
3.2962390730018347 1526.545933355716 0.9970305098935635
-16.30708349870666 1524.2819131327185 0.9970317685550261
-35.89680963979331 1521.2849839497305 0.9970334337807066
-55.44237600729116 1517.5474617856203 0.9970355090927145
-74.91304533332178 1513.0625325901592 0.997037997334592
-94.27793680074113 1507.8242568573692 0.9970409006656352
-113.50605653876757 1501.8275737296308 0.9970442205567092
-146.1267285347014 1496.4176319992896 0.9970472121480873
-178.77067177372612 1489.500020961674 0.9970510326655035
-211.37975546435328 1481.0634758714118 0.9970556848139922
-257.75956106057185 1471.331895949084 0.9970610411904126
-304.15408558697413 1459.3107902808486 0.9970676431505539
-364.4976075293075 1444.469969410368 0.9970757714906904
-452.9803101751633 1424.7770017155353 0.997086519606575
-569.8178667783006 1397.9738130124047 0.9971010794764263
-729.3008441260438 1360.193626680963 0.9971214680912126
-988.4081406350625 1300.2297590148537 0.9971535089990596
NaN NaN NaN
NaN NaN NaN
-1492.8684098037697 -1547.9237359547842 0.9970741213040317
-1466.1533651046766 -1558.2833754851574 0.9970798125354872
-1435.5461213710705 -1573.492948568801 0.9970881465597975
-1409.3372907064868 -1589.5671858962908 0.9970969265292507
-1382.9035234583991 -1608.264920180786 0.9971071036108551
-1371.0093897957902 -1626.4346858236636 0.9971169564885124
-1346.5349453924428 -1647.2811788751635 0.9971282163215407
-1335.9870213388235 -1667.4047669313925 0.9971390407161568
-1312.382289839684 -1689.4544702636483 0.9971508506497062
-1301.8203805877558 -1711.3051422184571 0.9971625021027423
-1290.8750996091164 -1734.1260819952097 0.997174616048069
-1279.4058771186244 -1757.8818218267809 0.9971871669165273
-1267.3038873492685 -1782.530584508122 0.9972001259680824
-1254.4812430395484 -1808.0268132392255 0.9972134627333249
-1240.8634916289727 -1834.3230782687106 0.997227146094093
-1226.3921197677796 -1861.3669048978995 0.9972411427112206
-1222.9164271217853 -1890.8390412125625 0.9972563091426886
-1206.4125897492795 -1919.5521026070187 0.9972709982283838
-1200.454578716523 -1951.2689834185219 0.9972871251273062
-1193.0865607386213 -1984.1930741178658 0.9973037567395151
-1184.256257959524 -2018.2577710025987 0.9973208483209485
-1174.2149432979186 -2053.3078979832344 0.9973383118181683
-1163.1272475571384 -2089.247788049574 0.997356090520272
-1150.8911367756975 -2126.06705063209 0.9973741706914263
-1148.0052730858563 -2168.1808468436993 0.9973946863403428
-1143.4813860176123 -2211.7884439113404 0.9974157463369675
-1126.945657267595 -2251.730581269025 0.9974348738278161
-1119.020891166382 -2297.855207534196 0.9974567706177238
-1119.094248506813 -2351.1206900659145 0.9974818045866939
-1107.0694357781058 -2400.2079207341512 0.9975046373270514
-1102.4860644508651 -2456.976963489948 0.9975307622012753
-1095.3321088458736 -2515.54318478536 0.9975574017457534
-1085.5110362552434 -2575.8079250447886 0.997584486621538
-1081.8144136807218 -2645.170799218686 0.9976152548130742
-1074.8107754213577 -2716.682194994749 0.9976465276917899
-997.2320281569918 -2725.2445658665347 0.9976502419237719
-920.4754075475203 -2731.5876579860196 0.997652989323913
-844.6233622514096 -2735.7535930670037 0.9976547918113052
-769.7549361243629 -2737.788427769129 0.9976556716777826
-703.0996715715636 -2746.4532172616514 0.9976594143018422
-636.9501147136206 -2753.3858832012456 0.9976624040460486
-571.3650901820085 -2758.612187977688 0.9976646551468991
-506.40219396722216 -2762.160670575655 0.997666182213091
-442.1177207605272 -2764.062530156169 0.9976670002152916
-378.56659361329906 -2764.351516004031 0.997667124482478
-321.0211704047813 -2772.5968030234917 0.9976706669938349
-258.76099663785334 -2769.8694526791537 0.9976694958661649
-201.93128909398956 -2775.3723228179683 0.9976718581431053
-145.35717152156522 -2779.588088147402 0.997673666114421
-89.07591883155513 -2782.5275226753315 0.9976749258080782
-33.12850166103065 -2784.208343131693 0.9976756457869455
22.448620627888086 -2784.6445396187723 0.9976758325916021
77.61550664979596 -2783.858468897068 0.9976754959385883
129.86134032736058 -2792.082219552295 0.99767901530536
184.45359251434903 -2788.945278625163 0.9976776735365214
236.75695595461931 -2794.9494826539917 0.9976802409807437
290.6367692121681 -2789.514413208474 0.9976779170365386
342.868515915476 -2793.312020250551 0.9976795410979894
395.19371464311905 -2796.0275501592587 0.9976807016410193
447.5812627685306 -2797.658049123568 0.9976813981656756
500 -2798.2017455788573 0.9976816303736192
552.4187372314692 -2797.658049123568 0.9976813981656756
604.8062853568812 -2796.0275501592587 0.9976807016410193
657.131484084525 -2793.312020250551 0.9976795410979894
709.3632307878314 -2789.514413208474 0.9976779170365386
763.243044045379 -2794.9494826539917 0.9976802409807437
815.5464074856519 -2788.945278625163 0.9976776735365214
870.1386596726388 -2792.082219552295 0.99767901530536
922.3844933502033 -2783.858468897068 0.9976754959385883
977.5513793721109 -2784.6445396187723 0.9976758325916021
1033.1285016610284 -2784.208343131693 0.9976756457869455
1039.1792036101444 -2655.6368555921576 0.9976198600389948
1045.7246096176752 -2551.359213418585 0.9975735383591084
1054.6985280687836 -2469.3390619987827 0.9975364115404161
1063.3053194115007 -2399.1938586940305 0.9975041679286537
1072.5028676591512 -2340.0470474158465 0.9974766223200208
1078.0581026396571 -2283.387313496252 0.99744992423175
1090.8832664174117 -2243.8972146721026 0.9974311347546185
1095.6441858742835 -2198.860686134106 0.997409522321311
1109.316046211132 -2169.1735512875794 0.9973951678292374
1115.0668435476152 -2134.1342346275105 0.9973781141467487
1124.7863783499415 -2106.647461897319 0.9973646514464348
1132.6288781159192 -2080.1933356876143 0.9973516236468429
1145.511100259138 -2060.232517716304 0.9973417473409872
1157.0854298001407 -2040.8567333099213 0.9973321222823158
1167.374097505623 -2022.1115079069846 0.9973227744846235
1176.400278760118 -2004.0392592007934 0.9973137286600611
1184.1885570483687 -1986.6792405415817 0.997305008134242
1198.8174081740071 -1974.0891925368594 0.9972986645384834
1204.4168278593984 -1957.9648186943482 0.9972905165101936
1217.3329810523996 -1946.1305133057858 0.9972845194189571
1229.521538113489 -1934.5854257509557 0.9972786550369656
1232.0814920838648 -1920.3647651213814 0.9972714127313498
1242.6332415695063 -1909.7071654721171 0.9972659713465011
1252.4874477433398 -1899.3950696766683 0.997260695182362
1261.6537856235564 -1889.4438974748496 0.9972555932359327
1279.8368231538411 -1881.8505464898597 0.9972516932238426
1287.8365065974353 -1872.414114127776 0.9972468382311157
1295.1698038167608 -1863.3789274779706 0.9972421809818077
1301.8452218960383 -1854.7555777237067 0.9972377280684017
1318.3128514006576 -1847.5872172901547 0.9972340205617101
1323.8705496343962 -1839.5728470604643 0.9972298691228394
1339.5984199033014 -1832.5837553765014 0.9972262432778812
1344.0599617622227 -1825.2173434204342 0.9972224161295852
1359.0636389307563 -1818.4503115913703 0.9972188953523925
1362.4547253094133 -1811.764178212811 0.9972154119270055
1376.7534412217997 -1805.2595436427541 0.9972120185351923
1390.803830407298 -1798.7997130592826 0.9972086440935368
1392.7202815582457 -1793.0761021991154 0.9972056505452824
1406.1061044535875 -1786.9385774887915 0.997202436658021
1419.2668251203797 -1780.881014353176 0.9971992607257691
1432.208118828801 -1774.9197099961802 0.9971961314579638
1432.2738160652432 -1770.5364567932215 0.9971938281470363
1444.5767187002803 -1765.014110768859 0.9971909233557618
1456.780029100696 -1759.6045642836502 0.9971880747485216
1468.9504946745415 -1754.3105369382292 0.9971852839513902
1481.1735353765025 -1749.1340497215547 0.9971825522239444
1493.571270905596 -1744.0725933954482 0.9971798784318838
1506.3257885805697 -1739.1157879442505 0.997177257267406
1519.725763872807 -1734.2382732202407 0.997174675463977
1532.7115683028403 -1729.880722617938 0.9971723667354357
NaN NaN NaN
NaN NaN NaN
NaN NaN NaN
NaN NaN NaN
NaN NaN NaN
NaN NaN NaN
NaN NaN NaN
NaN NaN NaN
NaN NaN NaN
NaN NaN NaN
NaN NaN NaN
NaN NaN NaN
NaN NaN NaN
NaN NaN NaN
NaN NaN NaN
NaN NaN NaN
NaN NaN NaN
NaN NaN NaN
996.7037609269724 1526.545933355716 0.9970305098935635
989.4652499192049 1532.2737704243207 0.9970273229691273
969.73567983652 1533.432921296098 0.9970266775753357
962.0325712949161 1538.7348932907255 0.9970237235976097
942.2636973134203 1538.8086260919497 0.997023682495172
934.1499033920367 1543.6843702281867 0.9970209631392408
914.4277450762582 1542.6963717686695 0.9970215143946419
905.9571768000413 1547.1480621296275 0.9970190296926335
897.2086532567521 1551.5392090400449 0.9970165765809492
877.5928584875683 1549.1586097533527 0.9970179067728938
868.5606373056575 1553.1270135195025 0.9970156890161854
859.2760464082866 1557.0265142799778 0.9970135080242761
849.7454492484503 1560.8522313801486 0.9970113666203131
830.435299342913 1556.7921145730081 0.9970136391729006
820.7135560848695 1560.1991928587247 0.9970117322693757
810.7721884074755 1563.5260555886643 0.9970098689878497
800.6180078931831 1566.7682737360578 0.9970080519015838
790.2579714980805 1569.92150727863 0.9970062835382082
779.6991767903264 1572.9815136755549 0.997004566374373
761.1837602803431 1566.7164553154685 0.9970080809523897
750.5652249561831 1569.3702108125242 0.997006592792211
739.7750886270795 1571.9274032737262 0.9970051580231332
728.8207428272603 1574.3843905577178 0.9970037787742395
717.7096913035228 1576.7376609393134 0.9970024571021657
706.4495448826793 1578.983839988757 0.9970011949866391
695.0480162668892 1581.1196971550896 0.9969999943261821
683.512914760027 1583.142152043785 0.9969988569339916
671.8521409283658 1585.0482803782822 0.996997784534001
660.0736811996914 1586.8353196380956 0.996996778757137
643.7797672132584 1577.6030479353033 0.9970019709142045
632.1467485077394 1579.0291211843057 0.9970011695374658
620.4232198029235 1580.3386012059655 0.9970004334754208
608.6172111635282 1581.5294910518955 0.9969997639032191
596.7368090397372 1582.5999721672174 0.9969991618920234
584.790150738151 1583.5484079099551 0.9969986284066559
572.7854188583375 1584.3733467095765 0.9969981643034773
560.7308356986886 1585.0735248616127 0.9969977703285073
548.6346576353332 1585.6478689553228 0.9969974471157853
536.5051694777719 1586.0954979319267 0.9969971951859791
524.350678805616 1586.415724771232 0.9969970149452421
512.1795102893739 1586.608057805145 0.9969969066843218
