0 85.63939032551113
-3.145089100697527 85.60335941154872
-6.288028455395864 85.49529414438312
-9.426669775771293 85.31527692327943
-12.558867687894603 85.06344499737237
-15.682481187037077 84.73999034126763
-19.01841587429717 85.48932481242655
-22.155251452296365 85.01684318827441
-25.276943432048 84.47264110369252
-28.714199638481094 84.97855462402828
-31.835396946937742 84.28264704751376
-35.339777033209984 84.61673858704121
-38.45098975398502 83.76729171716461
-42.011857934971474 83.92406737276134
-45.61437841070226 83.98357328750116
-48.70979970356671 82.8943070083953
-52.35185122135363 82.76840493894564
-56.02632418623461 82.54012249989283
-59.729892467659916 82.2076215122526
-63.459164287587726 81.76916003060346
-67.21068510139662 81.22309446021762
-70.98094054990361 80.56788158730987
-75.54289125816445 80.7248604770502
-79.37089273517746 79.82551571746237
-84.04425274193596 79.69086536940843
-87.91305740241991 78.53912852240383
-92.67832647058539 78.10177449506389
-97.49635153533104 77.49683809894954
-102.36135577321002 76.72122492818232
-107.26745350994176 75.77202268835781
-112.20865590326667 74.64650486625956
-118.21310134628699 74.04134003745448
-124.29107317320683 73.19776003598433
-130.4341462227721 72.11155624440033
-136.63375015488535 70.77879602646192
-142.88117809066102 69.19582774715099
-150.32108473522743 67.90880144865531
-159.00915877118092 66.81915787415593
-166.60466963492934 64.85456241242301
-175.46514630453007 63.0127383749475
-185.63611677245285 61.189455503311635
-195.90492424815162 58.89296697411367
-207.52484931477235 56.467755483893704
-220.5281642809704 53.80368982382925
-234.94171763454247 50.78860938987959
-250.78686471959134 47.30857230053936
-269.4104868652952 43.456312179039195
-290.861561939042 39.00567855251757
-313.82197793683656 33.59259200837599
-342.38638808502844 27.390611142226025
-375.2567530478615 19.88280703078589
-415.2350639918154 10.768035576738395
-462.3834860051066 -0.5288439403375165
-464.85768162374035 -12.654912769431519
-467.0141919484258 -24.843114493928308
-468.8514194191502 -37.08514219616108
-470.3679830484662 -49.37264701305402
-471.56271970538364 -61.69724576328011
-472.43468527604665 -74.05053449127968
-472.9831558346253 -86.42414674017958
-473.21160992179796 -100
-473.10781511707836 -111.19705917232967
-472.6836657941076 -123.58049196344525
-471.9353381023448 -135.9500651964522
-470.8632176597506 -148.29739282383233
-469.4679125778644 -160.61401162873142
-467.75025362639485 -172.8914593620396
-465.71129404269715 -185.12129030978
-463.35230916130445 -197.29508353041243
-460.6620583950035 -209.4299906861067
-457.6199247255985 -221.54769608954152
-454.23749634581264 -233.60536083079063
-450.524424094269 -245.57576097813745
-446.48842171367846 -257.44096226638226
-442.13601820849937 -269.1879048718286
-437.4730245435998 -280.8061798927796
-432.5048186429943 -292.2868781889811
-427.2365466623025 -303.6219544821003
-421.6732168592533 -314.8039111830458
-415.81979811139223 -325.8255895168845
-409.6812667878846 -336.68006826427893
-403.26264830613707 -347.3606002420425
-396.56904490170103 -357.8605788784221
-389.6056471229451 -368.1735245854097
-382.377768856263 -378.2930685533272
-374.89081363286004 -388.21296750993497
-367.15031218174494 -397.927091218569
-359.1619438185762 -407.42942508309795
-350.9314767778334 -416.71408789936623
-342.4648186284526 -425.7753243041784
-333.7680138175626 -434.6075135644909
-324.84720058052164 -443.2051756621069
-315.708669689112 -451.5629746522877
-306.35880674416387 -459.67572294194406
-296.8041190746585 -467.53838559519096
-287.05123063604515 -475.1460855354296
-277.1068769451548 -482.4941080342367
-266.9778635060257 -489.5778906315358
-256.6711573357226 -496.3930580965449
-246.19376456322482 -502.93538391594166
-235.55281687476577 -509.20082652004527
-224.75552845809702 -515.1855173653424
-213.80919326637994 -520.8857621742786
-202.72118719643427 -526.2980462948901
-191.49896339252638 -531.4190367395166
-180.15004758325426 -536.2455839932496
-168.68203112242784 -540.7747210320226
-157.10256012323174 -545.0036555577982
-145.41936299027697 -548.9298088643338
-133.64020330862763 -552.5507681132527
-121.7728978568222 -555.8643105531858
-109.82531833757675 -558.8684175637255
-97.80536897448232 -561.5612454432597
-85.72099540269471 -563.9411468783944
-73.58018144448127 -566.0066797060352
-61.3909316396447 -567.7565720228108
-49.16128006594342 -569.1897537631374
-36.89928406726933 -570.3053599181166
-24.61301465147354 -571.102708697859
-12.310555770055569 -571.5813129030266
0 -571.7408801317404
12.310555770055352 -571.5813129030266
24.613014651473367 -571.102708697859
36.89928406726933 -570.3053599181166
49.1612800659432 -569.1897537631374
61.39093163964448 -567.7565720228109
73.58018144448127 -566.0066797060352
85.72099540269454 -563.9411468783945
97.80536897448206 -561.5612454432597
109.82531833757675 -558.8684175637255
121.77289785682196 -555.8643105531858
133.64020330862743 -552.5507681132527
145.41936299027697 -548.9298088643338
157.10256012323157 -545.0036555577983
168.68203112242767 -540.7747210320226
180.15004758325426 -536.2455839932496
191.4989633925262 -531.4190367395166
202.72118719643416 -526.2980462948901
213.80919326637994 -520.8857621742786
224.755528458097 -515.1855173653424
235.5528168747657 -509.2008265200453
246.19376456322482 -502.93538391594166
256.6711573357226 -496.3930580965449
266.9778635060257 -489.5778906315358
277.1068769451548 -482.4941080342367
287.0512306360449 -475.1460855354296
296.8041190746584 -467.5383855951911
306.35880674416387 -459.67572294194406
315.70866968911196 -451.5629746522878
324.84720058052164 -443.2051756621071
333.7680138175626 -434.6075135644909
342.4648186284524 -425.7753243041787
350.9314767778334 -416.7140878993663
359.1619438185761 -407.4294250830981
367.1503121817448 -397.92709121856905
374.8908136328601 -388.21296750993497
382.377768856263 -378.2930685533272
389.6056471229451 -368.1735245854097
396.5690449017009 -357.8605788784223
403.262648306137 -347.3606002420425
409.6812667878842 -336.68006826427927
415.81979811139223 -325.8255895168845
421.6732168592533 -314.8039111830458
427.2365466623025 -303.6219544821003
432.5048186429943 -292.2868781889812
437.47302454359976 -280.80617989277994
442.13601820849937 -269.18790487182866
446.4884217136783 -257.4409622663826
450.524424094269 -245.57576097813745
454.23749634581264 -233.60536083079063
457.61992472559837 -221.54769608954206
460.6620583950035 -209.42999068610715
463.35230916130445 -197.29508353041263
465.7112940426971 -185.12129030978048
467.75025362639485 -172.8914593620396
469.4679125778644 -160.61401162873142
470.8632176597506 -148.29739282383233
471.9353381023448 -135.9500651964522
472.6836657941076 -123.58049196344525
473.10781511707836 -111.19705917232967
473.21160992179796 -100
472.9831558346253 -86.42414674017958
472.4346852760467 -74.05053449127976
471.56271970538364 -61.69724576328011
470.36798304846633 -49.37264701305505
468.8514194191502 -37.08514219616108
467.0141919484258 -24.843114493928308
464.85768162374035 -12.654912769431519
462.38348600510665 -0.5288439403379834
415.23506399181554 10.768035576738257
375.2567530478615 19.882807030785678
342.38638808502844 27.390611142226025
313.82197793683656 33.59259200837599
290.861561939042 39.00567855251757
269.4104868652952 43.456312179039124
250.78686471959134 47.308572300539375
234.94171763454253 50.78860938987946
220.5281642809704 53.80368982382925
207.52484931477235 56.467755483893704
195.90492424815162 58.89296697411367
185.63611677245297 61.18945550331144
175.4651463045301 63.01273837494742
166.60466963492934 64.85456241242294
159.00915877118092 66.81915787415593
150.32108473522743 67.90880144865531
142.88117809066102 69.19582774715099
136.63375015488543 70.77879602646179
130.43414622277214 72.11155624440033
124.29107317320684 73.1977600359843
118.21310134628699 74.04134003745448
112.20865590326667 74.64650486625956
107.26745350994176 75.77202268835781
102.36135577321014 76.72122492818227
97.49635153533109 77.4968380989488
92.67832647058542 78.10177449506388
87.91305740241991 78.53912852240383
84.04425274193596 79.69086536940843
79.37089273517746 79.82551571746237
75.54289125816452 80.7248604770501
70.98094054990364 80.56788158730987
67.21068510139663 81.22309446021762
63.459164287587726 81.76916003060346
59.729892467659916 82.2076215122526
56.02632418623461 82.54012249989283
52.35185122135369 82.76840493894562
48.70979970356676 82.8943070083953
45.61437841070229 83.9835732875011
42.011857934971474 83.92406737276134
38.45098975398502 83.76729171716461
35.339777033209984 84.61673858704121
31.835396946937788 84.28264704751373
28.71419963848114 84.97855462402826
25.276943432048053 84.47264110369251
22.155251452296365 85.01684318827441
19.01841587429717 85.48932481242655
15.682481187037077 84.73999034126763
12.558867687894647 85.06344499737236
9.426669775771336 85.31527692327941
6.288028455395908 85.49529414438312
3.145089100697527 85.60335941154872
