0 185.45239032550978
-3.73975700793796 185.41458793359666
-7.476956714197424 185.30121289971046
-11.20904355409352 185.11236161373733
-14.933465435781446 184.84819460639596
-18.64767547380631 184.50893637078752
-22.57217450389936 185.2390404441128
-26.295138856079927 184.7439523476396
-30.000122337979665 184.17382740567624
-34.017433015666036 184.65057017878198
-37.715050224121654 183.922321105292
-41.791820589733106 184.22098600122055
-45.471001681479095 183.33312120468617
-49.59502706792017 183.44858955147242
-53.755507623767386 183.46400847018617
-57.40330947344505 182.32799273351128
-61.59178345069972 182.15280321853868
-65.80634628704462 181.8728267654448
-70.04330170130837 181.48636323967105
-74.29889235854967 180.99181502605913
-78.56930300151276 180.38768878903673
-82.85066364983648 179.67259712865632
-87.91558464261074 179.76804008783617
-92.23807677812147 178.80566798954902
-97.39710891816014 178.60666896487757
-101.74243433129446 177.38943607255266
-106.97474618795592 176.88561604956666
-112.25001598924905 176.21342411255242
-117.56215353901526 175.36994877336568
-122.90496672014335 174.3524626833227
-128.27216738742192 173.15842580884404
-134.69160197601462 172.48469423668755
-141.1732694072946 171.5726878342499
-147.70846784721255 170.41838602451207
-154.28835821249757 169.01804369933535
-160.90397299495876 167.36819571715546
-168.69971456283972 166.0151770552385
-177.73102772725395 164.8606113098923
-185.6569466856547 162.83234411920924
-194.83477397091067 160.92827592168013
-205.3098200792109 159.0443499501291
-215.8692198217742 156.6889887298536
-227.76605462430135 154.20683966528762
-241.0324070153667 151.48793112655386
-255.69494521004108 148.42025648342934
-271.7748539106604 144.89002176054458
-290.61885355251167 140.99010197242697
-312.27577096727015 136.49448109258157
-335.427353076852 131.03920679852007
-364.1681220919493 124.79795702872455
-397.1999178092027 117.25391408650627
-437.3246207585484 108.10603663927175
-487.3935408524379 96.75102439058695
-550.2888366696674 82.282500272759
-633.1300208347694 63.22531526267252
-745.923822729295 37.10776483923218
-905.8193085514971 -0.37566447267370373
-908.2304317407801 -24.09972569518637
-910.0207491937939 -47.88484236744658
-911.1885665827845 -71.71506367083217
-911.7612229385103 -100
-911.6519985698079 -119.44062258643768
-910.9463691040278 -143.30749163037203
-909.6156951593927 -167.15317896383658
-907.660415186248 -190.96175638908775
-905.019457469741 -214.96347059803193
-901.5285042065319 -239.52742661234643
-897.2755462148502 -264.0916529178544
-892.3203754429862 -288.45968359476313
-886.6977069059411 -312.57233064848714
-880.4303061823159 -336.4109832802396
-873.5347843200465 -359.9689890212842
-866.0244169164919 -383.2424113516367
-857.910643877696 -406.22699640805865
-849.203870659958 -428.91735350761775
-839.9139535723 -451.30684385442396
-830.0504890233503 -473.38772966676265
-819.6230127783247 -495.1513697483029
-808.6410875930989 -516.5884536907703
-797.1143949302156 -537.6891664235467
-785.0527737011053 -558.4433475077457
-772.4662535918288 -578.8406128869938
-759.3650744352507 -598.8704558110992
-745.7596892443729 -618.5223322103884
-731.6607911587504 -637.7857183266761
-717.0792712279738 -656.6501814568404
-702.0262483390005 -675.1054099150825
-686.5130828725382 -693.1412483806794
-670.5513092155508 -710.7477409554378
-654.1526791938286 -727.9151430839388
-637.3291525266669 -744.6339454584827
-620.092846990644 -760.8948917143141
-602.456090770023 -776.6889906377006
-584.4313586287291 -792.0075270902691
-566.0312929955917 -806.8420711799166
-547.2686933473565 -821.1844868760483
-528.1565059677869 -835.0269387288439
-508.7077777929237 -848.361883157319
-488.93574284675964 -861.1821036851541
-468.85369644297094 -873.4806725585028
-448.47507719152395 -885.2509860431554
-427.81342071530304 -896.486751498107
-406.8823537609085 -907.1819871838461
-385.69559348159606 -917.331025876328
-364.26694021952073 -926.9285149837986
-342.61027063217443 -935.969416288231
-320.7395288550283 -944.4490028363253
-298.6687141094451 -952.3628490981206
-276.4119064506622 -959.7068670777361
-253.98321915314503 -966.4772570626503
-231.39681559502577 -972.670529377677
-208.66691028703477 -978.2835161390266
-185.80774636014274 -983.3133405350676
-162.83360407576203 -987.7574361310899
-139.75879757777972 -991.6135537831859
-116.59765780315972 -994.879725799002
-93.36454139903577 -997.5542956383794
-70.07382491445716 -999.6359198974467
-46.7398958279211 -1001.123545877121
-23.377154811784134 -1002.0164694777754
0 -1002.3141706242488
23.377154811783733 -1002.0164694777754
46.73989582792077 -1001.123545877121
70.07382491445716 -999.6359198974467
93.36454139903535 -997.5542956383794
116.59765780315935 -994.8797257990021
139.75879757777972 -991.6135537831859
162.8336040757617 -987.75743613109
185.80774636014223 -983.3133405350676
208.66691028703477 -978.2835161390266
231.3968155950254 -972.670529377677
253.98321915314477 -966.4772570626503
276.4119064506622 -959.7068670777361
298.66871410944486 -952.3628490981207
320.73952885502797 -944.4490028363253
342.61027063217443 -935.969416288231
364.2669402195205 -926.9285149837988
385.6955934815958 -917.3310258763282
406.8823537609085 -907.1819871838461
427.81342071530287 -896.486751498107
448.4750771915239 -885.2509860431554
468.85369644297094 -873.4806725585028
488.93574284675964 -861.1821036851541
508.7077777929237 -848.361883157319
528.1565059677869 -835.0269387288439
547.2686933473562 -821.1844868760483
566.0312929955917 -806.8420711799165
584.4313586287291 -792.0075270902691
602.4560907700226 -776.6889906377008
620.0928469906436 -760.8948917143148
637.3291525266669 -744.6339454584827
654.152679193828 -727.9151430839391
670.5513092155508 -710.747740955438
686.5130828725381 -693.1412483806795
702.0262483390003 -675.1054099150828
717.0792712279739 -656.6501814568404
731.6607911587504 -637.7857183266761
745.7596892443729 -618.5223322103884
759.3650744352506 -598.8704558110996
772.4662535918288 -578.8406128869938
785.0527737011049 -558.443347507746
797.1143949302156 -537.6891664235467
808.6410875930989 -516.5884536907703
819.6230127783247 -495.1513697483029
830.0504890233503 -473.38772966676277
839.9139535723 -451.3068438544237
849.203870659958 -428.9173535076178
857.9106438776955 -406.2269964080597
866.0244169164919 -383.2424113516367
873.5347843200465 -359.9689890212842
880.4303061823156 -336.410983280241
886.697706905941 -312.57233064848896
892.3203754429862 -288.4596835947628
897.27554621485 -264.0916529178563
901.5285042065319 -239.52742661234643
905.019457469741 -214.96347059803193
907.660415186248 -190.96175638908775
909.6156951593927 -167.15317896383658
910.9463691040278 -143.30749163037203
911.6519985698079 -119.44062258643768
911.7612229385103 -100
911.1885665827845 -71.71506367083217
910.020749193794 -47.88484236744616
908.2304317407801 -24.09972569518637
905.8193085514973 -0.37566447267549086
745.923822729295 37.10776483923218
633.1300208347694 63.22531526267252
550.2888366696674 82.282500272759
487.393540852438 96.75102439058648
437.3246207585485 108.10603663927161
397.1999178092027 117.25391408650606
364.1681220919493 124.79795702872455
335.427353076852 131.03920679852007
312.27577096727015 136.49448109258157
290.61885355251167 140.9901019724269
271.7748539106604 144.8900217605446
255.69494521004114 148.42025648342923
241.0324070153667 151.48793112655386
227.76605462430135 154.20683966528762
215.8692198217742 156.6889887298536
205.30982007921102 159.0443499501289
194.8347739709107 160.92827592168004
185.6569466856547 162.83234411920915
177.73102772725395 164.8606113098923
168.69971456283972 166.0151770552385
160.90397299495876 167.36819571715546
154.28835821249766 169.01804369933524
147.70846784721257 170.41838602451207
141.1732694072946 171.57268783424988
134.69160197601462 172.48469423668755
128.27216738742192 173.15842580884404
122.90496672014335 174.3524626833227
117.56215353901537 175.36994877336562
112.25001598924909 176.21342411255168
106.97474618795594 176.88561604956664
101.74243433129446 177.38943607255266
97.39710891816014 178.60666896487757
92.23807677812147 178.80566798954902
87.91558464261081 179.76804008783606
82.8506636498365 179.67259712865632
78.56930300151278 180.38768878903673
74.29889235854967 180.99181502605913
70.04330170130837 181.48636323967105
65.80634628704462 181.8728267654448
61.591783450699786 182.15280321853865
57.4033094734451 182.32799273351128
53.755507623767414 183.46400847018612
49.59502706792017 183.44858955147242
45.471001681479095 183.33312120468617
41.791820589733106 184.22098600122055
37.715050224121704 183.92232110529199
34.01743301566608 184.65057017878198
30.000122337979718 184.1738274056762
26.295138856079927 184.7439523476396
22.57217450389936 185.2390404441128
18.64767547380631 184.50893637078752
14.93346543578149 184.84819460639594
11.209043554093563 185.11236161373733
7.476956714197469 185.30121289971046
3.73975700793796 185.41458793359666
