0 265.02839032550804
-4.213856507868477 264.98917562127747
-8.424830789942998 264.8715673713103
-12.630042580109867 264.67567311953263
-16.826615530316843 264.4016719579206
-21.011679166350852 264.04981430497446
-25.405411624406952 264.7645869271066
-29.59566764535067 264.2514758011548
-33.765680778447134 263.6606838388722
-38.24544038166915 264.11417020868936
-42.40260885060505 263.36013684895113
-46.93571785816391 263.6305578228337
-51.06771222161183 262.71206430126693
-55.640715173913634 262.7946003606172
-60.24602988298082 262.77487088387466
-64.33421760613165 261.60158410198864
-68.958327358632 261.3871001287297
-73.60347730899758 261.0659105785309
-78.26567607315181 260.63642537287217
-82.94087487560523 260.0971619640154
-87.62497088064316 259.44674681063975
-92.31381058861457 258.68391673550275
-97.77972507282222 258.73030012117624
-102.4964503106404 257.7176794229668
-108.0426849761808 257.4673783605779
-112.76791696874771 256.1979286898534
-118.37257908977709 255.6411185947389
-124.01238765010464 254.9153071199609
-129.68100261690762 254.01772860870258
-135.3719875612682 252.94580316040987
-141.07881571843228 251.69713941255222
-147.82910075985245 250.96874294535266
-154.6326148585254 250.00218353596176
-161.48043560278018 248.7935905227455
-168.36350965361797 247.33936830451472
-175.2726617159109 245.6362004217658
-183.3520929821045 244.23056929141478
-192.65705383656302 243.0242442895859
-200.8463909322811 240.94521475829654
-210.2772262685062 238.9915223506903
-220.99469694233073 237.0592486156331
-231.7857716193015 234.65695109181584
-243.90337294667498 232.1294084971917
-257.37943215069237 229.36677642632054
-272.24047372384064 226.25717100474714
-288.5075463241604 222.68691617539383
-307.5272421141413 218.74899967712136
-329.3482675121118 214.21751267091696
-352.65225696854816 208.72860415698545
-381.5336282417968 202.45604722002236
-414.6941247666981 194.88311283883536
-454.9355388681087 185.70884161008945
-505.10910047046843 174.33000816467577
-568.0968964365032 159.8403031254717
-651.0183759958073 140.76463771027042
-763.8802134994463 114.63135999909372
-928.0853188822871 76.64821223575275
NaN NaN
NaN NaN
NaN NaN
-1096.3517481880726 -223.48361432281672
-1084.8115085175011 -241.47390986413234
-1074.4862461638263 -263.09628989596865
-1065.9945339623366 -284.8415853704075
-1058.494041838458 -306.8608059422904
-1052.365541411039 -329.4698941517551
-1047.3722841292877 -352.6358982534737
-1042.320994114411 -376.2599903274669
-1038.330773409192 -399.9369827828537
-1034.0774269469562 -423.9356125411445
-1030.7006349880915 -448.08122840392986
-1028.1255054185083 -472.490655071035
-1025.050787067689 -497.30515327549267
-1022.6441725373833 -522.5087345038093
-1019.6193382304481 -548.1378211328536
-1017.1442268153188 -574.2707869499836
-1015.1536762077757 -601.0080775589021
-1012.383160340552 -628.2321742444788
-1011.1633593051037 -656.4142209797633
-1009.0401581457809 -685.1693270477118
-1007.1329598452062 -714.7933363473006
-1005.3610071742188 -745.3635151594384
-1003.6393765376432 -776.9514694377095
-1001.8791066622446 -809.6228667100763
-1001.0753772794345 -843.9542748891844
-985.0621329940674 -871.7883055416137
-964.0646241203365 -896.9694827776619
-942.4517368218673 -921.5570349308539
-920.2402100139246 -945.5386456090487
-897.447002347735 -968.9023191763301
-874.0892741720147 -991.636412233593
-850.193569752455 -1013.7306177779611
-825.8104361814264 -1035.1806020917584
-800.9512655106413 -1055.981213899639
-775.624434061566 -1076.1258715027743
-749.8395280708309 -1095.607087333868
-723.6072796152212 -1114.416724991924
-696.9393635903134 -1132.546167883283
-669.8484166145095 -1149.9865147301261
-642.3478487103145 -1166.7286764161895
-614.4519098538665 -1182.7635518894303
-586.1754620155891 -1198.0820386944029
-557.5340507386987 -1212.6751817358145
-528.5437856733814 -1226.534199625584
-499.22136140146904 -1239.6505965862025
-469.5839052117624 -1252.0161191096206
-439.6490646557366 -1263.6229134476246
-409.4348395722422 -1274.4634304535618
-378.95967527568587 -1284.5305951490686
-348.24234315803295 -1293.8177417559752
-317.3019312072241 -1302.3186567777057
-286.1578267266421 -1310.0276211809166
-254.82967315537508 -1316.9394083468624
-223.33734135796064 -1323.0492922888714
-191.700915784002 -1328.35309284597
-159.94065536505252 -1332.8471629979886
-128.07696480250084 -1336.5283785022743
-96.13038399425368 -1339.3942043724817
-64.12154796912824 -1341.442650402019
-32.071166775506605 -1342.672293234158
0 -1343.082268873407
32.07116677550609 -1342.672293234158
64.12154796912779 -1341.442650402019
96.13038399425368 -1339.3942043724817
128.07696480250027 -1336.5283785022743
159.940655365052 -1332.8471629979886
191.700915784002 -1328.35309284597
223.33734135796024 -1323.0492922888714
254.8296731553744 -1316.9394083468624
286.1578267266421 -1310.0276211809166
317.3019312072236 -1302.3186567777057
348.2423431580326 -1293.8177417559752
378.95967527568587 -1284.5305951490686
409.43483957224186 -1274.4634304535623
439.6490646557361 -1263.6229134476248
469.5839052117624 -1252.0161191096206
499.2213614014686 -1239.6505965862027
528.5437856733811 -1226.5341996255845
557.5340507386987 -1212.6751817358145
586.175462015589 -1198.0820386944029
614.4519098538665 -1182.7635518894303
642.3478487103145 -1166.7286764161895
669.8484166145095 -1149.9865147301261
696.9393635903134 -1132.546167883283
723.6072796152212 -1114.416724991924
749.8395280708306 -1095.607087333868
775.6244340615659 -1076.125871502774
800.9512655106413 -1055.981213899639
825.8104361814256 -1035.1806020917588
850.1935697524542 -1013.7306177779623
874.0892741720147 -991.636412233593
897.4470023477343 -968.902319176331
920.2402100139242 -945.5386456090491
942.451736821867 -921.557034930854
964.0646241203362 -896.9694827776622
985.0621329940677 -871.7883055416136
1001.0753772794345 -843.9542748891844
1001.8791066622446 -809.6228667100763
1003.6393765376431 -776.95146943771
1005.3610071742188 -745.3635151594384
1007.1329598452056 -714.7933363473011
1009.0401581457809 -685.1693270477118
1011.1633593051037 -656.4142209797633
1012.383160340552 -628.2321742444788
1015.1536762077757 -601.0080775589022
1017.1442268153191 -574.2707869499832
1019.6193382304481 -548.1378211328536
1022.6441725373828 -522.5087345038104
1025.050787067689 -497.30515327549267
1028.1255054185083 -472.490655071035
1030.7006349880908 -448.0812284039312
1034.0774269469557 -423.93561254114627
1038.330773409192 -399.9369827828533
1042.32099411441 -376.25999032746944
1047.3722841292877 -352.6358982534737
1052.365541411039 -329.4698941517551
1058.494041838458 -306.8608059422904
1065.9945339623366 -284.8415853704075
1074.4862461638263 -263.09628989596865
1084.8115085175011 -241.47390986413234
1096.3517481880726 -223.48361432281672
NaN NaN
NaN NaN
NaN NaN
928.0853188822873 76.64821223575095
763.8802134994463 114.63135999909372
651.0183759958073 140.76463771027042
568.0968964365032 159.8403031254717
505.1091004704685 174.3300081646753
454.93553886810884 185.7088416100893
414.6941247666981 194.88311283883516
381.5336282417968 202.45604722002236
352.65225696854816 208.72860415698545
329.3482675121118 214.21751267091696
307.5272421141413 218.7489996771213
288.5075463241604 222.68691617539386
272.2404737238407 226.25717100474702
257.37943215069237 229.36677642632054
243.90337294667498 232.1294084971917
231.7857716193015 234.65695109181584
220.99469694233085 237.0592486156329
210.27722626850624 238.99152235069022
200.8463909322811 240.94521475829646
192.65705383656302 243.0242442895859
183.3520929821045 244.23056929141478
175.2726617159109 245.6362004217658
168.36350965361805 247.3393683045146
161.4804356027802 248.7935905227455
154.6326148585254 250.00218353596173
147.82910075985245 250.96874294535266
141.07881571843228 251.69713941255222
135.3719875612682 252.94580316040987
129.68100261690773 254.01772860870253
124.01238765010469 254.91530711996015
118.37257908977712 255.64111859473888
112.76791696874771 256.1979286898534
108.0426849761808 257.4673783605779
102.4964503106404 257.7176794229668
97.77972507282229 258.7303001211761
92.3138105886146 258.68391673550275
87.62497088064318 259.44674681063975
82.94087487560523 260.0971619640154
78.26567607315181 260.63642537287217
73.60347730899758 261.0659105785309
68.95832735863208 261.3871001287297
64.33421760613169 261.60158410198864
60.24602988298085 262.7748708838746
55.640715173913634 262.7946003606172
51.06771222161183 262.71206430126693
46.93571785816391 263.6305578228337
42.4026088506051 263.3601368489511
38.24544038166919 264.11417020868936
33.76568077844719 263.6606838388722
29.59566764535067 264.2514758011548
25.405411624406952 264.7645869271066
21.011679166350852 264.04981430497446
16.826615530316886 264.4016719579206
12.63004258010991 264.67567311953263
8.424830789943043 264.8715673713103
4.213856507868477 264.98917562127747
