0 82.2093903255111
-3.1246537774246597 82.17342028707972
-6.247171814199934 82.06553748612437
-9.365419817753347 81.88582384113319
-12.47726639071636 81.634415801186
-15.580584476151536 81.31150422341463
-18.896293584620118 82.06149953298716
-22.01298728034504 81.58979476355395
-25.114634878579558 81.04648349881336
-28.531957941670615 81.5533994503254
-31.633347006141044 80.8586032654596
-35.11805732336383 81.19391221541993
-38.20975223070344 80.34578554920854
-41.75126793040279 80.5039806999534
-45.33461452021892 80.56500163173887
-48.411053663364704 79.47734186320231
-52.0343277770462 79.35313352040292
-55.69024095252981 79.12662750794946
-59.37547977921839 78.79598090306304
-63.08666504116292 78.359446800519
-66.82035458936514 77.81537644204522
-70.5730462853011 77.16222125942855
-75.11771279134499 77.32131478595782
-78.92872146222406 76.42413591429795
-83.58539170495231 76.29169686097306
-87.43782108184003 75.14221073717535
-92.18704056964482 74.70714076466868
-96.98935275684589 74.10451555552676
-101.83899158881809 73.33123441803863
-106.73008192196232 72.3843787022766
-111.65664519934381 71.26121548678924
-117.64682984698364 70.65840690346015
-123.7109289727226 69.81717832470379
-129.84052692296316 68.73331467120062
-136.0270625927681 67.40287686244571
-142.2618380595855 65.82220685471103
-149.6895166999143 64.53744833502702
-158.36579557681415 63.450035762962244
-165.94995221050578 61.48762833315205
-174.7995233606682 59.64794327024872
-184.9600444938701 57.82674435393653
-195.21886598101682 55.5322789412704
-206.8292752491528 53.10902406872557
-219.82355112858565 50.446843043666895
-234.2285483020511 47.4335699708572
-250.0656279776304 43.95525788610613
-268.6816770135008 40.10463555383692
-290.1256784672816 35.65554788103767
-313.07952518288414 30.243911087752462
-341.6378748889143 24.04327966846319
-374.50269240314185 16.536720877668344
-414.47597269398955 7.423087086616994
-447.6730566192184 -3.7301807027750224
-450.066689575888 -15.470827287603726
-452.15271660624205 -27.271534822153175
-453.9295959275892 -39.124258987908014
-455.39599553007787 -51.02091507779069
-456.5507944058235 -62.95338532755732
-457.3930836572863 -74.91353181111819
-457.9221676063332 -86.89325145308328
-458.14117648479805 -100
-458.03900133870724 -110.8772907964516
-457.62643418736394 -122.8662133618154
-456.9000213059056 -134.84162183271664
-455.86014128588226 -146.79539400224846
-454.5073881142086 -158.7193363125929
-452.84257130294964 -170.60525687427378
-450.8667156883833 -182.44498020328467
-448.5810610574816 -194.23035511399345
-445.98207737192973 -205.96325890658082
-443.04579682312914 -217.6771376817575
-439.7791597999334 -229.33825587471148
-436.19170251761454 -240.9185866028918
-432.29102394755364 -252.39972465241797
-428.08353525350236 -263.76834743205893
-423.57492508339794 -275.0139187521375
-418.77044391112804 -286.12749292501184
-413.6751050167022 -297.1010502607363
-408.29377829575554 -307.9271619593692
-402.6312887954038 -318.5987683795085
-396.6924636852234 -329.10906879978114
-390.482173943008 -339.4514515006215
-384.00536227797755 -349.61945568466166
-377.26705479484394 -359.6067544024897
-370.2723961877837 -369.40713575882364
-363.026616238734 -379.0145156910971
-355.5350675423605 -388.4229239451405
-347.8032470773402 -397.6265054867135
-339.8367367302086 -406.61953731004104
-331.6412538835573 -415.3964201395497
-323.2226491416973 -423.95168661751603
-314.5868634182082 -432.28000690393185
-305.7399868570107 -440.3761916419955
-296.6882012953359 -448.23519591621636
-287.4378073297028 -455.8521232968726
-277.9952193778368 -463.2222308291602
-268.3669607726269 -470.34093334856254
-258.55962233471047 -477.20379325694387
-248.57995406582438 -483.8065553751309
-238.4347428698482 -490.1451083305521
-228.1308991568106 -496.21552071716616
-217.67541391467327 -502.0140291173969
-207.0753561035351 -507.53703929695837
-196.33787496132032 -512.7811315320299
-185.47019542850074 -517.7430626240467
-174.47961360110295 -522.4197676919421
-163.3734898820785 -526.8083591793537
-152.15923821953427 -530.9061190811254
-140.84435375436954 -534.7105378241451
-129.43636579037567 -538.2192665262927
-117.94285591033565 -541.4301412301119
-106.37145980023585 -544.3411969603161
-94.72984492474275 -546.9506385064225
-83.02571950739724 -549.2568619107152
-71.26682938744062 -551.2584632440457
-59.46094062165724 -552.9542037070734
-47.615848386512965 -554.343041232138
-35.73937077875679 -555.4241337117718
-23.839339282081006 -556.1968171565543
-11.923598118663726 -556.6606170776882
0 -556.8152486979643
11.923598118663516 -556.6606170776882
23.839339282080843 -556.1968171565543
35.73937077875679 -555.4241337117718
47.615848386512745 -554.343041232138
59.46094062165702 -552.9542037070735
71.26682938744062 -551.2584632440457
83.02571950739707 -549.2568619107152
94.7298449247425 -546.9506385064225
106.37145980023585 -544.3411969603161
117.94285591033541 -541.4301412301119
129.43636579037548 -538.2192665262927
140.84435375436954 -534.7105378241451
152.1592382195341 -530.9061190811256
163.37348988207836 -526.8083591793537
174.47961360110295 -522.4197676919421
185.47019542850057 -517.7430626240467
196.3378749613202 -512.7811315320299
207.0753561035351 -507.53703929695837
217.67541391467324 -502.01402911739694
228.13089915681056 -496.2155207171662
238.4347428698482 -490.1451083305521
248.57995406582438 -483.8065553751309
258.55962233471047 -477.20379325694387
268.3669607726269 -470.34093334856254
277.9952193778366 -463.2222308291602
287.4378073297027 -455.8521232968727
296.6882012953359 -448.23519591621636
305.73998685701065 -440.37619164199555
314.5868634182082 -432.280006903932
323.2226491416973 -423.95168661751603
331.6412538835571 -415.39642013955
339.8367367302086 -406.6195373100411
347.8032470773401 -397.62650548671365
355.53506754236037 -388.42292394514055
363.02661623873405 -379.0145156910971
370.2723961877837 -369.40713575882364
377.26705479484394 -359.6067544024897
384.00536227797744 -349.6194556846619
390.4821739430079 -339.4514515006215
396.692463685223 -329.1090687997815
402.6312887954038 -318.5987683795085
408.29377829575554 -307.9271619593692
413.6751050167022 -297.1010502607363
418.77044391112804 -286.1274929250119
423.5749250833979 -275.01391875213784
428.08353525350236 -263.768347432059
432.29102394755347 -252.39972465241829
436.19170251761454 -240.9185866028918
439.7791597999334 -229.33825587471148
443.045796823129 -217.67713768175804
445.98207737192973 -205.96325890658127
448.5810610574816 -194.23035511399365
450.86671568838324 -182.4449802032851
452.84257130294964 -170.60525687427378
454.5073881142086 -158.7193363125929
455.86014128588226 -146.79539400224846
456.9000213059056 -134.84162183271664
457.62643418736394 -122.8662133618154
458.03900133870724 -110.8772907964516
458.14117648479805 -100
457.9221676063332 -86.89325145308328
457.39308365728635 -74.9135318111183
456.5507944058235 -62.95338532755732
455.395995530078 -51.02091507779168
453.9295959275892 -39.124258987908014
452.15271660624205 -27.271534822153175
450.066689575888 -15.470827287603726
447.67305661921847 -3.730180702775467
414.47597269398966 7.423087086616856
374.50269240314185 16.53672087766813
341.6378748889143 24.04327966846319
313.07952518288414 30.243911087752462
290.1256784672816 35.65554788103767
268.6816770135008 40.10463555383685
250.0656279776304 43.955257886106146
234.22854830205117 47.43356997085707
219.82355112858565 50.446843043666895
206.8292752491528 53.10902406872557
195.21886598101682 55.5322789412704
184.9600444938702 57.82674435393634
174.79952336066822 59.64794327024863
165.94995221050578 61.48762833315199
158.36579557681415 63.450035762962244
149.6895166999143 64.53744833502702
142.2618380595855 65.82220685471103
136.02706259276817 67.40287686244558
129.8405269229632 68.73331467120062
123.71092897272261 69.81717832470376
117.64682984698364 70.65840690346015
111.65664519934381 71.26121548678924
106.73008192196232 72.3843787022766
101.8389915888182 73.33123441803858
96.98935275684593 74.10451555552602
92.18704056964485 74.70714076466867
87.43782108184003 75.14221073717535
83.58539170495231 76.29169686097306
78.92872146222406 76.42413591429795
75.11771279134506 77.32131478595772
70.57304628530113 77.16222125942855
66.82035458936515 77.81537644204522
63.08666504116292 78.359446800519
59.37547977921839 78.79598090306304
55.69024095252981 79.12662750794946
52.034327777046265 79.3531335204029
48.411053663364754 79.47734186320231
45.33461452021895 80.56500163173881
41.75126793040279 80.5039806999534
38.20975223070344 80.34578554920854
35.11805732336383 81.19391221541993
31.63334700614109 80.85860326545958
28.53195794167066 81.55339945032539
25.11463487857961 81.04648349881334
22.01298728034504 81.58979476355395
18.896293584620118 82.06149953298716
15.580584476151536 81.31150422341463
12.477266390716405 81.63441580118598
9.36541981775339 81.88582384113317
6.247171814199978 82.06553748612437
3.1246537774246597 82.17342028707972
