-500 1020.7222016569671 0.9972978191260946
-508.8076819493514 1020.66810226776 0.9972978462725114
-517.6093330082946 1020.5058761585236 0.9972979276738163
-526.3989264048142 1020.2357393778019 0.9972980632162488
-535.1704436009168 1019.8580515845798 0.9972982527104595
-543.917878402579 1019.3733154158634 0.997298495891888
-552.6352410616311 1018.7821756020587 0.9972987924212907
-561.3165623661871 1018.0854178310894 0.9972991418854165
-569.9558977174524 1017.2839673621644 0.9972995437978311
-578.547331189799 1016.3788873909117 0.9972999975998884
-587.0849795714565 1015.3713771670158 0.9973005026618447
-595.5629963831191 1014.2627698667848 0.9973010582841157
-603.9755758717948 1013.0545302225524 0.9973016636986751
-617.0763304458726 1022.5210186247574 0.9972969163317907
-625.6910989986197 1020.9839571774805 0.9972976877761408
-634.2198181266986 1019.3429030869419 0.9972985111482839
-642.656647956164 1017.5999130955415 0.9972993853647653
-650.9958113213853 1015.757166318083 0.9973003092790654
-659.2315977106801 1013.8169604230311 0.99730128168385
-667.3583671671669 1011.7817075937859 0.9973023013133389
-675.3705541418847 1009.6539302752567 0.9973033668457875
-683.2626712967652 1007.4362567120974 0.9973044769060784
-691.0293132551272 1005.1314162852225 0.997305630068415
-706.7409167530197 1011.7538461534214 0.9973023152685572
-714.5459003957784 1009.0587033868223 0.9973036648366911
-722.2040149974932 1006.2768391733672 0.9973050570556047
-729.7100147522724 1003.411490073441 0.9973064902338371
-737.0587576348237 1000.4659731939662 0.9973079626413461
-744.2452089182489 997.443680399303 0.9973094725127924
-761.0791372318387 1001.8909736767456 0.9973072504208179
-768.1942802610146 998.4537666673701 0.9973089679988232
-775.1258399205946 994.9430464104337 0.9973107210747669
-781.8690654076661 991.3626273920765 0.9973125076683599
-799.2614687882846 994.1293494621104 0.9973111272155074
-805.8537290506749 990.1214000669389 0.9973131267254345
-812.2366399488062 986.0489245160808 0.9973151567608984
-829.9411775653784 987.4111064795367 0.9973144779312839
-836.1087702429219 982.9034777449815 0.9973167235455178
-854.0041962650113 983.1907702110112 0.9973165804832193
-859.9078940993292 978.24172902081 0.9973190437789446
-877.9133239530322 977.4264307774174 0.9973194493415235
-883.5041468497591 972.0324079365863 0.997322130857938
-901.5373626714554 970.0912296299637 0.9973230951525678
-919.6356394963354 967.4052652229324 0.9973244287986935
-937.7694361462238 963.9659576469209 0.9973261354365281
-955.9089829097481 959.7656542086717 0.9973282180768216
-974.0243112546714 954.7976136989824 0.9973306790937007
-992.0852836983369 949.0560129354377 0.9973335202189548
NaN NaN NaN
NaN NaN NaN
NaN NaN NaN
NaN NaN NaN
NaN NaN NaN
NaN NaN NaN
NaN NaN NaN
NaN NaN NaN
NaN NaN NaN
NaN NaN NaN
NaN NaN NaN
NaN NaN NaN
-1437.5854556119582 -1253.4737825404757 0.996907266813294
-1424.9365438985212 -1258.5520513440017 0.9969102296065239
-1411.9713955920345 -1264.2189737334045 0.9969135322402226
-1399.7178719103395 -1269.9602092493478 0.9969168743201821
-1387.8881194554183 -1275.8054455349943 0.9969202729513674
-1376.2997449791449 -1281.7668965278174 0.996923735012704
-1364.829714196948 -1287.847629722921 0.9969272620429973
-1353.39133213559 -1294.0454783326013 0.9969308525375823
-1341.9164836427874 -1300.3575053163331 0.9969345045484683
-1342.661125243909 -1305.3322137118334 0.996937379526472
-1330.6849508623236 -1312.1217429939072 0.9969412986529427
-1318.547213790598 -1319.0067715645353 0.9969452674058742
-1306.2398984434112 -1325.9688256874258 0.9969492749363599
-1305.426735388806 -1332.4373340472655 0.9969529933099422
-1292.5718905328254 -1339.7428447554225 0.9969571869756958
-1279.5177544423495 -1347.0858966029036 0.996961395944664
-1277.4266278948187 -1354.6247637032754 0.9969657106472161
-1263.770925967 -1362.2437258644954 0.9969700645037025
-1260.7316772191334 -1370.5404188784375 0.996974798016173
-1246.4457614123821 -1378.390005095689 0.9969792691259596
-1242.4214870171502 -1387.4069381911431 0.9969843963918879
-1227.4803710477331 -1395.4393753390561 0.9969889559704058
-1222.437957199033 -1405.1315179652686 0.9969944478104904
-1216.7878284790595 -1415.283436446754 0.9970001886279721
-1210.517898811031 -1425.8823932083826 0.9970061696639201
-1194.0092461874253 -1434.3597336987089 0.9970109442331175
-1186.647649194251 -1445.5248044603459 0.9970172200824565
-1178.63470161217 -1457.089727460377 0.997023705746903
-1169.9571806636216 -1469.0363579470375 0.997030389547994
-1169.4239968404647 -1485.0291481150389 0.9970393117923886
-1159.1693421053722 -1497.9567292126594 0.997046502898302
-1148.2089527089051 -1511.19975345016 0.9970538499839969
-1144.7180604398666 -1529.2964778215428 0.9970638580535095
-1132.080756862027 -1543.364357551154 0.9970716127527224
-1126.4331950504409 -1562.8136488440027 0.9970822975642649
-1119.5573239591843 -1583.0381252087248 0.9970933637115171
-1111.4234171502778 -1603.9905147197403 0.9971047804688031
-1102.003472890987 -1625.620289386878 0.9971165156428722
-1091.2707729602528 -1647.8737792034574 0.9971285357092557
-1085.7006851185238 -1677.366358421535 0.9971443827227634
-1078.233646034501 -1707.949809301298 0.9971607162826044
-1074.8341044100614 -1746.8815487761742 0.9971813626439288
-1063.355890145998 -1779.7627279048875 0.9971986739912349
-1060.9822860650818 -1829.5752823287776 0.9972246809438685
-1050.3759635347399 -1873.1043278640661 0.9972471936566107
-1047.186443081812 -1935.402029388096 0.9972790702849936
-1040.2687782396663 -2000.1908980838707 0.9973117981391163
-1033.9364656422454 -2076.7393203345027 0.9973499175051188
-1027.204741776697 -2165.8717033872886 0.9973935659683559
-1022.9093512783733 -2278.6593800246637 0.997447682569414
-1019.0653268412143 -2416.9771722061187 0.9975123856945994
-964.8689912361655 -2417.3932611049395 0.9975125776180173
-911.0856193890233 -2416.5026367652936 0.9975121667926675
-860.2675297706098 -2425.2861041884216 0.9975162151814267
-807.0621730790864 -2421.88379613731 0.9975146478762995
-756.180826255783 -2428.2954187027685 0.9975176005521831
-703.695347760675 -2422.4382895861313 0.9975149033824495
-652.8835896342019 -2426.4935097985453 0.9975167711250169
-601.975791500817 -2429.392883617135 0.9975181055724183
-551.0039207804064 -2431.133622718292 0.9975189063782346
-500 -2431.714054850051 0.9975191733363177
-448.9960792195946 -2431.133622718292 0.9975189063782346
-398.0242084991843 -2429.392883617135 0.9975181055724183
-347.11641036579823 -2426.4935097985453 0.9975167711250169
-296.3046522393263 -2422.4382895861313 0.9975149033824495
-243.8191737442175 -2428.2954187027685 0.9975176005521831
-192.93782692091415 -2421.88379613731 0.9975146478762995
-139.73247022939097 -2425.2861041884216 0.9975162151814267
-88.91438061097736 -2416.5026367652936 0.9975121667926675
-35.13100876383342 -2417.3932611049395 0.9975125776180173
19.06532684121374 -2416.9771722061187 0.9975123856945994
73.6334714471653 -2415.2302843916736 0.9975115797562563
128.53575430534758 -2412.1372888520227 0.9975101520837845
183.7299232253873 -2407.678663897631 0.9975080924890131
239.17741730495695 -2401.842116127999 0.9975053935760139
300.1320584324165 -2404.8460387217447 0.9975067830356071
356.29106357380437 -2396.072987975369 0.9975027227071945
418.5377882181903 -2395.846742957085 0.9975026179015694
481.51759323493656 -2393.8922335297816 0.9975017122960015
545.1735308428091 -2390.1728300762584 0.9974999879527541
609.4472062420787 -2384.654266538444 0.9974974271149145
674.2788395775681 -2377.3047301716965 0.9974940121915328
739.6073291880973 -2368.0949568057713 0.9974897257487635
813.2454817624239 -2366.0120357514234 0.9974887552015849
887.8584095608888 -2361.6406786998773 0.9974867170169843
963.3639469598296 -2354.9302677270457 0.9974835847199875
1039.6763728731512 -2345.8337077254523 0.9974793318210106
1044.4572120706353 -2268.915953284987 0.9974430561384756
1045.8535026061659 -2194.071534997772 0.9974072124702291
1053.4283543483664 -2128.8535025059696 0.9973755335111362
1058.2729313530506 -2065.279620907418 0.997344248338165
1060.4867843425943 -2003.4614288517084 0.9973134388887653
1070.2250384867357 -1949.8588805656009 0.9972864103365249
1067.6767164826551 -1891.4919977416241 0.9972566441326454
1073.2223885676653 -1840.800530662657 0.9972305054989428
1087.481843600501 -1796.7899313580563 0.9972075933376459
1089.5523136404638 -1748.5740731888586 0.9971822565424656
1089.9547517427568 -1701.8553127841758 0.9971574694846987
1099.8194548703736 -1660.8941705412037 0.9971355435167902
1108.5096421217809 -1620.78493786205 0.997113896693632
1116.13033020337 -1581.5413791087435 0.9970925462942883
1122.5239062733924 -1543.2740175737922 0.9970715630246407
1127.4500736633997 -1506.162649046241 0.9970510577742753
1130.9697925077662 -1470.2890671969967 0.9970310894673151
1145.1363963827741 -1437.7130198307293 0.9970128305949469
1146.1966038353469 -1404.1498846681561 0.9969938920798717
1158.3444984089076 -1373.2509590066545 0.9969763427381538
1169.6499688799256 -1343.0988920899517 0.9969591114073167
1180.1793778764206 -1313.7575348325895 0.9969422420774178
1190.015579980061 -1285.2859710216294 0.9969257767239869
1199.2555877440388 -1257.7421533157537 0.9969097572952859
1208.0179303194705 -1231.1806569972482 0.9968942243193321
1216.453219366169 -1205.6496379565929 0.9968792149967276
1237.9064278553349 -1179.7757828749584 0.9968639247398244
1246.4443397096825 -1156.069459483324 0.9968498448818353
1268.8489710959955 -1131.39963040181 0.9968351208119985
1278.8978566135913 -1109.8116247430771 0.9968221756149973
1303.4512611895468 -1087.4947054357285 0.9968087336891258
1328.0291723921987 -1068.2296878955865 0.99679708101687
1357.1121493311853 -1049.9227229014862 0.99678596561736
1382.802713791325 -1037.4073475718196 0.9967783429276487
NaN NaN NaN
NaN NaN NaN
859.9961470364618 749.04035200485 0.9974304555292891
601.1974047129979 808.9324260595577 0.9974018411559797
442.1107772492772 846.620657780644 0.9973836558856551
325.7570945902048 873.3119929287392 0.9973706924138268
237.8454583254429 892.8735267078903 0.9973611470528645
178.15980382084643 907.5637074048 0.9973539537856719
132.50949691934926 919.4153950790532 0.99734813477559
86.95974908561836 928.9592606070175 0.9973434386871146
55.26599441493081 937.1903277908125 0.9973393812519591
23.622024132512834 943.8852800964015 0.9973360760284027
-7.914716301663544 949.0560129354377 0.9973335202189548
-25.97568874533018 954.7976136989823 0.9973306790937007
-44.09101709024358 959.7656542086715 0.9973282180768216
-62.230563853768466 963.9659576469207 0.9973261354365281
-80.36436050367462 967.4052652229324 0.9973244287986935
-98.46263732852833 970.0912296299637 0.9973230951525678
-116.49585315022443 972.0324079365863 0.997322130857938
-122.0866760469788 977.4264307774173 0.9973194493415235
-140.09210590065453 978.2417290208099 0.9973190437789446
-145.99580373498867 983.1907702110111 0.9973165804832193
-163.89122975706152 982.9034777449815 0.9973167235455178
-170.05882243463805 987.4111064795367 0.9973144779312839
-187.76336005119379 986.0489245160808 0.9973151567608984
-194.14627094933877 990.1214000669388 0.9973131267254345
-200.7385312117321 994.1293494621104 0.9973111272155074
-218.1309345923487 991.3626273920764 0.9973125076683599
-224.87416007940556 994.9430464104337 0.9973107210747669
-231.8057197389698 998.4537666673701 0.9973089679988232
-238.92086276816133 1001.8909736767456 0.9973072504208179
-255.75479108175105 997.443680399303 0.9973094725127924
-262.94124236519286 1000.4659731939662 0.9973079626413461
-270.28998524772777 1003.4114900734409 0.9973064902338371
-277.79598500250665 1006.2768391733672 0.9973050570556047
-285.454099604205 1009.0587033868223 0.9973036648366911
-293.2590832469803 1011.7538461534214 0.9973023152685572
-308.9706867448894 1005.1314162852225 0.997305630068415
-316.73732870323477 1007.4362567120974 0.9973044769060784
-324.6294458581319 1009.6539302752567 0.9973033668457875
-332.64163283281624 1011.7817075937859 0.9973023013133389
-340.7684022893201 1013.8169604230311 0.99730128168385
-349.0041886786147 1015.757166318083 0.9973003092790654
-357.34335204381915 1017.5999130955415 0.9972993853647653
-365.7801818732846 1019.3429030869419 0.9972985111482839
-374.30890100136355 1020.9839571774805 0.9972976877761408
-382.92366955411063 1022.5210186247574 0.9972969163317907
-396.0244241282051 1013.0545302225524 0.9973016636986751
-404.4370036168977 1014.2627698667848 0.9973010582841157
-412.9150204285602 1015.3713771670158 0.9973005026618447
-421.4526688102008 1016.3788873909117 0.9972999975998884
-430.0441022825306 1017.2839673621644 0.9972995437978311
-438.68343763379613 1018.0854178310894 0.9972991418854165
-447.3647589383689 1018.7821756020587 0.9972987924212907
-456.0821215974209 1019.3733154158634 0.997298495891888
-464.8295563990993 1019.8580515845798 0.9972982527104595
-473.60107359518565 1020.2357393778019 0.9972980632162488
-482.39066699169757 1020.5058761585236 0.9972979276738163
-491.1923180506486 1020.66810226776 0.9972978462725114
500 1020.7222016569671 0.9972978191260946
491.1923180506486 1020.66810226776 0.9972978462725114
482.39066699169757 1020.5058761585236 0.9972979276738163
473.6010735951858 1020.2357393778019 0.9972980632162488
464.8295563990994 1019.8580515845798 0.9972982527104595
456.0821215974209 1019.3733154158634 0.997298495891888
447.3647589383689 1018.7821756020587 0.9972987924212907
438.68343763379613 1018.0854178310894 0.9972991418854165
430.0441022825306 1017.2839673621644 0.9972995437978311
421.4526688102008 1016.3788873909117 0.9972999975998884
412.91502042856024 1015.3713771670158 0.9973005026618447
404.4370036168977 1014.2627698667848 0.9973010582841157
396.0244241282051 1013.0545302225524 0.9973016636986751
382.92366955411063 1022.5210186247574 0.9972969163317907
374.3089010013636 1020.9839571774805 0.9972976877761408
365.7801818732846 1019.3429030869419 0.9972985111482839
357.3433520438192 1017.5999130955415 0.9972993853647653
349.0041886786147 1015.757166318083 0.9973003092790654
340.7684022893201 1013.8169604230311 0.99730128168385
332.64163283281624 1011.7817075937859 0.9973023013133389
324.6294458581319 1009.6539302752567 0.9973033668457875
316.7373287032348 1007.4362567120974 0.9973044769060784
308.97068674488946 1005.1314162852225 0.997305630068415
293.2590832469803 1011.7538461534214 0.9973023152685572
285.454099604205 1009.0587033868223 0.9973036648366911
277.79598500250665 1006.2768391733672 0.9973050570556047
270.2899852477278 1003.411490073441 0.9973064902338371
262.9412423651929 1000.4659731939662 0.9973079626413461
255.75479108175116 997.443680399303 0.9973094725127924
238.92086276816133 1001.8909736767456 0.9973072504208179
231.8057197389698 998.4537666673701 0.9973089679988232
224.87416007940556 994.9430464104337 0.9973107210747669
218.13093459234886 991.3626273920765 0.9973125076683599
200.7385312117321 994.1293494621104 0.9973111272155074
194.14627094933888 990.1214000669389 0.9973131267254345
187.76336005119379 986.0489245160808 0.9973151567608984
170.05882243463805 987.4111064795367 0.9973144779312839
163.89122975706152 982.9034777449815 0.9973167235455178
145.99580373498878 983.1907702110112 0.9973165804832193
140.09210590065453 978.24172902081 0.9973190437789446
122.08667604697891 977.4264307774174 0.9973194493415235
116.49585315022443 972.0324079365863 0.997322130857938
98.46263732852833 970.0912296299637 0.9973230951525678
80.36436050367462 967.4052652229324 0.9973244287986935
62.23056385376852 963.9659576469209 0.9973261354365281
44.091017090243696 959.7656542086717 0.9973282180768216
25.97568874533024 954.7976136989824 0.9973306790937007
7.914716301663544 949.0560129354377 0.9973335202189548
-23.622024132512834 943.8852800964015 0.9973360760284027
-55.26599441493081 937.1903277908125 0.9973393812519591
-86.95974908561831 928.9592606070178 0.9973434386871146
-132.50949691934926 919.4153950790534 0.99734813477559
-178.15980382084638 907.5637074048005 0.9973539537856719
-237.8454583254429 892.8735267078903 0.9973611470528645
-325.7570945902048 873.3119929287392 0.9973706924138268
-442.1107772492772 846.620657780644 0.9973836558856551
-601.1974047129977 808.9324260595587 0.9974018411559797
-859.9961470364618 749.04035200485 0.9974304555292891
NaN NaN NaN
NaN NaN NaN
-1382.802713791325 -1037.4073475718196 0.9967783429276487
-1357.1121493311853 -1049.9227229014862 0.99678596561736
-1328.0291723921987 -1068.2296878955865 0.99679708101687
-1303.4512611895468 -1087.4947054357285 0.9968087336891258
-1278.8978566135913 -1109.8116247430771 0.9968221756149973
-1268.8489710959955 -1131.39963040181 0.9968351208119985
-1246.4443397096825 -1156.069459483324 0.9968498448818353
-1237.9064278553365 -1179.7757828749568 0.9968639247398244
-1216.4532193661694 -1205.6496379565917 0.9968792149967276
-1208.0179303194705 -1231.1806569972478 0.9968942243193321
-1199.255587744039 -1257.7421533157535 0.9969097572952859
-1190.015579980061 -1285.2859710216294 0.9969257767239869
-1180.1793778764206 -1313.7575348325895 0.9969422420774178
-1169.649968879926 -1343.0988920899513 0.9969591114073167
-1158.3444984089076 -1373.2509590066545 0.9969763427381538
-1146.1966038353478 -1404.149884668155 0.9969938920798717
-1145.1363963827744 -1437.7130198307289 0.9970128305949469
-1130.9697925077662 -1470.2890671969967 0.9970310894673151
-1127.4500736633997 -1506.162649046241 0.9970510577742753
-1122.523906273392 -1543.2740175737931 0.9970715630246407
-1116.1303302033696 -1581.5413791087435 0.9970925462942883
-1108.5096421217822 -1620.7849378620488 0.997113896693632
-1099.8194548703752 -1660.8941705412024 0.9971355435167902
-1089.9547517427568 -1701.8553127841758 0.9971574694846987
-1089.5523136404638 -1748.5740731888586 0.9971822565424656
-1087.4818436005014 -1796.7899313580558 0.9972075933376459
-1073.2223885676656 -1840.8005306626565 0.9972305054989428
-1067.6767164826551 -1891.4919977416241 0.9972566441326454
-1070.2250384867357 -1949.8588805656009 0.9972864103365249
-1060.4867843425948 -2003.4614288517084 0.9973134388887653
-1058.2729313530506 -2065.279620907418 0.997344248338165
-1053.4283543483684 -2128.8535025059678 0.9973755335111362
-1045.8535026061672 -2194.07153499777 0.9974072124702291
-1044.4572120706353 -2268.915953284987 0.9974430561384756
-1039.6763728731519 -2345.8337077254523 0.9974793318210106
-963.3639469598301 -2354.9302677270457 0.9974835847199875
-887.8584095608888 -2361.6406786998773 0.9974867170169843
-813.2454817624258 -2366.012035751422 0.9974887552015849
-739.6073291880978 -2368.094956805771 0.9974897257487635
-674.2788395775681 -2377.3047301716965 0.9974940121915328
-609.4472062420789 -2384.6542665384436 0.9974974271149145
-545.1735308428104 -2390.1728300762584 0.9974999879527541
-481.51759323493656 -2393.8922335297816 0.9975017122960015
-418.53778821819134 -2395.846742957084 0.9975026179015694
-356.2910635738052 -2396.0729879753685 0.9975027227071945
-300.1320584324165 -2404.8460387217447 0.9975067830356071
-239.1774173049576 -2401.842116127999 0.9975053935760139
-183.72992322538786 -2407.678663897631 0.9975080924890131
-128.53575430534758 -2412.1372888520227 0.9975101520837845
-73.63347144716624 -2415.230284391673 0.9975115797562563
-19.06532684121448 -2416.9771722061187 0.9975123856945994
35.13100876383342 -2417.3932611049395 0.9975125776180173
88.91438061097675 -2416.5026367652936 0.9975121667926675
139.73247022938978 -2425.2861041884216 0.9975162151814267
192.93782692091415 -2421.88379613731 0.9975146478762995
243.8191737442167 -2428.2954187027685 0.9975176005521831
296.30465223932543 -2422.4382895861313 0.9975149033824495
347.11641036579823 -2426.4935097985453 0.9975167711250169
398.0242084991835 -2429.392883617135 0.9975181055724183
448.9960792195936 -2431.133622718292 0.9975189063782346
500 -2431.714054850051 0.9975191733363177
551.003920780406 -2431.133622718292 0.9975189063782346
601.9757915008162 -2429.392883617135 0.9975181055724183
652.8835896342019 -2426.4935097985453 0.9975167711250169
703.6953477606737 -2422.4382895861313 0.9975149033824495
756.1808262557821 -2428.2954187027685 0.9975176005521831
807.0621730790864 -2421.88379613731 0.9975146478762995
860.2675297706089 -2425.2861041884216 0.9975162151814267
911.0856193890227 -2416.5026367652936 0.9975121667926675
964.8689912361655 -2417.3932611049395 0.9975125776180173
1019.0653268412137 -2416.9771722061187 0.9975123856945994
1022.9093512783721 -2278.659380024664 0.997447682569414
1027.204741776697 -2165.8717033872886 0.9973935659683559
1033.9364656422445 -2076.7393203345027 0.9973499175051188
1040.268778239666 -2000.1908980838707 0.9973117981391163
1047.186443081812 -1935.402029388096 0.9972790702849936
1050.3759635347394 -1873.1043278640664 0.9972471936566107
1060.9822860650809 -1829.575282328778 0.9972246809438685
1063.355890145998 -1779.7627279048875 0.9971986739912349
1074.8341044100607 -1746.8815487761742 0.9971813626439288
1078.2336460345007 -1707.9498093012983 0.9971607162826044
1085.7006851185238 -1677.366358421535 0.9971443827227634
1091.2707729602525 -1647.8737792034576 0.9971285357092557
1102.0034728909864 -1625.6202893868783 0.9971165156428722
1111.4234171502778 -1603.9905147197403 0.9971047804688031
1119.557323959184 -1583.0381252087248 0.9970933637115171
1126.4331950504406 -1562.813648844003 0.9970822975642649
1132.080756862027 -1543.364357551154 0.9970716127527224
1144.718060439866 -1529.296477821543 0.9970638580535095
1148.2089527089042 -1511.19975345016 0.9970538499839969
1159.1693421053722 -1497.9567292126594 0.997046502898302
1169.423996840465 -1485.0291481150389 0.9970393117923886
1169.9571806636213 -1469.0363579470375 0.997030389547994
1178.6347016121697 -1457.089727460377 0.997023705746903
1186.6476491942506 -1445.5248044603459 0.9970172200824565
1194.0092461874244 -1434.359733698709 0.9970109442331175
1210.517898811031 -1425.8823932083826 0.9970061696639201
1216.7878284790595 -1415.283436446754 0.9970001886279721
1222.4379571990326 -1405.131517965269 0.9969944478104904
1227.4803710477327 -1395.4393753390564 0.9969889559704058
1242.4214870171502 -1387.4069381911431 0.9969843963918879
1246.4457614123821 -1378.390005095689 0.9969792691259596
1260.7316772191334 -1370.5404188784375 0.996974798016173
1263.770925967 -1362.2437258644954 0.9969700645037025
1277.4266278948187 -1354.6247637032757 0.9969657106472161
1279.5177544423495 -1347.085896602904 0.996961395944664
1292.5718905328254 -1339.7428447554225 0.9969571869756958
1305.4267353888065 -1332.4373340472657 0.9969529933099422
1306.2398984434112 -1325.9688256874258 0.9969492749363599
1318.547213790598 -1319.0067715645353 0.9969452674058742
1330.6849508623236 -1312.1217429939074 0.9969412986529427
1342.6611252439088 -1305.3322137118337 0.996937379526472
1341.9164836427874 -1300.3575053163336 0.9969345045484683
1353.3913321355894 -1294.0454783326015 0.9969308525375823
1364.829714196948 -1287.847629722921 0.9969272620429973
1376.2997449791449 -1281.7668965278174 0.996923735012704
1387.8881194554183 -1275.8054455349943 0.9969202729513674
1399.7178719103395 -1269.9602092493478 0.9969168743201821
1411.9713955920345 -1264.2189737334045 0.9969135322402226
1424.9365438985212 -1258.5520513440017 0.9969102296065239
1437.5854556119582 -1253.4737825404757 0.996907266813294
NaN NaN NaN
NaN NaN NaN
NaN NaN NaN
NaN NaN NaN
NaN NaN NaN
NaN NaN NaN
NaN NaN NaN
NaN NaN NaN
NaN NaN NaN
NaN NaN NaN
NaN NaN NaN
NaN NaN NaN
992.0852836983369 949.0560129354377 0.9973335202189548
974.0243112546714 954.7976136989823 0.9973306790937007
955.9089829097481 959.7656542086715 0.9973282180768216
937.7694361462239 963.9659576469207 0.9973261354365281
919.6356394963354 967.4052652229324 0.9973244287986935
901.5373626714554 970.0912296299637 0.9973230951525678
883.5041468497591 972.0324079365863 0.997322130857938
877.9133239530322 977.4264307774173 0.9973194493415235
859.9078940993292 978.2417290208099 0.9973190437789446
854.0041962650113 983.1907702110111 0.9973165804832193
836.1087702429219 982.9034777449815 0.9973167235455178
829.9411775653784 987.4111064795367 0.9973144779312839
812.2366399488062 986.0489245160808 0.9973151567608984
805.8537290506749 990.1214000669388 0.9973131267254345
799.2614687882848 994.1293494621104 0.9973111272155074
781.8690654076661 991.3626273920764 0.9973125076683599
775.1258399205946 994.9430464104337 0.9973107210747669
768.1942802610146 998.4537666673701 0.9973089679988232
761.0791372318387 1001.8909736767456 0.9973072504208179
744.2452089182489 997.443680399303 0.9973094725127924
737.0587576348237 1000.4659731939662 0.9973079626413461
729.7100147522724 1003.4114900734409 0.9973064902338371
722.2040149974932 1006.2768391733672 0.9973050570556047
714.5459003957784 1009.0587033868223 0.9973036648366911
706.7409167530197 1011.7538461534214 0.9973023152685572
691.0293132551275 1005.1314162852225 0.997305630068415
683.2626712967652 1007.4362567120974 0.9973044769060784
675.3705541418849 1009.6539302752567 0.9973033668457875
667.3583671671669 1011.7817075937859 0.9973023013133389
659.2315977106801 1013.8169604230311 0.99730128168385
650.9958113213853 1015.757166318083 0.9973003092790654
642.656647956164 1017.5999130955415 0.9972993853647653
634.2198181266986 1019.3429030869419 0.9972985111482839
625.6910989986197 1020.9839571774805 0.9972976877761408
617.0763304458726 1022.5210186247574 0.9972969163317907
603.9755758717948 1013.0545302225524 0.9973016636986751
595.5629963831191 1014.2627698667848 0.9973010582841157
587.0849795714566 1015.3713771670158 0.9973005026618447
578.5473311897991 1016.3788873909117 0.9972999975998884
569.9558977174524 1017.2839673621644 0.9972995437978311
561.3165623661871 1018.0854178310894 0.9972991418854165
552.6352410616311 1018.7821756020587 0.9972987924212907
543.917878402579 1019.3733154158634 0.997298495891888
535.1704436009168 1019.8580515845798 0.9972982527104595
526.3989264048143 1020.2357393778019 0.9972980632162488
517.6093330082946 1020.5058761585236 0.9972979276738163
508.8076819493514 1020.66810226776 0.9972978462725114
