-500 471.92220165697444 0.997558418072731
-505.5380302256932 471.87784235273733 0.9975584379855419
-511.07227041695137 471.74481083712755 0.9975584977020721
-516.5989331219463 471.5232462343901 0.9975585971566506
-522.1142360523918 471.21338019475036 0.9975587362399453
-527.6144046608971 470.8155365593799 0.9975589147991412
-533.0956747133097 470.33013089175574 0.9975591326381908
-538.5542948539796 469.7576698758085 0.9975593895181354
-543.9865291625097 469.098750581507 0.9975596851574946
-549.3886597001224 468.35405959844314 0.997560019232728
-554.7569890439735 467.5243720383379 0.9975603913787637
-560.0878428077297 466.6105504073885 0.9975608011895967
-565.3775721467392 465.613543349599 0.9975612482189518
-575.3819297148968 475.30715097547784 0.997556898046383
-580.9288765212902 474.01249225550913 0.9975574795418546
-586.4204516943801 472.6284798560636 0.9975581010015894
-591.8528968669758 471.1564861287064 0.9975587617758824
-597.2224939286153 469.59796760714437 0.9975594611758757
-602.5255675600448 467.95446295269676 0.9975601984746539
-607.7584877391974 466.2275907802763 0.9975609729084011
-612.9176722168474 464.41904736766685 0.9975617836776122
-617.99958896036 462.530604251095 0.9975626299483623
-623.0007585640091 460.564105710456 0.9975635108536263
-635.9935130804799 467.5330776471101 0.9975603874742964
-641.1281344783946 465.19174203717284 0.9975614373153359
-646.1662037047031 462.76999353680185 0.9975625226884413
-651.1042706017724 460.27009321021046 0.9975636425281549
-655.9389530772035 457.69436624632067 0.997564795740726
-660.6669394155442 455.04519877629997 0.9975659812057711
-675.0996831551244 459.86793590374884 0.9975638226229943
-679.8725676333569 456.807465952115 0.9975651926870437
-684.5224000320487 453.6737449713376 0.9975665946617086
-689.0459933301852 450.4695535871854 0.9975680272422464
-704.2823808188617 453.6106977501731 0.9975666228588405
-708.7837191118954 449.9743338243327 0.9975682485698423
-713.1422349767315 446.2695817256908 0.9975699036221191
-728.8902919152856 447.9946082990116 0.9975691331425612
-733.1706591442568 443.8439399539832 0.9975709865739083
-749.2494083572248 444.4813175276675 0.9975707020620015
-753.4082230814471 439.8745122690145 0.9975727576148637
-769.7417593797738 439.39264687739103 0.9975729725118461
-773.7348241082188 434.32232268165615 0.997575232445602
-790.2455121723269 432.69420320306494 0.9975759576344446
-806.8975351147842 430.3097803969476 0.9975770192599062
-823.6623429476242 427.1596506033484 0.9975784210166979
-840.5111041959915 423.23534789936497 0.9975801660151268
-857.4147349675704 418.5293536666089 0.9975822567728295
-874.3439282167066 413.03510549866 0.997584695207901
-904.8295835000872 408.09633279663115 0.9975868847954188
-935.503883036703 401.6172919887515 0.9975897539302873
-966.3100459304815 393.5854761082114 0.9975933054539169
NaN NaN NaN
NaN NaN NaN
NaN NaN NaN
NaN NaN NaN
NaN NaN NaN
NaN NaN NaN
NaN NaN NaN
NaN NaN NaN
NaN NaN NaN
-1293.8780141918023 -685.053042752968 0.9971957275635384
-1282.1919502812036 -691.7682100362942 0.9971861955927287
-1270.374239820982 -699.2155719914846 0.9971756179158597
-1259.3571520649066 -706.7133851716296 0.997164962668853
-1248.855672426804 -714.3014806010352 0.9971541740165493
-1238.6869219232722 -721.9964580179204 0.9971432291505318
-1228.7256864147396 -729.8028655101929 0.997132122477114
-1218.8821719625678 -737.7184469089889 0.9971208581907248
-1209.0850339597184 -745.7400236760756 0.9971094419182553
-1211.3658215175085 -751.9856858791971 0.9971005531137423
-1201.2670561160414 -760.5484343212664 0.9970883678199192
-1191.0766667812625 -769.1936591894312 0.9970760680021141
-1180.781336583759 -777.8985882375332 0.9970636878015392
-1181.9633695330563 -785.9313707849459 0.9970522690801614
-1171.2699427819884 -795.0038386060395 0.9970393806197222
-1160.4277861633605 -804.0879379397505 0.9970264863049876
-1160.6172596632027 -813.3871488538988 0.9970132998930537
-1149.2926457419621 -822.7543346857508 0.9970000329388602
-1148.7038534728135 -832.9493244579925 0.9969856144171662
-1136.8482840237414 -842.5433964937534 0.9969720683725565
-1135.4182599336148 -853.5818655060846 0.9969565136478665
-1122.988091509663 -863.3445538202214 0.9969427872416164
-1120.6582257288314 -875.1656595489881 0.9969262095091688
-1117.781191103419 -887.5267366702911 0.9969089302131863
-1114.3368754108483 -900.4090532384469 0.9968909895760741
-1100.4636040599778 -910.6096229342971 0.9968768371690494
-1095.9946624155732 -924.1284774854937 0.9968581606134117
-1090.9062489468477 -938.1043660124508 0.9968389568124392
-1085.1780898613426 -952.5125486458523 0.9968192803649221
-1087.8929510851654 -971.8602340107981 0.9967930717543155
-1080.6236256567431 -987.3791709834276 0.9967722437125592
-1072.6523536112759 -1003.2411607161009 0.9967574348047163
-1072.442847131341 -1024.9704237817334 0.9967707488519507
-1062.7864472986212 -1041.7321844121839 0.9967809792242319
-1060.399660709154 -1064.9531221812001 0.9967950946190103
-1056.7608802111897 -1089.017284879345 0.9968096527017334
-1051.8318281704646 -1113.8607938996552 0.9968246080045885
-1045.5770141178984 -1139.4171129842293 0.9968399140803725
-1037.9632675182067 -1165.6172526662501 0.9968555237190331
-1035.7186016994635 -1200.2698436894452 0.9968760423805603
-1031.4979632904913 -1236.032201948291 0.9968970677091437
-1031.4918625507705 -1281.3646360873297 0.9969235015348895
-1023.0741764211941 -1319.4112300203174 0.9969455003767702
-1024.0763296674106 -1376.8097652979282 0.9969783695955108
-1016.5053017361886 -1426.631500714048 0.9970065919030071
-1016.5675024175908 -1497.5371662497987 0.9970462698072702
-1012.7132013914734 -1570.7477510613176 0.9970866442369486
-1009.3949179120984 -1656.6373916025746 0.9971332544738621
-1005.5845527063676 -1755.895468947483 0.9971861197770567
-1004.1791044629116 -1880.482049921336 0.9972509897144306
-1003.1138558461728 -2031.9279072679478 0.9973276741102158
-950.4839597202135 -2032.3172771893812 0.9973278682545325
-898.2684297058964 -2031.287827587811 0.9973273549258989
-849.0794721717563 -2040.8138575622875 0.9973321009416225
-797.4426449166717 -2037.059628618902 0.997330231618479
-748.1785511827728 -2044.011423098128 0.9973336919691915
-697.2692201865711 -2037.5946888936346 0.9973304981249375
-648.069301216467 -2041.991554705838 0.9973326870535961
-598.7687878709155 -2045.1345847806103 0.9973342505817877
-549.4011745051945 -2047.0213673625656 0.9973351887011227
-500 -2047.650455634388 0.9973355014079043
-450.5988254948059 -2047.0213673625656 0.9973351887011227
-401.23121212908524 -2045.1345847806103 0.9973342505817877
-351.93069878353333 -2041.991554705838 0.9973326870535961
-302.7307798134298 -2037.5946888936346 0.9973304981249375
-251.8214488172275 -2044.0114230981283 0.9973336919691915
-202.55735508332893 -2037.059628618902 0.997330231618479
-150.9205278282453 -2040.8138575622875 0.9973321009416225
-101.73157029410446 -2031.287827587811 0.9973273549258989
-49.51604027978638 -2032.3172771893812 0.9973278682545325
3.1138558461719517 -2031.9279072679478 0.9973276741102158
56.1149425114923 -2030.0933586471292 0.9973267591774029
109.44752031548126 -2026.796506608014 0.9973251141056204
163.06719146125528 -2022.0152754240005 0.9973227264042598
216.93322117785354 -2015.7350979005917 0.9973195866322698
276.4129763623817 -2019.1069233654748 0.9973212728708325
330.9762354063433 -2009.6318762759734 0.9973165315048896
391.7410149244376 -2009.4892969812227 0.9973164600879902
446.80587568809824 -1996.7266490583406 0.9973100590211346
495.1325852935342 -1971.8298446564013 0.9972975244371204
542.787641168423 -1945.722441085762 0.9972843123701846
589.7414764859668 -1918.424827135398 0.9972704231425039
635.9652649153512 -1889.9580377925977 0.9972558570864051
681.4305522866068 -1860.3435833507792 0.9972406144810689
726.1117659286137 -1829.6044410887687 0.9972246960909067
769.9836500081658 -1797.7635680253866 0.9972081024286183
813.0203798809223 -1764.8438730692517 0.9971908337579929
855.2016202652438 -1730.8697700667535 0.9971728909337044
896.504914237576 -1695.8647481568546 0.9971542741503683
936.9088163650406 -1659.8524934567595 0.9971349835469593
976.3962662135474 -1622.8568289107873 0.9971150191963285
1004.8667105640341 -1577.3471525435248 0.9970902543835285
1011.3540532534074 -1517.0806693579975 0.9970571063416535
1005.1741329457013 -1451.042831935384 0.9970203165131007
1007.1797216672235 -1393.3489351355336 0.9969877700547193
1018.0112287677184 -1342.986062558927 0.9969590467296154
1016.2571525120135 -1287.4370106685744 0.996927024006814
1012.6864002333818 -1233.2350822717106 0.9968954287163893
1018.6955896407649 -1185.4027434407749 0.9968672568355941
1023.3802524186531 -1138.2335676740527 0.9968392069850032
1026.8384868202024 -1091.7353190950748 0.9968112925735768
1028.9132634747975 -1046.032394821431 0.9967835982203428
1029.373447535797 -1001.3376031601366 0.996756265654424
1028.284950583775 -957.7512987887851 0.9968121588060008
1037.9170755704768 -917.8317055840809 0.9968668479537242
1034.0841348975657 -876.2928555256308 0.9969246313760056
1041.3729725713154 -837.6786479139802 0.9969789340863888
1047.6429215853177 -799.6014990370168 0.9970328530619758
1052.9596163735214 -762.1338582240652 0.9970861119282308
1057.4064875733034 -725.345087695471 0.9971384651875793
1061.0833107168294 -689.3065029149766 0.9971896905790085
1064.1137084868737 -654.0889074258919 0.9972395915783856
1066.655585678957 -619.7588577359463 0.997288001250718
1081.7443307908684 -584.4176911504765 0.9973375182158448
1083.9810765928974 -551.5147333397265 0.9973832665009119
1099.3716833033413 -516.6444431537302 0.997431320639505
1102.7443035083727 -485.5666817969852 0.997473732583971
1119.8738740425497 -452.77712262994095 0.9975180167132044
1137.4809033467732 -423.87874391094675 0.9975566231400448
1159.4189876750347 -395.8195970557867 0.9975937086608713
1179.8847875825536 -376.26035715204864 0.9976193177406457
NaN NaN NaN
NaN NaN NaN
735.475425971152 214.55365429817994 0.9976709863350269
476.97588770641033 274.37611030546856 0.9976453429390805
318.27359952415947 311.9751739195339 0.9976290657950025
202.38912796236826 338.55804501427025 0.9976174825586341
115.03125303684668 357.9921277236556 0.9976089747236307
55.98353059308491 372.53623310074147 0.9976025856366432
11.054889267252927 384.22363665962973 0.9975974377922242
-33.68995406952011 393.5854761082112 0.9975933054539169
-64.496116963295 401.6172919887515 0.9975897539302873
-95.17041649991246 408.09633279663115 0.9975868847954188
-125.65607178329375 413.03510549866 0.997584695207901
-142.5852650324295 418.52935366660876 0.9975822567728295
-159.48889580400458 423.23534789936485 0.9975801660151268
-176.3376570523726 427.1596506033483 0.9975784210166979
-193.10246488522034 430.3097803969476 0.9975770192599062
-209.7544878276659 432.69420320306494 0.9975759576344446
-226.26517589177377 434.32232268165615 0.997575232445602
-230.2582406202326 439.39264687739086 0.9975729725118461
-246.5917769185457 439.87451226901436 0.9975727576148637
-250.7505916427752 444.48131752766744 0.9975707020620015
-266.8293408557357 443.8439399539832 0.9975709865739083
-271.1097080847218 447.9946082990116 0.9975691331425612
-286.8577650232685 446.2695817256908 0.9975699036221191
-291.2162808881121 449.9743338243326 0.9975682485698423
-295.71761918114584 453.6106977501731 0.9975666228588405
-310.9540066698224 450.4695535871853 0.9975680272422464
-315.4775999679514 453.6737449713376 0.9975665946617086
-320.12743236663533 456.807465952115 0.9975651926870437
-324.90031684487565 459.86793590374884 0.9975638226229943
-339.3330605844557 455.0451987762999 0.9975659812057711
-344.061046922804 457.69436624632067 0.997564795740726
-348.89572939822773 460.2700932102104 0.9975636425281549
-353.8337962952968 462.76999353680185 0.9975625226884413
-358.8718655215979 465.19174203717284 0.9975614373153359
-364.0064869195201 467.5330776471101 0.9975603874742964
-376.9992414359985 460.564105710456 0.9975635108536263
-382.00041103963997 462.530604251095 0.9975626299483623
-387.08232778316 464.41904736766685 0.9975617836776122
-392.24151226079476 466.2275907802763 0.9975609729084011
-397.4744324399554 467.95446295269676 0.9975601984746539
-402.77750607138466 469.59796760714437 0.9975594611758757
-408.1471031330164 471.1564861287064 0.9975587617758824
-413.5795483056122 472.62847985606356 0.9975581010015894
-419.07112347870213 474.01249225550913 0.9975574795418546
-424.6180702850955 475.30715097547784 0.997556898046383
-434.6224278532607 465.613543349599 0.9975612482189518
-439.912157192278 466.6105504073885 0.9975608011895967
-445.24301095603414 467.5243720383379 0.9975603913787637
-450.61134029987744 468.35405959844314 0.997560019232728
-456.0134708374825 469.098750581507 0.9975596851574946
-461.4457051460127 469.7576698758085 0.9975593895181354
-466.90432528669027 470.33013089175574 0.9975591326381908
-472.38559533910285 470.8155365593799 0.9975589147991412
-477.8857639476152 471.21338019475036 0.9975587362399453
-483.4010668780536 471.5232462343901 0.9975585971566506
-488.92772958304863 471.74481083712755 0.9975584977020721
-494.4619697743068 471.87784235273733 0.9975584379855419
500 471.92220165697444 0.997558418072731
494.4619697743068 471.87784235273733 0.9975584379855419
488.92772958304863 471.74481083712755 0.9975584977020721
483.40106687805377 471.5232462343901 0.9975585971566506
477.88576394761526 471.21338019475036 0.9975587362399453
472.38559533910285 470.8155365593799 0.9975589147991412
466.90432528669027 470.33013089175574 0.9975591326381908
461.4457051460127 469.7576698758085 0.9975593895181354
456.0134708374825 469.098750581507 0.9975596851574946
450.61134029987744 468.35405959844314 0.997560019232728
445.2430109560342 467.5243720383379 0.9975603913787637
439.912157192278 466.6105504073885 0.9975608011895967
434.6224278532607 465.613543349599 0.9975612482189518
424.6180702850955 475.30715097547784 0.997556898046383
419.0711234787022 474.01249225550913 0.9975574795418546
413.5795483056122 472.6284798560636 0.9975581010015894
408.14710313301646 471.1564861287064 0.9975587617758824
402.77750607138466 469.59796760714437 0.9975594611758757
397.4744324399554 467.95446295269676 0.9975601984746539
392.24151226079476 466.2275907802763 0.9975609729084011
387.08232778316 464.41904736766685 0.9975617836776122
382.00041103964 462.530604251095 0.9975626299483623
376.99924143599856 460.564105710456 0.9975635108536263
364.0064869195201 467.5330776471101 0.9975603874742964
358.8718655215979 465.19174203717284 0.9975614373153359
353.8337962952968 462.76999353680185 0.9975625226884413
348.8957293982278 460.27009321021046 0.9975636425281549
344.06104692280405 457.69436624632067 0.997564795740726
339.33306058445584 455.04519877629997 0.9975659812057711
324.90031684487565 459.86793590374884 0.9975638226229943
320.12743236663533 456.807465952115 0.9975651926870437
315.4775999679514 453.6737449713376 0.9975665946617086
310.95400666982255 450.4695535871854 0.9975680272422464
295.71761918114584 453.6106977501731 0.9975666228588405
291.21628088811224 449.9743338243327 0.9975682485698423
286.8577650232685 446.2695817256908 0.9975699036221191
271.1097080847218 447.9946082990116 0.9975691331425612
266.8293408557357 443.8439399539832 0.9975709865739083
250.7505916427753 444.4813175276675 0.9975707020620015
246.5917769185457 439.8745122690145 0.9975727576148637
230.25824062023273 439.39264687739103 0.9975729725118461
226.26517589177377 434.32232268165615 0.997575232445602
209.7544878276659 432.69420320306494 0.9975759576344446
193.10246488522034 430.3097803969476 0.9975770192599062
176.33765705237266 427.1596506033484 0.9975784210166979
159.4888958040047 423.23534789936497 0.9975801660151268
142.58526503242956 418.5293536666089 0.9975822567728295
125.65607178329375 413.03510549866 0.997584695207901
95.17041649991246 408.09633279663115 0.9975868847954188
64.496116963295 401.6172919887515 0.9975897539302873
33.68995406952014 393.5854761082114 0.9975933054539169
-11.054889267252912 384.2236366596299 0.9975974377922242
-55.98353059308487 372.536233100742 0.9976025856366432
-115.03125303684668 357.9921277236556 0.9976089747236307
-202.38912796236826 338.55804501427025 0.9976174825586341
-318.27359952415947 311.9751739195339 0.9976290657950025
-476.97588770641016 274.3761103054695 0.9976453429390805
-735.475425971152 214.55365429817996 0.9976709863350269
NaN NaN NaN
NaN NaN NaN
-1179.8847875825536 -376.26035715204864 0.9976193177406457
-1159.4189876750347 -395.8195970557867 0.9975937086608713
-1137.4809033467732 -423.87874391094675 0.9975566231400448
-1119.8738740425497 -452.77712262994095 0.9975180167132044
-1102.7443035083727 -485.5666817969852 0.997473732583971
-1099.3716833033413 -516.6444431537302 0.997431320639505
-1083.9810765928974 -551.5147333397265 0.9973832665009119
-1081.7443307908695 -584.4176911504745 0.9973375182158448
-1066.6555856789573 -619.7588577359451 0.997288001250718
-1064.1137084868737 -654.0889074258911 0.9972395915783856
-1061.0833107168296 -689.3065029149761 0.9971896905790085
-1057.4064875733034 -725.345087695471 0.9971384651875793
-1052.9596163735214 -762.1338582240652 0.9970861119282308
-1047.6429215853182 -799.6014990370162 0.9970328530619758
-1041.3729725713154 -837.6786479139798 0.9969789340863888
-1034.0841348975666 -876.2928555256296 0.9969246313760056
-1037.917075570477 -917.8317055840805 0.9968668479537242
-1028.284950583775 -957.7512987887851 0.9968121588060008
-1029.373447535797 -1001.3376031601366 0.996756265654424
-1028.9132634747973 -1046.0323948214318 0.9967835982203428
-1026.838486820202 -1091.7353190950748 0.9968112925735768
-1023.3802524186541 -1138.233567674051 0.9968392069850032
-1018.6955896407661 -1185.4027434407733 0.9968672568355941
-1012.6864002333818 -1233.2350822717106 0.9968954287163893
-1016.2571525120135 -1287.4370106685744 0.996927024006814
-1018.0112287677189 -1342.9860625589265 0.9969590467296154
-1007.1797216672237 -1393.348935135533 0.9969877700547193
-1005.1741329457014 -1451.042831935384 0.9970203165131007
-1011.3540532534074 -1517.0806693579975 0.9970571063416535
-1004.8667105640345 -1577.3471525435248 0.9970902543835285
-976.3962662135474 -1622.8568289107873 0.9971150191963285
-936.9088163650424 -1659.8524934567577 0.9971349835469593
-896.5049142375773 -1695.8647481568532 0.9971542741503683
-855.2016202652438 -1730.8697700667535 0.9971728909337044
-813.0203798809227 -1764.8438730692515 0.9971908337579929
-769.9836500081663 -1797.7635680253866 0.9972081024286183
-726.1117659286137 -1829.6044410887687 0.9972246960909067
-681.4305522866084 -1860.343583350778 0.9972406144810689
-635.9652649153517 -1889.9580377925972 0.9972558570864051
-589.7414764859668 -1918.424827135398 0.9972704231425039
-542.7876411684232 -1945.7224410857618 0.9972843123701846
-495.1325852935354 -1971.8298446564008 0.9972975244371204
-446.80587568809824 -1996.7266490583406 0.9973100590211346
-391.7410149244386 -2009.489296981222 0.9973164600879902
-330.97623540634413 -2009.6318762759731 0.9973165315048896
-276.4129763623817 -2019.1069233654748 0.9973212728708325
-216.9332211778542 -2015.7350979005914 0.9973195866322698
-163.06719146125585 -2022.0152754240005 0.9973227264042598
-109.44752031548126 -2026.796506608014 0.9973251141056204
-56.11494251149322 -2030.093358647129 0.9973267591774029
-3.113855846172673 -2031.9279072679478 0.9973276741102158
49.51604027978638 -2032.3172771893812 0.9973278682545325
101.73157029410388 -2031.287827587811 0.9973273549258989
150.92052782824416 -2040.8138575622875 0.9973321009416225
202.55735508332893 -2037.059628618902 0.997330231618479
251.8214488172267 -2044.011423098128 0.9973336919691915
302.73077981342897 -2037.5946888936346 0.9973304981249375
351.93069878353333 -2041.991554705838 0.9973326870535961
401.2312121290845 -2045.1345847806103 0.9973342505817877
450.59882549480494 -2047.0213673625656 0.9973351887011227
500 -2047.650455634388 0.9973355014079043
549.4011745051943 -2047.0213673625656 0.9973351887011227
598.7687878709147 -2045.1345847806103 0.9973342505817877
648.069301216467 -2041.991554705838 0.9973326870535961
697.2692201865699 -2037.5946888936346 0.9973304981249375
748.1785511827719 -2044.0114230981283 0.9973336919691915
797.4426449166717 -2037.059628618902 0.997330231618479
849.0794721717554 -2040.8138575622875 0.9973321009416225
898.2684297058958 -2031.287827587811 0.9973273549258989
950.4839597202135 -2032.3172771893812 0.9973278682545325
1003.1138558461722 -2031.9279072679478 0.9973276741102158
1004.1791044629105 -1880.4820499213363 0.9972509897144306
1005.5845527063676 -1755.895468947483 0.9971861197770567
1009.394917912098 -1656.6373916025746 0.9971332544738621
1012.7132013914731 -1570.7477510613178 0.9970866442369486
1016.5675024175908 -1497.5371662497987 0.9970462698072702
1016.5053017361882 -1426.6315007140481 0.9970065919030071
1024.0763296674097 -1376.8097652979288 0.9969783695955108
1023.0741764211941 -1319.4112300203174 0.9969455003767702
1031.4918625507698 -1281.3646360873297 0.9969235015348895
1031.497963290491 -1236.0322019482912 0.9968970677091437
1035.7186016994635 -1200.2698436894452 0.9968760423805603
1037.9632675182067 -1165.6172526662506 0.9968555237190331
1045.577014117898 -1139.4171129842296 0.9968399140803725
1051.8318281704646 -1113.8607938996552 0.9968246080045885
1056.7608802111895 -1089.017284879345 0.9968096527017334
1060.3996607091537 -1064.9531221812003 0.9967950946190103
1062.7864472986212 -1041.7321844121839 0.9967809792242319
1072.4428471313404 -1024.9704237817334 0.9967707488519507
1072.6523536112754 -1003.2411607161011 0.9967574348047163
1080.6236256567431 -987.3791709834276 0.9967722437125592
1087.8929510851654 -971.8602340107983 0.9967930717543155
1085.1780898613424 -952.5125486458523 0.9968192803649221
1090.9062489468474 -938.1043660124508 0.9968389568124392
1095.994662415573 -924.1284774854938 0.9968581606134117
1100.463604059977 -910.6096229342975 0.9968768371690494
1114.3368754108483 -900.4090532384469 0.9968909895760741
1117.781191103419 -887.5267366702911 0.9969089302131863
1120.658225728831 -875.1656595489885 0.9969262095091688
1122.9880915096626 -863.3445538202217 0.9969427872416164
1135.4182599336148 -853.5818655060846 0.9969565136478665
1136.8482840237414 -842.5433964937536 0.9969720683725565
1148.7038534728135 -832.9493244579925 0.9969856144171662
1149.2926457419621 -822.7543346857508 0.9970000329388602
1160.6172596632027 -813.387148853899 0.9970132998930537
1160.4277861633602 -804.0879379397509 0.9970264863049876
1171.2699427819884 -795.0038386060395 0.9970393806197222
1181.9633695330565 -785.9313707849461 0.9970522690801614
1180.781336583759 -777.8985882375332 0.9970636878015392
1191.0766667812625 -769.1936591894312 0.9970760680021141
1201.2670561160412 -760.5484343212665 0.9970883678199192
1211.3658215175085 -751.9856858791973 0.9971005531137423
1209.0850339597184 -745.7400236760758 0.9971094419182553
1218.8821719625676 -737.7184469089892 0.9971208581907248
1228.7256864147396 -729.8028655101929 0.997132122477114
1238.6869219232722 -721.9964580179204 0.9971432291505318
1248.855672426804 -714.3014806010352 0.9971541740165493
1259.3571520649066 -706.7133851716296 0.997164962668853
1270.374239820982 -699.2155719914846 0.9971756179158597
1282.1919502812036 -691.7682100362942 0.9971861955927287
1293.8780141918023 -685.053042752968 0.9971957275635384
NaN NaN NaN
NaN NaN NaN
NaN NaN NaN
NaN NaN NaN
NaN NaN NaN
NaN NaN NaN
NaN NaN NaN
NaN NaN NaN
NaN NaN NaN
966.3100459304815 393.5854761082112 0.9975933054539169
935.503883036703 401.6172919887515 0.9975897539302873
904.8295835000872 408.09633279663115 0.9975868847954188
874.3439282167066 413.03510549866 0.997584695207901
857.4147349675704 418.52935366660876 0.9975822567728295
840.5111041959915 423.23534789936485 0.9975801660151268
823.6623429476243 427.1596506033483 0.9975784210166979
806.8975351147842 430.3097803969476 0.9975770192599062
790.2455121723269 432.69420320306494 0.9975759576344446
773.7348241082188 434.32232268165615 0.997575232445602
769.7417593797738 439.39264687739086 0.9975729725118461
753.4082230814471 439.87451226901436 0.9975727576148637
749.2494083572248 444.48131752766744 0.9975707020620015
733.1706591442568 443.8439399539832 0.9975709865739083
728.8902919152856 447.9946082990116 0.9975691331425612
713.1422349767315 446.2695817256908 0.9975699036221191
708.7837191118954 449.9743338243326 0.9975682485698423
704.282380818862 453.6106977501731 0.9975666228588405
689.0459933301852 450.4695535871853 0.9975680272422464
684.5224000320487 453.6737449713376 0.9975665946617086
679.8725676333569 456.807465952115 0.9975651926870437
675.0996831551244 459.86793590374884 0.9975638226229943
660.6669394155442 455.0451987762999 0.9975659812057711
655.9389530772035 457.69436624632067 0.997564795740726
651.1042706017724 460.2700932102104 0.9975636425281549
646.1662037047031 462.76999353680185 0.9975625226884413
641.1281344783946 465.19174203717284 0.9975614373153359
635.9935130804799 467.5330776471101 0.9975603874742964
623.0007585640093 460.564105710456 0.9975635108536263
617.99958896036 462.530604251095 0.9975626299483623
612.9176722168477 464.41904736766685 0.9975617836776122
607.7584877391974 466.2275907802763 0.9975609729084011
602.5255675600448 467.95446295269676 0.9975601984746539
597.2224939286153 469.59796760714437 0.9975594611758757
591.8528968669758 471.1564861287064 0.9975587617758824
586.4204516943801 472.62847985606356 0.9975581010015894
580.9288765212902 474.01249225550913 0.9975574795418546
575.3819297148968 475.30715097547784 0.997556898046383
565.3775721467392 465.613543349599 0.9975612482189518
560.0878428077297 466.6105504073885 0.9975608011895967
554.7569890439736 467.5243720383379 0.9975603913787637
549.3886597001225 468.35405959844314 0.997560019232728
543.9865291625097 469.098750581507 0.9975596851574946
538.5542948539796 469.7576698758085 0.9975593895181354
533.0956747133097 470.33013089175574 0.9975591326381908
527.6144046608971 470.8155365593799 0.9975589147991412
522.1142360523918 471.21338019475036 0.9975587362399453
516.5989331219464 471.5232462343901 0.9975585971566506
511.07227041695137 471.74481083712755 0.9975584977020721
505.5380302256932 471.87784235273733 0.9975584379855419
