0 286.29439032550914
-4.340555512160253 286.2547981929853
-8.678141965357764 286.13605865251367
-13.009792319821132 285.93828222883843
-17.332543572822054 285.6616529742779
-21.643438773841204 285.30642823566393
-26.16256982040467 286.01710365963083
-30.477705511448885 285.4991760344234
-34.771993809951255 284.9028609891213
-39.37533890189412 285.35013228564895
-43.655318483544576 284.589208297686
-48.310380059210075 284.8520813268839
-52.563384865957644 283.92540254259455
-57.25637320223947 283.9991377320282
-61.980566003977515 283.97001514960175
-66.18644305538452 282.78676800218517
-70.92697271333805 282.5617829236945
-75.68719335796777 282.2295795285798
-80.46303474148928 281.78859714984833
-85.25037020343905 281.2373839905382
-90.04502005523835 280.57459852330953
-94.8427550291501 279.7990107683652
-100.41583156710287 279.83228340594985
-105.23791220295149 278.80623420258706
-110.88762340547942 278.54222311287543
-115.71438215634298 277.2588189582718
-121.41855167560861 276.6878477231884
-127.1557800767126 275.94770688918214
-132.91966056013672 275.0356697715927
-138.7036914067416 273.9491958741142
-144.50128208275402 272.6859335652687
-151.33998405553325 271.94292837611795
-158.2295089015267 270.961790145902
-165.16087526159566 269.73868827658373
-172.12497253874497 268.2700671214151
-179.11256990857916 266.5526499548935
-187.26781480104594 265.13295859591017
-196.645905641637 263.91280137898747
-204.90563896370713 261.82020604977674
-214.40408852044985 259.85325199982236
-225.1863450695438 257.90805774175914
-236.03933287553724 255.49321689544368
-248.2159321535162 252.95354327123502
-261.74803369547607 250.17922646332715
-276.6621235852871 247.0584154026855
-292.97921412431987 243.4774655448794
-312.04586319526646 239.5293947533759
-333.9107450370264 234.9883228340928
-357.25546404305317 229.4904258648512
-386.17441005770434 223.20950235735194
-419.3693007639598 215.6288469881648
-459.64190491462915 206.44752224884246
-509.84343105804555 195.0623227939585
-572.8559468914335 180.56695733611045
-655.7988847026364 161.4863531919568
-768.6789041362971 135.34887249871173
-932.8989026662953 97.36226947122388
NaN NaN
NaN NaN
NaN NaN
-1118.2122266089264 -263.021092268773
-1105.1890438860707 -280.0524104519806
-1093.3131974107393 -300.596563017755
-1083.4670331665052 -321.3343498825079
-1074.7640385098969 -342.405314361586
-1067.5460929718872 -364.10881973091546
-1061.562700210446 -386.4114731376243
-1055.610986368535 -409.2157294787685
-1050.810144081648 -432.12665168836077
-1045.815110699374 -455.39961593420213
-1041.7608239673418 -478.8618035614345
-1038.5612772524755 -502.6231397464289
-1034.906127322847 -526.8184897642827
-1031.9587355670012 -551.4303028426791
-1028.428164293807 -576.4923264759494
-1025.4779146727085 -602.0796978331801
-1023.0389375595666 -628.2896624871265
-1019.8461003070154 -655.0061652449288
-1018.2229985282266 -682.6907366744524
-1015.7186111656663 -710.9653789360717
-1013.4481661300406 -740.1203236303177
-1011.3295321765376 -770.231623179958
-1009.2766805522364 -801.3699527062547
-1007.1997534856815 -833.6002879325254
-1006.0901806946782 -867.4919551307187
-1004.7250128112955 -902.6669758638777
-1003.0004302102047 -939.1683183007186
-1000.8098482300943 -977.031782818958
-986.0966289699508 -1008.333109689553
-961.6414612977551 -1033.3077869157619
-936.6475510253738 -1057.6127455206013
-911.119689063403 -1081.2440897261206
-885.0644706916867 -1104.196028885253
-858.4900581198583 -1126.4613215762374
-831.4060292870963 -1148.0316315543978
-803.8232052935805 -1168.8978089562213
-775.7535859150315 -1189.050141007365
-747.2101459878047 -1208.478515398598
-718.2068536825527 -1227.1726114496946
-688.7584813762378 -1245.1219933272162
-658.8806714180138 -1262.3162829956902
-628.5897071529039 -1278.7451682407545
-597.9025835758997 -1294.3985494463432
-566.8368867657057 -1309.2665642578772
-535.410813641078 -1323.3396981725166
-503.6430184876571 -1336.6087400357962
-471.5526993925356 -1349.0649387382482
-439.15942890520813 -1360.6999072523802
-406.48324602644254 -1371.5057917582321
-373.5445354013937 -1381.4752061705003
-340.3640164796956 -1390.601274905147
-306.9627248400699 -1398.8776748333867
-273.36196756277917 -1406.2986330339243
-239.58329305591087 -1412.858934873781
-205.6484757424068 -1418.553969144437
-171.57947543879223 -1423.379715297003
-137.39840711481523 -1427.3327330240827
-103.12752879473908 -1430.4102287789626
-68.78919992331691 -1432.6100112405745
-34.40585969502556 -1433.93051339906
0 -1434.3707850570731
34.40585969502502 -1433.93051339906
68.78919992331642 -1432.6100112405745
103.12752879473908 -1430.4102287789626
137.39840711481463 -1427.3327330240827
171.57947543879172 -1423.379715297003
205.6484757424068 -1418.553969144437
239.58329305591047 -1412.858934873781
273.36196756277843 -1406.2986330339243
306.9627248400699 -1398.8776748333867
340.3640164796951 -1390.601274905147
373.5445354013934 -1381.4752061705003
406.48324602644254 -1371.5057917582321
439.1594289052078 -1360.6999072523806
471.5526993925351 -1349.0649387382484
503.6430184876571 -1336.6087400357962
535.4108136410775 -1323.3396981725168
566.8368867657052 -1309.2665642578777
597.9025835758997 -1294.3985494463432
628.5897071529038 -1278.7451682407545
658.8806714180138 -1262.3162829956902
688.7584813762378 -1245.1219933272162
718.2068536825527 -1227.1726114496946
747.2101459878047 -1208.478515398598
775.7535859150315 -1189.050141007365
803.8232052935803 -1168.8978089562213
831.4060292870962 -1148.0316315543976
858.4900581198583 -1126.4613215762374
885.0644706916856 -1104.1960288852536
911.1196890634021 -1081.244089726122
936.6475510253738 -1057.6127455206013
961.6414612977543 -1033.307786915763
986.0966289699502 -1008.3331096895536
1000.8098482300941 -977.0317828189582
1003.0004302102045 -939.1683183007189
1004.7250128112959 -902.6669758638776
1006.0901806946782 -867.4919551307187
1007.1997534856815 -833.6002879325254
1009.2766805522363 -801.3699527062552
1011.3295321765376 -770.231623179958
1013.44816613004 -740.1203236303181
1015.7186111656663 -710.9653789360717
1018.2229985282266 -682.6907366744524
1019.8461003070154 -655.0061652449288
1023.0389375595666 -628.2896624871266
1025.4779146727087 -602.0796978331797
1028.428164293807 -576.4923264759494
1031.9587355670008 -551.4303028426802
1034.906127322847 -526.8184897642827
1038.5612772524755 -502.6231397464289
1041.7608239673411 -478.8618035614357
1045.8151106993735 -455.3996159342039
1050.810144081648 -432.12665168836037
1055.6109863685338 -409.21572947877104
1061.562700210446 -386.4114731376243
1067.5460929718872 -364.10881973091546
1074.7640385098969 -342.405314361586
1083.4670331665052 -321.3343498825079
1093.3131974107393 -300.596563017755
1105.1890438860707 -280.0524104519806
1118.2122266089264 -263.021092268773
NaN NaN
NaN NaN
NaN NaN
932.8989026662955 97.36226947122208
768.6789041362971 135.34887249871173
655.7988847026364 161.4863531919568
572.8559468914335 180.56695733611045
509.8434310580456 195.062322793958
459.64190491462927 206.44752224884232
419.3693007639598 215.6288469881646
386.17441005770434 223.20950235735194
357.25546404305317 229.4904258648512
333.9107450370264 234.9883228340928
312.04586319526646 239.52939475337584
292.97921412431987 243.47746554487944
276.66212358528713 247.0584154026854
261.74803369547607 250.17922646332715
248.2159321535162 252.95354327123502
236.03933287553724 255.49321689544368
225.1863450695439 257.90805774175897
214.40408852044987 259.85325199982225
204.90563896370713 261.8202060497767
196.645905641637 263.91280137898747
187.26781480104594 265.13295859591017
179.11256990857916 266.5526499548935
172.12497253874506 268.27006712141497
165.1608752615957 269.73868827658373
158.2295089015267 270.96179014590194
151.33998405553325 271.94292837611795
144.50128208275402 272.6859335652687
138.7036914067416 273.9491958741142
132.91966056013683 275.03566977159267
127.15578007671265 275.9477068891814
121.41855167560864 276.6878477231884
115.71438215634298 277.2588189582718
110.88762340547942 278.54222311287543
105.23791220295149 278.80623420258706
100.41583156710294 279.83228340594974
94.84275502915013 279.7990107683652
90.04502005523837 280.57459852330953
85.25037020343905 281.2373839905382
80.46303474148928 281.78859714984833
75.68719335796777 282.2295795285798
70.92697271333812 282.5617829236945
66.18644305538456 282.78676800218517
61.98056600397754 283.9700151496017
57.25637320223947 283.9991377320282
52.563384865957644 283.92540254259455
48.310380059210075 284.8520813268839
43.655318483544626 284.58920829768596
39.37533890189416 285.35013228564895
34.77199380995131 284.9028609891213
30.477705511448885 285.4991760344234
26.16256982040467 286.01710365963083
21.643438773841204 285.30642823566393
17.332543572822097 285.6616529742779
13.009792319821175 285.93828222883843
8.678141965357808 286.13605865251367
4.340555512160253 286.2547981929853
