0 298.29939032550976
-4.412079143615288 298.2595851286268
-8.821140209543518 298.1402069564188
-13.224167172883943 297.94136801634977
-17.618148112945963 297.6632551609312
-22.000077261940596 297.3061296481499
-26.58999783427435 298.0144921376687
-30.975630113278523 297.49384552094597
-35.34007374709068 296.89441260619736
-40.013184840730794 297.33817539361
-44.36249327633302 296.57336153487506
-49.08639904367162 296.8319736275574
-53.407716197443186 295.9006741304408
-58.168438218229866 295.969441086857
-62.9597396206692 295.93501594477027
-67.23205419609178 294.74614601036063
-72.03830476841404 294.515232888594
-76.86348467593481 294.1768120003816
-81.70347915103463 293.7293392820123
-86.55411756592588 293.17138029583333
-91.41117684734854 292.50161158691344
-96.27038495525886 291.7188219159488
-101.90395620097098 291.74469332477366
-106.7855116582884 290.711063513663
-112.49363703492219 290.4393128923982
-117.37770927837256 289.14803120657245
-123.1380523289006 288.56906577957113
-128.93027580141037 287.82083579116187
-134.74793520550799 286.90063655709514
-140.58449196467012 285.8059498253989
-146.43331954648403 284.53444639341535
-153.321934303095 283.7831943450986
-160.260013603221 282.7938261353844
-167.238542810927 281.56253378278274
-174.24837900615537 280.0857841954713
-181.2802600173435 278.3603230784329
-189.47830292464192 276.9326944936092
-198.8976768219207 275.7047287681664
-207.19714994918957 273.60447532722526
-216.73376882396641 271.63003486626786
-227.55259804458342 269.67754676457224
-238.44053681050903 267.2556250103949
-250.65044138318464 264.70910322432326
-264.2141797288217 261.9281901938959
-279.15821624900684 258.8010533692636
-295.5035427211841 255.21406599539546
-314.5966976765468 251.2602629415841
-336.48633718818786 246.7137801842727
-359.85404868188664 241.21080908703348
-388.79420624410375 234.92516251552186
-422.0085130204785 227.3401485240766
-462.2987244570197 218.15484196426755
-512.5160370349032 206.76604879436002
-575.54250763212 192.26748793889038
-658.4975589726206 173.1840958025862
-771.3878423990354 147.0442424581732
-935.616248350816 109.05568887834468
NaN NaN
NaN NaN
NaN NaN
-1129.1648372851628 -284.41406566586824
-1115.5034315896567 -300.9754749458044
-1102.9433107789334 -320.9891356299729
-1092.485006797468 -341.22832902959277
-1083.227179822048 -361.8269893078028
-1075.4973451126637 -383.07644185412767
-1069.0411364499698 -404.9433433955061
-1062.6531963059708 -427.33114387929305
-1057.4545331596596 -449.8505446364295
-1052.09134511406 -472.750523712711
-1047.6973128957043 -495.8595677779916
-1044.1817699827338 -519.2843683576065
-1040.2304701960957 -543.1567345730842
-1037.0051039838715 -567.4585223446322
-1033.212810766703 -592.2222737495863
-1030.015161790953 -617.5215902011665
-1027.3413843553953 -643.452166391724
-1023.9262683914609 -669.8988476302912
-1022.0899120483051 -697.3181536255081
-1019.3830719024327 -725.3358468425806
-1016.9189282009096 -754.2392427026496
-1014.6147419059284 -784.1038079114454
-1012.3840004617878 -814.9997747633299
-1010.1364584520068 -846.9917978440028
-1008.8616174812834 -880.6453258508392
-1007.3379537754425 -915.5857429450809
-1005.461462600413 -951.8560316480598
-1003.1253928254125 -989.4920542118236
-1002.2395243111099 -1029.8426972318725
-997.8882013124137 -1069.6657491830092
-972.001038020637 -1094.859471306115
-945.5541600043772 -1119.3606988391318
-918.554802016481 -1143.1625268903272
-891.011785107991 -1166.2566613579534
-862.9353653644004 -1188.6337697037254
-834.3370611677815 -1210.283757864435
-805.2295884730177 -1231.1960174056694
-775.6266568510017 -1251.3595859429422
-745.5429873994179 -1270.763335870446
-714.9941231503383 -1289.3960655482376
-683.9964943858109 -1307.2466706045734
-652.5671890787017 -1324.304150559659
-620.7240230158143 -1340.5577544983644
-588.4854186004433 -1355.997004799344
-555.8704239950653 -1370.6118070001696
-522.8985589319026 -1384.3924046534305
-489.5899005026808 -1397.3295355904602
-455.96491303675214 -1409.4143355184353
-422.0445393996151 -1420.6385069108699
-387.85007937638215 -1430.9942532628568
-353.4031780502498 -1440.4743216923964
-318.7258063242259 -1449.0720447774922
-283.8402154601679 -1456.7813382067054
-248.7689060622797 -1463.5967087926788
-213.53461191571952 -1469.5132995848073
-178.1602584906724 -1474.5268770672003
-142.6689318212413 -1478.6338207165222
-107.08386552727983 -1481.831189550006
-71.42839827625959 -1484.1166775622144
-35.725951213268 -1485.4886358231806
0 -1485.9460649767507
35.725951213267415 -1485.4886358231806
71.42839827625905 -1484.1166775622144
107.08386552727983 -1481.831189550006
142.66893182124068 -1478.6338207165222
178.16025849067188 -1474.5268770672003
213.53461191571952 -1469.5132995848073
248.7689060622793 -1463.5967087926788
283.84021546016714 -1456.7813382067054
318.7258063242259 -1449.0720447774922
353.40317805024927 -1440.4743216923964
387.85007937638176 -1430.9942532628568
422.0445393996151 -1420.6385069108699
455.9649130367518 -1409.4143355184358
489.5899005026803 -1397.3295355904604
522.8985589319026 -1384.3924046534305
555.8704239950648 -1370.6118070001698
588.4854186004428 -1355.9970047993445
620.7240230158143 -1340.5577544983644
652.5671890787015 -1324.304150559659
683.9964943858109 -1307.2466706045734
714.9941231503383 -1289.3960655482376
745.5429873994179 -1270.763335870446
775.6266568510017 -1251.3595859429422
805.2295884730177 -1231.1960174056694
834.3370611677813 -1210.283757864435
862.9353653644002 -1188.6337697037252
891.011785107991 -1166.2566613579534
918.5548020164798 -1143.1625268903276
945.5541600043763 -1119.3606988391332
972.001038020637 -1094.859471306115
997.8882013124129 -1069.6657491830108
1002.2395243111093 -1029.842697231873
1003.1253928254123 -989.4920542118238
1005.4614626004128 -951.85603164806
1007.3379537754429 -915.5857429450808
1008.8616174812834 -880.6453258508392
1010.1364584520068 -846.9917978440028
1012.3840004617877 -814.9997747633304
1014.6147419059284 -784.1038079114454
1016.9189282009089 -754.23924270265
1019.3830719024327 -725.3358468425806
1022.0899120483051 -697.3181536255081
1023.9262683914609 -669.8988476302912
1027.3413843553953 -643.4521663917241
1030.0151617909532 -617.5215902011662
1033.212810766703 -592.2222737495863
1037.005103983871 -567.4585223446334
1040.2304701960957 -543.1567345730842
1044.1817699827338 -519.2843683576065
1047.6973128957036 -495.85956777799277
1052.0913451140595 -472.7505237127128
1057.4545331596596 -449.85054463642916
1062.6531963059697 -427.33114387929555
1069.0411364499698 -404.9433433955061
1075.4973451126637 -383.07644185412767
1083.227179822048 -361.8269893078028
1092.485006797468 -341.22832902959277
1102.9433107789334 -320.9891356299729
1115.5034315896567 -300.9754749458044
1129.1648372851628 -284.41406566586824
NaN NaN
NaN NaN
NaN NaN
935.6162483508162 109.05568887834288
771.3878423990354 147.0442424581732
658.4975589726206 173.1840958025862
575.54250763212 192.26748793889038
512.5160370349033 206.76604879435953
462.29872445701983 218.1548419642674
422.0085130204785 227.3401485240764
388.79420624410375 234.92516251552186
359.85404868188664 241.21080908703348
336.48633718818786 246.7137801842727
314.5966976765468 251.26026294158405
295.5035427211841 255.2140659953955
279.1582162490069 258.8010533692635
264.2141797288217 261.9281901938959
250.65044138318464 264.70910322432326
238.44053681050903 267.2556250103949
227.55259804458353 269.67754676457207
216.73376882396644 271.63003486626775
207.19714994918957 273.6044753272252
198.8976768219207 275.7047287681664
189.47830292464192 276.9326944936092
181.2802600173435 278.3603230784329
174.24837900615546 280.0857841954712
167.23854281092702 281.56253378278274
160.260013603221 282.79382613538434
153.321934303095 283.7831943450986
146.43331954648403 284.53444639341535
140.58449196467012 285.8059498253989
134.7479352055081 286.9006365570951
128.93027580141043 287.82083579116113
123.13805232890063 288.56906577957113
117.37770927837256 289.14803120657245
112.49363703492219 290.4393128923982
106.7855116582884 290.711063513663
101.90395620097105 291.74469332477355
96.27038495525889 291.7188219159488
91.41117684734856 292.50161158691344
86.55411756592588 293.17138029583333
81.70347915103463 293.7293392820123
76.86348467593481 294.1768120003816
72.03830476841411 294.515232888594
67.23205419609182 294.74614601036063
62.959739620669225 295.9350159447702
58.168438218229866 295.969441086857
53.407716197443186 295.9006741304408
49.08639904367162 296.8319736275574
44.36249327633307 296.573361534875
40.01318484073084 297.33817539361
35.340073747090734 296.89441260619736
30.975630113278523 297.49384552094597
26.58999783427435 298.0144921376687
22.000077261940596 297.3061296481499
17.618148112946006 297.6632551609312
13.224167172883986 297.94136801634977
8.821140209543563 298.1402069564188
4.412079143615288 298.2595851286268
