0 269.8303903255083
-4.242465960450491 269.79109039553407
-8.4820300876173 269.67322669287233
-12.715792521334992 269.47690743453717
-16.940857346366407 269.2023128325819
-21.15433456159061 268.84969486996886
-25.576382829954824 269.56354231832177
-29.794837486082525 269.04934359576384
-33.9929127533029 268.45730448570265
-38.50057875720382 268.9093874518738
-42.685478767720426 268.15379814382675
-47.24612545194853 268.4225147431031
-51.405444754206044 267.50217293640543
-56.00554118030979 267.5827217025487
-60.637699329657494 267.56087120194206
-64.75246206241455 266.3853353052588
-69.4028601806624 266.1684801146895
-74.0739938361844 265.84480356725163
-78.76185383696995 265.41272222573775
-83.46237382059996 264.87076048613346
-88.17143359748724 264.2175520360813
-92.88486255905808 263.4518411945362
-98.37497492636946 263.49526408870577
-103.11549009277516 262.4796111473972
-108.6850904279579 262.22621427238704
-113.43324781755955 260.9536135891737
-119.06037935109389 260.39360581729204
-124.72218593998386 259.6645586807528
-130.41231247505613 258.7637153229037
-136.12430778443962 257.68850474092375
-141.8516307039243 256.4365445438105
-148.62188085887715 255.70484933294452
-155.4448167392031 254.73499793175472
-162.3115026225127 253.5231287252251
-169.21287224058213 252.06565513413761
-176.13973775941665 250.35926967118195
-184.2362882315429 248.95046365049438
-193.5577623086765 247.74101524525707
-201.76299532647408 245.65892246927595
-211.20909838991284 243.7022354972685
-221.94119813234659 241.76704422475834
-232.74625319329022 239.36191433779632
-244.87717663854235 236.83163247842728
-258.3658905640306 234.06636191854784
-273.23891078932854 230.95422619137838
-289.5172777629061 227.38155635560025
-308.54757590665344 223.44134695240464
-330.3785043725764 218.90769561098892
-353.69169082408155 213.41675744585837
-382.58154671635657 207.14231128329033
-415.7498096693056 199.56763345320007
-455.99826668506495 190.39176949625949
-506.17814286121165 179.0114985648364
-569.1715207327778 164.52051536658368
-652.097845703801 145.44373475452218
-764.9637888045417 119.3095079828785
-929.1722571560954 81.32557999860107
NaN NaN
NaN NaN
NaN NaN
-1101.6105984869516 -232.610168003377
-1089.6856994435468 -250.3684313662366
-1078.96339672504 -271.73016471223855
-1070.1291035654979 -293.23246322037755
-1062.3276914605053 -315.0236430802794
-1055.9291052881892 -337.41564458282505
-1050.6924185541434 -360.3753608143196
-1045.4213916903059 -383.804192523864
-1041.2346548628557 -407.2992912311682
-1036.8025494632484 -431.12611786131555
-1033.2633218144838 -455.1103671195822
-1030.5391787045169 -479.36715461156416
-1027.326521585473 -504.0361709541814
-1024.7918783768523 -529.1010073220735
-1021.647722171534 -554.5974122094726
-1019.0608579100723 -580.6029625589264
-1016.965136936706 -607.2173239132796
-1014.0958334695795 -634.3232894150187
-1012.7819163638619 -662.3897424805132
-1010.5699590187146 -691.0333742518332
-1008.5783532467063 -720.5487068580709
-1006.7259938370789 -751.0127102916265
-1004.9276763067796 -782.4967618870812
-1003.0942105709478 -815.0663574771203
-1002.2198889550389 -849.2963853903307
-1001.079790734474 -884.8041264867016
-979.7197909281609 -910.3834773125463
-957.7354986716254 -935.3583951920859
-935.1439872524303 -959.7164512347445
-911.9625477124877 -983.4455452259417
-888.2106723187783 -1006.534045395094
-863.9430353963629 -1028.9747668910704
-839.1823783401409 -1050.7635048552904
-813.9359591451059 -1071.8944547030007
-788.2124255001667 -1092.3606396969546
-762.0216424440185 -1112.154198058331
-735.3746281987746 -1131.266638569487
-708.2833510159379 -1149.6890080226801
-680.7607479394959 -1167.4120857441026
-652.8205363059656 -1184.426479616962
-624.477280118544 -1200.722801314282
-595.7461618598542 -1216.2916762613202
-566.6430538635228 -1231.1238919472798
-537.184398601849 -1245.2104238889006
-507.38722927132915 -1258.5425472341421
-477.26901728832735 -1271.1117931555727
-446.8477595939724 -1282.910106158531
-416.1418103734721 -1293.9297487383067
-385.1699739761079 -1304.1634708445079
-353.95138520191927 -1313.6044447964186
-322.50549951632144 -1322.2463082908798
-290.8520754576485 -1330.083206530248
-259.011131133659 -1337.1097901266903
-227.0029151840969 -1343.3212232868764
-194.8478926111545 -1348.7132289908636
-162.56670533701555 -1353.2820762876013
-130.18014315019738 -1357.0245699178984
-97.70913279139857 -1359.9381168011566
-65.17469753740968 -1362.0206815446682
-32.59793674135899 -1363.270808516458
0 -1363.6876143538532
32.59793674135848 -1363.270808516458
65.17469753740922 -1362.0206815446682
97.70913279139857 -1359.9381168011566
130.1801431501968 -1357.0245699178984
162.56670533701504 -1353.2820762876013
194.8478926111545 -1348.7132289908636
227.0029151840965 -1343.3212232868764
259.0111311336583 -1337.1097901266903
290.8520754576485 -1330.083206530248
322.505499516321 -1322.2463082908798
353.9513852019189 -1313.6044447964186
385.1699739761079 -1304.1634708445079
416.14181037347174 -1293.9297487383071
446.8477595939719 -1282.9101061585313
477.26901728832735 -1271.1117931555727
507.3872292713287 -1258.5425472341424
537.1843986018487 -1245.210423888901
566.6430538635228 -1231.1238919472798
595.746161859854 -1216.2916762613202
624.477280118544 -1200.722801314282
652.8205363059656 -1184.426479616962
680.7607479394959 -1167.4120857441026
708.2833510159379 -1149.6890080226801
735.3746281987746 -1131.266638569487
762.0216424440183 -1112.154198058331
788.2124255001665 -1092.3606396969544
813.9359591451059 -1071.8944547030007
839.1823783401401 -1050.7635048552909
863.9430353963621 -1028.9747668910718
888.2106723187783 -1006.534045395094
911.962547712487 -983.4455452259426
935.1439872524298 -959.7164512347449
957.7354986716251 -935.358395192086
979.7197909281607 -910.3834773125466
1001.0797907344744 -884.8041264867015
1002.2198889550389 -849.2963853903307
1003.0942105709478 -815.0663574771203
1004.9276763067795 -782.4967618870817
1006.7259938370789 -751.0127102916265
1008.5783532467058 -720.5487068580713
1010.5699590187146 -691.0333742518332
1012.7819163638619 -662.3897424805132
1014.0958334695795 -634.3232894150187
1016.965136936706 -607.2173239132798
1019.0608579100726 -580.6029625589259
1021.647722171534 -554.5974122094726
1024.7918783768519 -529.1010073220747
1027.326521585473 -504.0361709541814
1030.5391787045169 -479.36715461156416
1033.263321814483 -455.11036711958354
1036.802549463248 -431.1261178613173
1041.2346548628557 -407.2992912311678
1045.421391690305 -383.80419252386656
1050.6924185541434 -360.3753608143196
1055.9291052881892 -337.41564458282505
1062.3276914605053 -315.0236430802794
1070.1291035654979 -293.23246322037755
1078.96339672504 -271.73016471223855
1089.6856994435468 -250.3684313662366
1101.6105984869516 -232.610168003377
NaN NaN
NaN NaN
NaN NaN
929.1722571560956 81.32557999859927
764.9637888045417 119.3095079828785
652.097845703801 145.44373475452218
569.1715207327778 164.52051536658368
506.1781428612117 179.0114985648359
455.99826668506506 190.39176949625934
415.7498096693056 199.56763345319987
382.58154671635657 207.14231128329033
353.69169082408155 213.41675744585837
330.3785043725764 218.90769561098892
308.54757590665344 223.4413469524046
289.5172777629061 227.38155635560028
273.2389107893286 230.95422619137827
258.3658905640306 234.06636191854784
244.87717663854235 236.83163247842728
232.74625319329022 239.36191433779632
221.9411981323467 241.76704422475814
211.20909838991287 243.70223549726842
201.76299532647408 245.65892246927586
193.5577623086765 247.74101524525707
184.2362882315429 248.95046365049438
176.13973775941665 250.35926967118195
169.21287224058221 252.0656551341375
162.31150262251273 253.5231287252251
155.4448167392031 254.7349979317547
148.62188085887715 255.70484933294452
141.8516307039243 256.4365445438105
136.12430778443962 257.68850474092375
130.41231247505624 258.76371532290364
124.7221859399839 259.66455868075207
119.06037935109391 260.39360581729204
113.43324781755955 260.9536135891737
108.6850904279579 262.22621427238704
103.11549009277516 262.4796111473972
98.37497492636953 263.49526408870565
92.8848625590581 263.4518411945362
88.17143359748725 264.2175520360813
83.46237382059996 264.87076048613346
78.76185383696995 265.41272222573775
74.0739938361844 265.84480356725163
69.40286018066247 266.1684801146895
64.7524620624146 266.3853353052588
60.63769932965752 267.560871201942
56.00554118030979 267.5827217025487
51.405444754206044 267.50217293640543
47.24612545194853 268.4225147431031
42.685478767720475 268.1537981438267
38.50057875720386 268.9093874518738
33.99291275330296 268.45730448570265
29.794837486082525 269.04934359576384
25.576382829954824 269.56354231832177
21.15433456159061 268.84969486996886
16.94085734636645 269.2023128325819
12.715792521335034 269.47690743453717
8.482030087617344 269.67322669287233
4.242465960450491 269.79109039553407
