0 53.054390325510795
-2.950953529605289 53.01893772909344
-5.89989036403453 52.912605890924965
-8.844795174600806 52.735472642889924
-11.783655364701303 52.48766763360179
-14.71446243362444 52.169372221664155
-17.85825412236518 52.92498465775212
-20.803741818758777 52.45988315343009
-23.7350121740978 51.92414385734071
-26.982903518781544 52.439580473850945
-29.91592250936911 51.754231117999026
-33.23343978967151 52.09988805663926
-36.15923328280998 51.26298312158223
-39.53625289156898 51.433243981085646
-42.95662145111055 51.50714255775912
-45.871712321647664 50.4331381290619
-49.33537850043308 50.323326462789545
-52.83353346603903 50.11192007643084
-56.3629719274654 49.79703572495147
-59.92042144655204 49.37688434480106
-63.50254523709762 48.84977328757948
-67.10594503617982 48.21410847243765
-71.50369582337957 48.39117641167295
-75.17026564212014 47.5124075874004
-79.6850728905913 47.3987645392728
-83.39831235691103 46.268409562733254
-88.01111041165 45.852754056309365
-92.67986313972207 45.26977393643275
-97.39889602148666 44.51631508181686
-102.16242342413712 43.58940482058597
-106.9645542159995 42.48625576129151
-112.83352210290512 41.90347526450836
-118.77970326860667 41.08223377881919
-124.79476287458785 40.018261299003534
-130.8702183147714 38.70756396830792
-136.99744779544355 37.14642926897137
-144.32118839975263 35.88094686918717
-152.8972084246966 34.81249781781588
-160.3848541029056 32.86868865934912
-169.14172833784224 31.047184880309047
-179.21343012591672 29.243699584248137
-189.38737071037104 26.966430662102542
-200.9168956913866 24.559807039796404
-213.83433933331526 21.91364541228675
-228.16660897587454 18.91573490916702
-243.93511567096257 15.452085363423869
-262.48679327324857 11.615384239617404
-283.87066895731806 7.1794371734587585
-306.76867677428856 1.780123262452348
-316.1354809569956 -5.778997501342386
-318.5065085641173 -14.078932515645004
-320.65985009144265 -22.438776123928246
-322.59397560784754 -30.852829382290324
-324.30750389062433 -39.31535340848055
-325.7992035230544 -47.820573299544634
-327.0679938934614 -56.36268215598373
-328.1129460949532 -64.93584533772183
-328.93328372588536 -73.53420541284143
-329.5283835954929 -82.15189007509348
-329.89777638107927 -90.78304279344148
-330.04249227029885 -100
-329.95833320319224 -108.0614184629692
-329.6493324876565 -116.6973363038558
-329.114292875893 -125.32293043447432
-328.3535192672285 -133.93233106180023
-327.3674716229783 -142.51963664692175
-326.1567648956447 -151.07895124452008
-324.722168785699 -159.60439313629908
-323.0646073825311 -168.0901000254094
-321.18515869547656 -176.5302334760908
-319.08505407597994 -184.9189831228721
-316.76567753118974 -193.25057078851484
-314.2283849224726 -201.5195057707344
-311.466420473143 -209.73055826718425
-308.4794421099615 -217.87722854688735
-305.2721331437507 -225.94790655900854
-301.848697108589 -233.93334732969157
-298.21305535513216 -241.82576313904207
-294.3689396720834 -249.61832735159416
-290.31999046661196 -257.3048433099609
-286.0698041625445 -264.8795576826114
-281.62197563710885 -272.3370360694712
-276.9801271476051 -279.67208526344996
-272.1479211700881 -286.8797067797859
-267.1290967929188 -293.95505594904006
-261.92743762442524 -300.89343774062894
-256.54681078769147 -307.69027966421237
-250.99118986472763 -314.34112289444295
-245.26459688424984 -320.8416309122815
-239.37115423282697 -327.18757469230746
-233.31508379401302 -333.37483560631983
-227.10066542711212 -339.39940672305096
-220.73229725525104 -345.2573922459219
-214.21443948814297 -350.9450085579738
-207.5516428329058 -356.4585858492532
-200.7485448874165 -361.7945710937736
-193.80986654183778 -366.9495306842681
-186.74037177231713 -371.92013877684445
-179.5449607365397 -376.70321101008267
-172.22854854241012 -381.29566483220435
-164.7961532078793 -385.6945548850998
-157.2528538489168 -389.8970603046802
-149.60378922474945 -393.9004853282288
-141.8541611832688 -397.702264143165
-134.00923118447818 -401.2999625006173
-126.07431682459735 -404.691279177215
-118.05478602388752 -407.8740447036486
-109.95604725991238 -410.8462133394494
-101.78357831301837 -413.60590190279737
-93.54288006527766 -416.1513417294661
-85.23949563185079 -418.4809028713537
-76.87901313153291 -420.59310812160794
-68.46704419756128 -422.4866036251445
-60.009233886693806 -424.16018039668364
-51.511258405052494 -425.6127830994555
-42.97880850533065 -426.84347498529695
-34.417599272384436 -427.85146960462777
-25.833364736797353 -428.6361340414071
-17.231849129288 -429.1969669768768
-8.618807047286431 -429.5336101153532
0 -429.6458483952489
8.618807047286285 -429.53361011535327
17.231849129287884 -429.1969669768768
25.833364736797353 -428.6361340414071
34.417599272384294 -427.85146960462777
42.9788085053305 -426.843474985297
51.511258405052494 -425.6127830994555
60.009233886693664 -424.16018039668364
68.4670441975611 -422.4866036251445
76.87901313153291 -420.59310812160794
85.2394956318506 -418.4809028713537
93.5428800652775 -416.15134172946614
101.78357831301837 -413.60590190279737
109.95604725991221 -410.8462133394495
118.05478602388737 -407.8740447036486
126.07431682459735 -404.691279177215
134.00923118447807 -401.2999625006173
141.8541611832687 -397.70226414316505
149.60378922474945 -393.9004853282288
157.25285384891677 -389.8970603046803
164.79615320787926 -385.6945548850999
172.22854854241012 -381.29566483220435
179.54496073653968 -376.70321101008267
186.74037177231713 -371.92013877684445
193.80986654183778 -366.9495306842681
200.7485448874163 -361.7945710937736
207.5516428329057 -356.4585858492533
214.21443948814297 -350.9450085579738
220.732297255251 -345.25739224592195
227.1006654271121 -339.3994067230511
233.31508379401302 -333.37483560631983
239.37115423282683 -327.18757469230746
245.26459688424984 -320.8416309122816
250.99118986472752 -314.3411228944431
256.54681078769147 -307.6902796642124
261.9274376244252 -300.89343774062905
267.1290967929188 -293.95505594904006
272.1479211700881 -286.8797067797859
276.98012714760495 -279.67208526345024
281.6219756371088 -272.3370360694712
286.0698041625441 -264.8795576826117
290.31999046661196 -257.3048433099609
294.3689396720834 -249.61832735159416
298.21305535513216 -241.82576313904207
301.848697108589 -233.9333473296916
305.27213314375064 -225.94790655900874
308.4794421099615 -217.8772285468874
311.46642047314293 -209.73055826718442
314.2283849224726 -201.5195057707344
316.76567753118974 -193.25057078851484
319.0850540759798 -184.91898312287256
321.18515869547656 -176.5302334760911
323.0646073825311 -168.09010002540958
324.72216878569895 -159.60439313629925
326.1567648956447 -151.07895124452008
327.3674716229783 -142.51963664692175
328.3535192672285 -133.93233106180023
329.114292875893 -125.32293043447432
329.6493324876565 -116.6973363038558
329.95833320319224 -108.0614184629692
330.04249227029885 -100
329.89777638107927 -90.78304279344148
329.528383595493 -82.15189007509377
328.93328372588536 -73.53420541284143
328.1129460949533 -64.93584533772254
327.0679938934614 -56.36268215598373
325.7992035230544 -47.820573299544634
324.30750389062433 -39.31535340848055
322.5939756078476 -30.852829382290636
320.6598500914427 -22.43877612392835
318.5065085641173 -14.078932515645198
316.1354809569956 -5.778997501342386
306.76867677428856 1.780123262452348
283.87066895731806 7.1794371734587585
262.48679327324857 11.615384239617333
243.93511567096257 15.452085363423878
228.1666089758746 18.915734909166897
213.83433933331526 21.91364541228675
200.9168956913866 24.559807039796404
189.38737071037104 26.966430662102542
179.21343012591683 29.24369958424795
169.14172833784227 31.04718488030896
160.3848541029056 32.868688659349054
152.8972084246966 34.81249781781588
144.32118839975263 35.88094686918717
136.99744779544355 37.14642926897137
130.87021831477148 38.70756396830779
124.79476287458789 40.018261299003534
118.77970326860668 41.08223377881915
112.83352210290512 41.90347526450836
106.9645542159995 42.48625576129151
102.16242342413712 43.58940482058597
97.39889602148678 44.516315081816806
92.67986313972212 45.2697739364324
88.01111041165002 45.852754056309344
83.39831235691103 46.268409562733254
79.6850728905913 47.3987645392728
75.17026564212014 47.5124075874004
71.50369582337964 48.39117641167285
67.10594503617985 48.21410847243765
63.50254523709764 48.849773287579474
59.92042144655204 49.37688434480106
56.3629719274654 49.79703572495147
52.83353346603903 50.11192007643084
49.335378500433144 50.32332646278953
45.87171232164771 50.4331381290619
42.95662145111058 51.50714255775907
39.53625289156898 51.433243981085646
36.15923328280998 51.26298312158223
33.23343978967151 52.09988805663926
29.915922509369157 51.754231117999
26.98290351878159 52.43958047385093
23.735012174097854 51.92414385734069
20.803741818758777 52.45988315343009
17.85825412236518 52.92498465775212
14.71446243362444 52.169372221664155
11.783655364701348 52.48766763360177
8.844795174600849 52.73547264288992
5.899890364034574 52.912605890924965
2.950953529605289 53.01893772909344
