0 34.87539032551061
-2.8426463162590934 34.84026036940811
-5.683350165696101 34.73489560215357
-8.520170397105693 34.55937130751448
-11.35116848965662 34.31381289381399
-14.174409865931075 33.998395797043266
-17.21100598707681 34.75751067672298
-20.049741707416754 34.29652650241169
-22.874776840715057 33.76550855148151
-26.017022525686006 34.2862580532257
-28.84505782314661 33.606799073111624
-32.058325327486884 33.95890828704683
-34.88067440941759 33.12900043141545
-38.155125867354954 33.306784615203185
-41.47387283154886 33.38871278221859
-44.28835830857704 32.32322285953906
-47.65250424560372 32.222387944512775
-51.0522923274036 32.020396619131
-54.484584678725305 31.715340496246423
-57.946175440500554 31.30540422535341
-61.43379352333114 30.788867791265368
-64.94410543378655 30.164108734667007
-69.25024994923643 30.352384248883737
-72.82675789546711 29.485094630628993
-77.25310939457796 29.383171444565733
-80.87955985783766 28.2647453010223
-85.40729513666498 27.86119528521473
-89.99276961375075 27.290464456291694
-94.63036584420942 26.54936537805499
-99.3143540078461 25.634891694355293
-104.03889748520834 24.544222050098806
-109.83228315659734 23.97392965433842
-115.70493900604026 23.165150709032318
-121.64858058560117 22.113580961045415
-127.65477423554984 20.81519239902189
-133.71494563074327 19.266238539039584
-140.973877812593 18.012775366957474
-149.48738349455272 16.956150628489322
-156.91485175346077 15.023938039213165
-165.6139267353743 13.213770825405671
-175.63024704942814 11.42133049255991
-185.75126189455662 9.15478408803302
-197.23035314360297 6.758530539405273
-210.09988962567607 4.122357477426084
-224.38681151367032 1.1340259883484687
-230.89142455614234 -4.030386560423728
-233.3308354847969 -10.101388388195474
-235.61079181739711 -16.23450513140883
-237.72970414774247 -22.425556859042846
-239.68609224881322 -28.67032251259
-241.4785861630227 -34.96454274140794
-243.10592722002798 -41.30392277056218
-244.56696898118352 -47.68413530124763
-245.86067810978653 -54.100823446135635
-246.98613516630274 -60.54960370734465
-247.94253532784256 -67.02606902004958
-248.7291890312864 -73.52579193402434
-249.34552253984552 -80.04432820104815
-249.79107843480693 -86.57722209828523
-250.06551605280984 -93.1200251372543
-250.16919505419935 -100
-250.10025844024003 -106.21703222417231
-249.860468517111 -112.76256736661944
-249.44936999616058 -119.29999868273349
-248.86720918206387 -125.82486889935609
-248.11434984321158 -132.33270538057835
-247.1912730911981 -138.8190417487545
-246.0985771515617 -145.27942353389307
-244.83697704974492 -151.70941188587895
-243.40730421484886 -158.10458685697336
-241.81050600169687 -164.4605505500747
-240.0476451314386 -170.77293021098092
-238.1198990508552 -177.03738128918567
-236.02855921058315 -183.24959047518144
-233.7750302625263 -189.40527871642766
-231.36082917676572 -195.50020421182958
-228.78746547256424 -201.53027339173892
-226.05323318941026 -207.49410932637983
-223.1592408530195 -213.38724185763513
-220.10842080777445 -219.2040308689854
-216.90363225193525 -224.9393968262845
-213.54770385157656 -230.58866233379047
-210.04346304409626 -236.14744958367694
-206.39374939105576 -241.6116154676746
-202.60145152817535 -246.97719678627004
-198.6694757743011 -252.24039539889182
-194.60078576349693 -257.3975428619667
-190.39842610254163 -262.4450850218365
-186.06546513891857 -267.37958543845906
-181.60504758251457 -272.1977063776607
-177.02039442027353 -276.896208280713
-172.314762169056 -281.47194823714017
-167.49150393503638 -285.92187707163885
-162.55401401478147 -290.24303841649396
-157.50575708674285 -294.43256867156015
-152.35026538847265 -298.48769856270803
-147.09113589907165 -302.4057545620109
-141.73199087468555 -306.18414617246646
-136.27657180125323 -309.82039876802764
-130.72861882616874 -313.3121130929253
-125.09195956966487 -316.6569999891461
-119.3704680363257 -319.85286707943715
-113.5680639142435 -322.8976188418217
-107.68871677778824 -325.7892609955963
-101.73644335451552 -328.5259017039795
-95.71530478627173 -331.1057526732325
-89.62940154321893 -333.52712755612646
-83.48286436827381 -335.78843362520246
-77.27988380113877 -337.88821042418215
-71.02466460932177 -339.8250814149082
-64.72144566614203 -341.5977780242446
-58.3745034353533 -343.205153528363
-51.98813113894598 -344.6461534521778
-45.56664938289639 -345.91983700160426
-39.11440457083328 -347.02538575102466
-32.635752951819654 -347.9620684088424
-26.13507111132953 -348.72927251715225
-19.61675125357214 -349.32650762908315
-13.085193113383918 -349.75338326846224
-6.544804798447437 -350.0096203409452
0 -350.09505131689815
6.544804798447326 -350.0096203409452
13.085193113383824 -349.75338326846224
19.61675125357214 -349.32650762908315
26.135071111329438 -348.72927251715225
32.63575295181953 -347.96206840884247
39.11440457083328 -347.02538575102466
45.56664938289626 -345.91983700160426
51.98813113894585 -344.6461534521778
58.3745034353533 -343.205153528363
64.72144566614188 -341.5977780242446
71.02466460932168 -339.82508141490825
77.27988380113877 -337.88821042418215
83.48286436827365 -335.7884336252026
89.6294015432188 -333.52712755612646
95.71530478627173 -331.1057526732325
101.73644335451543 -328.5259017039795
107.68871677778816 -325.78926099559635
113.5680639142435 -322.8976188418217
119.37046803632568 -319.8528670794372
125.09195956966484 -316.65699998914613
130.72861882616874 -313.3121130929253
136.2765718012532 -309.82039876802764
141.73199087468555 -306.18414617246646
147.09113589907165 -302.4057545620109
152.35026538847254 -298.48769856270803
157.50575708674276 -294.4325686715602
162.55401401478147 -290.24303841649396
167.49150393503635 -285.9218770716389
172.31476216905597 -281.4719482371403
177.02039442027353 -276.896208280713
181.60504758251446 -272.1977063776607
186.06546513891854 -267.3795854384591
190.39842610254152 -262.4450850218367
194.60078576349693 -257.39754286196677
198.66947577430105 -252.24039539889196
202.60145152817535 -246.97719678627004
206.39374939105576 -241.6116154676746
210.04346304409611 -236.1474495836772
213.54770385157653 -230.5886623337905
216.90363225193494 -224.93939682628476
220.10842080777445 -219.2040308689854
223.1592408530195 -213.38724185763513
226.05323318941026 -207.49410932637983
228.78746547256424 -201.53027339173894
231.36082917676572 -195.5002042118297
233.77503026252626 -189.40527871642772
236.02855921058307 -183.2495904751815
238.1198990508552 -177.03738128918567
240.0476451314386 -170.77293021098092
241.81050600169675 -164.460550550075
243.40730421484886 -158.1045868569735
244.83697704974492 -151.70941188587906
246.09857715156164 -145.27942353389315
247.1912730911981 -138.8190417487545
248.11434984321158 -132.33270538057835
248.86720918206387 -125.82486889935609
249.44936999616058 -119.29999868273349
249.860468517111 -112.76256736661944
250.10025844024003 -106.21703222417231
250.16919505419935 -100
250.06551605280984 -93.1200251372543
249.791078434807 -86.57722209828562
249.34552253984552 -80.04432820104815
248.72918903128647 -73.5257919340248
247.94253532784256 -67.02606902004958
246.98613516630274 -60.54960370734465
245.86067810978653 -54.100823446135635
244.5669689811836 -47.68413530124791
243.10592722002804 -41.30392277056225
241.4785861630227 -34.96454274140808
239.68609224881322 -28.67032251259
237.72970414774247 -22.425556859042846
235.61079181739711 -16.23450513140883
233.3308354847969 -10.101388388195545
230.89142455614234 -4.0303865604237235
224.38681151367038 1.134025988348345
210.09988962567607 4.122357477426084
197.23035314360297 6.758530539405273
185.75126189455662 9.15478408803302
175.63024704942825 11.421330492559724
165.61392673537432 13.213770825405586
156.91485175346077 15.023938039213107
149.48738349455272 16.956150628489322
140.973877812593 18.012775366957474
133.71494563074327 19.266238539039584
127.65477423554994 20.815192399021758
121.64858058560121 22.11358096104541
115.70493900604028 23.16515070903228
109.83228315659734 23.97392965433842
104.03889748520834 24.544222050098806
99.3143540078461 25.634891694355293
94.63036584420954 26.549365378054933
89.9927696137508 27.290464456291627
85.40729513666501 27.861195285214713
80.87955985783766 28.2647453010223
77.25310939457796 29.383171444565733
72.82675789546711 29.485094630628993
69.2502499492365 30.352384248883634
64.94410543378658 30.164108734667007
61.43379352333116 30.78886779126536
57.946175440500554 31.30540422535341
54.484584678725305 31.715340496246423
51.0522923274036 32.020396619131
47.65250424560379 32.22238794451276
44.28835830857709 32.32322285953906
41.47387283154889 33.38871278221854
38.155125867354954 33.306784615203185
34.88067440941759 33.12900043141545
32.058325327486884 33.95890828704683
28.845057823146657 33.606799073111596
26.017022525686052 34.28625805322569
22.87477684071511 33.76550855148149
20.049741707416754 34.29652650241169
17.21100598707681 34.75751067672298
14.174409865931075 33.998395797043266
11.351168489656665 34.31381289381397
8.520170397105735 34.559371307514475
5.683350165696146 34.73489560215357
2.8426463162590934 34.84026036940811
