-500 533.6622016569742 0.9975305286471813
-505.90586604460475 533.6167465931779 0.9975305493091041
-511.80768995847836 533.4804306857847 0.9975306112713275
-517.7014323662689 533.2534017130239 0.9975307144632558
-523.5830594016008 532.9359057261062 0.9975308587673628
-529.4485454568363 532.5282866807337 0.9975310440193896
-535.2938759274958 532.0309859216654 0.9975312700086236
-541.115049949103 531.444541520777 0.9975315364782542
-546.9080831249407 530.769587469331 0.9975318431258077
-552.669010242711 530.0068527250952 0.9975321896036591
-558.3938879783153 529.1571601153136 0.9975325755196206
-564.078797584961 528.2214250965706 0.9975330004376055
-569.719847565808 527.200654372807 0.9975334638783664
-580.0725497971316 536.8687110860218 0.9975290706244931
-585.9646265499898 535.546782059231 0.997529671829976
-591.7978804180159 534.1338524695374 0.9975303142436986
-597.5683188645095 532.6313716624759 0.9975309971714517
-603.271992135302 531.040877462125 0.9975317198774096
-608.9049959519913 529.3639939181094 0.9975324815853449
-614.463474174844 527.6024289217961 0.9975332814799052
-619.9436214334141 525.7579716947714 0.9975341187079562
-625.3416857232056 523.8324901529578 0.997534992379983
-630.6539709667599 521.8279281501173 0.9975359015715511
-643.9525959936407 528.7579141040701 0.9975327568274067
-649.3876331441003 526.3767751890084 0.9975338378582767
-654.720457475142 523.9145136709147 0.9975349551694206
-659.9474168187037 521.3735003573247 0.9975361076309552
-665.0649310899357 518.7561720279316 0.9975372940836256
-670.0694947345985 516.065027958887 0.997538513340631
-684.7723717387547 520.845527653211 0.9975363470152965
-689.8087603039684 517.7426747825804 0.9975377533395839
-694.7152870195101 514.5665413832351 0.997539191960486
-699.4885889389018 511.32002439023563 0.9975406615035571
-714.9675282154218 514.4190460677669 0.9975392587455592
-719.7040952300081 510.740878776625 0.9975409235533604
-724.2903555360899 506.99475778961056 0.9975426178416106
-740.2585165509211 508.67896434431975 0.99754185627132
-744.7511966428566 504.4881379554696 0.9975437508117438
-761.0343219968507 505.08613095454456 0.9975434805765003
-765.3894360709588 500.44082415359236 0.9975455789460603
-781.9110603942654 499.9214475661431 0.9975458134350018
-786.0838729166421 494.8147072728358 0.9975481177184319
-802.7658453534789 493.1513686760919 0.9975488677412516
-819.5805718577087 490.73302243987 0.9975499577561943
-836.4993909324667 487.55036014575114 0.9975513914544295
-853.4933655512891 483.5950073591628 0.9975531719377795
-870.5333122998693 478.8595329202501 0.9975553017105628
-887.58983070839 473.3374575852975 0.9975577826728389
-918.1937330712349 468.3725893678553 0.9975600109207151
-948.977120566753 461.86925851648255 0.9975629262415288
-979.8831375354348 453.81502686432714 0.9975665314737253
NaN NaN NaN
NaN NaN NaN
NaN NaN NaN
NaN NaN NaN
NaN NaN NaN
NaN NaN NaN
NaN NaN NaN
NaN NaN NaN
NaN NaN NaN
-1315.2833303815692 -758.1764206621015 0.997091743122096
-1303.395980537192 -764.5900678651884 0.9970826172128623
-1291.3455556353508 -771.7110654270148 0.9970724871868586
-1280.0846238599668 -778.8884930829824 0.9970622803193531
-1269.3275086921235 -786.1602507890265 0.9970519438160438
-1258.8913731962527 -793.5420815516635 0.9970414565441728
-1248.6513935868734 -801.0382143489259 0.9970308138794158
-1238.5183463547855 -808.646360865511 0.997020020584488
-1228.4214723132225 -816.3633385699117 0.9970090828130161
-1230.4375928458917 -822.3836705073509 0.9970005575871332
-1220.0113520255527 -830.6328728735986 0.996988888452416
-1209.4857237906847 -838.9682284807404 0.9969771134785279
-1198.8483330238707 -847.3676644494789 0.9969652660518128
-1199.6974428129365 -855.1274692500754 0.9969543385228584
-1188.6438971982072 -863.8926695244281 0.9969420175015408
-1177.437247147431 -872.6752716914436 0.9969296978505632
-1177.2541965697117 -881.6708703285193 0.9969171085273328
-1165.5524453844282 -890.737755081666 0.9969044516699209
-1164.5685559453293 -900.6079226094353 0.9968907131952621
-1152.3266290231018 -909.9047979505415 0.9968778134456903
-1150.4837574098503 -920.6001557824754 0.9968630258752857
-1137.6610864633926 -930.0705285326611 0.9968499823368493
-1134.9051764155026 -941.5332670087993 0.996834262576014
-1131.5952356478995 -953.5242117100419 0.9968179037089545
-1127.7125930656423 -966.0258074193549 0.9968009479607762
-1113.4400242339686 -975.9404746081168 0.9967875781816125
-1108.528347401134 -989.0702449725646 0.9967699852575264
-1102.9952674866597 -1002.6496110044823 0.9967570715277517
-1096.8216740423063 -1016.6550334332481 0.996765660731551
-1099.0414424279531 -1035.456972287349 0.9967771532789256
-1091.3275857269425 -1050.5571162793212 0.9967863514904299
-1082.9143556166682 -1065.9981318052628 0.9967957282928755
-1082.2151697157344 -1087.1471107742266 0.9968085238449779
-1072.124581661874 -1103.4814058956274 0.9968183689691
-1069.258538597855 -1126.1076431074275 0.9968319527194098
-1065.147941615357 -1149.5709818226699 0.9968459734311059
-1059.755713852829 -1173.8102574516124 0.996860388007929
-1053.047352701082 -1198.7614718374748 0.996875152230564
-1044.9904766611721 -1224.357989807657 0.9968902209658396
-1042.2718240747756 -1258.2281032487715 0.9969100406978071
-1037.5932212425241 -1293.2126156342795 0.9969303703114065
-1037.1090129212 -1337.5937166111146 0.9969559539311178
-1028.268868734935 -1374.8804123514624 0.9969772709467564
-1028.80255041403 -1431.1751133780776 0.9970091515666856
-1020.8185844041775 -1480.091791338455 0.9970365603641338
-1020.4381861134373 -1549.7742336346769 0.997075138779896
-1016.172798536326 -1621.8038830204493 0.9971144487934035
-1012.4538242641306 -1706.4009796760288 0.9971598915346076
-1008.2592976045665 -1804.2773910069377 0.9972115057693962
-1006.4774191417632 -1927.277870654391 0.9972749360441674
-1005.0546172093428 -2076.986998894725 0.9973500398878341
-952.2341225394547 -2077.3798769750847 0.9973502340038339
-899.8279393514496 -2076.368648203259 0.9973497343374716
-850.4401047461256 -2085.7972604847455 0.9973543892208401
-798.6127560655511 -2082.0891907156347 0.9973525596147663
-749.151600775798 -2088.970143696827 0.9973559536702965
-698.0508769694845 -2082.6268010435683 0.9973528249632141
-648.6547686601559 -2086.978854802166 0.9973549719453747
-599.1587313553101 -2090.08993681791 0.9973565055655829
-549.5960359976139 -2091.9575747273016 0.9973574257616036
-500 -2092.5802854630156 0.9973577324975219
-450.40396400238666 -2091.9575747273016 0.9973574257616036
-400.84126864469073 -2090.08993681791 0.9973565055655829
-351.34523133984425 -2086.978854802166 0.9973549719453747
-301.9491230305164 -2082.6268010435683 0.9973528249632141
-250.8483992242024 -2088.970143696827 0.9973559536702965
-201.3872439344493 -2082.0891907156347 0.9973525596147663
-149.55989525387585 -2085.7972604847455 0.9973543892208401
-100.17206064855141 -2076.368648203259 0.9973497343374716
-47.76587746054509 -2077.3798769750847 0.9973502340038339
5.054617209341897 -2076.986998894725 0.9973500398878341
58.2465380507446 -2075.1639516122436 0.9973491389417459
111.77047778971676 -2071.8938533987325 0.9973475220334415
165.58234788214688 -2067.1549750197314 0.9973451769842024
219.64172828569278 -2060.933066106169 0.9973420946372148
279.3005098621518 -2064.256556363464 0.9973437415840634
334.05951489678915 -2054.8737363523755 0.9973390891012207
395.00475487087743 -2054.720150972351 0.9973390128722409
456.67886938452665 -2052.704896185293 0.9973380124220651
519.0221478133109 -2048.78795569343 0.9973360667346578
581.9733072051957 -2042.9313249071065 0.9973331546548064
645.4695341834522 -2035.0990639185459 0.9973292548405476
709.446525512981 -2025.257352320372 0.9973243457186625
781.8489822054123 -2023.1188637037947 0.9973232777307767
855.2097864350793 -2018.5092329437991 0.9973209740517325
929.4425415680721 -2011.3722330849803 0.9973174030705511
977.7343649767911 -1974.2931885554913 0.9972987674523338
1006.7150883169423 -1918.393342031369 0.9972704070783193
1005.4533397985033 -1837.0156473568204 0.997228543077522
1010.4039246329492 -1765.8007823666665 0.9971913373486424
1012.5009866814308 -1696.0691214930885 0.9971543832258284
1011.8413914342493 -1627.9397975379625 0.9971177710379949
1018.776986733556 -1568.6015943732978 0.9970854691605362
1013.1067583065909 -1503.6440468746378 0.997049660573574
1015.6140507739999 -1446.9477171092137 0.9970180188782243
1026.9356165335375 -1397.4996243711182 0.9969901242674805
1025.7391474631333 -1343.0187926050419 0.9969590654917364
1022.7570945192924 -1289.9209505519214 0.9969284636464465
1029.3442707095892 -1243.115404367846 0.9969012140134283
1034.6397177030701 -1197.0147839602284 0.9968741211010117
1038.7442926417855 -1151.6295035592536 0.9968472003413962
1041.5026980879989 -1107.0837058275981 0.9968205357928562
1042.6842218194663 -1063.586938818262 0.9967942659891926
1042.3560327590915 -1021.2384732742162 0.996768466361574
1052.7503593496253 -982.5164312381971 0.9967787504056939
1049.762011614435 -942.3002617711923 0.9968332135135
1057.908382342783 -904.9883147569632 0.9968846301406893
1065.0906391126423 -868.2733262416696 0.9969358692387561
1071.378410489132 -832.2294492767606 0.9969866317416546
1076.8593354978902 -796.9276371150976 0.9970366489464213
1081.6374512509376 -762.4404005273502 0.9970856757626434
1085.8406610754087 -728.8393231347403 0.997133493514118
1089.6311833757532 -696.191389689031 0.9971799139949246
1106.1235257465046 -662.7064327873854 0.9972274004258599
1109.8042993572342 -631.6550188603871 0.997271257079599
1126.8783415292269 -598.8977518477649 0.9973172737501139
1131.9237551056374 -569.8448457874107 0.9973578255857214
1151.0096638466916 -539.3603545881944 0.9974000692056915
1170.5451692589652 -512.6512064029854 0.9974367930066034
1194.56422331517 -486.87975517325015 0.9974719490490588
1216.6226990903144 -469.01989822045243 0.9974961417064995
NaN NaN NaN
NaN NaN NaN
749.4840070909994 274.68340779018 0.9976452104084185
490.9508083696507 334.5136958278036 0.9976192488773276
332.2052820182352 372.12279085390816 0.9976027675183466
216.2680242079996 398.717864154648 0.9975910366723667
128.84785113181397 418.166285109382 0.9975824179923435
69.72836133120812 432.7268239599473 0.9975759431070218
24.718532628113703 444.43270948181487 0.997570723760904
-20.116862464567035 453.8150268643269 0.9975665314737253
-51.02287943324458 461.86925851648255 0.9975629262415288
-81.80626692876454 468.3725893678553 0.9975600109207151
-112.41016929161034 473.3374575852975 0.9975577826728389
-129.46668770013065 478.85953292024993 0.9975553017105628
-146.50663444870645 483.5950073591627 0.9975531719377795
-163.50060906752964 487.5503601457511 0.9975513914544295
-180.41942814229634 490.73302243987 0.9975499577561943
-197.23415464651293 493.1513686760919 0.9975488677412516
-213.91612708334947 494.8147072728358 0.9975481177184319
-218.08893960574156 499.92144756614294 0.9975458134350018
-234.61056392903293 500.44082415359225 0.9975455789460603
-238.9656780031492 505.0861309545445 0.9975434805765003
-255.24880335713488 504.4881379554696 0.9975437508117438
-259.74148344908735 508.67896434431975 0.99754185627132
-275.7096444639101 506.99475778961056 0.9975426178416106
-280.29590477000045 510.74087877662487 0.9975409235533604
-285.0324717845868 514.4190460677669 0.9975392587455592
-300.5114110611068 511.3200243902356 0.9975406615035571
-305.28471298049 514.5665413832351 0.997539191960486
-310.1912396960228 517.7426747825804 0.9975377533395839
-315.2276282612453 520.845527653211 0.9975363470152965
-329.93050526540145 516.065027958887 0.997538513340631
-334.93506891007274 518.7561720279316 0.9975372940836256
-340.0525831812965 521.3735003573246 0.9975361076309552
-345.2795425248579 523.9145136709147 0.9975349551694206
-350.6123668558912 526.3767751890084 0.9975338378582767
-356.0474040063594 528.7579141040701 0.9975327568274067
-369.3460290332487 521.8279281501173 0.9975359015715511
-374.6583142767944 523.8324901529578 0.997534992379983
-380.05637856659433 525.7579716947714 0.9975341187079562
-385.5365258251472 527.6024289217961 0.9975332814799052
-391.09500404800895 529.3639939181094 0.9975324815853449
-396.72800786469804 531.040877462125 0.9975317198774096
-402.4316811354817 532.6313716624759 0.9975309971714517
-408.20211958197535 534.1338524695374 0.9975303142436986
-414.03537345000154 535.546782059231 0.997529671829976
-419.9274502028597 536.8687110860218 0.9975290706244931
-430.28015243419196 527.200654372807 0.9975334638783664
-435.92120241504773 528.2214250965706 0.9975330004376055
-441.6061120216933 529.1571601153136 0.9975325755196206
-447.3309897572888 530.0068527250952 0.9975321896036591
-453.0919168750504 530.769587469331 0.9975318431258077
-458.88495005088834 531.444541520777 0.9975315364782542
-464.7061240725041 532.0309859216654 0.9975312700086236
-470.55145454316363 532.5282866807337 0.9975310440193896
-476.41694059840717 532.9359057261062 0.9975308587673628
-482.29856763373095 533.2534017130239 0.9975307144632558
-488.19231004152164 533.4804306857847 0.9975306112713275
-494.09413395539525 533.6167465931779 0.9975305493091041
500 533.6622016569742 0.9975305286471813
494.09413395539525 533.6167465931779 0.9975305493091041
488.19231004152164 533.4804306857847 0.9975306112713275
482.2985676337311 533.2534017130239 0.9975307144632558
476.4169405984072 532.9359057261062 0.9975308587673628
470.55145454316363 532.5282866807337 0.9975310440193896
464.7061240725041 532.0309859216654 0.9975312700086236
458.88495005088834 531.444541520777 0.9975315364782542
453.0919168750504 530.769587469331 0.9975318431258077
447.3309897572888 530.0068527250952 0.9975321896036591
441.6061120216934 529.1571601153136 0.9975325755196206
435.92120241504773 528.2214250965706 0.9975330004376055
430.28015243419196 527.200654372807 0.9975334638783664
419.9274502028597 536.8687110860218 0.9975290706244931
414.0353734500016 535.546782059231 0.997529671829976
408.20211958197535 534.1338524695374 0.9975303142436986
402.43168113548177 532.6313716624759 0.9975309971714517
396.72800786469804 531.040877462125 0.9975317198774096
391.09500404800895 529.3639939181094 0.9975324815853449
385.5365258251472 527.6024289217961 0.9975332814799052
380.05637856659433 525.7579716947714 0.9975341187079562
374.65831427679444 523.8324901529578 0.997534992379983
369.3460290332488 521.8279281501173 0.9975359015715511
356.0474040063594 528.7579141040701 0.9975327568274067
350.6123668558912 526.3767751890084 0.9975338378582767
345.2795425248579 523.9145136709147 0.9975349551694206
340.05258318129654 521.3735003573247 0.9975361076309552
334.9350689100728 518.7561720279316 0.9975372940836256
329.93050526540156 516.065027958887 0.997538513340631
315.2276282612453 520.845527653211 0.9975363470152965
310.1912396960228 517.7426747825804 0.9975377533395839
305.28471298049 514.5665413832351 0.997539191960486
300.51141106110697 511.32002439023563 0.9975406615035571
285.0324717845868 514.4190460677669 0.9975392587455592
280.29590477000056 510.740878776625 0.9975409235533604
275.7096444639101 506.99475778961056 0.9975426178416106
259.74148344908735 508.67896434431975 0.99754185627132
255.24880335713488 504.4881379554696 0.9975437508117438
238.96567800314932 505.08613095454456 0.9975434805765003
234.61056392903293 500.44082415359236 0.9975455789460603
218.08893960574167 499.9214475661431 0.9975458134350018
213.91612708334947 494.8147072728358 0.9975481177184319
197.23415464651293 493.1513686760919 0.9975488677412516
180.41942814229634 490.73302243987 0.9975499577561943
163.5006090675297 487.55036014575114 0.9975513914544295
146.50663444870656 483.5950073591628 0.9975531719377795
129.4666877001307 478.8595329202501 0.9975553017105628
112.41016929161034 473.3374575852975 0.9975577826728389
81.80626692876454 468.3725893678553 0.9975600109207151
51.02287943324458 461.86925851648255 0.9975629262415288
20.116862464567063 453.81502686432714 0.9975665314737253
-24.71853262811369 444.43270948181504 0.997570723760904
-69.72836133120808 432.7268239599478 0.9975759431070218
-128.84785113181397 418.166285109382 0.9975824179923435
-216.2680242079996 398.717864154648 0.9975910366723667
-332.2052820182352 372.12279085390816 0.9976027675183466
-490.95080836965053 334.51369582780455 0.9976192488773276
-749.4840070909994 274.68340779018 0.9976452104084185
NaN NaN NaN
NaN NaN NaN
-1216.6226990903144 -469.01989822045243 0.9974961417064995
-1194.56422331517 -486.87975517325015 0.9974719490490588
-1170.5451692589652 -512.6512064029854 0.9974367930066034
-1151.0096638466916 -539.3603545881944 0.9974000692056915
-1131.9237551056374 -569.8448457874107 0.9973578255857214
-1126.8783415292269 -598.8977518477649 0.9973172737501139
-1109.8042993572342 -631.6550188603871 0.997271257079599
-1106.1235257465057 -662.7064327873835 0.9972274004258599
-1089.6311833757534 -696.1913896890298 0.9971799139949246
-1085.8406610754087 -728.8393231347395 0.997133493514118
-1081.6374512509378 -762.4404005273498 0.9970856757626434
-1076.8593354978902 -796.9276371150976 0.9970366489464213
-1071.378410489132 -832.2294492767606 0.9969866317416546
-1065.0906391126427 -868.273326241669 0.9969358692387561
-1057.908382342783 -904.988314756963 0.9968846301406893
-1049.762011614436 -942.3002617711911 0.9968332135135
-1052.7503593496256 -982.5164312381968 0.9967787504056939
-1042.3560327590915 -1021.2384732742162 0.996768466361574
-1042.6842218194663 -1063.586938818262 0.9967942659891926
-1041.5026980879986 -1107.083705827599 0.9968205357928562
-1038.744292641785 -1151.6295035592536 0.9968472003413962
-1034.6397177030713 -1197.0147839602269 0.9968741211010117
-1029.3442707095905 -1243.1154043678443 0.9969012140134283
-1022.7570945192924 -1289.9209505519214 0.9969284636464465
-1025.7391474631333 -1343.0187926050419 0.9969590654917364
-1026.935616533538 -1397.4996243711178 0.9969901242674805
-1015.6140507740001 -1446.9477171092133 0.9970180188782243
-1013.106758306591 -1503.6440468746378 0.997049660573574
-1018.776986733556 -1568.6015943732978 0.9970854691605362
-1011.8413914342498 -1627.9397975379625 0.9971177710379949
-1012.5009866814308 -1696.0691214930885 0.9971543832258284
-1010.4039246329512 -1765.8007823666646 0.9971913373486424
-1005.4533397985045 -1837.0156473568188 0.997228543077522
-1006.7150883169423 -1918.393342031369 0.9972704070783193
-977.7343649767915 -1974.293188555491 0.9972987674523338
-929.4425415680726 -2011.3722330849803 0.9973174030705511
-855.2097864350793 -2018.5092329437991 0.9973209740517325
-781.848982205414 -2023.1188637037933 0.9973232777307767
-709.4465255129815 -2025.2573523203716 0.9973243457186625
-645.4695341834522 -2035.0990639185459 0.9973292548405476
-581.973307205196 -2042.9313249071063 0.9973331546548064
-519.0221478133121 -2048.78795569343 0.9973360667346578
-456.67886938452665 -2052.704896185293 0.9973380124220651
-395.00475487087846 -2054.72015097235 0.9973390128722409
-334.05951489679 -2054.873736352375 0.9973390891012207
-279.3005098621518 -2064.256556363464 0.9973437415840634
-219.64172828569343 -2060.933066106169 0.9973420946372148
-165.58234788214745 -2067.1549750197314 0.9973451769842024
-111.77047778971676 -2071.8938533987325 0.9973475220334415
-58.246538050745514 -2075.163951612243 0.9973491389417459
-5.054617209342621 -2076.986998894725 0.9973500398878341
47.76587746054509 -2077.3798769750847 0.9973502340038339
100.1720606485508 -2076.368648203259 0.9973497343374716
149.5598952538747 -2085.7972604847455 0.9973543892208401
201.3872439344493 -2082.0891907156347 0.9973525596147663
250.84839922420161 -2088.970143696827 0.9973559536702965
301.9491230305155 -2082.6268010435683 0.9973528249632141
351.34523133984425 -2086.978854802166 0.9973549719453747
400.84126864469 -2090.08993681791 0.9973565055655829
450.40396400238564 -2091.9575747273016 0.9973574257616036
500 -2092.5802854630156 0.9973577324975219
549.5960359976136 -2091.9575747273016 0.9973574257616036
599.1587313553093 -2090.08993681791 0.9973565055655829
648.6547686601559 -2086.978854802166 0.9973549719453747
698.0508769694833 -2082.6268010435683 0.9973528249632141
749.1516007757971 -2088.970143696827 0.9973559536702965
798.6127560655511 -2082.0891907156347 0.9973525596147663
850.4401047461247 -2085.7972604847455 0.9973543892208401
899.8279393514489 -2076.368648203259 0.9973497343374716
952.2341225394547 -2077.3798769750847 0.9973502340038339
1005.0546172093423 -2076.986998894725 0.9973500398878341
1006.4774191417621 -1927.2778706543913 0.9972749360441674
1008.2592976045665 -1804.2773910069377 0.9972115057693962
1012.4538242641302 -1706.4009796760288 0.9971598915346076
1016.1727985363258 -1621.8038830204496 0.9971144487934035
1020.4381861134373 -1549.7742336346769 0.997075138779896
1020.818584404177 -1480.0917913384553 0.9970365603641338
1028.8025504140292 -1431.1751133780783 0.9970091515666856
1028.268868734935 -1374.8804123514624 0.9969772709467564
1037.1090129211993 -1337.5937166111146 0.9969559539311178
1037.593221242524 -1293.2126156342797 0.9969303703114065
1042.2718240747756 -1258.2281032487715 0.9969100406978071
1044.9904766611721 -1224.3579898076573 0.9968902209658396
1053.0473527010815 -1198.761471837475 0.996875152230564
1059.755713852829 -1173.8102574516124 0.996860388007929
1065.1479416153568 -1149.5709818226699 0.9968459734311059
1069.2585385978548 -1126.1076431074277 0.9968319527194098
1072.124581661874 -1103.4814058956274 0.9968183689691
1082.2151697157337 -1087.1471107742266 0.9968085238449779
1082.9143556166678 -1065.998131805263 0.9967957282928755
1091.3275857269425 -1050.5571162793212 0.9967863514904299
1099.0414424279531 -1035.4569722873491 0.9967771532789256
1096.821674042306 -1016.6550334332481 0.996765660731551
1102.9952674866595 -1002.6496110044823 0.9967570715277517
1108.5283474011337 -989.0702449725648 0.9967699852575264
1113.4400242339677 -975.9404746081171 0.9967875781816125
1127.7125930656423 -966.0258074193549 0.9968009479607762
1131.5952356478995 -953.5242117100419 0.9968179037089545
1134.9051764155022 -941.5332670087997 0.996834262576014
1137.6610864633922 -930.0705285326613 0.9968499823368493
1150.4837574098503 -920.6001557824754 0.9968630258752857
1152.3266290231018 -909.9047979505416 0.9968778134456903
1164.5685559453293 -900.6079226094353 0.9968907131952621
1165.5524453844282 -890.737755081666 0.9969044516699209
1177.2541965697117 -881.6708703285195 0.9969171085273328
1177.4372471474308 -872.675271691444 0.9969296978505632
1188.6438971982072 -863.8926695244281 0.9969420175015408
1199.6974428129367 -855.1274692500756 0.9969543385228584
1198.8483330238707 -847.3676644494789 0.9969652660518128
1209.4857237906847 -838.9682284807404 0.9969771134785279
1220.0113520255525 -830.6328728735987 0.996988888452416
1230.4375928458917 -822.383670507351 0.9970005575871332
1228.4214723132225 -816.3633385699119 0.9970090828130161
1238.518346354785 -808.6463608655114 0.997020020584488
1248.6513935868734 -801.0382143489259 0.9970308138794158
1258.8913731962527 -793.5420815516635 0.9970414565441728
1269.3275086921235 -786.1602507890265 0.9970519438160438
1280.0846238599668 -778.8884930829824 0.9970622803193531
1291.3455556353508 -771.7110654270148 0.9970724871868586
1303.395980537192 -764.5900678651884 0.9970826172128623
1315.2833303815692 -758.1764206621015 0.997091743122096
NaN NaN NaN
NaN NaN NaN
NaN NaN NaN
NaN NaN NaN
NaN NaN NaN
NaN NaN NaN
NaN NaN NaN
NaN NaN NaN
NaN NaN NaN
979.8831375354348 453.8150268643269 0.9975665314737253
948.977120566753 461.86925851648255 0.9975629262415288
918.1937330712349 468.3725893678553 0.9975600109207151
887.58983070839 473.3374575852975 0.9975577826728389
870.5333122998693 478.85953292024993 0.9975553017105628
853.4933655512891 483.5950073591627 0.9975531719377795
836.4993909324668 487.5503601457511 0.9975513914544295
819.5805718577087 490.73302243987 0.9975499577561943
802.7658453534789 493.1513686760919 0.9975488677412516
786.0838729166421 494.8147072728358 0.9975481177184319
781.9110603942654 499.92144756614294 0.9975458134350018
765.3894360709588 500.44082415359225 0.9975455789460603
761.0343219968507 505.0861309545445 0.9975434805765003
744.7511966428566 504.4881379554696 0.9975437508117438
740.2585165509211 508.67896434431975 0.99754185627132
724.2903555360899 506.99475778961056 0.9975426178416106
719.7040952300081 510.74087877662487 0.9975409235533604
714.967528215422 514.4190460677669 0.9975392587455592
699.4885889389018 511.3200243902356 0.9975406615035571
694.7152870195101 514.5665413832351 0.997539191960486
689.8087603039684 517.7426747825804 0.9975377533395839
684.7723717387547 520.845527653211 0.9975363470152965
670.0694947345985 516.065027958887 0.997538513340631
665.0649310899357 518.7561720279316 0.9975372940836256
659.9474168187037 521.3735003573246 0.9975361076309552
654.720457475142 523.9145136709147 0.9975349551694206
649.3876331441003 526.3767751890084 0.9975338378582767
643.9525959936407 528.7579141040701 0.9975327568274067
630.6539709667601 521.8279281501173 0.9975359015715511
625.3416857232056 523.8324901529578 0.997534992379983
619.9436214334144 525.7579716947714 0.9975341187079562
614.463474174844 527.6024289217961 0.9975332814799052
608.9049959519913 529.3639939181094 0.9975324815853449
603.271992135302 531.040877462125 0.9975317198774096
597.5683188645095 532.6313716624759 0.9975309971714517
591.7978804180159 534.1338524695374 0.9975303142436986
585.9646265499898 535.546782059231 0.997529671829976
580.0725497971316 536.8687110860218 0.9975290706244931
569.719847565808 527.200654372807 0.9975334638783664
564.078797584961 528.2214250965706 0.9975330004376055
558.3938879783154 529.1571601153136 0.9975325755196206
552.6690102427111 530.0068527250952 0.9975321896036591
546.9080831249407 530.769587469331 0.9975318431258077
541.115049949103 531.444541520777 0.9975315364782542
535.2938759274958 532.0309859216654 0.9975312700086236
529.4485454568363 532.5282866807337 0.9975310440193896
523.5830594016008 532.9359057261062 0.9975308587673628
517.701432366269 533.2534017130239 0.9975307144632558
511.80768995847836 533.4804306857847 0.9975306112713275
505.90586604460475 533.6167465931779 0.9975305493091041
