0 317.16439032551074
-4.524473421616057 317.1242503132063
-9.045851736121133 317.00386857684117
-13.561041941982646 316.8033599681533
-18.066955247426392 316.52291573995785
-22.56050917181107 316.1628032963422
-27.26167042749813 316.86753117458534
-31.75808305901081 316.34261185691
-36.232770791166914 315.7382794330312
-41.01551417318843 316.1765288489774
-45.47376795071486 315.40560233617214
-50.305857447825474 315.65751867147287
-54.734522575491894 314.71895805419916
-59.60168324335763 314.7799177873022
-64.49844101832755 314.73716005146366
-68.8751574172032 313.5394543089221
-73.78468371210488 313.29922569057896
-78.7119424613116 312.9510344560701
-83.65274893746303 312.49336263255566
-88.60286342126233 311.9248030612971
-93.5579946635217 311.24406068686244
-98.51380341057263 310.4499537192945
-104.24243776847801 310.4641946257825
-109.21745365953211 309.4186524310681
-115.01737273833226 309.13473968879117
-119.99150904156191 307.83107902533067
-125.84012478407372 307.239551296744
-131.71876908307794 306.47860977998715
-137.62093821966283 305.54558436288465
-143.5400356985578 304.4379917488463
-149.46937841805976 303.1535379805029
-156.43642754926344 302.3893265820682
-163.45080670588348 301.38702554742815
-170.5034489598762 300.1428624353812
-177.5851605978003 298.6533395975597
-184.68663018825887 296.9152379868519
-192.95192711886418 295.47513661856476
-202.43617439093794 294.23490037973323
-210.7980957835191 292.1226127632158
-220.39469501520674 290.1364079421108
-231.27099557678855 288.1724580861357
-242.2138572797504 285.7394091910325
-254.47609874409218 283.18212600774723
-268.0895520669363 280.3908474847904
-283.0806475777093 277.2537701738864
-299.4703448019707 273.6572952747778
-318.6051518614159 269.69448438019697
-340.53369628287015 265.13949887741256
-363.93753882862495 259.62855415046306
-392.9110288227314 253.33548562121746
-426.1558465664365 245.7436223662237
-466.47372659506203 236.55205865993554
-516.7158464271056 225.15761822356242
-579.764245938913 210.65403602897314
-662.7383328254529 191.5662627621467
-775.6447453833385 165.42268096589834
-939.8863629979201 127.43106223239165
NaN NaN
NaN NaN
NaN NaN
-1144.8370957117563 -316.86437316318927
-1130.365290862006 -332.7731471443996
-1116.9210467419402 -352.04622020268516
-1105.6583455135678 -371.5853027967244
-1095.6604309546492 -391.5169287295388
-1087.2385940483377 -412.12149228107415
-1080.1354214068724 -433.3660939739268
-1073.1440050405295 -455.1560168910752
-1067.389491677666 -477.1105441000139
-1061.5073192534762 -499.46990047439965
-1056.6304715843594 -522.0648653814054
-1052.662588491124 -544.9977899108467
-1048.2845605313983 -568.3963090270831
-1044.6562363106407 -592.2416540048972
-1040.482449587353 -616.5648113888495
-1036.922361421014 -641.4373016136218
-1033.903007460842 -666.9526779037752
-1030.1593314993477 -692.9972666341397
-1028.0065301235475 -720.0202333979321
-1024.9981554325493 -747.6530561167473
-1022.2445386201535 -776.178781604043
-1019.6621793267523 -805.6720727247395
-1017.1639677135549 -836.2025625563007
-1014.6591881282196 -867.8344820634006
-1013.1345491494845 -901.1274607007697
-1011.3707380786111 -935.7120091368569
-1009.263551565497 -971.6311808332555
-1006.7060601496278 -1008.9209794617387
-1005.6036127977384 -1048.9187840423465
-1003.9796618476531 -1090.48505738438
-1001.751459436035 -1133.6657113871472
-999.724934852939 -1179.264246809522
-971.2416117282138 -1204.4045554955212
-942.1760360202044 -1228.8040891336568
-912.539529168126 -1252.4519410427786
-882.3447055181443 -1275.336524901473
-851.6054072156896 -1297.4458163420002
-820.3364997015905 -1318.7675087539121
-788.5538890424925 -1339.2891982119843
-756.2743315977355 -1358.9984714982336
-723.5154986158711 -1377.883074838867
-690.2957457469255 -1395.9309183542828
-656.6341823178336 -1413.1302200211674
-622.5505491285387 -1429.4695279582543
-588.0652366149734 -1444.9378291758628
-553.199129517247 -1459.5245034485645
-517.9736916386644 -1473.2194789211426
-482.41079447466547 -1486.0131350358197
-446.53280740693305 -1497.8964710741004
-410.3624747935154 -1508.8610400041778
-373.92290309722017 -1518.8989908409412
-337.2375401228951 -1528.0031103166382
-300.3301282230863 -1536.1668203875568
-263.2246719326252 -1543.3841861564006
-225.94542044874217 -1549.6499609613725
-188.51682473466593 -1554.9595735274415
-150.96350498786947 -1559.3091174967217
-113.31023625280088 -1562.6954180307155
-75.58190443438308 -1565.1159872099147
-37.80348228698708 -1566.5690461574152
0 -1567.053517536651
37.80348228698643 -1566.5690461574152
75.58190443438245 -1565.1159872099147
113.31023625280088 -1562.6954180307155
150.96350498786884 -1559.3091174967217
188.51682473466536 -1554.9595735274415
225.94542044874217 -1549.6499609613725
263.22467193262474 -1543.3841861564006
300.3301282230856 -1536.1668203875568
337.2375401228951 -1528.0031103166382
373.9229030972196 -1518.8989908409412
410.362474793515 -1508.8610400041778
446.53280740693305 -1497.8964710741004
482.4107944746651 -1486.0131350358201
517.9736916386638 -1473.2194789211428
553.199129517247 -1459.5245034485645
588.065236614973 -1444.937829175863
622.5505491285383 -1429.4695279582547
656.6341823178336 -1413.1302200211674
690.2957457469253 -1395.9309183542828
723.5154986158711 -1377.883074838867
756.2743315977355 -1358.9984714982336
788.5538890424925 -1339.2891982119843
820.3364997015905 -1318.7675087539121
851.6054072156896 -1297.4458163420002
882.3447055181441 -1275.336524901473
912.5395291681259 -1252.4519410427783
942.1760360202044 -1228.8040891336568
971.2416117282127 -1204.4045554955217
999.724934852938 -1179.2642468095235
1001.751459436035 -1133.6657113871472
1003.9796618476523 -1090.4850573843817
1005.6036127977378 -1048.918784042347
1006.7060601496275 -1008.9209794617389
1009.2635515654968 -971.6311808332557
1011.3707380786115 -935.7120091368568
1013.1345491494845 -901.1274607007697
1014.6591881282196 -867.8344820634006
1017.1639677135548 -836.2025625563011
1019.6621793267523 -805.6720727247395
1022.2445386201529 -776.1787816040435
1024.9981554325493 -747.6530561167473
1028.0065301235475 -720.0202333979321
1030.1593314993477 -692.9972666341397
1033.903007460842 -666.9526779037753
1036.9223614210143 -641.4373016136215
1040.4824495873527 -616.5648113888495
1044.6562363106402 -592.2416540048984
1048.2845605313983 -568.3963090270831
1052.662588491124 -544.9977899108467
1056.6304715843587 -522.0648653814065
1061.5073192534758 -499.46990047440136
1067.389491677666 -477.11054410001356
1073.1440050405279 -455.15601689107757
1080.1354214068724 -433.3660939739268
1087.2385940483377 -412.12149228107415
1095.6604309546492 -391.5169287295388
1105.6583455135678 -371.5853027967244
1116.9210467419402 -352.04622020268516
1130.365290862006 -332.7731471443996
1144.8370957117563 -316.86437316318927
NaN NaN
NaN NaN
NaN NaN
939.8863629979203 127.43106223238985
775.6447453833385 165.42268096589834
662.7383328254529 191.5662627621467
579.764245938913 210.65403602897314
516.7158464271057 225.15761822356194
466.47372659506215 236.5520586599354
426.1558465664365 245.7436223662235
392.9110288227314 253.33548562121746
363.93753882862495 259.62855415046306
340.53369628287015 265.13949887741256
318.6051518614159 269.6944843801969
299.4703448019707 273.6572952747779
283.0806475777094 277.25377017388627
268.0895520669363 280.3908474847904
254.47609874409218 283.18212600774723
242.2138572797504 285.7394091910325
231.27099557678866 288.1724580861355
220.39469501520676 290.1364079421107
210.7980957835191 292.1226127632157
202.43617439093794 294.23490037973323
192.95192711886418 295.47513661856476
184.68663018825887 296.9152379868519
177.58516059780038 298.6533395975596
170.50344895987624 300.1428624353812
163.45080670588348 301.3870255474281
156.43642754926344 302.3893265820682
149.46937841805976 303.1535379805029
143.5400356985578 304.4379917488463
137.62093821966295 305.5455843628846
131.718769083078 306.4786097799864
125.84012478407375 307.239551296744
119.99150904156191 307.83107902533067
115.01737273833226 309.13473968879117
109.21745365953211 309.4186524310681
104.24243776847808 310.4641946257824
98.51380341057266 310.4499537192945
93.55799466352171 311.24406068686244
88.60286342126233 311.9248030612971
83.65274893746303 312.49336263255566
78.7119424613116 312.9510344560701
73.78468371210495 313.29922569057896
68.87515741720324 313.5394543089221
64.49844101832758 314.7371600514636
59.60168324335763 314.7799177873022
54.734522575491894 314.71895805419916
50.305857447825474 315.65751867147287
45.47376795071491 315.4056023361721
41.01551417318847 316.1765288489774
36.23277079116697 315.7382794330312
31.75808305901081 316.34261185691
27.26167042749813 316.86753117458534
22.56050917181107 316.1628032963422
18.066955247426435 316.52291573995785
13.561041941982689 316.8033599681533
9.045851736121177 317.00386857684117
4.524473421616057 317.1242503132063
