-1307.5 -1062.5 0.0000013939644257016443
-87.5 127.5 0.0000014881046547910324
107.5 -977.5 0.000001403628519127159
607.5 -1222.5 0.0000017936125282469423
352.5 -697.5 0.0000014406119967820127
-412.5 182.5 0.000013349545257045752
-622.5 177.5 0.0000014837668500807452
-1067.5 -1227.5 0.0000013889711575327291
167.5 -922.5 0.0000014103571064620172
417.5 -1177.5 0.0000017935268857907413
-857.5 -1267.5 0.000001386758836517456
-482.5 -342.5 0.0000018263706684093876
-377.5 172.5 0.000005935353600445983
1357.5 -1012.5 0.0000017983319901091197
172.5 -1122.5 0.000001794955315677659
347.5 172.5 0.000016423421950483175
-2.5 -1047.5 0.0000013948194805429118
-42.5 -1067.5 0.0000013923578946038012
437.5 182.5 0.00001642095695109057
27.5 112.5 0.0000018263809418587366
287.5 167.5 0.000001825029592633166
802.5 147.5 0.0000018254945788679813
-162.5 -927.5 0.0000018030501615565787
-472.5 -402.5 0.0000018242717355574291
-437.5 -517.5 0.0000018201718660829236
-912.5 -1267.5 0.0000013873677534798108
132.5 -1107.5 0.0000017954166547205047
-447.5 -1177.5 0.0000013832803777681117
-492.5 -262.5 0.0000018290166397694696
147.5 -1117.5 0.000001795209210586938
-877.5 -1267.5 0.000001386997535340195
662.5 172.5 0.000016423326924857918
-1377.5 -992.5 0.0000013979695835994917
-707.5 162.5 0.000005939346426747374
-717.5 162.5 0.000013364109650144299
-977.5 -1252.5 0.0000013880501400967247
12.5 -1037.5 0.0000013958580985048112
-572.5 177.5 0.0000059335798742438615
37.5 -1022.5 0.0000013973537556400878
-267.5 157.5 0.0000014852117184838597
62.5 122.5 0.0000018262036481488778
1422.5 -907.5 0.0000018011124234901581
-802.5 147.5 0.0000014862251658081547
-767.5 157.5 0.0000014856119320736382
-647.5 172.5 0.0000059357028761689505
507.5 -1182.5 0.000001793437572766526
402.5 -1177.5 0.000001793554315528202
757.5 157.5 0.000007300992168984339
-592.5 182.5 0.0000059334810114018645
-712.5 167.5 0.0000014847317576021026
307.5 -767.5 0.0000014310209099182922
-247.5 157.5 0.0000014854719700889651
492.5 -257.5 0.0000014971774038888555
-817.5 142.5 0.000001486534072884274
272.5 162.5 0.00002920175017249517
-1237.5 -1132.5 0.0000013914903106535714
-687.5 -1247.5 0.0000013844957771489244
327.5 -737.5 0.0000014350654966191102
912.5 127.5 0.0000018260792821064568
817.5 147.5 0.0000018255525986403357
-362.5 -682.5 0.0000018138001260562654
-182.5 147.5 0.0000014864115865949131
-167.5 -922.5 0.0000018032383690877135
-457.5 -1177.5 0.0000013832405634243764
-347.5 -1167.5 0.000001383970447928262
-232.5 -1142.5 0.0000013858606311650981
87.5 87.5 0.000001490856660386046
777.5 -1267.5 0.000001794345660109583
-127.5 -1107.5 0.0000013887727380540023
-452.5 187.5 0.00000593195929661942
-487.5 -62.5 0.0000018291946977160507
452.5 -472.5 0.0000014702500544140693
437.5 -517.5 0.0000014641437714296174
712.5 167.5 0.000001825029592633166
137.5 -1112.5 0.0000017953464795875994
-617.5 177.5 0.000013353063805364047
322.5 -742.5 0.0000014343842416868972
392.5 -632.5 0.0000014492187188128132
322.5 172.5 0.000016423879912559487
-557.5 -1192.5 0.0000013832945000299825
447.5 -502.5 0.0000014664271053417922
102.5 -977.5 0.000001403140413545212
-1157.5 72.5 0.0000014919071444924088
-942.5 -1257.5 0.00000138769934989555
-492.5 -107.5 0.0000018297287678991247
-227.5 152.5 0.000005943078835385274
292.5 162.5 0.000007300248995672862
-477.5 -387.5 0.000001824906537943166
-197.5 -897.5 0.0000018045823055905286
-37.5 -1022.5 0.0000017986109236296874
-1357.5 -1012.5 0.0000013965224867997146
-497.5 -1182.5 0.000001383179588128115
1202.5 -1152.5 0.0000017961991221115456
477.5 -372.5 0.0000014825694070216411
1307.5 -1062.5 0.0000017973522238788682
132.5 -952.5 0.0000014066464999185096
872.5 132.5 0.0000018258574724409597
67.5 -1002.5 0.0000013998559816463247
467.5 182.5 0.00001642100590958236
-142.5 77.5 0.0000018272050186127793
-1072.5 92.5 0.0000014907162444092976
652.5 172.5 0.000016423421950483175
-397.5 -1177.5 0.0000013835392269766959
-487.5 -82.5 0.0000018294235908645236
197.5 -1132.5 0.0000017947252739595844
102.5 82.5 0.0000014912095558715673
707.5 162.5 0.000007300248995672862
112.5 127.5 0.0000018259745608804433
-432.5 182.5 0.000013349439808858664
207.5 147.5 0.0000018254711228118586
162.5 142.5 0.000007302741482081589
-262.5 47.5 0.0000018277004994893234
52.5 -1012.5 0.000001398564946734611
-992.5 107.5 0.0000014894324607835136
492.5 -237.5 0.0000014994653906579962
332.5 -1167.5 0.0000017938035582919556
112.5 -967.5 0.0000014046175637041952
-1282.5 -1092.5 0.0000013928824756962315
482.5 -362.5 0.0000014841124583043673
97.5 127.5 0.00000182601070130323
-117.5 -962.5 0.000001801402465720915
272.5 -812.5 0.0000014251590452087505
-737.5 162.5 0.0000059405734173217336
-1417.5 -922.5 0.000001402994524465888
-297.5 167.5 0.000005938380888549968
-1117.5 82.5 0.0000014913690861403658
-312.5 -1162.5 0.0000013844094109122239
-472.5 -2.5 0.0000018284327985644192
202.5 147.5 0.0000018254585260131013
-477.5 -382.5 0.0000018251172047306704
-947.5 117.5 0.0000014885968507089804
-577.5 -1207.5 0.0000013834287454516966
482.5 -337.5 0.0000014871968758540192
1282.5 -1092.5 0.0000017969401941316285
1302.5 -1072.5 0.000001797197960646228
-477.5 -22.5 0.0000018286610847479998
-497.5 -177.5 0.0000018305664485784354
462.5 -432.5 0.000001474859356866545
-2.5 -1042.5 0.0000017978146043056823
462.5 182.5 0.000029193137192180918
-777.5 152.5 0.0000014857590042184572
-972.5 112.5 0.000001489075010747581
-1087.5 -1217.5 0.0000013892134548617305
-782.5 -1267.5 0.0000013857768978872457
312.5 172.5 0.000001824907388222874
197.5 147.5 0.0000018254945788679813
-297.5 -1157.5 0.0000013846671631622543
-1482.5 -772.5 0.000001413656715384377
-482.5 182.5 0.00002372992711382823
-492.5 -267.5 0.0000018288168113509834
457.5 182.5 0.000016421292767763633
-492.5 -137.5 0.000001830109942983289
-352.5 -697.5 0.000001813144487055857
-272.5 162.5 0.000023759807259048494
-332.5 -732.5 0.000001811624002837612
-52.5 -1012.5 0.0000017990495427964191
-492.5 182.5 0.000013347793521535081
-567.5 182.5 0.000013349439808858664
207.5 -887.5 0.0000014154167147468786
-482.5 -362.5 0.0000018257462556921046
-332.5 -727.5 0.0000018118402764057264
-757.5 157.5 0.000005941732874897567
-652.5 172.5 0.00001335666538055122
-887.5 132.5 0.0000014876214275970348
-647.5 177.5 0.000005935239305656386
247.5 -842.5 0.0000014213989990408284
497.5 -187.5 0.0000015030793203481411
352.5 172.5 0.000007299113920911847
-132.5 -952.5 0.0000018019421716925397
1217.5 57.5 0.0000018275116589630856
1002.5 107.5 0.000001826531967342405
477.5 -367.5 0.0000014833409678719195
672.5 167.5 0.0000018249157461024044
-282.5 47.5 0.0000018277681056996125
-497.5 -182.5 0.000001830642415999954
17.5 -1057.5 0.0000017973380084051682
-497.5 182.5 0.000023729304496943497
-1072.5 -1217.5 0.0000013891040972382955
-587.5 182.5 0.000013349545257045752
407.5 17.5 0.0000014949520188159846
357.5 172.5 0.000001824808220687808
-762.5 152.5 0.000001485686966779495
-452.5 -482.5 0.0000018214789281151254
467.5 -422.5 0.0000014763995181383145
492.5 -262.5 0.0000014964132606420101
-222.5 -1142.5 0.00000138598805439292
-92.5 127.5 0.0000014880359146484772
487.5 182.5 0.00001642068974866514
-1192.5 -1157.5 0.000001390701937697745
437.5 -1177.5 0.0000017934829481104485
-162.5 -1122.5 0.000001387654355109972
42.5 -1022.5 0.0000013977497681219464
537.5 -1177.5 0.0000017934536220538194
-492.5 -112.5 0.0000018298050392863113
-337.5 -722.5 0.0000018120568884177915
612.5 177.5 0.00002919441412448448
942.5 -1257.5 0.0000017950532259164012
-302.5 162.5 0.000001484717228094204
-457.5 2.5 0.000001828356727325301
292.5 -787.5 0.0000014283840452358608
462.5 -1177.5 0.0000017934536220538194
707.5 167.5 0.0000018250244432894906
-1017.5 102.5 0.000001489831688438097
-17.5 102.5 0.000001826616072951378
-817.5 -1267.5 0.00000138620442354458
-67.5 -1082.5 0.0000013912801075920403
-432.5 12.5 0.0000018282806119063356
122.5 -1107.5 0.000001795563534608976
867.5 -1267.5 0.0000017947577612362866
267.5 -817.5 0.0000014245238732207755
-177.5 -1127.5 0.0000013871525517041363
82.5 -1087.5 0.000001796131903573636
97.5 -1097.5 0.0000017958771629651515
1487.5 -752.5 0.000001805033814415384
242.5 157.5 0.00000730099216898434
22.5 112.5 0.0000018264164915812958
-237.5 -857.5 0.0000018063723716113674
-252.5 -837.5 0.0000018071878185737042
-282.5 -797.5 0.000001808850276531868
1102.5 82.5 0.0000018270440054387829
-462.5 -447.5 0.0000018227755925599
-487.5 182.5 0.00001334789860740256
42.5 -1067.5 0.0000017967967890631702
-397.5 -617.5 0.0000018164367125576925
487.5 -72.5 0.0000014983953206802821
-1142.5 -1192.5 0.000001389889379899812
257.5 157.5 0.00000730086439915203
327.5 167.5 0.0000018249157461024044
317.5 -752.5 0.000001433030205133975
-72.5 -1082.5 0.0000013910261599564281
192.5 147.5 0.000007302012958486196
-1097.5 87.5 0.0000014910312723160427
-1182.5 -1167.5 0.0000013905069690363458
-347.5 -707.5 0.0000018127086012577168
1182.5 -1167.5 0.0000017960466097732357
-412.5 -587.5 0.0000018175377192512246
392.5 -627.5 0.0000014499495572202779
-382.5 -642.5 0.0000018153362786960374
-207.5 -887.5 0.0000018049743655069606
752.5 -1262.5 0.000001794226115300371
1192.5 -1157.5 0.0000017961199198963726
-332.5 -1167.5 0.0000013841752888546528
-447.5 -502.5 0.0000018208265273447644
-372.5 -1172.5 0.0000013837343710112895
-2.5 107.5 0.000001826531967342405
157.5 -1117.5 0.000001795144048278089
492.5 -137.5 0.000001501108984429446
182.5 142.5 0.0000018255907166426567
382.5 177.5 0.000016422299666109743
-592.5 -1212.5 0.0000013835207795699408
772.5 152.5 0.000007301411218844034
-12.5 112.5 0.0000014893085696840305
-537.5 -1177.5 0.0000013832243874333099
-577.5 177.5 0.000013351222148733158
252.5 -837.5 0.0000014220170673637287
472.5 -402.5 0.0000014787120383987325
502.5 182.5 0.00002919224598586191
497.5 -177.5 0.0000015025871165060343
77.5 122.5 0.000001826151155647789
-112.5 132.5 0.0000014876214275970348
487.5 -62.5 0.0000014981487260599952
-682.5 -1252.5 0.000001384436076129564
372.5 177.5 0.000007298739212467816
-382.5 -1172.5 0.0000013836316774903633
1462.5 -837.5 0.000001802959293806454
932.5 122.5 0.0000018261765889744913
1472.5 -787.5 0.000001804129026084587
377.5 -662.5 0.0000014455944230688972
-467.5 -1177.5 0.0000013832106994192605
672.5 -1247.5 0.0000017938466065785883
-807.5 147.5 0.000005945011967130089
-1462.5 -837.5 0.0000014089889125053638
312.5 -1162.5 0.0000017938897470072674
-492.5 -242.5 0.0000018296122110416219
747.5 157.5 0.000007300858083744279
372.5 -667.5 0.0000014448758482027072
362.5 -1172.5 0.0000017936829782343155
642.5 172.5 0.000001824808220687808
492.5 -162.5 0.000001502094732793182
-187.5 -1132.5 0.0000013868385667012788
-642.5 172.5 0.0000014840211675992865
332.5 167.5 0.0000018248950558791002
317.5 167.5 0.00001642447208408476
587.5 -1212.5 0.0000017935488787564092
-407.5 -592.5 0.0000018173175586188206
-517.5 -1182.5 0.0000013831907885395693
-392.5 -1172.5 0.0000013835841713043693
-267.5 -817.5 0.0000018080141139889893
12.5 -1052.5 0.000001797453159261999
122.5 132.5 0.000001825869646256509
-62.5 -1077.5 0.0000013915402575626045
277.5 -1157.5 0.0000017940899991594609
-727.5 162.5 0.000023759807259048494
-477.5 -7.5 0.0000018285088575190042
282.5 -1157.5 0.0000017940534278180107
-1302.5 -1072.5 0.0000013935607979415276
432.5 12.5 0.0000014951965289935398
-87.5 -987.5 0.0000018001827221092356
-1097.5 -1212.5 0.000001389351875863471
-1217.5 57.5 0.0000014927164005101945
447.5 -492.5 0.000001467190076422925
1212.5 -1147.5 0.0000017962573935350836
1442.5 -882.5 0.00000180183059487058
1327.5 -1042.5 0.0000017976869228087517
417.5 -577.5 0.0000014566068485163727
342.5 -717.5 0.0000014378178452664535
422.5 -1177.5 0.000001793514534551544
412.5 -587.5 0.000001455115878377973
-132.5 -1107.5 0.000001388574693243742
-307.5 -767.5 0.0000018101208612436852
1172.5 -1172.5 0.0000017959972362866823
-632.5 177.5 0.000013353782979231202
1087.5 -1217.5 0.0000017955785886875115
-482.5 -52.5 0.0000018290421436312124
702.5 167.5 0.000007299948254120369
-282.5 -802.5 0.000001808640364753503
-607.5 182.5 0.0000014834076915289042
-962.5 112.5 0.0000014889654885592558
492.5 -232.5 0.0000015002266758178937
1032.5 97.5 0.0000018267056528808797
637.5 172.5 0.000016422969414870985
-232.5 157.5 0.0000014856119320736382
192.5 -897.5 0.0000014136949918973938
-847.5 137.5 0.000001487043097112343
462.5 -442.5 0.000001474089864038793
827.5 147.5 0.0000018255871177604508
-462.5 -1177.5 0.0000013832243874333099
-627.5 -1227.5 0.0000013838347520962552
-217.5 -872.5 0.0000018055687464650396
557.5 -1192.5 0.0000017934792115571445
947.5 117.5 0.000001826232312074939
377.5 177.5 0.0000018247289738885624
-57.5 -1077.5 0.0000013918075611607126
-147.5 137.5 0.000005948509309497604
1132.5 -1197.5 0.0000017957628324889412
-7.5 -1042.5 0.0000017979407381269378
-62.5 -1007.5 0.0000017993573853719684
-452.5 -472.5 0.0000018219124373531697
392.5 -1172.5 0.0000017935860437890465
-102.5 127.5 0.0000014878232444322413
-387.5 22.5 0.0000018281296045141354
172.5 142.5 0.000007302583178564063
-242.5 -847.5 0.0000018067786779873106
747.5 -1262.5 0.0000017941980207269005
-212.5 152.5 0.0000014859248251558322
952.5 117.5 0.000007305153903590709
217.5 -1137.5 0.0000017945181679929628
117.5 132.5 0.0000018259142968696455
492.5 -117.5 0.000001500369044647032
-182.5 -907.5 0.0000018040008017547286
-262.5 -822.5 0.0000018078065766444606
77.5 -1087.5 0.000001796220206332367
7.5 -1047.5 0.0000017975711988251857
112.5 132.5 0.0000018259290042263688
-697.5 -1252.5 0.0000013846269938480623
-437.5 -1177.5 0.0000013833040151880985
407.5 -592.5 0.000001454372738623709
-467.5 182.5 0.00001334891285799835
-457.5 -457.5 0.000001822344691228766
227.5 -862.5 0.0000014183620236815166
267.5 157.5 0.0000018251790700545066
-1057.5 -1232.5 0.0000013888401538258324
-862.5 132.5 0.000001487358065121508
-122.5 132.5 0.0000014874305905968698
862.5 132.5 0.0000018258470859413477
632.5 177.5 0.000016422523788142636
-1347.5 -1022.5 0.0000013958996620262808
-1002.5 107.5 0.0000014895609944104201
587.5 182.5 0.000016421203040895512
492.5 -102.5 0.0000014996288454041947
437.5 -522.5 0.0000014633846708771398
877.5 132.5 0.000001825869646256509
-152.5 137.5 0.000001487043097112343
1472.5 -807.5 0.0000018037280633617526
397.5 -622.5 0.0000014506822862540701
332.5 -727.5 0.0000014364362844096048
-867.5 -1267.5 0.000001386850365156259
-447.5 -487.5 0.0000018212617335854527
-1447.5 -867.5 0.0000014068274522177881
-1057.5 97.5 0.0000014903902627084295
-112.5 -967.5 0.0000018012247716674787
467.5 -417.5 0.0000014771700983437757
-42.5 -1022.5 0.0000017987544359358715
797.5 147.5 0.0000018254585260131013
92.5 -1092.5 0.0000017959595746919166
-642.5 -1232.5 0.000001383979551466451
827.5 142.5 0.000007302583178564064
1272.5 -1097.5 0.0000017968161562987373
457.5 -452.5 0.0000014725522756030122
367.5 -677.5 0.0000014434453280131215
127.5 -957.5 0.0000014061329551303361
-377.5 177.5 0.0000014837668500807452
342.5 -712.5 0.0000014385125654007214
-17.5 -1032.5 0.0000017982005133419955
852.5 137.5 0.000007303101227780161
-1132.5 77.5 0.0000014915360506894752
-1007.5 107.5 0.0000014896940955723471
-352.5 -1167.5 0.0000013839075958208255
-322.5 -1162.5 0.0000013842507007863974
242.5 -847.5 0.0000014207844475365577
492.5 -152.5 0.0000015016020072482145
342.5 32.5 0.0000014942318656233048
-332.5 172.5 0.000005936805500507517
262.5 162.5 0.000007300631126242868
-317.5 -752.5 0.0000018107626015962678
-227.5 -862.5 0.000001805969020849314
27.5 -1027.5 0.0000013969690170605282
287.5 -1157.5 0.0000017940178935277878
837.5 -1272.5 0.000001794638751293765
1072.5 92.5 0.000001826890828546725
492.5 -127.5 0.0000015006157329048169
507.5 182.5 0.000016420656990413436
997.5 -1247.5 0.0000017952512850265312
-1062.5 92.5 0.000001490551268733163
307.5 167.5 0.000029199452743026567
-422.5 -1177.5 0.0000013833898415869592
572.5 -1202.5 0.0000017935090282934618
492.5 -132.5 0.0000015008623826582867
342.5 172.5 0.0000018248623122399854
-922.5 127.5 0.0000014881787806463942
-482.5 -37.5 0.0000018288896516345156
642.5 -1232.5 0.0000017937267218816469
-442.5 182.5 0.000013348120053356497
237.5 157.5 0.0000018252953143653624
-812.5 147.5 0.0000014864318657800031
147.5 137.5 0.000007303101227780162
-492.5 -272.5 0.000001828616337410867
432.5 -1177.5 0.0000017934925647482202
1072.5 -1217.5 0.0000017955425318997667
-192.5 147.5 0.000005945011967130088
-242.5 -852.5 0.0000018065751629211482
-532.5 -1177.5 0.0000013832106994192605
-57.5 97.5 0.000001826789588209015
-117.5 132.5 0.0000014875741421791385
-482.5 -47.5 0.000001828965888312399
-977.5 112.5 0.0000014891893952496363
-112.5 127.5 0.0000014877679061432307
-1132.5 -1197.5 0.0000013897310167663813
-392.5 -632.5 0.0000018157762671898654
1377.5 -992.5 0.000001798887950117569
1482.5 -772.5 0.0000018046011283846107
-1147.5 -1182.5 0.0000013900590757497153
232.5 57.5 0.0000014928937443301176
212.5 -882.5 0.0000014159982717258893
-342.5 -712.5 0.0000018124910662066921
482.5 -32.5 0.000001496916854727158
407.5 177.5 0.0000018246222787888911
-1467.5 -822.5 0.000001410056457082659
232.5 157.5 0.00000182530368515387
1252.5 -1117.5 0.000001796613029391428
322.5 -1162.5 0.0000017938313378559788
-587.5 -1212.5 0.0000013834875021990531
-77.5 -1087.5 0.000001390775554178674
992.5 107.5 0.0000018264920274927057
-342.5 32.5 0.000001827981634772526
477.5 -27.5 0.0000014966707712296937
267.5 -1152.5 0.000001794166025931154
-297.5 -777.5 0.0000018096953192300898
-477.5 182.5 0.000013348332098997609
92.5 -987.5 0.0000014021771176235988
-207.5 147.5 0.0000014861498053734145
-422.5 -562.5 0.0000018184177330948695
-287.5 -792.5 0.0000018090607433360294
1187.5 67.5 0.0000018273782415673893
-707.5 -1257.5 0.00000138476390017924
402.5 177.5 0.000029194424387238475
-232.5 -862.5 0.000001806170319215056
-137.5 -947.5 0.0000018021242364452788
472.5 -412.5 0.0000014779409530120138
-487.5 -317.5 0.0000018271955455819568
147.5 -942.5 0.000001408212109963604
352.5 177.5 0.000007298969468776614
-1437.5 -892.5 0.0000014049042223795976
-482.5 -32.5 0.000001828813436724637
-1172.5 -1172.5 0.0000013903669747796556
877.5 -1267.5 0.000001794808270640341
1337.5 -1032.5 0.0000017978837437619885
272.5 -1152.5 0.000001794127532927172
-592.5 177.5 0.0000014834244964834409
-992.5 -1252.5 0.0000013881648722465153
-1032.5 97.5 0.000001490120041859537
-877.5 132.5 0.0000014874305905968698
-267.5 -1152.5 0.0000013851612635061154
-282.5 162.5 0.000013364109650144299
87.5 127.5 0.0000018260792821064568
1237.5 57.5 0.0000018275818663047643
452.5 -477.5 0.000001469483936061161
-337.5 -1167.5 0.0000013841038089994987
382.5 -647.5 0.000001447037987277678
477.5 -22.5 0.000001496424808200606
337.5 172.5 0.000016423326924857918
-52.5 117.5 0.0000014885968507089804
-307.5 167.5 0.000023752431217935724
182.5 -907.5 0.0000014125665595902515
242.5 -852.5 0.0000014201734438782284
-272.5 -812.5 0.0000018082222680565956
662.5 -1242.5 0.000001793804426901108
807.5 147.5 0.000007302012958486196
-192.5 62.5 0.0000018274424042806372
487.5 -312.5 0.0000014902768391609666
487.5 -82.5 0.0000014988886501225096
317.5 37.5 0.0000014939987665286324
422.5 -562.5 0.0000014581037725189618
-387.5 177.5 0.000023736260346660166
457.5 -462.5 0.0000014710168470184376
-427.5 -552.5 0.0000018188571673940167
792.5 152.5 0.0000018254360292556715
362.5 -682.5 0.0000014427334680934847
-1472.5 -787.5 0.0000014123016997203131
537.5 182.5 0.000029193137192180915
-157.5 72.5 0.0000018272605477633488
527.5 182.5 0.00001642090788802357
-252.5 157.5 0.000005941302253464863
37.5 112.5 0.000001826346901387043
-297.5 42.5 0.0000018278385584755273
117.5 -1102.5 0.0000017956390523968487
1347.5 -1022.5 0.0000017980928690513576
497.5 -217.5 0.000001501749295144077
142.5 77.5 0.000001491728234895747
1042.5 -1232.5 0.0000017954099472658853
387.5 -637.5 0.00000144848981510268
-702.5 167.5 0.000005938380888549969
552.5 182.5 0.00002919208393144257
517.5 -1182.5 0.0000017934412418982846
667.5 167.5 0.0000018248950558791002
387.5 22.5 0.0000014947092391191723
497.5 -202.5 0.0000015034620449306982
-292.5 -787.5 0.000001809271749703711
497.5 -222.5 0.000001500987594329747
-677.5 172.5 0.000013358135239030625
-1022.5 -1242.5 0.0000013885034933710474
492.5 -287.5 0.0000014933497752707215
-882.5 132.5 0.0000014875741421791385
447.5 182.5 0.00002919208393144257
377.5 172.5 0.000007299005080563981
-477.5 -372.5 0.0000018253273868610108
602.5 -1217.5 0.0000017935856159543964
427.5 182.5 0.000007298381749898357
-547.5 -1182.5 0.0000013832639456974881
-607.5 -1222.5 0.00000138366356942554
187.5 -902.5 0.000001413128820536189
-532.5 182.5 0.000013348912857998347
-767.5 -1267.5 0.0000013855266490667755
2.5 -1042.5 0.0000013951578542088635
222.5 -867.5 0.0000014177655128963178
172.5 72.5 0.0000014920926269043235
-47.5 117.5 0.000005955110096289995
-472.5 182.5 0.000013348598396755022
-472.5 -397.5 0.0000018244837926365634
-407.5 -597.5 0.0000018170973633494028
-512.5 182.5 0.00001334789860740256
37.5 -1067.5 0.0000017969003498821687
447.5 -1177.5 0.0000017934742447993488
-807.5 -1272.5 0.000001386117631876428
482.5 -57.5 0.0000014979021915067028
792.5 147.5 0.0000018254711228118586
152.5 -937.5 0.0000014087422384958887
497.5 -167.5 0.0000015023409677311185
487.5 -77.5 0.000001498641965362384
-182.5 142.5 0.000001486534072884274
182.5 147.5 0.0000018255525986403357
717.5 -1257.5 0.0000017940608388706655
647.5 172.5 0.000007299113920911848
452.5 -1177.5 0.0000017934664555777945
-902.5 -1262.5 0.000001387233572510122
17.5 -1032.5 0.00000139622130258197
477.5 -382.5 0.000001481797818167275
-7.5 -1047.5 0.0000013944875106454905
362.5 -687.5 0.0000014420239315275616
-542.5 182.5 0.000013349833154230028
-497.5 -202.5 0.0000018308365045933728
-627.5 177.5 0.000005934500437776748
-202.5 -1132.5 0.0000013865402157847943
-242.5 157.5 0.000005941732874897567
297.5 167.5 0.000007299948254120369
-492.5 -247.5 0.0000018294143412168335
492.5 182.5 0.000016420656990413436
577.5 -1207.5 0.0000017935277104736335
737.5 -1262.5 0.0000017941414679566577
-1162.5 -1177.5 0.000001390186502201951
492.5 -107.5 0.0000014998755911576528
767.5 -1267.5 0.0000017942850478787361
992.5 -1252.5 0.0000017952102587806532
-427.5 -547.5 0.0000018190766931112554
1157.5 72.5 0.0000018272605477633488
-352.5 172.5 0.000005935702876168951
-382.5 177.5 0.000013353063805364047
-907.5 127.5 0.0000014880359146484772
-687.5 172.5 0.0000014843394557085932
937.5 122.5 0.0000018262036481488778
-242.5 -1147.5 0.0000013856140666849188
-1497.5 1997.5 NaN
-207.5 152.5 0.000001486037059052604
207.5 62.5 0.0000014926948570054606
-292.5 162.5 0.000005939346426747374
-1397.5 -957.5 0.000001400371774874021
-347.5 172.5 0.000013356665380551218
472.5 182.5 0.00001642090788802357
977.5 112.5 0.0000018264164915812958
-392.5 182.5 0.0000014834076915289042
847.5 137.5 0.0000018257491021658103
-147.5 -942.5 0.0000018024915278813896
482.5 -47.5 0.0000014974093427187234
57.5 -1077.5 0.0000017965964032446255
-492.5 -132.5 0.0000018300337502573035
487.5 -307.5 0.0000014910458300879203
857.5 -1267.5 0.000001794724274628507
1397.5 -957.5 0.0000017998011607062784
572.5 182.5 0.000007298381749898356
-492.5 -287.5 0.0000018282134788977502
297.5 -1157.5 0.0000017939844475954825
-572.5 -1202.5 0.0000013833769520793784
1237.5 -1132.5 0.00000179641267645518
-487.5 -77.5 0.0000018293472890081115
-232.5 57.5 0.000001827566675221191
-447.5 182.5 0.00002372878461885715
-317.5 167.5 0.00001336003606583003
887.5 127.5 0.0000018259745608804433
-442.5 -507.5 0.0000018206085410048062
-772.5 152.5 0.000005943078835385274
-247.5 -1147.5 0.0000013854949314566743
347.5 -707.5 0.0000014392098579865007
-467.5 -417.5 0.0000018238463070919638
-257.5 -832.5 0.0000018073934135996493
-482.5 -57.5 0.0000018291184144703602
-102.5 -977.5 0.0000018006985005696875
262.5 47.5 0.0000014933251907339035
412.5 182.5 0.000016421203040895512
-1337.5 32.5 0.0000014938061446448632
-102.5 82.5 0.0000018270440054387829
-407.5 17.5 0.0000018282048446333008
1162.5 -1177.5 0.000001795929544074841
-1087.5 87.5 0.000001490856660386046
657.5 172.5 0.0000018248623122399854
-462.5 182.5 0.000023732163525994204
-492.5 -162.5 0.0000018304144179353986
-432.5 -532.5 0.000001819734341602984
-1117.5 -1202.5 0.0000013896158699502688
-1042.5 -1232.5 0.0000013887332485077506
-367.5 -1172.5 0.000001383789555967947
-367.5 177.5 0.000013353782979231202
87.5 -987.5 0.0000014017019586820716
-117.5 -1102.5 0.0000013891831617081572
142.5 -1112.5 0.0000017952773296632164
-432.5 -1177.5 0.000001383330138718906
482.5 -37.5 0.0000014971630485872903
-397.5 177.5 0.00001335289633528912
-207.5 -1137.5 0.0000013863976080532343
-522.5 -1182.5 0.0000013831994997011653
-1142.5 77.5 0.000001491728234895747
387.5 177.5 0.00002919441412448448
-952.5 117.5 0.000005955110096289995
-112.5 -1102.5 0.0000013893944027410336
-442.5 -512.5 0.000001820390316270683
442.5 -507.5 0.0000014656650339707945
-142.5 -942.5 0.0000018023073597770752
-72.5 -1002.5 0.0000017996784415659677
797.5 -1267.5 0.0000017944384666353758
-187.5 -902.5 0.0000018041937386999024
1292.5 42.5 0.000001827750528198648
607.5 182.5 0.000001824617041596922
512.5 182.5 0.00001642068974866514
187.5 67.5 0.0000014922843564431281
17.5 102.5 0.000001489831688438097
717.5 162.5 0.00001642574094448964
-92.5 -1092.5 0.000001390061142401533
-367.5 -672.5 0.000001814238248347461
492.5 -267.5 0.0000014956483971169675
-277.5 -807.5 0.0000018084310234503404
782.5 -1267.5 0.0000017943757509280492
-652.5 -1237.5 0.0000013840843531264418
-77.5 127.5 0.0000014881787806463942
462.5 -447.5 0.0000014733208221352382
1387.5 -967.5 0.0000017994926979162302
-422.5 177.5 0.000013351222148733157
-787.5 152.5 0.0000014859248251558322
337.5 -1167.5 0.0000017937772715903158
1057.5 -1232.5 0.000001795444755406401
-157.5 -932.5 0.0000018028629427772086
382.5 -1172.5 0.0000017936035605318965
1117.5 -1202.5 0.000001795723943018945
-692.5 167.5 0.000023752431217935727
-407.5 177.5 0.0000014834244964834409
-312.5 -762.5 0.0000018103343332070479
-97.5 -982.5 0.0000018005253911984224
-657.5 172.5 0.0000014841947754061183
-887.5 127.5 0.0000014877679061432307
77.5 -997.5 0.0000014007646940363306
572.5 177.5 0.0000072984522999928644
-777.5 -1267.5 0.0000013856952420721558
-572.5 182.5 0.000005933353524290272
-662.5 -1242.5 0.0000013841954602202466
532.5 -1177.5 0.0000017934485788760282
617.5 177.5 0.000016422299666109746
-207.5 62.5 0.0000018275049754514815
-622.5 172.5 0.000005935353600445983
-87.5 -1092.5 0.000001390295575486491
-1412.5 -932.5 0.0000014021163259111943
407.5 -597.5 0.000001453631222316566
-27.5 -1062.5 0.0000013932311300538994
57.5 97.5 0.0000014903902627084295
172.5 -922.5 0.000001410903483662057
-1027.5 102.5 0.0000014899736963538419
142.5 -942.5 0.0000014076860971163935
-492.5 -1182.5 0.000001383180832637521
-257.5 -1152.5 0.0000013852687773464897
-417.5 -577.5 0.0000018179778799870004
322.5 -747.5 0.0000014337057982734313
922.5 127.5 0.0000018261023312900254
342.5 -1167.5 0.0000017937523104625093
687.5 172.5 0.000001824907388222874
227.5 152.5 0.000007301411218844034
932.5 -1262.5 0.0000017950154909308907
-872.5 132.5 0.0000014873914545737112
492.5 -112.5 0.0000015001223274963946
377.5 -1172.5 0.000001793622013987185
432.5 182.5 0.000016421170167854953
-212.5 -1137.5 0.0000013862578326664604
202.5 -892.5 0.0000014148389648393322
-682.5 167.5 0.000013360036065830031
1027.5 102.5 0.0000018266601907704836
-47.5 -1072.5 0.0000013920782795756127
-527.5 182.5 0.00001334859839675502
-707.5 167.5 0.0000014847152269462374
-427.5 182.5 0.000005933353524290272
-332.5 167.5 0.0000014842998734212576
-467.5 -427.5 0.000001823419200386298
452.5 -482.5 0.00000146871853691303
-247.5 -842.5 0.0000018069829016149835
-127.5 -957.5 0.0000018017611792425133
967.5 -1257.5 0.0000017951331463675968
1142.5 77.5 0.0000018272050186127793
487.5 -297.5 0.0000014918143420112
-257.5 157.5 0.000005941322540904887
-562.5 -1197.5 0.0000013833321850183843
187.5 -1132.5 0.000001794781281627475
472.5 -397.5 0.0000014794833109239412
-357.5 172.5 0.0000014840211675992865
1032.5 -1237.5 0.000001795365512348868
727.5 162.5 0.000029201750172495165
157.5 -932.5 0.0000014092764617720814
-1337.5 -1032.5 0.0000013953539941673345
297.5 -777.5 0.0000014296963264876744
432.5 -537.5 0.0000014618697579120984
407.5 -1177.5 0.0000017935401465040208
987.5 112.5 0.0000018264535278032834
-167.5 -1122.5 0.0000013874823947868946
1012.5 -1247.5 0.0000017952876068811264
692.5 167.5 0.000029199452743026564
-667.5 172.5 0.000005936805500507517
-82.5 -1087.5 0.000001390533276959477
-467.5 -422.5 0.0000018236329578953892
1172.5 72.5 0.0000018273181117211543
1322.5 -1052.5 0.0000017975046754374598
-152.5 -937.5 0.000001802676726870503
467.5 -1177.5 0.0000017934485788760282
-752.5 -1262.5 0.0000013853627936859844
707.5 -1257.5 0.000001794009283703494
-32.5 97.5 0.0000018267056528808797
477.5 -7.5 0.0000014959332840378092
-472.5 -392.5 0.0000018246953970263154
452.5 187.5 0.00000729794714478561
62.5 -1077.5 0.0000017964989746942428
-492.5 -232.5 0.0000018300060337163352
-367.5 -677.5 0.0000018140190943294833
-472.5 -412.5 0.0000018240592366980879
-412.5 -582.5 0.000001817757831073048
-197.5 147.5 0.0000014862251658081547
-302.5 -772.5 0.0000018099078514207922
352.5 -1167.5 0.0000017937051617392809
637.5 -1232.5 0.0000017937087533387657
-562.5 182.5 0.000013348755778765965
252.5 -1147.5 0.0000017942458764734144
-987.5 112.5 0.0000014893085696840305
-317.5 -1162.5 0.0000013843287420811706
112.5 -1102.5 0.000001795716164927283
-672.5 -1247.5 0.0000013843127458835176
247.5 52.5 0.0000014931071707531407
207.5 -1137.5 0.0000017946196925871442
-447.5 -492.5 0.000001821044262450793
77.5 127.5 0.0000018261023312900254
-602.5 -1217.5 0.000001383588782691019
-7.5 107.5 0.0000006472022574548461
-247.5 52.5 0.0000018276328785366465
-427.5 177.5 0.000005933579874243862
752.5 157.5 0.0000018252601075795274
-502.5 182.5 0.000013347736924137006
-542.5 -1177.5 0.0000013832405634243764
392.5 182.5 0.000001824617041596922
-197.5 -1132.5 0.0000013866859345704873
-322.5 172.5 0.000013358135239030625
-292.5 167.5 0.0000014847152269462374
182.5 -1127.5 0.0000017948382942979347
542.5 -1177.5 0.0000017934595811284706
1022.5 -1242.5 0.0000017953300061119053
977.5 -1252.5 0.0000017951728292801701
-487.5 -92.5 0.0000018295761915883249
222.5 152.5 0.0000018253494727388442
-342.5 -717.5 0.0000018122738234764954
827.5 -1267.5 0.000001794585539184444
1382.5 -982.5 0.0000017991883475599513
97.5 87.5 0.0000014910312723160427
-552.5 182.5 0.000023728784618857154
22.5 -1032.5 0.0000013965896071168465
-122.5 -962.5 0.000001801581272734319
592.5 -1212.5 0.0000017935611237031894
287.5 -792.5 0.0000014277326084535512
-77.5 122.5 0.000001488335809917982
442.5 182.5 0.00001642075878396237
-1407.5 -947.5 0.000001401255992862711
627.5 177.5 0.000007298739212467816
372.5 -1172.5 0.0000017936414025562738
-402.5 -1177.5 0.000001383498024320595
-82.5 -992.5 0.0000018000131881065687
-512.5 -1182.5 0.0000013831845661368749
-402.5 -612.5 0.0000018166569259634187
-137.5 -1112.5 0.0000013883826103560248
1437.5 -892.5 0.0000018014842073879384
-492.5 -152.5 0.000001830262244847448
422.5 -557.5 0.000001458854354353342
-42.5 97.5 0.00000182675243468364
-492.5 -237.5 0.0000018298094340195431
957.5 -1257.5 0.0000017950943291115833
-477.5 -12.5 0.0000018285849539654804
-112.5 -972.5 0.0000018010482039498768
-137.5 137.5 0.0000014872199602634661
-1237.5 57.5 0.0000014929427161512749
-932.5 122.5 0.0000014884176128481006
407.5 182.5 0.000007298421488247035
67.5 122.5 0.0000018261765889744913
-827.5 147.5 0.0000014865225069691247
-1187.5 67.5 0.000001492286395467803
517.5 182.5 0.000029192440072547648
-612.5 177.5 0.000023736260346660166
-262.5 162.5 0.0000059405734173217336
-487.5 -72.5 0.000001829270990261648
-487.5 -1182.5 0.0000013831845661368749
42.5 97.5 0.0000014902706467055617
1202.5 62.5 0.0000018274418534862987
102.5 127.5 0.000001825991771192962
-1107.5 -1207.5 0.0000013894642523571969
677.5 172.5 0.000016423879912559483
-122.5 -1107.5 0.000001388976389737939
7.5 -1042.5 0.000001395505245971213
137.5 137.5 0.0000018258041249119947
257.5 -832.5 0.0000014226386210449103
-137.5 132.5 0.000001487358065121508
1447.5 -867.5 0.000001802183308477762
1062.5 92.5 0.0000018268395940057919
-492.5 -257.5 0.0000018292158174929324
377.5 -652.5 0.0000014463151504980303
887.5 132.5 0.0000018259290042263688
-1267.5 -1107.5 0.000001392251352534798
332.5 172.5 0.0000072994574755304
-392.5 -627.5 0.0000018159963686135098
-362.5 -1172.5 0.0000013838472980242313
-212.5 -882.5 0.0000018051716685136743
-1272.5 -1097.5 0.0000013925568375354485
177.5 -917.5 0.00000141145386717784
-482.5 -337.5 0.0000018265777289499831
1097.5 -1212.5 0.0000017956298747884398
567.5 182.5 0.000016421170167854953
-357.5 -692.5 0.0000018133628072448136
317.5 -1162.5 0.000001793860068249168
62.5 92.5 0.000001490551268733163
1467.5 -822.5 0.0000018033387310615526
-1202.5 62.5 0.000001492491405468598
-377.5 -1172.5 0.000001383681744444594
-342.5 -1167.5 0.000001384035852845668
-537.5 182.5 0.000023732163525994204
-127.5 132.5 0.0000014873914545737112
-487.5 -307.5 0.0000018276045270674629
-492.5 -292.5 0.000001828011108909225
47.5 117.5 0.000007305153903590708
842.5 142.5 0.0000018257080005981636
-1487.5 -752.5 0.0000014149079829056226
-157.5 142.5 0.0000014869109903513067
-402.5 177.5 0.000023736293302182127
-22.5 112.5 0.0000014891893952496363
422.5 177.5 0.000016421725697120185
622.5 177.5 0.0000018247289738885624
482.5 -1182.5 0.0000017934412418982846
902.5 -1262.5 0.0000017948909422323284
302.5 -772.5 0.000001430357098721668
-342.5 172.5 0.0000014841947754061183
-187.5 147.5 0.0000014864318657800031
-107.5 -977.5 0.0000018008727758530806
-752.5 157.5 0.0000014854719700889651
357.5 -692.5 0.0000014413167604564318
-432.5 -542.5 0.0000018192960730440918
1067.5 -1227.5 0.0000017954933294342332
127.5 132.5 0.0000018258574724409597
-317.5 37.5 0.0000018279093691530382
-487.5 -297.5 0.0000018278081222186913
307.5 -1162.5 0.0000017939203715837516
-477.5 -27.5 0.0000018287372467160507
-352.5 177.5 0.000005935239305656386
477.5 -12.5 0.0000014961789757592238
-547.5 187.5 0.00000593195929661942
222.5 -1142.5 0.0000017944694167516096
787.5 152.5 0.0000018254010932385958
457.5 -457.5 0.0000014717842690062948
247.5 157.5 0.0000018252601075795274
-67.5 122.5 0.0000014884176128481006
-97.5 -1097.5 0.0000013898351626305515
-697.5 162.5 0.000001484717228094204
-967.5 -1257.5 0.0000013879420596458017
-97.5 87.5 0.0000018269886514597543
162.5 -1122.5 0.0000017950800553676762
487.5 -1182.5 0.000001793438948741161
492.5 -157.5 0.0000015018484109654435
-62.5 92.5 0.0000018268395940057919
-22.5 -1032.5 0.0000017983339854323419
302.5 -1162.5 0.0000017939519393500139
2.5 -1047.5 0.0000017976917801448693
-852.5 137.5 0.000005948509309497604
367.5 -1172.5 0.0000017936617245591088
812.5 147.5 0.00000182555890936558
197.5 -897.5 0.0000014142650485334224
-92.5 -987.5 0.0000018003534607427108
-17.5 -1057.5 0.0000013938457160113023
742.5 157.5 0.00000730086439915203
-487.5 -312.5 0.0000018274003319504865
367.5 177.5 0.00001642252378814264
-457.5 -462.5 0.0000018221287273267891
-327.5 -737.5 0.0000018114080831305967
682.5 167.5 0.00001642447208408476
-417.5 182.5 0.000005932795323539602
-557.5 182.5 0.000013348120053356496
402.5 -602.5 0.000001452891374270305
492.5 -282.5 0.0000014941166218485719
602.5 177.5 0.00001642224747117644
-892.5 -1267.5 0.0000013871373557352325
-287.5 167.5 0.0000014847317576021026
-362.5 -687.5 0.0000018135813586428654
-312.5 -757.5 0.000001810548251820285
807.5 -1272.5 0.000001794497526383391
-172.5 72.5 0.0000018273181117211543
-252.5 -1147.5 0.0000013853789802302603
72.5 92.5 0.0000014907162444092976
182.5 -912.5 0.0000014120082337345553
-1102.5 82.5 0.0000014912095558715673
-62.5 122.5 0.0000014885046488381337
1132.5 77.5 0.0000018271453639324744
782.5 152.5 0.0000073016011027263745
-217.5 152.5 0.000005943688801667273
962.5 112.5 0.000001826346901387043
-237.5 157.5 0.0000014855850469189594
-217.5 -1137.5 0.0000013861208930580152
487.5 -87.5 0.0000014991353650004233
-827.5 -1267.5 0.0000013863640417972923
-462.5 -432.5 0.0000018232050459629178
427.5 -552.5 0.0000014596062891057046
907.5 127.5 0.000001826057906805403
492.5 -142.5 0.0000015013555289424973
-462.5 -442.5 0.0000018229905061424752
427.5 -547.5 0.00000146035953149522
-287.5 -1157.5 0.0000013847583222683319
-957.5 -1257.5 0.000001387823611120898
117.5 82.5 0.0000014913690861403658
277.5 -807.5 0.0000014257975388982593
177.5 -1127.5 0.0000017948963072501356
542.5 182.5 0.000016421292767763636
-202.5 147.5 0.0000014861093332313411
-782.5 152.5 0.000005943688801667272
-617.5 -1227.5 0.0000013837452295922453
137.5 132.5 0.0000018258470859413477
82.5 -992.5 0.0000014012311459518126
-932.5 -1262.5 0.00000138759633642241
-497.5 -222.5 0.0000018302020829296462
-517.5 182.5 0.000023729927113828233
-132.5 77.5 0.0000018271453639324744
-187.5 67.5 0.0000018273776088625973
247.5 -1147.5 0.0000017942884957508454
1057.5 97.5 0.000001826789588209015
532.5 182.5 0.00001642100590958236
132.5 77.5 0.0000014915360506894752
-322.5 -742.5 0.000001811192532719341
1452.5 -852.5 0.0000018025430095637353
217.5 152.5 0.000007301601102726374
1222.5 -1137.5 0.0000017963449739460393
697.5 162.5 0.0000018250250661297955
-727.5 -1257.5 0.000001384977472591359
-667.5 167.5 0.0000014842998734212576
207.5 152.5 0.0000018254360292556715
-837.5 -1272.5 0.0000013865171228175302
482.5 -357.5 0.0000014848838361339682
-1172.5 72.5 0.0000014920926269043235
47.5 -1017.5 0.0000013981519319128229
-582.5 182.5 0.000005932795323539602
-72.5 92.5 0.000001826890828546725
-1452.5 -852.5 0.0000014078260752640129
-382.5 -647.5 0.0000018151164211074884
-362.5 27.5 0.0000018280551238481596
-747.5 157.5 0.000005941302253464863
-222.5 152.5 0.0000014857590042184572
92.5 127.5 0.000001826057906805403
482.5 -52.5 0.0000014976557270452475
-12.5 -1052.5 0.0000013941626514170507
-172.5 -922.5 0.0000018034275511755502
-282.5 -1157.5 0.0000013848548820765482
1412.5 -932.5 0.0000018004550475080464
72.5 -1002.5 0.000001400304213070951
482.5 182.5 0.000029192440072547655
472.5 -392.5 0.000001480254727180081
1107.5 -1207.5 0.0000017956674085953197
562.5 -1197.5 0.0000017934928551959025
-1042.5 97.5 0.0000014902706467055617
117.5 -962.5 0.0000014051184686222005
2.5 107.5 0.0000014895609944104201
922.5 -1262.5 0.0000017949725128989391
-77.5 -997.5 0.0000017998448714438192
1087.5 87.5 0.0000018269344326934845
862.5 137.5 0.0000018258041249119947
397.5 -617.5 0.0000014514168616974823
482.5 -342.5 0.0000014864260864628938
682.5 -1252.5 0.000001793890940184876
-397.5 -622.5 0.0000018162165219326317
882.5 132.5 0.0000018259142968696455
112.5 -972.5 0.0000014041209081178992
167.5 -1122.5 0.0000017950170761752974
547.5 187.5 0.000007297947144785611
-837.5 142.5 0.000005947353036434612
-237.5 152.5 0.000001485686966779495
472.5 -2.5 0.00000149568774318091
-487.5 -87.5 0.000001829499892748753
97.5 -982.5 0.0000014026566077373131
-437.5 -522.5 0.0000018199532034812518
27.5 -1062.5 0.0000017971145521827698
522.5 -1182.5 0.00000179344445203699
122.5 -962.5 0.0000014056236051550046
-937.5 122.5 0.0000014885046488381337
487.5 -317.5 0.0000014895074083988946
-492.5 -157.5 0.000001830338348652083
-482.5 -347.5 0.000001826163062853721
232.5 -1142.5 0.0000017944227307889165
-1292.5 42.5 0.000001493486508247309
-87.5 87.5 0.0000018269344326934845
157.5 72.5 0.0000014919071444924088
-302.5 -1162.5 0.0000013845786234800338
282.5 -802.5 0.0000014264393203177004
-27.5 112.5 0.000001489075010747581
-597.5 177.5 0.000023736293302182134
-147.5 -1117.5 0.0000013880075867884239
-797.5 147.5 0.0000014861093332313411
-492.5 -117.5 0.0000018298812954661867
-452.5 -477.5 0.0000018216958335115296
-32.5 -1062.5 0.0000013929324118995648
727.5 -1257.5 0.0000017940867630659833
597.5 177.5 0.00002919442438723847
-792.5 152.5 0.000001486037059052604
1362.5 -1002.5 0.0000017985953578330688
87.5 -1092.5 0.0000017960452050369076
-327.5 167.5 0.0000014843662871644617
-362.5 172.5 0.000013355213043283129
-1292.5 -1082.5 0.0000013931851297709012
1267.5 -1107.5 0.000001796699888133486
-307.5 -1162.5 0.0000013844927053739025
-102.5 -1097.5 0.0000013896131854341451
667.5 172.5 0.0000072994574755304
-1262.5 47.5 0.0000014932103269086621
57.5 -1012.5 0.0000013989855362457242
-47.5 -1017.5 0.000001798900001513999
-797.5 -1267.5 0.000001385951402004405
402.5 -612.5 0.0000014521532391968478
72.5 -1082.5 0.000001796311656843671
-37.5 112.5 0.0000014889654885592558
-507.5 -1182.5 0.000001383180832637521
-172.5 -1122.5 0.000001387313896767956
687.5 -1247.5 0.0000017939129379704987
-437.5 182.5 0.000013348755778765965
-1322.5 -1052.5 0.0000013943645429595446
-182.5 -1127.5 0.0000013869941070255483
-422.5 -557.5 0.0000018186375094926564
-12.5 -1037.5 0.0000017980687060631094
-492.5 -102.5 0.000001829652484321551
217.5 -877.5 0.0000014165836087858795
297.5 42.5 0.0000014937703866449895
-182.5 -912.5 0.000001803808781881253
477.5 -1182.5 0.00000179344445203699
1262.5 47.5 0.0000018276648738240432
737.5 162.5 0.000007300631126242868
412.5 -582.5 0.0000014558605966725474
1407.5 -947.5 0.0000018001336445150149
137.5 -947.5 0.000001407164220430528
-862.5 137.5 0.0000014872199602634661
-847.5 -1267.5 0.0000013866077908299865
837.5 142.5 0.000007302741482081589
1007.5 107.5 0.0000018265733237755873
-157.5 -1117.5 0.0000013878292909875612
732.5 157.5 0.0000018251790700545066
-637.5 172.5 0.00001335521304328313
-1327.5 -1042.5 0.000001394840315285397
-417.5 -572.5 0.0000018181978519739527
-262.5 -827.5 0.0000018075996713978544
-162.5 142.5 0.000005947353036434612
237.5 -1142.5 0.0000017943770127466345
-922.5 -1262.5 0.0000013874673561879695
-172.5 147.5 0.0000014865225069691247
417.5 -572.5 0.0000014573545888429194
312.5 -762.5 0.0000014316877230402597
-1422.5 -907.5 0.0000014038916289468854
397.5 177.5 0.000016422247471176438
-482.5 -1182.5 0.0000013831907885395693
-1212.5 -1147.5 0.0000013910737642679172
-732.5 157.5 0.0000014852117184838597
332.5 -732.5 0.0000014357495239915658
477.5 -387.5 0.000001481026243940354
282.5 -797.5 0.0000014270843550931634
-457.5 182.5 0.00001334983315423003
-312.5 172.5 0.0000014843394557085932
-492.5 -282.5 0.0000018284152242483377
-1252.5 -1117.5 0.0000013920181606708344
-1032.5 -1237.5 0.0000013886126347120788
487.5 -322.5 0.0000014887375774672743
22.5 -1057.5 0.000001797224395614056
592.5 182.5 0.000007298421488247035
1042.5 97.5 0.00000182675243468364
-492.5 -127.5 0.0000018299575334445064
-497.5 -167.5 0.0000018304904511652727
417.5 182.5 0.000007298207760268792
-817.5 147.5 0.0000014864115865949133
187.5 147.5 0.00000182555890936558
652.5 -1237.5 0.0000017937644499315236
902.5 127.5 0.00000182601070130323
232.5 -862.5 0.0000014189622020218433
-67.5 -1002.5 0.0000017995164965446547
-277.5 -1157.5 0.0000013849543133819465
-482.5 -357.5 0.0000018259549219960835
622.5 172.5 0.000007299005080563981
-912.5 127.5 0.0000014881046547910324
-637.5 -1232.5 0.0000013839308559721827
-1202.5 -1152.5 0.0000013909118738603736
432.5 -532.5 0.0000014626266512534498
512.5 -1182.5 0.000001793438948741161
127.5 -1107.5 0.0000017954890576045907
627.5 -1227.5 0.000001793674152709796
-827.5 142.5 0.000005946844280293967
292.5 167.5 0.0000018250244432894906
-1242.5 -1122.5 0.0000013917467540441085
-662.5 172.5 0.00001335636038464283
-417.5 -1177.5 0.0000013834234195083107
7.5 107.5 0.0000006472076010849738
-487.5 -322.5 0.000001826990176871781
-902.5 127.5 0.000001487884114457026
-457.5 -452.5 0.0000018225603169665277
-762.5 157.5 0.0000014855850469189594
-22.5 -1057.5 0.000001393533415296067
347.5 -1167.5 0.000001793728273150271
562.5 182.5 0.00001642095695109057
252.5 157.5 0.000007300858083744279
-377.5 -662.5 0.000001814677053373267
212.5 152.5 0.0000018254010932385958
1142.5 -1192.5 0.0000017958219153149845
617.5 -1227.5 0.0000017936419022347656
-407.5 182.5 0.000005933481011401864
27.5 102.5 0.0000014899736963538419
-432.5 -537.5 0.0000018195152936814014
432.5 -542.5 0.0000014611140362092726
1292.5 -1082.5 0.0000017970544901106867
217.5 -872.5 0.0000014171726984778513
-1472.5 -807.5 0.0000014111588922221353
62.5 -1007.5 0.0000013994159563406808
-897.5 127.5 0.0000014878232444322413
487.5 -332.5 0.0000014879673864608904
-402.5 -602.5 0.0000018168771476908565
-792.5 147.5 0.0000014861498053734145
497.5 -182.5 0.0000015028331979485027
592.5 177.5 0.0000018246222787888911
-737.5 -1262.5 0.000001385129468591028
-492.5 -142.5 0.0000018301861087650555
-117.5 82.5 0.0000018270935327890174
847.5 -1267.5 0.0000017946720590000755
912.5 -1267.5 0.0000017949360383550525
-142.5 -1112.5 0.0000013881935732752503
-487.5 -332.5 0.0000018267842349090218
397.5 -1177.5 0.0000017935694652757776
-842.5 142.5 0.0000014869109903513067
477.5 182.5 0.000016420824878296523
-57.5 -1012.5 0.0000017992016993458433
1242.5 -1122.5 0.0000017965099743204445
427.5 177.5 0.0000072984522999928644
312.5 -757.5 0.0000014323575006935794
12.5 112.5 0.0000018264535278032834
-507.5 182.5 0.000013347793521535081
-452.5 -1177.5 0.0000013832592270148537
492.5 -272.5 0.0000014948828404290121
-37.5 -1067.5 0.000001392642423847526
-192.5 -897.5 0.0000018043875781787804
892.5 -1267.5 0.0000017948557131864312
492.5 -247.5 0.0000014979408068051788
-237.5 -1142.5 0.0000013857359675741435
157.5 142.5 0.000001825708000598164
-27.5 -1027.5 0.000001798471585957337
212.5 -1137.5 0.000001794568435656439
-672.5 167.5 0.0000014843662871644617
237.5 152.5 0.0000018253270453167576
-372.5 -667.5 0.0000018144575730378553
1337.5 32.5 0.0000018278496448762314
-717.5 -1257.5 0.0000013849073120073062
582.5 182.5 0.000007298207760268792
-742.5 157.5 0.000005941322540904888
492.5 -292.5 0.000001492582336354377
262.5 -822.5 0.0000014238920564986854
-377.5 -652.5 0.000001814896674373443
557.5 182.5 0.00001642075878396237
777.5 152.5 0.0000018253494727388442
972.5 112.5 0.0000018263809418587366
487.5 -92.5 0.0000014993821000622483
237.5 -857.5 0.000001419566018656478
367.5 -672.5 0.0000014441594689144326
257.5 -1152.5 0.0000017942054748984636
497.5 182.5 0.000016420639347316644
382.5 -642.5 0.0000014477628900064713
647.5 177.5 0.000007298969468776614
-297.5 -782.5 0.000001809483280162082
-922.5 122.5 0.000001488335809917982
467.5 -427.5 0.0000014756292562962342
767.5 157.5 0.00000182530368515387
-272.5 -1152.5 0.000001385056441339416
-337.5 172.5 0.00001335636038464283
1147.5 -1182.5 0.0000017958854607864216
192.5 62.5 0.0000014924931807050846
-352.5 -702.5 0.0000018129264133056976
242.5 -1147.5 0.0000017943322664775882
1417.5 -922.5 0.0000018007812041736718
762.5 157.5 0.0000018252953143653624
152.5 137.5 0.0000018257491021658103
-497.5 -217.5 0.0000018303978778163065
-372.5 177.5 0.000005934500437776748
897.5 127.5 0.000001825991771192962
337.5 -722.5 0.0000014371257381696314
442.5 -512.5 0.000001464903907568451
362.5 27.5 0.0000014944689387351592
302.5 162.5 0.0000018250250661297955
492.5 -242.5 0.000001498703462409531
52.5 117.5 0.000001826232312074939
-322.5 -747.5 0.0000018109773670536732
162.5 -927.5 0.0000014098147583852513
32.5 -1062.5 0.00000179700582385952
-1222.5 -1137.5 0.000001391305183996191
577.5 177.5 0.000016421725697120188
-997.5 -1247.5 0.0000013882765422667804
282.5 47.5 0.0000014935431867163696
362.5 172.5 0.000016422969414870985
-387.5 -637.5 0.0000018155562323134349
67.5 -1082.5 0.0000017964041872722397
102.5 -1097.5 0.0000017957961363816595
447.5 -487.5 0.0000014679539020003257
32.5 97.5 0.000001490120041859537
172.5 147.5 0.0000018255871177604508
-27.5 102.5 0.0000018266601907704836
-222.5 -867.5 0.0000018057684915890924
-477.5 -1182.5 0.0000013831994997011653
352.5 -702.5 0.000001439909682158936
1017.5 102.5 0.000001826616072951378
-1012.5 -1247.5 0.0000013883881575764716
522.5 182.5 0.000016420824878296526
-477.5 -367.5 0.0000018255370739366391
502.5 -1182.5 0.0000017934371140949196
817.5 -1267.5 0.0000017945294704085938
697.5 -1252.5 0.0000017939600988269195
-427.5 -1177.5 0.0000013833587477442556
817.5 142.5 0.0000018255907166426567
262.5 -827.5 0.0000014232636281948159
-747.5 -1262.5 0.0000013852866626098504
492.5 -1182.5 0.000001793437572766526
-1387.5 -967.5 0.0000013995557621619533
-172.5 142.5 0.000005946844280293967
-177.5 -917.5 0.0000018036176935526931
-522.5 182.5 0.000013348332098997607
282.5 162.5 0.00001642574094448964
457.5 2.5 0.0000014954421924749626
297.5 -782.5 0.0000014290386298906501
-202.5 -892.5 0.0000018047779062734427
922.5 122.5 0.000001826151155647789
762.5 152.5 0.0000018253270453167576
202.5 -1132.5 0.0000017946719345046927
457.5 -1177.5 0.0000017934595811284706
-407.5 -1177.5 0.0000013834594807074366
482.5 -347.5 0.0000014856550594166199
-1382.5 -982.5 0.0000013987552249583429
-497.5 -187.5 0.000001830718386863816
427.5 -1177.5 0.0000017935030938696313
-1362.5 -1002.5 0.0000013972080438850895
47.5 -1072.5 0.0000017966949220463635
1097.5 87.5 0.0000018269886514597543
-97.5 127.5 0.000001487884114457026
-217.5 -877.5 0.000001805369800461355
547.5 -1182.5 0.0000017934681151472632
-1442.5 -882.5 0.0000014058542128243575
1117.5 82.5 0.0000018270935327890174
-602.5 177.5 0.00001335289633528912
