0 229.6993903255084
-4.0033726781579455 229.66080263924678
-8.00400738562492 229.54507379124655
-11.999168012525024 229.35230637342565
-15.986122169380769 229.08267123720023
-19.962143044229784 228.73640729108936
-24.147552040733324 229.4579865488809
-28.13034667425202 228.95287702653346
-32.09390267772255 228.37126050861747
-36.368350904521215 228.83507191954908
-40.32149446039906 228.09248589379246
-44.65200484674851 228.3754461951351
-48.58296573181152 227.47055077131944
-52.95663812685619 227.56770763069485
-57.36446181100244 227.56358282952158
-61.25713339205091 226.40684310650084
-65.68783588226552 226.2098045177397
-70.14182000183743 225.90691216151424
-74.61522538220407 225.49652709821822
-79.1041326374297 224.97711569414687
-83.60456660671889 224.34725122346256
-88.11249966320878 223.60561535832537
-93.40038686458178 223.67377950292598
-97.94208619922036 222.68346745037184
-103.31641629524921 222.4559427236938
-107.87298286677493 221.20967550200007
-113.31233431008924 220.67639117166675
-118.79030023170755 219.97438492270626
-124.30065151767118 219.1008263542211
-129.83706020507856 218.05307010377203
-135.39310546802682 216.82865880400936
-141.9965043170279 216.12453166521254
-148.6571295935393 215.18219190977072
-155.366156814748 213.9977023187884
-162.1146277638102 212.5674009151463
-168.89345939583302 210.88790522963276
-176.84694221837918 209.5056322210434
-186.03041293458529 208.3222865442909
-194.10280146071852 206.2657937418052
-203.42130994672888 204.33413277229354
-214.0311524729284 202.42332377706882
-224.7193714678131 200.04186435353088
-236.73896007079358 197.53447492095842
-250.12191668113 194.79125459064826
-264.8948295991796 191.70026498881725
-281.07880788195996 188.1477777067323
-300.0205006406592 184.2267304375372
-321.7686677529795 179.71116675467323
-345.0049936028382 174.23719067456332
-373.8239423218214 167.97853304026515
-406.9273001260859 160.41842546172353
-447.1168985005022 151.25587216183848
-497.244002881429 139.88761450635127
-560.1907319710546 125.40731306586218
-643.0765631441396 106.33985231327623
-755.9081951833878 80.21355697553425
-920.0885587249832 42.23614940908343
NaN NaN
NaN NaN
NaN NaN
-1048.950483120267 -152.2212774344195
-1041.8803886429012 -172.1833229998643
-1035.9273840285284 -196.07124141155808
-1031.0280752710007 -219.94151967591736
-1026.5575990345337 -243.949467589506
-1023.05706770079 -268.4391715547179
-1020.3638182529379 -293.3772733114157
-1017.3367154719505 -318.6637140906491
-1015.117465445417 -343.8755342990591
-1012.4449439354433 -369.3116387225551
-1010.4810537619044 -394.79673124180835
-1009.183460712213 -420.46390025267647
-1007.2763387470542 -446.4690114117435
-1005.9411613196282 -472.8009012594666
-1003.9047756866853 -499.50267534289816
-1002.3469846467169 -526.6601574287138
-1001.2126358199666 -554.3808930637077
-992.0394327182635 -581.229014107808
-978.5691618595378 -607.1472477663355
-964.4445050417871 -632.6450747661744
-949.6778559817536 -657.7110823733815
-934.2818531845593 -682.3334869295469
-918.2693927022624 -706.5002934712992
-901.6536248100385 -730.1994239574631
-884.4479750268997 -753.4188064298976
-866.6660959489899 -776.1464692330509
-848.3218918674964 -798.3705883124355
-829.4295272300552 -820.079535474297
-810.0033540723326 -841.2619309493803
-790.0579509531578 -861.9066621351212
-769.6081090070307 -882.0029123121035
-748.6687780282983 -901.540181526848
-727.2551150650933 -920.5083007074888
-705.382417118704 -938.8974434750554
-683.0661390527307 -956.6981353798583
-660.3218800893804 -973.9012619173506
-637.1653709893002 -990.4980741143486
-613.6137624879474 -1006.4807494888671
-589.6956318675072 -1021.8476808422666
-565.4263030666247 -1036.5935261614768
-540.8177225482799 -1050.7112787712192
-515.8824021859081 -1064.193819524035
-490.6334923318249 -1077.0340689465145
-465.0846641296043 -1089.2250164646114
-439.25013206095394 -1100.7598345676033
-413.1445037379797 -1111.6318374741065
-386.7828692622616 -1121.8346400155303
-360.1806354507869 -1131.362063885232
-333.35362095054654 -1140.2083080066234
-306.31793911029104 -1148.367884467657
-279.0899906822364 -1155.8356621859236
-251.68644878241957 -1162.6069095253506
-224.12421803671364 -1168.6772926308067
-196.4204082197357 -1174.0428839207264
-168.59232277644824 -1178.700207420058
-140.65742215426357 -1182.6462262469106
-112.63329754099263 -1185.8783323742477
-84.53766273529911 -1188.3944130709963
-56.388316594592006 -1190.192806546181
-28.20312542124667 -1191.272324012157
0 -1191.6322422260153
28.203125421246206 -1191.272324012157
56.38831659459162 -1190.192806546181
84.53766273529911 -1188.3944130709963
112.63329754099209 -1185.8783323742477
140.6574221542631 -1182.6462262469106
168.59232277644824 -1178.700207420058
196.42040821973535 -1174.0428839207264
224.12421803671307 -1168.6772926308067
251.68644878241957 -1162.6069095253506
279.0899906822361 -1155.8356621859236
306.3179391102908 -1148.367884467657
333.35362095054654 -1140.2083080066234
360.1806354507866 -1131.3620638852321
386.78286926226116 -1121.8346400155303
413.1445037379797 -1111.6318374741065
439.25013206095355 -1100.7598345676035
465.084664129604 -1089.2250164646118
490.6334923318249 -1077.0340689465145
515.882402185908 -1064.193819524035
540.8177225482799 -1050.7112787712192
565.4263030666247 -1036.5935261614768
589.6956318675072 -1021.8476808422666
613.6137624879474 -1006.4807494888671
637.1653709893002 -990.4980741143486
660.3218800893802 -973.9012619173506
683.0661390527307 -956.6981353798582
705.382417118704 -938.8974434750554
727.2551150650925 -920.5083007074892
748.6687780282979 -901.5401815268489
769.6081090070307 -882.0029123121035
790.0579509531572 -861.9066621351218
810.0033540723324 -841.2619309493804
829.429527230055 -820.0795354742971
848.3218918674962 -798.3705883124358
866.6660959489902 -776.1464692330509
884.4479750268997 -753.4188064298976
901.6536248100385 -730.1994239574631
918.2693927022623 -706.5002934712996
934.2818531845593 -682.3334869295469
949.677855981753 -657.7110823733819
964.4445050417871 -632.6450747661744
978.5691618595378 -607.1472477663355
992.0394327182635 -581.229014107808
1001.2126358199666 -554.3808930637078
1002.3469846467173 -526.6601574287133
1003.9047756866853 -499.5026753428982
1005.9411613196278 -472.8009012594678
1007.2763387470542 -446.4690114117435
1009.183460712213 -420.46390025267647
1010.4810537619039 -394.79673124180977
1012.444943935443 -369.3116387225569
1015.117465445417 -343.8755342990587
1017.3367154719496 -318.66371409065164
1020.3638182529379 -293.3772733114157
1023.05706770079 -268.4391715547179
1026.5575990345337 -243.949467589506
1031.0280752710007 -219.94151967591736
1035.9273840285284 -196.07124141155808
1041.8803886429012 -172.1833229998643
1048.950483120267 -152.2212774344195
NaN NaN
NaN NaN
NaN NaN
920.0885587249834 42.236149409081634
755.9081951833878 80.21355697553425
643.0765631441396 106.33985231327623
560.1907319710546 125.40731306586218
497.2440028814291 139.8876145063508
447.1168985005023 151.25587216183834
406.9273001260859 160.41842546172333
373.8239423218214 167.97853304026515
345.0049936028382 174.23719067456332
321.7686677529795 179.71116675467323
300.0205006406592 184.22673043753716
281.07880788195996 188.14777770673234
264.8948295991797 191.70026498881714
250.12191668113 194.79125459064826
236.73896007079358 197.53447492095842
224.7193714678131 200.04186435353088
214.0311524729285 202.42332377706862
203.4213099467289 204.33413277229346
194.10280146071852 206.2657937418051
186.03041293458529 208.3222865442909
176.84694221837918 209.5056322210434
168.89345939583302 210.88790522963276
162.1146277638103 212.56740091514618
155.36615681474802 213.9977023187884
148.6571295935393 215.1821919097707
141.9965043170279 216.12453166521254
135.39310546802682 216.82865880400936
129.83706020507856 218.05307010377203
124.3006515176713 219.10082635422106
118.79030023170759 219.97438492270553
113.31233431008927 220.67639117166672
107.87298286677493 221.20967550200007
103.31641629524921 222.4559427236938
97.94208619922036 222.68346745037184
93.40038686458185 223.67377950292587
88.11249966320881 223.60561535832537
83.6045666067189 224.34725122346256
79.1041326374297 224.97711569414687
74.61522538220407 225.49652709821822
70.14182000183743 225.90691216151424
65.68783588226559 226.20980451773968
61.25713339205096 226.40684310650084
57.36446181100247 227.56358282952152
52.95663812685619 227.56770763069485
48.58296573181152 227.47055077131944
44.65200484674851 228.3754461951351
40.32149446039911 228.09248589379243
36.36835090452126 228.83507191954908
32.0939026777226 228.37126050861744
28.13034667425202 228.95287702653346
24.147552040733324 229.4579865488809
19.962143044229784 228.73640729108936
15.986122169380813 229.0826712372002
11.999168012525066 229.35230637342565
8.004007385624964 229.54507379124655
4.0033726781579455 229.66080263924678
