0 201.91639032550927
-3.8378465596477223 201.87829573104787
-7.673068591937888 201.7640448593518
-11.503043352579661 201.57373640803996
-15.325151662237008 201.30753474809057
-19.136779686056904 200.96566973648123
-23.158361494349208 201.69260178542186
-26.978006881446287 201.19378478629778
-30.779203394628187 200.61938390909623
-34.892193160356335 201.09131501255578
-38.684889939945805 200.35773125915264
-42.85607519699465 200.6505525850027
-46.628941793230695 199.7563508108753
-50.84585908984985 199.86500558095054
-55.09837429808741 199.87315241784586
-58.83729046641467 198.72942543043763
-63.11589598337537 198.54610602754371
-67.41954580882799 198.25760272677297
-71.7444826058277 197.86223816378163
-76.08688874138875 197.35843853046387
-80.44288945926388 196.74473527626495
-84.8085561199285 196.01976670248666
-89.95644128334415 196.1050594050789
-94.3604988882978 195.1322910447389
-99.59964189568166 194.92267780536733
-104.02356867007789 193.69464144164937
-109.33291851247064 193.17985795546437
-114.6836101259778 192.49657232098176
-120.06950162409653 191.64190322205607
-125.48435034244464 190.61315381651315
-130.92181876625165 189.4078148303009
-137.40970517267073 188.72277327985964
-143.95796156961822 187.79948004839719
-150.5578404862955 186.6339455758707
-157.2004585106604 185.22245568661384
-163.87680514412128 183.56157600086794
-171.73124113234277 182.19767200065428
-180.81917106021444 181.03239744362202
-188.79959032288775 178.99362769971006
-198.02976410144768 177.07929242423396
-208.5549670164081 175.18536346712992
-219.16229950402123 172.82029128750096
-231.1048101392752 170.32875045809536
-244.4145501468135 167.60079567133317
-259.1181580059996 164.52444569473647
-275.2367902720742 160.98593094982374
-294.1171408411247 157.07814977339822
-315.80801163172015 152.57510831568544
-338.9911262958236 147.1128752175129
-367.76098543329704 140.86514810278618
-400.8194089038569 133.31512762147054
-440.9682589881126 124.16178939185473
-491.0588290492718 112.80184861970837
-553.9732628283231 98.32894224228576
-636.8310598336049 79.26793370010647
-749.6389380610505 53.14712935506538
-913.7998444265208 15.174235924032835
-980.2240840932859 -17.704400145749972
-982.1760383093948 -43.373504480971384
-983.4562575433064 -69.09234586379519
-984.0993034361126 -100
-983.996193273081 -120.6030888072219
-983.254462802727 -146.36465695565627
-981.8380320421703 -172.10433769522544
-979.7473199790244 -197.80499012277156
-976.8234427905376 -224.08317302288847
-972.9678987361565 -250.8683800169899
-968.2998348389795 -277.538101846117
-962.8801869763572 -303.93555724796676
-956.744410143967 -330.02176385394785
-949.9159157330407 -355.78927038072396
-942.4119580930587 -381.2378877147912
-934.246482670613 -406.3675026786633
-925.4316344971056 -431.176109881411
-915.9785606810785 -455.65958469479676
-905.8978945060813 -479.8119201611305
-895.2000424826145 -503.625590552884
-883.8953811826989 -527.0918840703043
-871.9943422225064 -550.2012277922212
-859.5075015606031 -572.9434137295251
-846.4456157996738 -595.3078009596734
-832.8196532045539 -617.2834677443997
-818.6408108459759 -638.8593343695549
-803.9205154779811 -660.02426455631
-788.6704484675848 -680.7671349302525
-772.9025015373944 -701.0769146183437
-756.6288048704184 -720.9427017917745
-739.8617389722904 -740.3537639573168
-722.6138654184754 -759.2995846996241
-704.897968720906 -777.7698782946653
-686.7270452395182 -795.7546155655224
-668.1142519083671 -813.2440429289088
-649.0729572543138 -830.2286954817466
-629.6166763293348 -846.6994084266337
-609.7590906530398 -862.6473264395993
-589.5140365476622 -878.0639122352482
-568.8954939507572 -892.9409530368424
-547.9175394629045 -907.270551475074
-526.5944319261563 -921.0451602476115
-504.94048612158304 -934.2575431564836
-482.97015410985586 -946.9008096425749
-460.6979785420342 -958.9684011038419
-438.13858640987075 -970.4540898889959
-415.30668804661326 -981.3519820590053
-392.21706972587447 -991.656516640499
-368.8845868075545 -1001.3624646220285
-345.32624963133253 -1010.4673518871332
-321.5574962535382 -1018.9680002344896
-297.5920978828444 -1026.8595931232169
-273.44409672725 -1034.1375527007497
-249.12780034946914 -1040.7975839787182
-224.65776832367018 -1046.8357178401877
-200.04877314199905 -1052.248309720307
-175.31577563023387 -1057.0320483562414
-150.47391525426278 -1061.1840012670236
-125.53847529257199 -1064.701602408036
-100.52485842464837 -1067.5826420598005
-75.44858044563935 -1069.8253332645033
-50.32523461181351 -1071.4282675850243
-25.17047591099106 -1072.3904371787653
0 -1072.7112273739626
25.17047591099064 -1072.3904371787653
50.32523461181314 -1071.4282675850243
75.44858044563935 -1069.8253332645033
100.52485842464789 -1067.5826420598005
125.53847529257158 -1064.701602408036
150.47391525426278 -1061.1840012670236
175.31577563023356 -1057.0320483562414
200.0487731419985 -1052.248309720307
224.65776832367018 -1046.8357178401877
249.12780034946877 -1040.7975839787182
273.44409672724976 -1034.1375527007497
297.5920978828444 -1026.8595931232169
321.557496253538 -1018.9680002344899
345.3262496313322 -1010.4673518871332
368.8845868075545 -1001.3624646220285
392.2170697258742 -991.6565166404993
415.306688046613 -981.3519820590058
438.13858640987075 -970.4540898889959
460.69797854203404 -958.9684011038419
482.97015410985586 -946.9008096425749
504.94048612158304 -934.2575431564836
526.5944319261563 -921.0451602476115
547.9175394629045 -907.270551475074
568.8954939507572 -892.9409530368424
589.5140365476619 -878.0639122352482
609.7590906530398 -862.6473264395992
629.6166763293348 -846.6994084266337
649.072957254313 -830.2286954817469
668.1142519083667 -813.2440429289095
686.7270452395182 -795.7546155655224
704.8979687209053 -777.7698782946659
722.6138654184754 -759.2995846996242
739.8617389722903 -740.3537639573169
756.6288048704182 -720.9427017917748
772.9025015373945 -701.0769146183437
788.6704484675848 -680.7671349302525
803.9205154779811 -660.02426455631
818.6408108459758 -638.8593343695553
832.8196532045539 -617.2834677443997
846.4456157996734 -595.3078009596737
859.5075015606031 -572.9434137295251
871.9943422225064 -550.2012277922212
883.8953811826989 -527.0918840703043
895.2000424826145 -503.6255905528841
905.8978945060815 -479.81192016113016
915.9785606810785 -455.6595846947968
925.4316344971052 -431.1761098814121
934.246482670613 -406.3675026786633
942.4119580930587 -381.2378877147912
949.9159157330404 -355.78927038072555
956.7444101439668 -330.0217638539498
962.8801869763572 -303.9355572479663
968.2998348389791 -277.53810184611945
972.9678987361565 -250.8683800169899
976.8234427905376 -224.08317302288847
979.7473199790244 -197.80499012277156
981.8380320421703 -172.10433769522544
983.254462802727 -146.36465695565627
983.996193273081 -120.6030888072219
984.0993034361126 -100
983.4562575433064 -69.09234586379519
982.1760383093949 -43.3735044809709
980.2240840932859 -17.704400145749972
913.7998444265211 15.174235924031038
749.6389380610505 53.14712935506538
636.8310598336049 79.26793370010647
553.9732628283231 98.32894224228576
491.0588290492719 112.8018486197079
440.9682589881127 124.16178939185458
400.8194089038569 133.31512762147034
367.76098543329704 140.86514810278618
338.9911262958236 147.1128752175129
315.80801163172015 152.57510831568544
294.1171408411247 157.07814977339817
275.2367902720742 160.98593094982377
259.11815800599965 164.52444569473636
244.4145501468135 167.60079567133317
231.1048101392752 170.32875045809536
219.16229950402123 172.82029128750096
208.55496701640823 175.18536346712972
198.0297641014477 177.07929242423387
188.79959032288775 178.99362769970998
180.81917106021444 181.03239744362202
171.73124113234277 182.19767200065428
163.87680514412128 183.56157600086794
157.2004585106605 185.22245568661373
150.55784048629553 186.6339455758707
143.95796156961822 187.79948004839716
137.40970517267073 188.72277327985964
130.92181876625165 189.4078148303009
125.48435034244464 190.61315381651315
120.06950162409665 191.64190322205602
114.68361012597784 192.49657232098102
109.33291851247067 193.17985795546434
104.02356867007789 193.69464144164937
99.59964189568166 194.92267780536733
94.3604988882978 195.1322910447389
89.95644128334422 196.10505940507878
84.80855611992853 196.01976670248666
80.4428894592639 196.74473527626495
76.08688874138875 197.35843853046387
71.7444826058277 197.86223816378163
67.41954580882799 198.25760272677297
63.11589598337543 198.5461060275437
58.83729046641472 198.72942543043763
55.098374298087435 199.8731524178458
50.84585908984985 199.86500558095054
46.628941793230695 199.7563508108753
42.85607519699465 200.6505525850027
38.684889939945855 200.35773125915262
34.89219316035638 201.09131501255578
30.77920339462824 200.6193839090962
26.978006881446287 201.19378478629778
23.158361494349208 201.69260178542186
19.136779686056904 200.96566973648123
15.325151662237053 201.30753474809055
11.503043352579704 201.57373640803996
7.673068591937932 201.7640448593518
3.8378465596477223 201.87829573104787
