0 77.75039032551105
-3.0980878571699324 77.71449942527002
-6.194058180645225 77.60685383038799
-9.285794872330017 77.42753483434308
-12.371184704384646 77.1766778461437
-15.448118752000333 76.85447227020573
-18.73753460803995 77.60532666971595
-21.828043856808318 77.13463181141736
-24.903633759070583 76.59247861247044
-28.295043735816993 77.10069772451166
-31.370682083105336 76.4073463487892
-34.829821700563826 76.74423793231226
-37.89614345043738 75.89782753086565
-41.4125009244635 76.05786802530308
-44.97092146259058 76.12085847924789
-48.0226838111021 75.03528717445143
-51.62154729944655 74.91328067629739
-55.253332748713575 74.68908401842309
-58.9147432842444 74.36084811111661
-62.602416020810665 73.92681960140919
-66.31292492372421 73.3853430184211
-70.04278374131785 72.73486283318283
-74.56498078447969 72.89670538753774
-78.35389880738464 72.0023421701842
-82.98887235687357 71.87277780000709
-86.82001386508618 70.72621761637832
-91.54836889842208 70.2941169151549
-96.33025434481519 69.69449624907715
-101.15991814910858 68.92424675485184
-106.03149885758906 67.98044152037104
-110.9390312842441 66.86033929347782
-116.91067689788927 66.26059382926752
-122.9567415120931 65.42242210003909
-129.06882183321153 64.34160062604099
-135.23836876201565 63.014181949224636
-141.45669601918732 61.43649969453907
-148.86847825400721 60.15468928731033
-157.52942342413735 59.07017701841045
-165.09881955875517 57.11061403009984
-173.93421353364775 55.273709634140296
-184.08115053171252 53.4552198597489
-194.32699023374158 51.163384498574146
-205.92502896384738 48.74267322900699
-218.90755403048547 46.08294222945583
-233.30142816981234 43.07201872612809
-249.12802021308121 39.595949147342935
-267.7342242061681 35.747455941073966
-289.16902995399306 31.300378008113803
-312.114336602746 25.890625890941855
-340.664807733966 19.691748752571502
-373.52241356500633 12.186808878615533
-413.4891540068159 3.0746540494591743
-428.54799935069946 -7.88863580410581
-430.8370738812319 -19.12815794137027
-432.831649485296 -30.4250566113676
-434.5302564126662 -41.77162907341662
-435.93162583616134 -53.16013420052907
-437.03469101094146 -64.58279943107239
-437.83858831645546 -76.03183284017167
-438.34265828794645 -87.49947403374698
-438.5496130166982 -100
-438.4496979656658 -110.45796879693926
-438.05237717586584 -121.93404010220917
-437.35464234731296 -133.39705580642303
-436.3568624199181 -144.83923707341526
-435.0596125009209 -156.25274090233395
-433.4636739531841 -167.62972679513828
-431.5700341824627 -178.96237045055997
-429.3798862614265 -190.24287121790832
-426.8943816886119 -201.46395329482016
-424.09525068507276 -212.65273346953498
-420.97868975630075 -223.79819094351643
-417.5540868030828 -234.8712547996106
-413.8288926120034 -245.85290758363763
-409.80936637176325 -256.7294852535205
-405.50103906156994 -267.49028642734464
-400.9089968900449 -278.12631831325865
-396.03808186157204 -288.6295950129742
-390.8929854812545 -298.9927777947607
-385.4783472950288 -309.208936645413
-379.798801973717 -319.271428354837
-373.859021153367 -329.1738182762676
-367.66374154622025 -338.9098361918633
-361.2177768147348 -348.4733547541379
-354.5260529758391 -357.85836732293825
-347.5935751397044 -367.0589981647099
-340.4254654507994 -376.0694864438397
-333.02698488940166 -384.8841860772093
-325.40347403817975 -393.4975813110359
-317.56040388909173 -401.90427744486016
-309.5033738003615 -410.09900823054215
-301.23806881019453 -418.07664083488123
-292.7703187785803 -425.8321782868031
-284.10604106826423 -433.36076301186193
-275.25126782477986 -440.6576805295753
-266.2121412487333 -447.7183641578886
-256.9949088947821 -454.53839909496673
-247.60588243396455 -461.11351199993993
-238.05152956400053 -467.4396056963557
-228.33835188947143 -473.51272042112055
-218.47297173237976 -479.32906989003607
-208.46208937095193 -484.88502923294084
-198.3124806049275 -490.17713612210906
-188.03099922910977 -495.20209604937065
-177.6245726180458 -499.9567843021281
-167.10019733325132 -504.43824772705676
-156.46493242198733 -508.6437037159487
-145.72588879505528 -512.5705324140234
-134.89025702917638 -516.2163156134374
-123.96526044788178 -519.5787889839751
-112.95817337700711 -522.6558663194755
-101.87632309633156 -525.4456536072541
-90.72706762387304 -527.9464197990155
-79.5178048189458 -530.1566183180004
-68.25596935153995 -532.074895848225
-56.949015404282946 -533.7000574215328
-45.60442568811841 -535.0310980467879
-34.22970534468554 -536.067205947977
-22.832372510293197 -536.8077407140808
-11.419957768766816 -537.2522446940434
0 -537.4004432116833
11.419957768766613 -537.2522446940434
22.83237251029304 -536.8077407140808
34.22970534468554 -536.067205947977
45.6044256881182 -535.0310980467879
56.94901540428275 -533.700057421533
68.25596935153995 -532.074895848225
79.51780481894565 -530.1566183180004
90.72706762387278 -527.9464197990155
101.87632309633156 -525.4456536072541
112.95817337700689 -522.6558663194755
123.96526044788159 -519.5787889839752
134.89025702917638 -516.2163156134374
145.7258887950551 -512.5705324140235
156.46493242198719 -508.6437037159487
167.10019733325132 -504.43824772705676
177.62457261804565 -499.9567843021281
188.03099922910965 -495.20209604937065
198.3124806049275 -490.17713612210906
208.4620893709519 -484.8850292329409
218.4729717323797 -479.3290698900361
228.33835188947143 -473.51272042112055
238.05152956400053 -467.4396056963557
247.60588243396455 -461.11351199993993
256.9949088947821 -454.53839909496673
266.2121412487331 -447.7183641578886
275.25126782477975 -440.65768052957543
284.10604106826423 -433.36076301186193
292.77031877858025 -425.8321782868032
301.23806881019453 -418.0766408348814
309.5033738003615 -410.09900823054215
317.56040388909156 -401.9042774448603
325.40347403817975 -393.49758131103596
333.02698488940155 -384.88418607720945
340.42546545079927 -376.06948644383976
347.59357513970446 -367.0589981647099
354.5260529758391 -357.85836732293825
361.2177768147348 -348.4733547541379
367.66374154622014 -338.9098361918635
373.85902115336694 -329.1738182762676
379.7988019737166 -319.2714283548373
385.4783472950288 -309.208936645413
390.8929854812545 -298.9927777947607
396.03808186157204 -288.6295950129742
400.9089968900449 -278.1263183132587
405.5010390615699 -267.490286427345
409.80936637176325 -256.7294852535206
413.82889261200324 -245.85290758363791
417.5540868030828 -234.8712547996106
420.97868975630075 -223.79819094351643
424.09525068507264 -212.6527334695355
426.8943816886119 -201.46395329482056
429.3798862614265 -190.24287121790852
431.5700341824626 -178.96237045056031
433.4636739531841 -167.62972679513828
435.0596125009209 -156.25274090233395
436.3568624199181 -144.83923707341526
437.35464234731296 -133.39705580642303
438.05237717586584 -121.93404010220917
438.4496979656658 -110.45796879693926
438.5496130166982 -100
438.34265828794645 -87.49947403374698
437.8385883164555 -76.0318328401718
437.03469101094146 -64.58279943107239
435.93162583616146 -53.16013420053004
434.5302564126662 -41.77162907341662
432.831649485296 -30.4250566113676
430.8370738812319 -19.12815794137027
428.5479993506995 -7.888635804106223
413.489154006816 3.0746540494590358
373.52241356500633 12.18680887861532
340.664807733966 19.691748752571502
312.114336602746 25.890625890941855
289.16902995399306 31.300378008113803
267.7342242061681 35.747455941073895
249.12802021308121 39.59594914734295
233.3014281698124 43.072018726127965
218.90755403048547 46.08294222945583
205.92502896384738 48.74267322900699
194.32699023374158 51.163384498574146
184.08115053171264 53.45521985974871
173.93421353364778 55.27370963414021
165.09881955875517 57.110614030099775
157.52942342413735 59.07017701841045
148.86847825400721 60.15468928731033
141.45669601918732 61.43649969453907
135.23836876201574 63.0141819492245
129.06882183321156 64.34160062604099
122.95674151209312 65.42242210003906
116.91067689788927 66.26059382926752
110.9390312842441 66.86033929347782
106.03149885758906 67.98044152037104
101.15991814910869 68.92424675485178
96.33025434481523 69.69449624907641
91.54836889842211 70.29411691515489
86.82001386508618 70.72621761637832
82.98887235687357 71.87277780000709
78.35389880738464 72.0023421701842
74.56498078447976 72.89670538753764
70.04278374131788 72.73486283318283
66.31292492372422 73.3853430184211
62.602416020810665 73.92681960140919
58.9147432842444 74.36084811111661
55.253332748713575 74.68908401842309
51.62154729944661 74.91328067629738
48.02268381110215 75.03528717445143
44.97092146259061 76.12085847924783
41.4125009244635 76.05786802530308
37.89614345043738 75.89782753086565
34.829821700563826 76.74423793231226
31.370682083105383 76.40734634878918
28.29504373581704 77.10069772451165
24.903633759070637 76.59247861247043
21.828043856808318 77.13463181141736
18.73753460803995 77.60532666971595
15.448118752000333 76.85447227020573
12.37118470438469 77.17667784614369
9.28579487233006 77.42753483434306
6.1940581806452695 77.60685383038799
3.0980878571699324 77.71449942527002
