0 295.89839032550964
-4.397774417324281 295.8586277414985
-8.792540560706367 295.7393772956378
-13.181292202271381 295.5407508588475
-17.56102720492118 295.26293472360055
-21.928749564320718 294.9061893656527
-26.504512231500414 295.6150144420611
-30.876045192912596 295.09491162364145
-35.22645775966279 294.49610228278215
-39.88561565296346 294.9405667720178
-44.22105831777533 294.17653088743725
-48.93119524677931 294.4359951674227
-53.23884993114608 293.50561981287154
-57.98602521503179 293.57538041589123
-62.76390489733086 293.54201578573657
-67.02293196795033 292.35427040872554
-71.81603835739884 292.1245428956141
-76.6282264123414 291.7873655060212
-81.45539026912556 291.3411908555795
-86.29336809342851 290.7845810347743
-91.1379454889265 290.11620897419266
-95.98485897003711 289.3348596864321
-101.60633127419736 289.3622113410089
-106.47599176722102 288.33009765144783
-112.17243430903363 288.05989493649366
-117.04504385396665 286.7701887569123
-122.7941521982422 286.1928221682946
-128.57537665647087 285.4462100107659
-134.38228027643373 284.52764319999466
-140.20833185308442 283.43459903514196
-146.04691205373803 282.164743827786
-152.92554425358264 281.41514115130246
-159.85391266288215 280.4274189374879
-166.82300930106072 279.19776468154294
-173.8236977126733 277.7226407806601
-180.84672199559063 275.998788453725
-189.03620529992273 274.5727473140694
-198.44732258586396 273.3463432903306
-206.73884775209308 271.24762147173556
-216.2678327632631 269.27467829297876
-227.0793474495755 267.3236489600096
-237.96029602351467 264.90314338740467
-250.16353953725095 262.35799123370566
-263.7209505221526 259.57839744778204
-278.6589977162629 256.452525775948
-294.99867700181125 252.86674590529225
-314.08653078029073 248.91408930394246
-335.97121875795557 244.36868871423673
-359.33433175411994 238.86673244259703
-388.27024700682387 232.58203048388788
-421.4806705691748 224.99788821689424
-461.7673605485416 215.81337802118253
-511.981515839532 204.4253035942797
-575.0051954839827 189.9273818183344
-657.9578241186238 170.84454728046032
-770.8460547464878 144.7051684662809
-935.0727792139119 106.71700499692052
NaN NaN
NaN NaN
NaN NaN
-1127.0416635054482 -280.18440744858015
-1113.4990701255283 -296.83611532386897
-1101.0671270284938 -316.9518779921877
-1090.7241746771906 -337.28721242171605
-1081.5714494797655 -357.9771163105544
-1073.9390333230551 -379.31445010436204
-1067.5731832735382 -401.26584431750337
-1061.268922565606 -423.73453713530387
-1056.1468303066447 -446.33011233661887
-1050.8547160500837 -469.3027708621586
-1046.5264512739323 -492.48072666041554
-1043.0722274168745 -515.9712855218436
-1039.178521649188 -539.9068403974674
-1036.0073229707225 -564.2693521179672
-1032.2661232625896 -589.0915889572275
-1029.1168520993904 -614.4474450148739
-1026.489058681032 -640.4329123605702
-1023.1175359856261 -666.9326530035206
-1021.3230561590907 -694.404166966033
-1018.6560195858902 -722.4724723078273
-1016.2300002639626 -751.425454470543
-1013.96237231098 -781.3386922757559
-1011.7667128840783 -812.2825024110767
-1009.5528481058038 -844.3216001888634
-1008.3106552565744 -878.022198478439
-1006.8183264575348 -913.009015218938
-1004.9718900506424 -949.3250279543414
-1002.6646246525384 -987.006084641406
-1001.8068946471248 -1027.4025701813885
-990.6364931614904 -1062.3941496900866
-964.9279814426204 -1087.4100032091533
-938.6649134115905 -1111.737137803094
-911.8543959819814 -1135.3688717653874
-884.50511846979 -1158.2971218675773
-856.627201342778 -1180.5127551674398
-828.232023516846 -1202.0058667780975
-799.3321576803024 -1222.7660277315929
-769.9411664058341 -1242.7824459899643
-740.0736201342648 -1262.044155660013
-709.74490767547 -1280.5401085855897
-678.9713016144794 -1298.2593459786915
-647.7697288693887 -1315.1910053220959
-616.1578409212025 -1331.3244662619832
-584.1538927432024 -1346.6493745229118
-551.7767620669777 -1361.1557519170344
-519.0457953369059 -1374.8339513273945
-485.98089362956455 -1387.67481305735
-452.60234268916935 -1399.669568514805
-418.93090436493765 -1410.8100091489023
-384.9876951573155 -1421.0884207588788
-350.79417475363283 -1430.4976261277254
-316.37212671130465 -1439.0310268819835
-281.7436131644879 -1446.682601162009
-246.93094397710314 -1453.4469116483842
-211.95666075212162 -1459.3191506787591
-176.84349551159448 -1464.2951274527916
-141.61433975274207 -1468.3712575943896
-106.29223164674563 -1471.5446296936084
-70.90031368252487 -1473.8129607487695
-35.46181027768321 -1475.174618261863
0 -1475.6286127373232
35.46181027768263 -1475.174618261863
70.90031368252434 -1473.8129607487695
106.29223164674563 -1471.5446296936084
141.61433975274144 -1468.3712575943896
176.84349551159397 -1464.2951274527916
211.95666075212162 -1459.3191506787591
246.93094397710274 -1453.4469116483842
281.74361316448716 -1446.682601162009
316.37212671130465 -1439.0310268819835
350.7941747536324 -1430.4976261277254
384.98769515731516 -1421.0884207588788
418.93090436493765 -1410.8100091489023
452.602342689169 -1399.6695685148054
485.98089362956404 -1387.6748130573503
519.0457953369059 -1374.8339513273945
551.7767620669772 -1361.1557519170346
584.1538927432019 -1346.6493745229122
616.1578409212025 -1331.3244662619832
647.7697288693885 -1315.1910053220959
678.9713016144794 -1298.2593459786915
709.74490767547 -1280.5401085855897
740.0736201342648 -1262.044155660013
769.9411664058341 -1242.7824459899643
799.3321576803024 -1222.7660277315929
828.2320235168457 -1202.0058667780975
856.6272013427779 -1180.5127551674395
884.50511846979 -1158.2971218675773
911.8543959819802 -1135.368871765388
938.6649134115896 -1111.7371378030953
964.9279814426204 -1087.4100032091533
990.6364931614896 -1062.394149690088
1001.8068946471242 -1027.402570181389
1002.6646246525381 -987.0060846414061
1004.9718900506422 -949.3250279543416
1006.8183264575351 -913.0090152189379
1008.3106552565744 -878.022198478439
1009.5528481058038 -844.3216001888634
1011.7667128840782 -812.2825024110772
1013.96237231098 -781.3386922757559
1016.2300002639619 -751.4254544705434
1018.6560195858902 -722.4724723078273
1021.3230561590907 -694.404166966033
1023.1175359856261 -666.9326530035206
1026.489058681032 -640.4329123605703
1029.1168520993906 -614.4474450148734
1032.2661232625896 -589.0915889572275
1036.007322970722 -564.2693521179683
1039.178521649188 -539.9068403974674
1043.0722274168745 -515.9712855218436
1046.5264512739316 -492.48072666041674
1050.8547160500832 -469.30277086216034
1056.1468303066447 -446.3301123366185
1061.268922565605 -423.73453713530637
1067.5731832735382 -401.26584431750337
1073.9390333230551 -379.31445010436204
1081.5714494797655 -357.9771163105544
1090.7241746771906 -337.28721242171605
1101.0671270284938 -316.9518779921877
1113.4990701255283 -296.83611532386897
1127.0416635054482 -280.18440744858015
NaN NaN
NaN NaN
NaN NaN
935.0727792139121 106.71700499691872
770.8460547464878 144.7051684662809
657.9578241186238 170.84454728046032
575.0051954839827 189.9273818183344
511.98151583953205 204.42530359427923
461.7673605485417 215.8133780211824
421.4806705691748 224.99788821689404
388.27024700682387 232.58203048388788
359.33433175411994 238.86673244259703
335.97121875795557 244.36868871423673
314.08653078029073 248.9140893039424
294.99867700181125 252.86674590529228
278.65899771626295 256.4525257759479
263.7209505221526 259.57839744778204
250.16353953725095 262.35799123370566
237.96029602351467 264.90314338740467
227.0793474495756 267.32364896000945
216.26783276326313 269.27467829297865
206.73884775209308 271.2476214717355
198.44732258586396 273.3463432903306
189.03620529992273 274.5727473140694
180.84672199559063 275.998788453725
173.82369771267338 277.72264078065996
166.82300930106075 279.19776468154294
159.85391266288215 280.42741893748786
152.92554425358264 281.41514115130246
146.04691205373803 282.164743827786
140.20833185308442 283.43459903514196
134.38228027643385 284.5276431999946
128.57537665647092 285.4462100107652
122.79415219824223 286.1928221682946
117.04504385396665 286.7701887569123
112.17243430903363 288.05989493649366
106.47599176722102 288.33009765144783
101.60633127419743 289.3622113410088
95.98485897003714 289.3348596864321
91.13794548892652 290.11620897419266
86.29336809342851 290.7845810347743
81.45539026912556 291.3411908555795
76.6282264123414 291.7873655060212
71.81603835739891 292.1245428956141
67.02293196795037 292.35427040872554
62.76390489733089 293.5420157857365
57.98602521503179 293.57538041589123
53.23884993114608 293.50561981287154
48.93119524677931 294.4359951674227
44.22105831777538 294.1765308874372
39.8856156529635 294.9405667720178
35.22645775966285 294.49610228278215
30.876045192912596 295.09491162364145
26.504512231500414 295.6150144420611
21.928749564320718 294.9061893656527
17.561027204921224 295.26293472360055
13.181292202271424 295.5407508588475
8.792540560706412 295.7393772956378
4.397774417324281 295.8586277414985
