0 207.7473903255091
-3.8725866092115964 207.70919224264517
-7.742524881970969 207.59463117839144
-11.60716828121017 207.4038066476888
-15.46387386744002 207.13688438160742
-19.310004094562323 206.7940961368311
-23.365969386800195 207.51990476046882
-27.21985597376354 207.01976710832255
-31.05512793552454 206.4438518373908
-35.20200404493415 206.91407880785067
-39.02837483930019 206.17860568864495
-43.23299870373312 206.4693574167589
-47.039045582809386 205.5729112964006
-51.288862097616615 205.67915292472404
-55.57397291190908 205.684724232642
-59.34515873475808 204.5382661772657
-63.65568583869799 204.35206743906633
-67.99088730612627 204.0605442130767
-72.3469841761783 203.66202719940412
-76.72013746031092 203.15495102160722
-81.1064513297174 202.53785590715827
-85.50197636975275 201.8093892598849
-90.67924467693723 201.8910870799357
-95.11219005231858 200.91463671011866
-100.37970565855386 200.70126426970745
-104.83147041506369 199.46940167653779
-110.1681045440696 198.95073529713648
-115.54550804940256 198.26352064480048
-120.95752073756282 197.4048870893006
-126.39788204200968 196.37214859285143
-131.8602369629205 195.1628067754002
-138.37236672148643 194.47375960764975
-144.94420671044116 193.54646895757435
-151.56699329597072 192.37695625031023
-158.23182736625975 190.96151826544164
-164.92968319694967 189.29673151801612
-172.8049067923751 187.92897229382237
-181.91288849063795 186.7599050326513
-189.9126099444078 184.71741563447077
-199.16132310601287 182.79944410222177
-209.7042898899988 180.9019724210677
-220.3285985581504 178.5334609433344
-232.28728605082844 176.03859386388143
-245.61239250586758 173.30743519760918
-260.3305458712349 170.2280127070744
-276.46289273340824 166.6865654543601
-295.35611758917514 162.7760000362422
-317.05901353371286 158.2703304572014
-340.25329597754273 152.80563278257287
-369.03345786669104 146.555611608183
-402.1013119998803 139.00347408177055
-442.2587141944166 129.84820182506118
-492.35695195231716 118.48651553418887
-555.2781637595136 104.01205710649316
-638.1418444790257 84.94969439669765
-750.9547080743805 58.82773762108964
-915.1196980447166 20.853896778920017
NaN NaN
NaN NaN
-1007.6647884324461 -65.21749966280485
-1005.7153121683738 -104.49097577514492
-1004.7554114407649 -125.37108830735626
-1004.206580059987 -150.7844241389793
-1003.3541994995718 -176.2639130976294
-1002.0476069259691 -201.83175324472376
-1001.1241405620932 -227.805459743311
-998.259341927063 -254.91558903470772
-993.4421366798917 -282.33118549018843
-987.855864773365 -309.4474414658784
-981.536237077859 -336.23252612288763
-974.5068942224611 -362.6829375268934
-966.7853224952758 -388.80077359396546
-958.3857107754878 -414.5872738691881
-949.3204613113418 -440.04122856989625
-939.6009921837771 -465.1589613930166
-929.2382206774286 -489.9346897583097
-918.2428493482498 -514.3609643259114
-906.6255618480583 -538.4290502670913
-894.3971068480663 -562.1292843570443
-881.5683863834834 -585.4513228060301
-868.1504912074172 -608.3843585561953
-854.1547309188933 -630.9172841384392
-839.5926502525892 -653.0388222536783
-824.4760291342628 -674.7376328389022
-808.8169068436285 -696.0023867000798
-792.6275369857432 -716.8218482124948
-775.9204149074511 -737.1849141587388
-758.7082888851705 -757.0806557328299
-741.0040902115842 -776.4983665470824
-722.8209744772614 -795.4275781568393
-704.1723099087101 -813.8580865630018
-685.0716255623622 -831.7799716915559
-665.5326618526003 -849.1836107446632
-645.5693050297499 -866.0596897562351
-625.1956067063226 -882.399212981563
-604.4257718128745 -898.1935113966634
-583.2741470711225 -913.4342490321075
-561.7551737586084 -928.113413686433
-539.8834729850457 -942.2233513340038
-517.6737192180314 -955.756726911019
-495.1407213954903 -968.7065585339357
-472.2993761047298 -981.0662035060294
-449.16466121948577 -992.8293569795403
-425.7519229712254 -1003.9903003588012
-402.0803114146255 -1014.5472875886804
-378.16465149591045 -1024.4959563957075
-354.018455750946 -1033.8308203467434
-329.65553211081954 -1042.5465398094482
-305.090080172431 -1050.6380928602887
-280.3365754366226 -1058.1007118190062
-255.40976332106916 -1064.9299273135941
-230.32464546573922 -1071.121611202107
-205.09644027486738 -1076.6719751774913
-179.7405579648044 -1081.5775794605875
-154.27259050112133 -1085.835378246481
-128.7082763902228 -1089.442707321407
-103.0634758848743 -1092.397273922804
-77.35416431738956 -1094.6972231750124
-51.59639605252496 -1096.3410938227642
-25.80628836820438 -1097.3278403016382
0 -1097.6568253062458
25.80628836820395 -1097.3278403016382
51.59639605252459 -1096.3410938227642
77.35416431738956 -1094.6972231750124
103.06347588487378 -1092.397273922804
128.70827639022238 -1089.442707321407
154.27259050112133 -1085.835378246481
179.74055796480408 -1081.5775794605875
205.09644027486684 -1076.6719751774913
230.32464546573922 -1071.121611202107
255.4097633210688 -1064.9299273135941
280.33657543662235 -1058.1007118190062
305.090080172431 -1050.6380928602887
329.6555321108193 -1042.5465398094484
354.01845575094563 -1033.8308203467434
378.16465149591045 -1024.4959563957075
402.0803114146252 -1014.5472875886807
425.7519229712251 -1003.9903003588016
449.16466121948577 -992.8293569795403
472.2993761047296 -981.0662035060294
495.1407213954903 -968.7065585339357
517.6737192180314 -955.756726911019
539.8834729850457 -942.2233513340038
561.7551737586084 -928.113413686433
583.2741470711225 -913.4342490321075
604.4257718128742 -898.1935113966634
625.1956067063226 -882.3992129815629
645.5693050297499 -866.0596897562351
665.5326618525995 -849.1836107446635
685.0716255623618 -831.7799716915566
704.1723099087101 -813.8580865630018
722.8209744772607 -795.4275781568399
741.0040902115842 -776.4983665470825
758.7082888851704 -757.08065573283
775.9204149074509 -737.184914158739
792.6275369857433 -716.8218482124948
808.8169068436285 -696.0023867000798
824.4760291342628 -674.7376328389022
839.5926502525891 -653.0388222536787
854.1547309188933 -630.9172841384392
868.1504912074168 -608.3843585561956
881.5683863834834 -585.4513228060301
894.3971068480663 -562.1292843570443
906.6255618480583 -538.4290502670913
918.2428493482498 -514.3609643259115
929.2382206774288 -489.93468975830933
939.6009921837771 -465.1589613930167
949.3204613113413 -440.04122856989744
958.3857107754878 -414.5872738691881
966.7853224952758 -388.80077359396546
974.5068942224608 -362.682937526895
981.5362370778588 -336.2325261228896
987.855864773365 -309.44744146587794
993.4421366798914 -282.3311854901911
998.259341927063 -254.91558903470772
1001.1241405620932 -227.805459743311
1002.0476069259691 -201.83175324472376
1003.3541994995718 -176.2639130976294
1004.206580059987 -150.7844241389793
1004.7554114407649 -125.37108830735626
1005.7153121683738 -104.49097577514492
1007.6647884324461 -65.21749966280485
NaN NaN
NaN NaN
915.1196980447169 20.85389677891822
750.9547080743805 58.82773762108964
638.1418444790257 84.94969439669765
555.2781637595136 104.01205710649316
492.3569519523172 118.4865155341884
442.2587141944167 129.84820182506104
402.1013119998803 139.00347408177035
369.03345786669104 146.555611608183
340.25329597754273 152.80563278257287
317.05901353371286 158.2703304572014
295.35611758917514 162.77600003624215
276.46289273340824 166.68656545436014
260.33054587123496 170.2280127070743
245.61239250586758 173.30743519760918
232.28728605082844 176.03859386388143
220.3285985581504 178.5334609433344
209.7042898899989 180.9019724210675
199.1613231060129 182.79944410222168
189.9126099444078 184.71741563447068
181.91288849063795 186.7599050326513
172.8049067923751 187.92897229382237
164.92968319694967 189.29673151801612
158.23182736625984 190.96151826544153
151.56699329597075 192.37695625031023
144.94420671044116 193.54646895757432
138.37236672148643 194.47375960764975
131.8602369629205 195.1628067754002
126.39788204200968 196.37214859285143
120.95752073756293 197.40488708930053
115.5455080494026 198.26352064479974
110.16810454406964 198.95073529713645
104.83147041506369 199.46940167653779
100.37970565855386 200.70126426970745
95.11219005231858 200.91463671011866
90.6792446769373 201.89108707993557
85.50197636975278 201.8093892598849
81.10645132971742 202.53785590715827
76.72013746031092 203.15495102160722
72.3469841761783 203.66202719940412
67.99088730612627 204.0605442130767
63.655685838698055 204.3520674390663
59.34515873475813 204.5382661772657
55.57397291190911 205.68472423264194
51.288862097616615 205.67915292472404
47.039045582809386 205.5729112964006
43.23299870373312 206.4693574167589
39.02837483930024 206.17860568864492
35.20200404493419 206.91407880785067
31.05512793552459 206.44385183739078
27.21985597376354 207.01976710832255
23.365969386800195 207.51990476046882
19.310004094562323 206.7940961368311
15.463873867440064 207.1368843816074
11.607168281210212 207.4038066476888
7.742524881971013 207.59463117839144
3.8725866092115964 207.70919224264517
