0 358.7322016569742
-4.8636645576888595 358.68985124526216
-9.724001257483442 358.5628411145896
-14.577684507357205 358.3512945235614
-19.421393245505566 358.05541672059803
-24.251813201677393 357.6754946702319
-29.065639153971365 357.211896670254
-33.859577179591156 356.66507186003355
-38.63034689805741 356.0355496204964
-43.3746837053774 355.3239388662482
-48.08934099767433 354.5309272305498
-52.77109238280117 353.657280143888
-57.416733878445044 352.70383980705066
-66.78245956413895 362.44429077281393
-71.6966681353453 361.19962761535254
-76.56183236771872 359.86863006469497
-81.37462320483372 358.4525293167949
-86.13174721635511 356.9526328730133
-90.82994884147901 355.3703228494403
-95.46601260718188 353.7070541874899
-100.03676531980439 351.96435276797473
-104.53907822847785 350.14381343101326
-108.96986915896312 348.2470979044104
-121.40186107301572 355.2875441426834
-125.98572025793985 353.01918125880763
-130.48340512556518 350.67170662426196
-134.89183587073168 348.2471801071675
-139.20799338719036 345.7477223133671
-143.4289213306142 343.17551194155726
-157.36642075180202 348.07568436306826
-161.65621440390612 345.09291642959533
-165.8354405550365 342.0369515495257
-169.90123471420142 338.91035711492657
-184.69294392516267 342.1287258345843
-188.76302956201923 338.5690014117968
-192.70401395124105 334.9400922751712
-208.0485467499484 336.73995554927995
-211.93967373016267 332.6629102845914
-227.64373335124372 333.3724929117262
-231.44266593401434 328.836273813955
-247.4313741865364 328.4231789480122
-251.09490129278163 323.4196175978268
-267.2915680068869 321.8560665025155
-283.64530108608557 319.5338366515898
-300.12775497541384 316.44334977561
-316.71029171127964 312.5759722230689
-333.3640098583558 307.92402503493344
-350.05977364861997 302.48079333982463
-380.3286426196496 297.5898624160535
-410.80294756494453 291.1553533545779
-441.4260446547337 283.1646330553326
-486.0048764390075 273.8403364856238
-530.7846742398585 262.1868165255313
-589.7008231960723 247.6728391831572
-676.9444848453755 228.2650432569108
-792.7321816183509 201.70454287318066
-951.3551998238058 164.12387018118943
NaN NaN
NaN NaN
NaN NaN
-1182.5604841615534 -376.26035715204864
-1166.1509195207934 -391.3376934118024
-1149.5750806150465 -410.0683999045816
-1135.491039999248 -429.01474262575687
-1122.8553500277012 -448.31737016325746
-1110.664543635441 -468.57245216110294
-1111.1730650459042 -486.59923539115033
-1099.334405022954 -508.41851766832315
-1087.579060637713 -530.3877944855582
-1088.2379847632549 -550.8154983125238
-1076.257095652946 -573.3510125004541
-1076.4128617836218 -595.1740019050137
-1063.8390192110824 -618.106433165189
-1063.1536760456243 -641.1528973053364
-1061.9130064497726 -664.9783363709245
-1060.0547434605203 -689.5348885986707
-1057.5209822801517 -714.7758512063806
-1042.3874278028359 -738.6702385405097
-1050.2264339828616 -767.1179024184692
-1045.378537598193 -794.1207076875959
-1039.6776874790437 -821.6130783591263
-1033.0919794728852 -849.5446530604434
-1036.7323610993215 -881.9710359002153
-1028.1056318845121 -911.0238983196214
-1029.2706137790688 -945.267869036485
-1018.4660594277804 -975.204331102342
-1016.9848301107144 -1010.9846072374809
-1014.0148747308041 -1047.6152417991543
-1019.4367388074338 -1091.4540804361895
-1013.3769834028298 -1129.887136700755
-1015.4591677634892 -1176.107294311395
-1006.3562680171048 -1216.0667443755794
-1004.8534641567131 -1264.3824458362158
-1010.2282036519281 -1322.0179814071764
-1004.4033684563015 -1372.7798121207989
-979.6321587178611 -1406.7437852236326
-945.5872961797944 -1431.2869828285814
-910.943981166001 -1454.9635158499038
-875.7202899280636 -1477.7584242848902
-839.9344278654628 -1499.6563361424503
-803.6072910925726 -1520.6429652566906
-766.7599691743907 -1540.7041340635155
-729.4141186767446 -1559.8259537857566
-691.5919697545037 -1577.9948655864264
-653.3163302274876 -1595.1976819279919
-614.6122523507092 -1611.4233699053823
-575.5030861762525 -1626.6594572708025
-536.0124080813877 -1640.8933514274288
-496.16776483330386 -1654.1174463201967
-455.99249431065226 -1666.3187978227743
-415.51468935228326 -1677.4913202129167
-374.75887833664314 -1687.6233482909247
-333.7541959735509 -1696.7119044974465
-292.5257970367088 -1704.7463059843574
-251.10133099726198 -1711.7208247783042
-209.50911934458043 -1717.6325606763126
-167.7764096234066 -1722.4757689262663
-125.93100166199928 -1726.246236543519
-84.00101436014626 -1728.9413173377752
-42.01461433465766 -1730.5591215880359
0 -1731.098515625607
42.014614334656954 -1730.5591215880359
84.00101436014552 -1728.9413173377752
125.93100166199928 -1726.246236543519
167.77640962340595 -1722.4757689262663
209.50911934457972 -1717.6325606763128
251.10133099726198 -1711.7208247783042
292.525797036708 -1704.7463059843574
333.75419597355017 -1696.7119044974465
374.75887833664314 -1687.6233482909247
415.5146893522827 -1677.4913202129167
455.9924943106518 -1666.3187978227743
496.16776483330386 -1654.1174463201967
536.012408081387 -1640.8933514274288
575.5030861762517 -1626.6594572708027
614.6122523507092 -1611.4233699053823
653.3163302274871 -1595.197681927992
691.5919697545032 -1577.994865586427
729.4141186767446 -1559.8259537857566
766.75996917439 -1540.7041340635158
803.6072910925725 -1520.6429652566908
839.9344278654628 -1499.6563361424503
875.7202899280635 -1477.7584242848905
910.943981166 -1454.9635158499043
945.5872961797944 -1431.2869828285814
979.6321587178608 -1406.7437852236326
1004.4033684563012 -1372.779812120799
1010.2282036519281 -1322.0179814071764
1004.8534641567126 -1264.3824458362167
1006.356268017104 -1216.06674437558
1015.4591677634892 -1176.107294311395
1013.3769834028294 -1129.8871367007553
1019.4367388074338 -1091.4540804361895
1014.014874730804 -1047.6152417991543
1016.984830110714 -1010.9846072374812
1018.4660594277799 -975.2043311023424
1029.2706137790688 -945.267869036485
1028.1056318845121 -911.0238983196214
1036.7323610993196 -881.9710359002162
1033.0919794728843 -849.5446530604443
1039.677687479044 -821.6130783591262
1045.378537598193 -794.120707687596
1050.2264339828616 -767.1179024184692
1042.3874278028359 -738.6702385405097
1057.5209822801514 -714.7758512063809
1060.05474346052 -689.5348885986716
1061.9130064497724 -664.9783363709247
1063.153676045624 -641.1528973053369
1063.8390192110824 -618.106433165189
1076.4128617836218 -595.1740019050137
1076.257095652946 -573.3510125004543
1088.2379847632549 -550.815498312524
1087.5790606377127 -530.3877944855589
1099.3344050229534 -508.4185176683239
1111.1730650459042 -486.59923539115033
1110.664543635441 -468.57245216110294
1122.8553500277012 -448.31737016325746
1135.491039999248 -429.01474262575687
1149.5750806150465 -410.0683999045816
1166.1509195207934 -391.3376934118024
1182.5604841615534 -376.26035715204864
NaN NaN
NaN NaN
NaN NaN
951.355199823806 164.12387018118847
792.7321816183509 201.70454287318066
676.9444848453755 228.2650432569108
589.7008231960723 247.6728391831572
530.7846742398586 262.1868165255308
486.0048764390075 273.84033648562365
441.4260446547338 283.1646330553324
410.80294756494453 291.1553533545779
380.3286426196496 297.5898624160535
350.05977364861997 302.48079333982463
333.3640098583559 307.92402503493327
316.7102917112797 312.5759722230688
300.1277549754139 316.44334977560993
283.64530108608557 319.5338366515898
267.2915680068869 321.8560665025155
251.09490129278163 323.4196175978268
247.43137418653646 328.42317894801204
231.44266593401437 328.8362738139549
227.64373335124375 333.37249291172617
211.93967373016267 332.6629102845914
208.0485467499484 336.73995554927995
192.70401395124105 334.9400922751712
188.76302956201928 338.5690014117967
184.6929439251627 342.1287258345843
169.90123471420148 338.9103571149265
165.8354405550365 342.0369515495257
161.65621440390612 345.09291642959533
157.36642075180202 348.07568436306826
143.42892133061432 343.1755119415572
139.2079933871904 345.7477223133671
134.8918358707317 348.2471801071674
130.48340512556518 350.67170662426196
125.98572025793985 353.01918125880763
121.40186107301572 355.2875441426834
108.9698691589632 348.2470979044104
104.5390782284779 350.14381343101326
100.03676531980445 351.96435276797473
95.46601260718188 353.7070541874899
90.82994884147901 355.3703228494403
86.13174721635511 356.9526328730133
81.37462320483377 358.4525293167949
76.56183236771876 359.8686300646949
71.69666813534535 361.19962761535254
66.78245956413895 362.44429077281393
57.416733878445044 352.70383980705066
52.77109238280117 353.657280143888
48.08934099767437 354.5309272305498
43.37468370537745 355.3239388662482
38.630346898057745 356.0355496204964
33.859577179591156 356.66507186003355
29.065639153971365 357.211896670254
24.251813201677393 357.6754946702319
19.421393245505723 358.05541672059803
14.577684507357251 358.3512945235614
9.72400125748349 358.5628411145896
4.8636645576888595 358.68985124526216
