-500 1209.3722016569704 0.9972013201865457
-509.9316247293589 1209.314754113555 0.9972013501385045
-519.8564482740684 1209.1424923627596 0.9972014399501178
-529.7676740958001 1208.8556588958436 0.997201589488687
-539.6585149457222 1208.4546573748275 0.9972017985333538
-549.5221975012822 1207.9400518977798 0.997202066775557
-559.3519669938665 1207.3125659712312 0.9972023938196718
-569.1410918235084 1206.5730811907115 0.9972027791838298
-578.882868158214 1205.7226356305155 0.9972032223009174
-588.5706245143754 1204.762421944573 0.9972037225197515
-598.1977263152788 1203.693785179999 0.9972042791064302
-607.7575804246592 1202.5182203059583 0.9972048912458552
-617.2436396522827 1201.2373694601358 0.9972055580434234
-631.4087806971455 1210.6257856292034 0.9972006665068377
-641.0781129752017 1209.0053982444144 0.9972015114242389
-650.650850337808 1207.2759860725562 0.9972024128837393
-660.1204373930724 1205.439841115391 0.9972033696315307
-669.48038917515 1203.499390874974 0.9972043803413975
-678.724295574961 1201.4571939284585 0.9972054436174284
-687.8458257205314 1199.31593524843 0.9972065579968683
-696.8387323036162 1197.0784212747462 0.9972077219531077
-705.6968558499045 1194.7475747455726 0.9972089338987989
-714.4141289301991 1192.326429295304 0.9972101921890976
-731.0603367654553 1198.8297353274659 0.9972068109633564
-739.7832574298791 1196.0129713507586 0.9972082760150373
-748.3420126293898 1193.1073173609311 0.9972097864223709
-756.7307393040068 1190.1163452451817 0.9972113402490547
-764.9436904515056 1187.043713082219 0.9972129355162846
-772.9752390598036 1183.8931584572053 0.997214570206681
-790.6345745707092 1188.2113929112134 0.9972123293906442
-798.5548689767719 1184.6446825382393 0.9972141803673792
-806.2707723822822 1181.0043687801233 0.9972160681595563
-813.7769964343001 1177.2946215125028 0.9972179905235925
-831.9105302777737 1179.9326359880886 0.9972166236724277
-839.2215449671304 1175.796954087835 0.997218766193773
-846.3003416579569 1171.598073600277 0.9972209396159002
-864.6774195075978 1172.8355277290875 0.9972202992781547
-871.493745933088 1168.2051938606376 0.9972226944833678
-890.0136546083129 1168.372144570915 0.9972226081612884
-896.5171560117261 1163.3054597792393 0.9972252265945353
-915.0972992750898 1162.375543993052 0.9972257068771231
-921.2373515421635 1156.870249742964 0.9972285483928481
-939.7939362805308 1154.821457464214 0.9972296050507184
-958.3893628774937 1152.031838131865 0.9972310430812106
-976.9937494332424 1148.4931256931527 0.9972328660927812
-995.577003717602 1144.1979470024994 0.9972350770483527
NaN NaN NaN
NaN NaN NaN
NaN NaN NaN
NaN NaN NaN
NaN NaN NaN
NaN NaN NaN
NaN NaN NaN
NaN NaN NaN
NaN NaN NaN
NaN NaN NaN
NaN NaN NaN
NaN NaN NaN
NaN NaN NaN
NaN NaN NaN
-1472.8324538921067 -1420.6951140464657 0.9970032440640928
-1460.041487229459 -1425.4812069790216 0.9970059435064821
-1446.8963997002172 -1430.8284291040275 0.997008956343582
-1434.4386286329718 -1436.252311384495 0.9970120090435962
-1422.3799622243205 -1441.780783430337 0.9970151171614274
-1410.5381279198282 -1447.425314182064 0.9970182869404479
-1398.790468061931 -1453.1887432660903 0.9970215197532504
-1387.0508136118196 -1459.068960461586 0.9970248141892413
-1375.2516105385034 -1465.06311381797 0.9970281684244947
-1375.6829908144814 -1469.8000197741871 0.9970308162456719
-1363.3316200131865 -1476.2567227806296 0.9970344213066207
-1350.7977685304481 -1482.8095597813933 0.9970380752283211
-1338.0743746581206 -1489.440925152988 0.9970417680065374
-1336.8380726726052 -1495.6109911750175 0.9970451994535978
-1323.524576416562 -1502.5779426942474 0.9970490689350427
-1309.994445011162 -1509.585667438596 0.9970529555603727
-1307.4072717007691 -1516.7837989448306 0.997056942052631
-1293.23851870953 -1524.0626690430988 0.9970609673568546
-1289.658168739073 -1531.9883205904175 0.9970653435989356
-1274.82592077848 -1539.4950624256971 0.9970694820654401
-1270.2200482159149 -1548.112886888469 0.9970742253240888
-1254.703058412911 -1555.8017394445421 0.9970784502964638
-1249.0432113915833 -1565.069247702557 0.9970835339972433
-1242.7575398585377 -1574.77798538969 0.9970888495157108
-1235.8354085113017 -1584.916131351199 0.9970943889958488
-1218.7000256652643 -1593.0435201834089 0.9970988215964505
-1210.6602348917854 -1603.7284473117045 0.9971046379695956
-1201.9564573185392 -1614.7984597898528 0.9971106507117253
-1192.576881860976 -1626.2365458752486 0.9971168492389216
-1191.2812838833368 -1641.5312270938327 0.9971251153390348
-1180.3046378152408 -1653.9151384836334 0.9971317895735354
-1168.615423379984 -1666.6049742527182 0.9971386113517742
-1164.3354271904175 -1683.9284542112446 0.9971478958347489
-1150.958779841458 -1697.4180349442292 0.997155103037095
-1144.513184443532 -1716.0511876740832 0.9971650260365374
-1136.8374284217905 -1735.4367498205515 0.997175310086978
-1127.903788023573 -1755.5307095917653 0.9971859274422507
-1117.6861205166492 -1776.2858075028519 0.997196848897066
-1106.159415678298 -1797.651626764744 0.9972080439023543
-1099.7478888282235 -1825.970863272633 0.9972228078755438
-1091.4492813327622 -1855.3620806314148 0.9972380415076197
-1087.1808790668656 -1892.8002724039725 0.9972573151909859
-1074.8981151392964 -1924.4600272698701 0.9972735005054394
-1071.6455154547787 -1972.4530064225257 0.9972978389460899
-1060.2283244157416 -2014.449551024973 0.9973189434316783
-1056.172622164251 -2074.6173716970943 0.9973488687583696
-1048.424363677057 -2137.28542588706 0.9973796527865247
-1041.2657593298266 -2211.4393712040837 0.997415578491033
-1033.7224496632352 -2297.9271293533125 0.9974568046020066
-1028.6150696646434 -2407.570314781492 0.9975080424156569
-1023.9782799500435 -2542.3121887511393 0.9975694733189353
-969.2995457367798 -2542.735630395491 0.9975696637470624
-915.032959621982 -2541.883230124713 0.9975692803931175
-863.715306330824 -2550.4621130565797 0.9975731356028384
-810.0258098294054 -2547.156791194201 0.9975716510368701
-758.6473356613766 -2553.4195200676113 0.9975744630643819
-705.6751857181694 -2547.7166368762787 0.9975719025580597
-654.367261234874 -2551.6777043339357 0.9975736813291259
-602.9643319011243 -2554.509897571873 0.9975749522909764
-551.4980189202399 -2556.210356868673 0.9975757150316709
-500 -2556.7773671552286 0.9975759693057481
-448.5019810797609 -2556.210356868673 0.9975757150316709
-397.035668098877 -2554.509897571873 0.9975749522909764
-345.63273876512613 -2551.6777043339357 0.9975736813291259
-294.32481428183206 -2547.7166368762787 0.9975719025580597
-241.3526643386234 -2553.4195200676113 0.9975744630643819
-189.9741901705955 -2547.156791194201 0.9975716510368701
-136.2846936691768 -2550.4621130565797 0.9975731356028384
-84.96704037801857 -2541.883230124713 0.9975692803931175
-30.700454263218994 -2542.735630395491 0.9975696637470624
23.978279950042833 -2542.3121887511393 0.9975694733189353
79.02848347375253 -2540.589450048407 0.997568698409149
134.41296145277627 -2537.552592082663 0.9975673317345004
190.0899648291345 -2533.1827639441576 0.9975653637116628
246.02143886482366 -2527.4682454374974 0.9975627874612206
307.43169437831045 -2530.3710083185765 0.9975640964725347
364.07691487416656 -2521.7909886861457 0.9975602250607051
426.7795326017839 -2521.541780521458 0.9975601125144977
490.2157159900012 -2519.6065197727867 0.9975592383282363
554.3292983228291 -2515.949635409586 0.9975575855248509
619.0626965615643 -2510.5379999907177 0.9975551373829953
684.3569772003974 -2503.341027949666 0.9975518774299031
750.1519238872577 -2494.3307798900237 0.9975477894406187
824.2208765078645 -2492.2654459411383 0.997546851340017
899.2684468965343 -2487.969301767239 0.9975448987222278
975.213668799456 -2481.3934269187994 0.997541906669729
1051.9720836800093 -2472.492597939582 0.9975378504118869
1057.5595442039678 -2397.5605285620913 0.9975034116753534
1059.7945831815723 -2324.7378931184826 0.9974694387728112
1068.1905935494601 -2261.3543694677023 0.9974394594153299
1073.8833853414985 -2199.6426493682034 0.997409899256851
1076.9717675455768 -2139.7099135425688 0.9973808359296242
1087.5558744432071 -2087.800337796207 0.9973553769924516
1085.9299373371855 -2031.3541968074762 0.9973273880237209
1092.3645259511106 -1982.3895867301162 0.9973028485725908
1107.4762196167612 -1939.9234044507823 0.9972813681911997
1110.4724515120583 -1893.4639111552406 0.997257655525853
1111.8169427363227 -1848.5078806659917 0.9972344970337943
1122.5835687223475 -1809.1388441089657 0.9972140428584573
1132.190527609368 -1770.638781968424 0.9971938819401416
1140.741998892651 -1733.020418093082 0.9971740304218654
1148.0778933313825 -1696.3887418313109 0.9971545538003637
1153.9537839421528 -1660.9140959380816 0.9971355542268486
1158.4273674450612 -1626.6723655080445 0.9971170851345769
1173.5119632853305 -1595.6192944047439 0.9971002248781062
1175.528389962341 -1563.6759616038482 0.9970827703177817
1188.600482176968 -1534.310051959587 0.9970666242411779
1200.8317851745005 -1505.697845233967 0.9970507999768284
1212.2856400727208 -1477.8987468178714 0.99703533736941
1223.0415934366526 -1450.9672041608876 0.9970202740980953
1233.1929816610298 -1424.9561493738968 0.9970056474922894
1242.8543411927446 -1399.914882572388 0.9969914932577536
1252.1720691944524 -1375.886234435544 0.9969778437545995
1274.5265204893162 -1351.5805495233074 0.9969639691518832
1283.91241010046 -1329.3500459268957 0.9969512192130325
1307.1997699293643 -1306.2624156718946 0.996937916786434
1318.041325293506 -1286.0953900274496 0.9969262461302913
1343.411765035807 -1265.289759736492 0.9969141558594782
1368.704576383087 -1247.3629854939031 0.9969036975747864
1398.4633151649048 -1230.3604506501727 0.9968937433372745
1424.6127336110362 -1218.756096862471 0.9968869297911029
NaN NaN NaN
NaN NaN NaN
902.800144902662 932.7701543415179 0.9973415609819397
643.8985511840133 992.6861596000258 0.9973118473901945
484.6798070922864 1030.4050428579017 0.9972929555886796
368.1648331185243 1057.133662524338 0.9972794805016094
280.0628413933978 1076.7390076087192 0.9972695499841827
220.15789774288902 1091.4794016968185 0.9972620575923735
174.2595182997568 1103.38756203573 0.9972559884012467
128.4330845451972 1112.9939990284822 0.9972510816173509
96.43422020119564 1121.2935588477683 0.9972468346488255
64.45692559990891 1128.0627307306975 0.9972433654927744
32.55887464514673 1133.3131998668337 0.9972406713767318
14.108853103360369 1139.1398280851113 0.9972376782586052
-4.422996282388426 1144.1979470024992 0.9972350770483527
-23.00625056674863 1148.4931256931525 0.9972328660927812
-41.610637122518725 1152.031838131865 0.9972310430812106
-60.20606371944983 1154.821457464214 0.9972296050507184
-78.76264845781685 1156.870249742964 0.9972285483928481
-84.9027007249228 1162.3755439930517 0.9972257068771231
-103.48284398825444 1163.3054597792393 0.9972252265945353
-109.98634539168665 1168.372144570915 0.9972226081612884
-128.50625406689227 1168.2051938606376 0.9972226944833678
-135.32258049242176 1172.8355277290875 0.9972202992781547
-153.6996583420431 1171.598073600277 0.9972209396159002
-160.77845503288486 1175.796954087835 0.997218766193773
-168.08946972224612 1179.9326359880886 0.9972166236724277
-186.2230035657162 1177.2946215125025 0.9972179905235925
-193.72922761771792 1181.0043687801233 0.9972160681595563
-201.4451310232109 1184.6446825382393 0.9972141803673792
-209.36542542929078 1188.2113929112134 0.9972123293906442
-227.02476094019477 1183.8931584572053 0.997214570206681
-235.05630954851284 1187.043713082219 0.9972129355162846
-243.2692606959934 1190.1163452451815 0.9972113402490547
-251.65798737061004 1193.1073173609311 0.9972097864223709
-260.2167425701012 1196.0129713507586 0.9972082760150373
-268.93966323454475 1198.8297353274659 0.9972068109633564
-285.58587106982066 1192.326429295304 0.9972101921890976
-294.3031441500955 1194.7475747455726 0.9972089338987989
-303.16126769640346 1197.0784212747462 0.9972077219531077
-312.1541742794486 1199.31593524843 0.9972065579968683
-321.2757044250392 1201.4571939284585 0.9972054436174284
-330.51961082485 1203.499390874974 0.9972043803413975
-339.8795626069076 1205.439841115391 0.9972033696315307
-349.349149662172 1207.2759860725562 0.9972024128837393
-358.9218870247784 1209.0053982444144 0.9972015114242389
-368.5912193028346 1210.6257856292034 0.9972006665068377
-382.75636034771725 1201.2373694601358 0.9972055580434234
-392.2424195753607 1202.5182203059583 0.9972048912458552
-401.802273684741 1203.693785179999 0.9972042791064302
-411.42937548562446 1204.762421944573 0.9972037225197515
-421.1171318417659 1205.7226356305155 0.9972032223009174
-430.8589081764717 1206.5730811907115 0.9972027791838298
-440.6480330061334 1207.3125659712312 0.9972023938196718
-450.4778024987177 1207.9400518977798 0.997202066775557
-460.341485054297 1208.4546573748275 0.9972017985333538
-470.2323259041998 1208.8556588958436 0.997201589488687
-480.14355172592064 1209.1424923627596 0.9972014399501178
-490.0683752706411 1209.314754113555 0.9972013501385045
500 1209.3722016569704 0.9972013201865457
490.0683752706411 1209.314754113555 0.9972013501385045
480.14355172592064 1209.1424923627596 0.9972014399501178
470.23232590419997 1208.8556588958436 0.997201589488687
460.34148505429704 1208.4546573748275 0.9972017985333538
450.4778024987177 1207.9400518977798 0.997202066775557
440.6480330061334 1207.3125659712312 0.9972023938196718
430.8589081764717 1206.5730811907115 0.9972027791838298
421.1171318417659 1205.7226356305155 0.9972032223009174
411.42937548562446 1204.762421944573 0.9972037225197515
401.80227368474107 1203.693785179999 0.9972042791064302
392.2424195753607 1202.5182203059583 0.9972048912458552
382.75636034771725 1201.2373694601358 0.9972055580434234
368.5912193028346 1210.6257856292034 0.9972006665068377
358.92188702477847 1209.0053982444144 0.9972015114242389
349.349149662172 1207.2759860725562 0.9972024128837393
339.87956260690765 1205.439841115391 0.9972033696315307
330.51961082485 1203.499390874974 0.9972043803413975
321.2757044250392 1201.4571939284585 0.9972054436174284
312.1541742794486 1199.31593524843 0.9972065579968683
303.16126769640346 1197.0784212747462 0.9972077219531077
294.30314415009553 1194.7475747455726 0.9972089338987989
285.5858710698207 1192.326429295304 0.9972101921890976
268.93966323454475 1198.8297353274659 0.9972068109633564
260.2167425701012 1196.0129713507586 0.9972082760150373
251.65798737061004 1193.1073173609311 0.9972097864223709
243.26926069599347 1190.1163452451817 0.9972113402490547
235.0563095485129 1187.043713082219 0.9972129355162846
227.02476094019488 1183.8931584572053 0.997214570206681
209.36542542929078 1188.2113929112134 0.9972123293906442
201.4451310232109 1184.6446825382393 0.9972141803673792
193.72922761771792 1181.0043687801233 0.9972160681595563
186.22300356571637 1177.2946215125028 0.9972179905235925
168.08946972224612 1179.9326359880886 0.9972166236724277
160.77845503288498 1175.796954087835 0.997218766193773
153.6996583420431 1171.598073600277 0.9972209396159002
135.32258049242176 1172.8355277290875 0.9972202992781547
128.50625406689227 1168.2051938606376 0.9972226944833678
109.98634539168677 1168.372144570915 0.9972226081612884
103.48284398825444 1163.3054597792393 0.9972252265945353
84.90270072492291 1162.375543993052 0.9972257068771231
78.76264845781685 1156.870249742964 0.9972285483928481
60.20606371944983 1154.821457464214 0.9972296050507184
41.610637122518725 1152.031838131865 0.9972310430812106
23.006250566748687 1148.4931256931527 0.9972328660927812
4.42299628238854 1144.1979470024994 0.9972350770483527
-14.108853103360312 1139.1398280851113 0.9972376782586052
-32.55887464514673 1133.3131998668337 0.9972406713767318
-64.45692559990891 1128.0627307306975 0.9972433654927744
-96.43422020119564 1121.2935588477683 0.9972468346488255
-128.43308454519715 1112.9939990284824 0.9972510816173509
-174.2595182997568 1103.3875620357303 0.9972559884012467
-220.15789774288896 1091.4794016968192 0.9972620575923735
-280.0628413933978 1076.7390076087192 0.9972695499841827
-368.1648331185243 1057.133662524338 0.9972794805016094
-484.6798070922864 1030.4050428579017 0.9972929555886796
-643.8985511840131 992.6861596000268 0.9973118473901945
-902.800144902662 932.7701543415179 0.9973415609819397
NaN NaN NaN
NaN NaN NaN
-1424.6127336110362 -1218.756096862471 0.9968869297911029
-1398.4633151649048 -1230.3604506501727 0.9968937433372745
-1368.704576383087 -1247.3629854939031 0.9969036975747864
-1343.411765035807 -1265.289759736492 0.9969141558594782
-1318.041325293506 -1286.0953900274496 0.9969262461302913
-1307.1997699293643 -1306.2624156718946 0.996937916786434
-1283.91241010046 -1329.3500459268957 0.9969512192130325
-1274.526520489318 -1351.5805495233058 0.9969639691518832
-1252.172069194453 -1375.886234435543 0.9969778437545995
-1242.8543411927446 -1399.9148825723876 0.9969914932577536
-1233.19298166103 -1424.9561493738966 0.9970056474922894
-1223.0415934366526 -1450.9672041608876 0.9970202740980953
-1212.2856400727208 -1477.8987468178714 0.99703533736941
-1200.831785174501 -1505.6978452339665 0.9970507999768284
-1188.600482176968 -1534.310051959587 0.9970666242411779
-1175.528389962342 -1563.675961603847 0.9970827703177817
-1173.5119632853307 -1595.6192944047434 0.9971002248781062
-1158.4273674450612 -1626.6723655080445 0.9971170851345769
-1153.9537839421528 -1660.9140959380816 0.9971355542268486
-1148.077893331382 -1696.3887418313118 0.9971545538003637
-1140.7419988926506 -1733.020418093082 0.9971740304218654
-1132.1905276093694 -1770.6387819684228 0.9971938819401416
-1122.5835687223491 -1809.1388441089643 0.9972140428584573
-1111.8169427363227 -1848.5078806659917 0.9972344970337943
-1110.4724515120583 -1893.4639111552406 0.997257655525853
-1107.4762196167617 -1939.9234044507818 0.9972813681911997
-1092.3645259511109 -1982.389586730116 0.9973028485725908
-1085.9299373371855 -2031.3541968074762 0.9973273880237209
-1087.5558744432071 -2087.800337796207 0.9973553769924516
-1076.9717675455772 -2139.7099135425688 0.9973808359296242
-1073.8833853414985 -2199.6426493682034 0.997409899256851
-1068.1905935494622 -2261.3543694677005 0.9974394594153299
-1059.7945831815737 -2324.7378931184808 0.9974694387728112
-1057.5595442039678 -2397.5605285620913 0.9975034116753534
-1051.97208368001 -2472.492597939582 0.9975378504118869
-975.2136687994564 -2481.3934269187994 0.997541906669729
-899.2684468965343 -2487.969301767239 0.9975448987222278
-824.2208765078665 -2492.265445941137 0.997546851340017
-750.1519238872581 -2494.330779890023 0.9975477894406187
-684.3569772003974 -2503.341027949666 0.9975518774299031
-619.0626965615645 -2510.5379999907173 0.9975551373829953
-554.3292983228304 -2515.949635409586 0.9975575855248509
-490.2157159900012 -2519.6065197727867 0.9975592383282363
-426.779532601785 -2521.541780521457 0.9975601125144977
-364.07691487416747 -2521.7909886861453 0.9975602250607051
-307.43169437831045 -2530.3710083185765 0.9975640964725347
-246.02143886482432 -2527.4682454374974 0.9975627874612206
-190.08996482913508 -2533.1827639441576 0.9975653637116628
-134.41296145277627 -2537.552592082663 0.9975673317345004
-79.02848347375348 -2540.5894500484064 0.997568698409149
-23.97827995004358 -2542.3121887511393 0.9975694733189353
30.700454263218994 -2542.735630395491 0.9975696637470624
84.96704037801793 -2541.883230124713 0.9975692803931175
136.2846936691756 -2550.4621130565797 0.9975731356028384
189.9741901705955 -2547.156791194201 0.9975716510368701
241.35266433862262 -2553.4195200676113 0.9975744630643819
294.3248142818312 -2547.7166368762787 0.9975719025580597
345.63273876512613 -2551.6777043339357 0.9975736813291259
397.0356680988762 -2554.509897571873 0.9975749522909764
448.5019810797599 -2556.210356868673 0.9975757150316709
500 -2556.7773671552286 0.9975759693057481
551.4980189202396 -2556.210356868673 0.9975757150316709
602.9643319011235 -2554.509897571873 0.9975749522909764
654.367261234874 -2551.6777043339357 0.9975736813291259
705.6751857181681 -2547.7166368762787 0.9975719025580597
758.6473356613757 -2553.4195200676113 0.9975744630643819
810.0258098294054 -2547.156791194201 0.9975716510368701
863.7153063308231 -2550.4621130565797 0.9975731356028384
915.0329596219813 -2541.883230124713 0.9975692803931175
969.2995457367798 -2542.735630395491 0.9975696637470624
1023.978279950043 -2542.3121887511393 0.9975694733189353
1028.6150696646423 -2407.5703147814925 0.9975080424156569
1033.7224496632352 -2297.9271293533125 0.9974568046020066
1041.2657593298256 -2211.4393712040837 0.997415578491033
1048.4243636770568 -2137.28542588706 0.9973796527865247
1056.172622164251 -2074.6173716970943 0.9973488687583696
1060.228324415741 -2014.4495510249733 0.9973189434316783
1071.6455154547778 -1972.4530064225262 0.9972978389460899
1074.8981151392964 -1924.4600272698701 0.9972735005054394
1087.180879066865 -1892.8002724039725 0.9972573151909859
1091.449281332762 -1855.362080631415 0.9972380415076197
1099.7478888282235 -1825.970863272633 0.9972228078755438
1106.1594156782978 -1797.6516267647442 0.9972080439023543
1117.6861205166485 -1776.285807502852 0.997196848897066
1127.903788023573 -1755.5307095917653 0.9971859274422507
1136.8374284217903 -1735.4367498205515 0.997175310086978
1144.5131844435318 -1716.0511876740834 0.9971650260365374
1150.958779841458 -1697.4180349442292 0.997155103037095
1164.3354271904168 -1683.9284542112446 0.9971478958347489
1168.615423379983 -1666.6049742527182 0.9971386113517742
1180.3046378152408 -1653.9151384836334 0.9971317895735354
1191.281283883337 -1641.5312270938327 0.9971251153390348
1192.5768818609758 -1626.2365458752486 0.9971168492389216
1201.956457318539 -1614.7984597898528 0.9971106507117253
1210.660234891785 -1603.7284473117045 0.9971046379695956
1218.7000256652634 -1593.0435201834093 0.9970988215964505
1235.8354085113017 -1584.916131351199 0.9970943889958488
1242.7575398585377 -1574.77798538969 0.9970888495157108
1249.0432113915829 -1565.0692477025575 0.9970835339972433
1254.7030584129107 -1555.8017394445426 0.9970784502964638
1270.2200482159149 -1548.112886888469 0.9970742253240888
1274.8259207784797 -1539.4950624256971 0.9970694820654401
1289.658168739073 -1531.9883205904175 0.9970653435989356
1293.23851870953 -1524.0626690430988 0.9970609673568546
1307.4072717007691 -1516.7837989448308 0.997056942052631
1309.9944450111623 -1509.5856674385964 0.9970529555603727
1323.524576416562 -1502.5779426942474 0.9970490689350427
1336.8380726726057 -1495.6109911750177 0.9970451994535978
1338.0743746581206 -1489.440925152988 0.9970417680065374
1350.7977685304481 -1482.8095597813933 0.9970380752283211
1363.3316200131865 -1476.25672278063 0.9970344213066207
1375.6829908144812 -1469.8000197741874 0.9970308162456719
1375.2516105385034 -1465.0631138179704 0.9970281684244947
1387.0508136118192 -1459.0689604615861 0.9970248141892413
1398.790468061931 -1453.1887432660903 0.9970215197532504
1410.5381279198282 -1447.425314182064 0.9970182869404479
1422.3799622243205 -1441.780783430337 0.9970151171614274
1434.4386286329718 -1436.252311384495 0.9970120090435962
1446.8963997002172 -1430.8284291040275 0.997008956343582
1460.041487229459 -1425.4812069790216 0.9970059435064821
1472.8324538921067 -1420.6951140464657 0.9970032440640928
NaN NaN NaN
NaN NaN NaN
NaN NaN NaN
NaN NaN NaN
NaN NaN NaN
NaN NaN NaN
NaN NaN NaN
NaN NaN NaN
NaN NaN NaN
NaN NaN NaN
NaN NaN NaN
NaN NaN NaN
NaN NaN NaN
NaN NaN NaN
995.577003717602 1144.1979470024992 0.9972350770483527
976.9937494332426 1148.4931256931525 0.9972328660927812
958.3893628774937 1152.031838131865 0.9972310430812106
939.7939362805308 1154.821457464214 0.9972296050507184
921.2373515421635 1156.870249742964 0.9972285483928481
915.0972992750898 1162.3755439930517 0.9972257068771231
896.5171560117261 1163.3054597792393 0.9972252265945353
890.0136546083129 1168.372144570915 0.9972226081612884
871.493745933088 1168.2051938606376 0.9972226944833678
864.6774195075978 1172.8355277290875 0.9972202992781547
846.3003416579569 1171.598073600277 0.9972209396159002
839.2215449671304 1175.796954087835 0.997218766193773
831.9105302777739 1179.9326359880886 0.9972166236724277
813.7769964343001 1177.2946215125025 0.9972179905235925
806.2707723822822 1181.0043687801233 0.9972160681595563
798.5548689767719 1184.6446825382393 0.9972141803673792
790.6345745707092 1188.2113929112134 0.9972123293906442
772.9752390598036 1183.8931584572053 0.997214570206681
764.9436904515056 1187.043713082219 0.9972129355162846
756.7307393040068 1190.1163452451815 0.9972113402490547
748.3420126293898 1193.1073173609311 0.9972097864223709
739.7832574298791 1196.0129713507586 0.9972082760150373
731.0603367654553 1198.8297353274659 0.9972068109633564
714.4141289301994 1192.326429295304 0.9972101921890976
705.6968558499045 1194.7475747455726 0.9972089338987989
696.8387323036164 1197.0784212747462 0.9972077219531077
687.8458257205314 1199.31593524843 0.9972065579968683
678.724295574961 1201.4571939284585 0.9972054436174284
669.48038917515 1203.499390874974 0.9972043803413975
660.1204373930724 1205.439841115391 0.9972033696315307
650.650850337808 1207.2759860725562 0.9972024128837393
641.0781129752017 1209.0053982444144 0.9972015114242389
631.4087806971455 1210.6257856292034 0.9972006665068377
617.2436396522827 1201.2373694601358 0.9972055580434234
607.7575804246592 1202.5182203059583 0.9972048912458552
598.1977263152789 1203.693785179999 0.9972042791064302
588.5706245143755 1204.762421944573 0.9972037225197515
578.882868158214 1205.7226356305155 0.9972032223009174
569.1410918235084 1206.5730811907115 0.9972027791838298
559.3519669938665 1207.3125659712312 0.9972023938196718
549.5221975012822 1207.9400518977798 0.997202066775557
539.6585149457222 1208.4546573748275 0.9972017985333538
529.7676740958002 1208.8556588958436 0.997201589488687
519.8564482740684 1209.1424923627596 0.9972014399501178
509.9316247293589 1209.314754113555 0.9972013501385045
