0 186.48139032550975
-3.74588760491982 186.44356967093736
-7.489213706556203 186.33013989718805
-11.227418541498905 186.14119753838125
-14.957945824934919 185.87690336525188
-18.67824448707197 185.53748220614338
-22.608811190802477 186.2673880279446
-26.337818107665324 185.77206687505574
-30.048814904020198 185.20167468713998
-34.07210552470918 185.67811673089284
-37.775665206360664 184.9495342399083
-41.85833650268695 185.24783391270694
-45.54337293846357 184.35957305507299
-49.673204069290776 184.4746155533148
-53.83943679091239 184.4895799669149
-57.49293328550565 183.35308227706918
-61.68704048399195 183.1773846441015
-65.90717125715608 182.89687526302782
-70.14962550784082 182.50985542242796
-74.41064213247711 182.01472899508443
-78.68640215512221 181.4100041944885
-82.97303192921723 180.69429522702072
-88.04313818265658 180.78910379516384
-92.37072816000749 179.8260819304984
-97.53476722925524 179.62641951740818
-101.88500522746843 178.4085114081212
-107.12213195823809 177.90400616868527
-112.4021156227946 177.23112087557925
-117.71886279433284 176.38694592640883
-123.06617819653718 175.3687558791471
-128.43777059859877 174.1740126226851
-134.86148342580563 173.4995741768858
-141.34731266743984 172.5868623476341
-147.88655363715523 171.431858496472
-154.47036448113275 170.03081944854026
-161.08977500428142 168.3802819848875
-168.88918497343366 167.02658298932698
-177.92403668556398 165.8713479432504
-185.85336191298177 163.84242434299054
-195.03446085406924 161.93771445308974
-205.51264176278573 160.05316329494164
-216.07503730191465 157.69719513970657
-227.9747268439872 155.2144590898381
-241.2437909610821 152.49498516060257
-255.9088960097885 149.42676830913604
-271.99122493324876 145.89601608487453
-290.83749650805 141.99560495998767
-312.4965360087983 137.49952029402556
-335.6500889030377 132.04381107470712
-364.3926760507835 125.8021564708534
-397.4261360026186 118.25773993244152
-437.55234814789617 109.10952118630819
-487.62262136474004 97.75420090490704
-550.5191133045834 83.28540289585442
-633.3613357721966 64.22797891501216
-746.1560174375297 38.11022512147176
-910.3061142607085 0.1398395434491692
-912.7303220681447 -23.701622891821422
-914.5306576951355 -47.604503210432874
-915.7054153211865 -71.55277318203905
-916.2823529696104 -100
-916.1734577381047 -119.51491401328819
-915.4654862220208 -143.5001978729123
-914.1293669313758 -167.46425179459789
-912.1655373338374 -191.39107147599208
-909.5081571682226 -215.52976212028992
-905.9946770219723 -240.23251247081015
-901.7160318360285 -264.9283130385815
-896.7320875758584 -289.423179344122
-891.0776062896699 -313.6591868285811
-884.7753938838634 -337.61842253219237
-877.8421011394162 -361.29463819916657
-870.2910447911731 -384.6841364344447
-862.1337079303185 -407.7828039905063
-853.3805413815151 -430.5853293197242
-844.0414489665258 -453.08511304252335
-834.1260766389573 -475.27443047527123
-823.6440116081911 -497.1446357711375
-812.6048698221886 -518.6864017943487
-801.0183875440769 -539.8898885143905
-788.8944599518478 -560.7449049788263
-776.2431743285786 -581.2410329638609
-763.0748293030862 -601.3677292701727
-749.3999377555183 -621.1144121024652
-735.2292536440206 -640.4705194437022
-720.5737296664814 -659.4255803557991
-705.4445470791147 -677.9692453573441
-689.8531292454109 -696.0913220848141
-673.8110740425801 -713.7818185851083
-657.3301971999401 -731.0309554091474
-640.4225226604296 -747.8291896439807
-623.1002326573417 -764.1672326978738
-605.3757199838343 -780.0360625688336
-587.2615240893248 -795.4269348059054
-568.7703520947672 -810.331391698089
-549.9150681111888 -824.7412708921869
-530.7086829402416 -838.6487121022378
-511.16430786975315 -852.0461483789369
-491.29524105571926 -864.9263413151584
-471.11484169178175 -877.2823426329935
-450.63661197334807 -889.1075294387801
-429.87415078747523 -900.3955912547837
-408.8411477994643 -911.1405297817688
-387.5513827161821 -921.3366624647364
-366.0187180545433 -930.9786225606359
-344.257092259241 -940.0613588302136
-322.2805108619039 -948.5801323799734
-300.1030340908956 -956.530506773629
-277.7388026194034 -963.9083840890468
-255.20198996687145 -970.7099556294897
-232.50681939331847 -976.9317236299256
-209.66756494405755 -982.5705129668871
-186.69852896088133 -987.6234404056424
-163.61405061345337 -992.0879338651104
-140.42850267738575 -995.9617392970799
-117.15627447620234 -999.2428848243316
-93.8117890955373 -1001.9297504349253
-70.40950443693409 -1004.0211826397165
-46.96381433280743 -1005.5159756125462
-23.489154683393878 -1006.4132207160026
0 -1006.7123628020157
23.489154683393476 -1006.4132207160026
46.9638143328071 -1005.5159756125462
70.40950443693409 -1004.0211826397165
93.81178909553688 -1001.9297504349253
117.15627447620196 -999.2428848243317
140.42850267738575 -995.9617392970799
163.61405061345306 -992.0879338651105
186.69852896088082 -987.6234404056424
209.66756494405755 -982.5705129668871
232.5068193933181 -976.9317236299256
255.2019899668712 -970.7099556294897
277.7388026194034 -963.9083840890468
300.1030340908954 -956.5305067736291
322.28051086190357 -948.5801323799734
344.257092259241 -940.0613588302136
366.01871805454306 -930.9786225606362
387.5513827161818 -921.3366624647366
408.8411477994643 -911.1405297817688
429.87415078747506 -900.3955912547837
450.636611973348 -889.1075294387801
471.11484169178175 -877.2823426329935
491.29524105571926 -864.9263413151584
511.16430786975315 -852.0461483789369
530.7086829402416 -838.6487121022378
549.9150681111886 -824.7412708921869
568.7703520947672 -810.3313916980889
587.2615240893248 -795.4269348059054
605.3757199838338 -780.0360625688338
623.1002326573413 -764.1672326978745
640.4225226604296 -747.8291896439807
657.3301971999396 -731.0309554091477
673.8110740425801 -713.7818185851085
689.8531292454107 -696.0913220848142
705.4445470791145 -677.9692453573443
720.5737296664815 -659.4255803557991
735.2292536440206 -640.4705194437022
749.3999377555183 -621.1144121024652
763.0748293030861 -601.3677292701732
776.2431743285786 -581.2410329638609
788.8944599518475 -560.7449049788266
801.0183875440769 -539.8898885143905
812.6048698221886 -518.6864017943487
823.6440116081911 -497.1446357711375
834.1260766389573 -475.27443047527134
844.0414489665258 -453.08511304252306
853.3805413815151 -430.5853293197243
862.133707930318 -407.7828039905073
870.2910447911731 -384.6841364344447
877.8421011394162 -361.29463819916657
884.7753938838631 -337.6184225321938
891.0776062896698 -313.6591868285829
896.7320875758584 -289.4231793441216
901.7160318360283 -264.92831303858344
905.9946770219723 -240.23251247081015
909.5081571682226 -215.52976212028992
912.1655373338374 -191.39107147599208
914.1293669313758 -167.46425179459789
915.4654862220208 -143.5001978729123
916.1734577381047 -119.51491401328819
916.2823529696104 -100
915.7054153211865 -71.55277318203905
914.5306576951356 -47.604503210432455
912.7303220681447 -23.701622891821422
910.3061142607087 0.1398395434473728
746.1560174375297 38.11022512147176
633.3613357721966 64.22797891501216
550.5191133045834 83.28540289585442
487.6226213647401 97.75420090490657
437.5523481478963 109.10952118630804
397.4261360026186 118.25773993244131
364.3926760507835 125.8021564708534
335.6500889030377 132.04381107470712
312.4965360087983 137.49952029402556
290.83749650805 141.99560495998762
271.99122493324876 145.89601608487456
255.90889600978855 149.42676830913592
241.2437909610821 152.49498516060257
227.9747268439872 155.2144590898381
216.07503730191465 157.69719513970657
205.51264176278585 160.05316329494144
195.03446085406927 161.93771445308965
185.85336191298177 163.84242434299045
177.92403668556398 165.8713479432504
168.88918497343366 167.02658298932698
161.08977500428142 168.3802819848875
154.47036448113283 170.03081944854014
147.88655363715526 171.431858496472
141.34731266743984 172.58686234763408
134.86148342580563 173.4995741768858
128.43777059859877 174.1740126226851
123.06617819653718 175.3687558791471
117.71886279433295 176.38694592640877
112.40211562279464 177.2311208755785
107.12213195823811 177.90400616868524
101.88500522746843 178.4085114081212
97.53476722925524 179.62641951740818
92.37072816000749 179.8260819304984
88.04313818265665 180.78910379516373
82.97303192921726 180.69429522702072
78.68640215512222 181.4100041944885
74.41064213247711 182.01472899508443
70.14962550784082 182.50985542242796
65.90717125715608 182.89687526302782
61.687040483992014 183.17738464410147
57.4929332855057 183.35308227706918
53.839436790912416 184.48957996691485
49.673204069290776 184.4746155533148
45.54337293846357 184.35957305507299
41.85833650268695 185.24783391270694
37.77566520636071 184.94953423990827
34.07210552470922 185.67811673089284
30.04881490402025 185.20167468713996
26.337818107665324 185.77206687505574
22.608811190802477 186.2673880279446
18.67824448707197 185.53748220614338
14.957945824934963 185.87690336525185
11.227418541498947 186.14119753838125
7.489213706556248 186.33013989718805
3.74588760491982 186.44356967093736
