0 249.93639032550777
-4.1239410854678615 249.8974434736139
-8.245061568680907 249.78063807497236
-12.360542764830905 249.5860795580893
-16.4675698227325 249.31394349469986
-20.563333638454473 248.9644753864212
-24.868073549827926 249.6821556975733
-28.96970528876484 249.17246273238413
-33.051523143186145 248.58559037740454
-37.44357691570304 249.04348744439605
-41.51358911109958 248.29434420791281
-45.96015113484083 248.57012178770069
-50.00626711917286 247.65743716226024
-54.494119153811425 247.7462190002617
-59.015068764854135 247.73315559851994
-63.01973502924274 246.56693746313948
-67.56122420367933 246.35990588714174
-72.12471108069616 246.0465326139801
-76.70626024400909 245.62520669243747
-81.30187819133607 245.09442375164437
-85.90751662770464 244.45278753068058
-90.51907582436355 243.69901129282516
-95.90893981881659 243.75469908037016
-100.55089670964543 242.75160828904274
-106.02369641345274 242.51103692346246
-110.67687715819623 241.2514904348481
-116.21092112563859 240.70473018099935
-121.78159302476996 239.98908792890066
-127.38260020558359 239.10177036406972
-133.00755257415807 238.04016962165196
-138.6499686211717 236.80186614288343
-145.3375061629177 236.08383715577824
-152.0799803763954 235.12762400632676
-158.8685106836208 233.92932760066674
-165.69408438030203 232.48532398284277
-172.5475655791786 230.79226849502936
-180.5731936267267 229.3966155914503
-189.82625578134923 228.20010700033367
-197.96563426481748 226.13070480950412
-207.34848531551395 224.18642389001596
-218.01997891656663 222.26331955838234
-228.7671152439084 219.86992374730576
-240.84284705794894 217.35099027045126
-254.27913428020003 214.59665059360617
-269.10252866087865 211.49499756104893
-285.3341046595311 207.93233275188794
-304.320478766246 204.00162252623105
-326.110380236366 199.47693771640508
-349.3854648511575 193.99440810624202
-378.2401701788947 187.72778873546588
-411.37625792993174 180.16033376511768
-451.59553715767487 170.99106825355506
-501.749252956704 159.61675262131385
-564.7195057910689 145.1310646534055
-647.6257569135415 126.0589041426221
-760.4746911120038 99.92860919291297
-924.6692271646039 61.94791355251522
NaN NaN
NaN NaN
NaN NaN
-1078.2714530000521 -193.96558378742554
-1068.2077600421567 -212.74772819526297
-1059.3743963655675 -235.26225961978503
-1052.1447285445117 -257.83860397775084
-1045.734388551305 -280.6354768298352
-1040.5703559904048 -303.98204036631097
-1036.4355400484076 -327.8458851019429
-1032.1506816710512 -352.12768293063607
-1028.8393301301883 -376.4148116999592
-1025.1983650385098 -400.98747386296014
-1022.37392946145 -425.67027511402404
-1020.3022177089999 -450.58610696164004
-1017.6908089443153 -475.8817411119776
-1015.7119835306494 -501.5428302203717
-1013.0839816230821 -527.6082378655822
-1010.9789621733222 -554.1591426060569
-1009.3353738304187 -581.2987007707583
-1006.8896201599193 -608.9085080660492
-1005.9782548427271 -637.4671963507227
-1004.1450644818408 -666.5848111949825
-1002.5129317105782 -696.5615835034774
-1001.0023624623399 -727.4758094155815
-990.5102936439281 -755.8986674965947
-972.5022120552497 -781.4280677521992
-953.8613540244796 -806.4348302735808
-934.6027153037589 -830.9063559531882
-914.7415489257062 -854.8302109638007
-894.2933708842835 -878.1941804932253
-873.2738848803373 -900.9863252014067
-851.6990188915627 -923.1950026083446
-829.5849089427174 -944.8088975212771
-806.9478430995063 -965.8170438732607
-783.8043081634186 -986.2088392008558
-760.1723194982354 -1005.9743446512738
-736.0919449598942 -1025.1099809087027
-711.5822550620538 -1043.6110291351256
-686.6530829915785 -1061.4704637622058
-661.3151823558242 -1078.6807218614276
-635.5802465242629 -1095.2339017595234
-609.4607208735939 -1111.121862482481
-582.9698698824695 -1126.336401776276
-556.1215498818202 -1140.8692684431512
-528.9302812768391 -1154.7123125377136
-501.4111298483992 -1167.8575129313049
-473.5797283214518 -1180.2970901691253
-445.45212501065794 -1192.0234639750008
-417.044872155472 -1203.029411325635
-388.3748588949572 -1213.3079718829244
-359.4594052889246 -1222.8526178926836
-330.316143900292 -1231.657189592473
-300.9630112572865 -1239.7159385331775
-271.41823154176865 -1247.0235699379173
-241.700274415068 -1253.5752408092221
-211.82782732369208 -1259.366568256786
-181.8197826807327 -1264.3936747439998
-151.69519981619692 -1268.6531754704913
-121.4732773249663 -1272.142168057128
-91.17334355109912 -1274.858299004269
-60.81481760989084 -1276.7997192632217
-30.417190357538953 -1277.96510630058
0 -1278.3536566204216
30.41719035753847 -1277.96510630058
60.81481760989042 -1276.7997192632217
91.17334355109912 -1274.858299004269
121.47327732496574 -1272.142168057128
151.69519981619644 -1268.6531754704913
181.8197826807327 -1264.3936747439998
211.82782732369174 -1259.366568256786
241.70027441506738 -1253.5752408092221
271.41823154176865 -1247.0235699379173
300.96301125728604 -1239.7159385331775
330.31614390029165 -1231.657189592473
359.4594052889246 -1222.8526178926836
388.37485889495684 -1213.3079718829247
417.0448721554715 -1203.0294113256352
445.45212501065794 -1192.0234639750008
473.57972832145134 -1180.2970901691256
501.4111298483988 -1167.8575129313053
528.9302812768391 -1154.7123125377136
556.1215498818201 -1140.8692684431512
582.9698698824695 -1126.336401776276
609.4607208735939 -1111.121862482481
635.5802465242629 -1095.2339017595234
661.3151823558242 -1078.6807218614276
686.6530829915785 -1061.4704637622058
711.5822550620536 -1043.6110291351256
736.0919449598942 -1025.1099809087025
760.1723194982354 -1005.9743446512738
783.8043081634178 -986.2088392008561
806.9478430995056 -965.8170438732617
829.5849089427174 -944.8088975212771
851.699018891562 -923.1950026083452
873.2738848803369 -900.986325201407
894.2933708842833 -878.1941804932254
914.741548925706 -854.8302109638009
934.6027153037593 -830.9063559531882
953.8613540244796 -806.4348302735808
972.5022120552497 -781.4280677521992
990.510293643928 -755.8986674965952
1001.0023624623399 -727.4758094155815
1002.5129317105776 -696.5615835034779
1004.1450644818408 -666.5848111949825
1005.9782548427271 -637.4671963507227
1006.8896201599193 -608.9085080660492
1009.3353738304187 -581.2987007707584
1010.9789621733225 -554.1591426060564
1013.0839816230821 -527.6082378655822
1015.7119835306489 -501.5428302203728
1017.6908089443153 -475.8817411119776
1020.3022177089999 -450.58610696164004
1022.3739294614495 -425.67027511402546
1025.1983650385093 -400.98747386296196
1028.8393301301883 -376.4148116999588
1032.1506816710503 -352.1276829306386
1036.4355400484076 -327.8458851019429
1040.5703559904048 -303.98204036631097
1045.734388551305 -280.6354768298352
1052.1447285445117 -257.83860397775084
1059.3743963655675 -235.26225961978503
1068.2077600421567 -212.74772819526297
1078.2714530000521 -193.96558378742554
NaN NaN
NaN NaN
NaN NaN
924.6692271646041 61.94791355251342
760.4746911120038 99.92860919291297
647.6257569135415 126.0589041426221
564.7195057910689 145.1310646534055
501.7492529567041 159.61675262131337
451.595537157675 170.99106825355491
411.37625792993174 180.16033376511749
378.2401701788947 187.72778873546588
349.3854648511575 193.99440810624202
326.110380236366 199.47693771640508
304.320478766246 204.001622526231
285.3341046595311 207.93233275188797
269.1025286608787 211.49499756104882
254.27913428020003 214.59665059360617
240.84284705794894 217.35099027045126
228.7671152439084 219.86992374730576
218.01997891656674 222.26331955838214
207.34848531551398 224.18642389001587
197.96563426481748 226.13070480950404
189.82625578134923 228.20010700033367
180.5731936267267 229.3966155914503
172.5475655791786 230.79226849502936
165.69408438030212 232.48532398284266
158.86851068362083 233.92932760066674
152.0799803763954 235.12762400632673
145.3375061629177 236.08383715577824
138.6499686211717 236.80186614288343
133.00755257415807 238.04016962165196
127.3826002055837 239.10177036406967
121.78159302477 239.98908792889992
116.21092112563862 240.70473018099932
110.67687715819623 241.2514904348481
106.02369641345274 242.51103692346246
100.55089670964543 242.75160828904274
95.90893981881666 243.75469908037005
90.51907582436358 243.69901129282516
85.90751662770465 244.45278753068058
81.30187819133607 245.09442375164437
76.70626024400909 245.62520669243747
72.12471108069616 246.0465326139801
67.5612242036794 246.3599058871417
63.01973502924279 246.56693746313948
59.01506876485416 247.7331555985199
54.494119153811425 247.7462190002617
50.00626711917286 247.65743716226024
45.96015113484083 248.57012178770069
41.51358911109963 248.2943442079128
37.44357691570308 249.04348744439605
33.0515231431862 248.58559037740451
28.96970528876484 249.17246273238413
24.868073549827926 249.6821556975733
20.563333638454473 248.9644753864212
16.467569822732543 249.31394349469983
12.360542764830948 249.5860795580893
8.245061568680951 249.78063807497236
4.1239410854678615 249.8974434736139
