0 292.12539032550944
-4.375295561724127 292.0856947045826
-8.747598255390844 291.9666449715533
-13.11391724845164 291.7683524684868
-17.471265778025096 291.4910026077952
-21.816663182346623 291.13485463601427
-26.370177712855657 291.8444066346778
-30.719554603766138 291.32515835644864
-35.047918350847546 290.7273289174154
-39.68514978647193 291.1728960809443
-43.99880338289896 290.41008272717784
-48.68730356594854 290.6708861586396
-52.973488655536336 289.74196302811987
-57.699376210006236 289.8132850758022
-62.45616461779919 289.7815869643979
-66.69431132372804 288.59560874901325
-71.46676256866067 288.36774433521714
-76.25853485526605 288.0325210148835
-81.06553631183988 287.5883861854708
-85.88361892236122 287.03389648168155
-90.70858192569187 286.36771915420286
-95.53617527897435 285.58863332576294
-101.13863496069595 285.61831108080713
-105.98960336697228 284.5885798679668
-111.66768716835162 284.3208095772151
-116.52228390132878 283.0335791931607
-122.25373770720758 282.45872506486
-128.01767800013735 281.71465521300087
-133.80767967360276 280.79865363883675
-139.61722310630688 279.7081906504525
-145.43970027942288 278.4409255103685
-152.30264560434895 277.69391470390855
-159.21575404234966 276.70877905507916
-166.17002807127088 275.48169895102325
-173.1563413943443 274.0091297002424
-180.16544796140755 272.2878054720412
-188.34148046107828 270.86425888907826
-197.7396230720605 269.6403089680172
-206.01865858522717 267.54399398453745
-215.53564752501504 265.5734036778102
-226.33566794313447 263.62466669569693
-237.2056319296664 261.20638655127715
-249.39840806506945 258.66338667702087
-262.94587605452966 255.88586598960316
-277.8745114505224 252.76198241502345
-294.2053165856539 249.17810004941578
-313.2848399433169 245.22724501621988
-335.1617469390191 240.68354497560875
-358.5176337247723 235.18318342991117
-387.44688249109834 228.89996586274876
-420.6512038599832 221.31719344846482
-460.93236012093314 212.13393468204893
-511.1415539610909 200.74698970843923
-574.1608478226241 186.25007220031785
-657.1096693480573 167.16811388854822
-769.9946741496271 141.02948076473587
-934.2187562844911 103.04193032611113
NaN NaN
NaN NaN
NaN NaN
-1123.6392508097276 -273.48917444268346
-1110.2918849920613 -290.2864171816081
-1098.0697678561219 -310.5665699228121
-1087.914960331669 -331.0565143594169
-1078.9331133737858 -351.89297827729985
-1071.4586326326933 -373.3713063060627
-1065.2388963020878 -395.4581037920487
-1059.0696353298551 -418.05628843376263
-1054.0708157512672 -440.7736773405689
-1048.8929111059135 -463.86244885847765
-1044.670150603451 -487.1503994906367
-1041.31414562768 -510.74583213537846
-1037.512565652602 -534.7820840959974
-1034.427903370408 -559.2412944677059
-1030.768235788951 -584.1566015604994
-1027.6960825706653 -609.6023736226663
-1025.1415210753653 -635.6750826271252
-1021.8393611578794 -662.2591055904596
-1020.111459263449 -689.8135047314364
-1017.5076565338901 -717.9621205863439
-1015.1421613043459 -746.9937474597256
-1012.9325337758743 -776.984145309896
-1010.792499023152 -808.0037675533034
-1008.6320014911878 -840.1174283786212
-1007.4415186879792 -873.892552811604
-1005.9987952165399 -908.9528055235738
-1004.199915294502 -945.3411583083118
-1001.9382077931855 -983.0934385477873
-1001.1249654901947 -1023.562401567724
-979.2433365466081 -1050.9673572866282
-953.8155620609709 -1075.7038201168875
-927.8413314726959 -1099.7574975889538
-901.3275507490083 -1123.1220583760323
-874.2827021599502 -1145.7897502810506
-846.7166930479071 -1167.751753671747
-818.6406831774148 -1188.9984605982902
-790.0670201345374 -1209.519723773351
-761.0090355465093 -1229.3050185112663
-731.4810631797691 -1248.3436327075683
-701.4982495870788 -1266.6247590688888
-671.0766196554027 -1284.1376672617002
-640.2328473472776 -1300.871711254201
-608.9843260978321 -1316.8164755555117
-577.3490479428523 -1331.9617994236705
-545.3456229780144 -1346.2978871022237
-512.9931255388527 -1359.8152630043217
-480.311180323211 -1372.504928197702
-447.319792673134 -1384.3582642266977
-414.0394402296316 -1395.3672021223522
-380.49095173383034 -1405.5241567962948
-346.69549580876424 -1414.8220697259428
-312.67456189541264 -1423.2544508506546
-278.4499152218114 -1430.8153762736015
-244.04356622149203 -1437.4994963090119
-209.47775480997308 -1443.3020806060947
-174.77490934025516 -1448.2190053654178
-139.9576159363038 -1452.246742908471
-105.04860596884058 -1455.3824282103105
-70.07071398387764 -1457.623814350382
-35.04685559689613 -1458.9692946038465
0 -1459.4178949411953
35.046855596895576 -1458.9692946038465
70.07071398387713 -1457.623814350382
105.04860596884058 -1455.3824282103105
139.95761593630317 -1452.246742908471
174.77490934025465 -1448.2190053654178
209.47775480997308 -1443.3020806060947
244.04356622149163 -1437.4994963090119
278.44991522181067 -1430.8153762736015
312.67456189541264 -1423.2544508506546
346.6954958087638 -1414.8220697259428
380.49095173383 -1405.5241567962948
414.0394402296316 -1395.3672021223522
447.31979267313363 -1384.358264226698
480.31118032321046 -1372.5049281977022
512.9931255388527 -1359.8152630043217
545.3456229780139 -1346.297887102224
577.3490479428518 -1331.961799423671
608.9843260978321 -1316.8164755555117
640.2328473472775 -1300.871711254201
671.0766196554027 -1284.1376672617002
701.4982495870788 -1266.6247590688888
731.4810631797691 -1248.3436327075683
761.0090355465093 -1229.3050185112663
790.0670201345374 -1209.519723773351
818.6406831774145 -1188.9984605982902
846.716693047907 -1167.7517536717469
874.2827021599502 -1145.7897502810506
901.3275507490072 -1123.1220583760328
927.841331472695 -1099.7574975889552
953.8155620609709 -1075.7038201168875
979.2433365466073 -1050.9673572866293
1001.1249654901941 -1023.5624015677246
1001.9382077931853 -983.0934385477874
1004.1999152945018 -945.3411583083121
1005.9987952165402 -908.9528055235737
1007.4415186879792 -873.892552811604
1008.6320014911878 -840.1174283786212
1010.7924990231519 -808.0037675533039
1012.9325337758743 -776.984145309896
1015.1421613043453 -746.993747459726
1017.5076565338901 -717.9621205863439
1020.111459263449 -689.8135047314364
1021.8393611578794 -662.2591055904596
1025.1415210753653 -635.6750826271253
1027.6960825706656 -609.6023736226658
1030.768235788951 -584.1566015604994
1034.4279033704076 -559.241294467707
1037.512565652602 -534.7820840959974
1041.31414562768 -510.74583213537846
1044.6701506034503 -487.1503994906379
1048.892911105913 -463.8624488584794
1054.0708157512672 -440.77367734056855
1059.069635329854 -418.05628843376513
1065.2388963020878 -395.4581037920487
1071.4586326326933 -373.3713063060627
1078.9331133737858 -351.89297827729985
1087.914960331669 -331.0565143594169
1098.0697678561219 -310.5665699228121
1110.2918849920613 -290.2864171816081
1123.6392508097276 -273.48917444268346
NaN NaN
NaN NaN
NaN NaN
934.2187562844913 103.04193032610932
769.9946741496271 141.02948076473587
657.1096693480573 167.16811388854822
574.1608478226241 186.25007220031785
511.14155396109095 200.74698970843875
460.93236012093325 212.1339346820488
420.6512038599832 221.31719344846462
387.44688249109834 228.89996586274876
358.5176337247723 235.18318342991117
335.1617469390191 240.68354497560875
313.2848399433169 245.22724501621983
294.2053165856539 249.1781000494158
277.87451145052245 252.76198241502334
262.94587605452966 255.88586598960316
249.39840806506945 258.66338667702087
237.2056319296664 261.20638655127715
226.33566794313458 263.62466669569676
215.53564752501507 265.57340367781006
206.01865858522717 267.5439939845374
197.7396230720605 269.6403089680172
188.34148046107828 270.86425888907826
180.16544796140755 272.2878054720412
173.1563413943444 274.0091297002423
166.1700280712709 275.48169895102325
159.21575404234966 276.7087790550791
152.30264560434895 277.69391470390855
145.43970027942288 278.4409255103685
139.61722310630688 279.7081906504525
133.80767967360288 280.7986536388367
128.0176780001374 281.7146552130001
122.2537377072076 282.45872506486
116.52228390132878 283.0335791931607
111.66768716835162 284.3208095772151
105.98960336697228 284.5885798679668
101.13863496069602 285.618311080807
95.53617527897438 285.58863332576294
90.70858192569189 286.36771915420286
85.88361892236122 287.03389648168155
81.06553631183988 287.5883861854708
76.25853485526605 288.0325210148835
71.46676256866074 288.36774433521714
66.69431132372809 288.59560874901325
62.45616461779922 289.78158696439783
57.699376210006236 289.8132850758022
52.973488655536336 289.74196302811987
48.68730356594854 290.6708861586396
43.99880338289901 290.4100827271778
39.685149786471975 291.1728960809443
35.0479183508476 290.7273289174154
30.719554603766138 291.32515835644864
26.370177712855657 291.8444066346778
21.816663182346623 291.13485463601427
17.47126577802514 291.4910026077952
13.113917248451683 291.7683524684868
8.747598255390889 291.9666449715533
4.375295561724127 292.0856947045826
