-212.5 437.5 0.000004028758015026668
-562.5 467.5 0.000009033496240353464
-1247.5 342.5 0.0000010186667809066417
-122.5 422.5 0.0000010091170844519642
227.5 442.5 0.000001621232931179403
-447.5 297.5 0.000001628080101766756
522.5 462.5 0.0000064803663584385055
822.5 427.5 0.0000016217992007119908
-117.5 372.5 0.0000016247318971042611
162.5 427.5 0.0000016218424216536468
-232.5 342.5 0.000001625946580771303
-162.5 427.5 0.0000010082095575578309
-817.5 432.5 0.000004031306534000165
697.5 452.5 0.000006482575287556201
-987.5 397.5 0.0000010121080223275746
-422.5 462.5 0.000004016014850213404
182.5 432.5 0.0000064867452638488545
202.5 432.5 0.00000162157895501124
-137.5 422.5 0.000004035698031655553
192.5 352.5 0.0000010173053618290124
-687.5 452.5 0.000009048766897671207
47.5 402.5 0.0000016230443231524629
-372.5 457.5 0.000009043093964404074
-1002.5 397.5 0.0000010123705592439902
-527.5 462.5 0.00000903558541523287
-927.5 412.5 0.0000010104876946403662
-377.5 457.5 0.000009041271427067127
-192.5 352.5 0.0000016255375428672018
-1217.5 347.5 0.0000010179826002009052
402.5 457.5 0.000014582938076070607
-67.5 412.5 0.0000010105223256512888
117.5 417.5 0.00000648939446865543
927.5 412.5 0.0000016227702260796304
757.5 442.5 0.000006484510795453971
277.5 447.5 0.000006483862376318426
-247.5 442.5 0.000001006671786019453
-997.5 397.5 0.000001012234263816751
-512.5 462.5 0.000004015498879860174
212.5 432.5 0.0000016215266381235733
-897.5 417.5 0.000001009735139015362
1292.5 332.5 0.0000016265553938214495
882.5 417.5 0.00000648939446865543
-1342.5 317.5 0.0000010211041981661695
-892.5 417.5 0.0000010097567896987172
-857.5 427.5 0.000001008608759036424
-1037.5 387.5 0.0000010133395757125434
497.5 462.5 0.000006480257056028975
-517.5 462.5 0.000009035053684679007
-52.5 407.5 0.0000010110961350032096
-597.5 457.5 0.00000904045928191692
-432.5 462.5 0.0000010038273456408143
1092.5 372.5 0.0000016245562891240419
127.5 422.5 0.0000016222355791756824
-557.5 467.5 0.0000010036560524177103
-947.5 407.5 0.0000010110961350032096
-97.5 412.5 0.0000010099709499327972
892.5 417.5 0.0000016224727236081599
472.5 462.5 0.000014580945595651652
122.5 422.5 0.0000016222122124594607
-27.5 387.5 0.0000016238558663903016
432.5 462.5 0.000001620053303361451
172.5 432.5 0.0000016217388042563456
1087.5 377.5 0.0000016244549378287726
-427.5 462.5 0.000009035131005970489
-522.5 277.5 0.0000016287849144125524
-727.5 447.5 0.0000010057757867410103
-447.5 462.5 0.00000903804360712372
767.5 442.5 0.0000016211702028718685
582.5 462.5 0.000014581522862285227
37.5 402.5 0.000006492524609327503
1162.5 357.5 0.0000016253144453245347
1357.5 317.5 0.0000016272634916471134
232.5 442.5 0.0000016211702028718685
-332.5 452.5 0.000009045719866554117
-867.5 422.5 0.0000010089574198317334
202.5 437.5 0.000006485899050280576
-382.5 312.5 0.0000016274541909130047
-932.5 412.5 0.0000010105223256512888
-502.5 462.5 0.0000040154166040667955
-152.5 427.5 0.0000010084973713104431
-342.5 457.5 0.0000010046337718336548
-1097.5 147.5 0.0000016330605777954422
-742.5 447.5 0.0000010061142058325599
772.5 437.5 0.0000016212960374600591
362.5 457.5 0.000006481223303150686
1157.5 362.5 0.0000016251826922231498
-577.5 462.5 0.000004016014850213404
617.5 462.5 0.000001620284108869536
92.5 412.5 0.000006490426220781353
-762.5 437.5 0.0000010068257768620612
-262.5 442.5 0.000004025451782592268
-202.5 432.5 0.0000010075633407477834
567.5 467.5 0.0000016200384466319697
132.5 367.5 0.0000010158928602807055
307.5 447.5 0.0000016207886371897032
-417.5 462.5 0.000009036997273287632
-107.5 417.5 0.0000010097567896987172
272.5 332.5 0.0000010194572976746352
867.5 422.5 0.0000016221471715257443
1147.5 362.5 0.0000016250546791131813
477.5 462.5 0.000006480366358438506
22.5 397.5 0.0000016233819656417358
-727.5 232.5 0.0000016304888862024155
-267.5 447.5 0.000009054311535090268
1167.5 127.5 0.0000010370552010178118
812.5 432.5 0.0000016217173079511124
942.5 407.5 0.000001622909997113329
-392.5 462.5 0.00000903680943327373
787.5 437.5 0.000006485705929425138
632.5 462.5 0.000001620260437062383
-1062.5 382.5 0.000001013942802489737
-1162.5 357.5 0.0000010167544645268536
-307.5 447.5 0.000001005626734834343
-842.5 427.5 0.000004034024996824379
-462.5 462.5 0.000004016193079267237
537.5 462.5 0.0000064805745495411195
-872.5 422.5 0.000001009174452817481
107.5 417.5 0.0000016224727236081599
-507.5 462.5 0.000009034752928826496
-772.5 437.5 0.0000010068697550803817
-862.5 422.5 0.000004035698031655553
-232.5 442.5 0.00000100656137818852
617.5 457.5 0.000001620310062636542
-1177.5 357.5 0.0000010170208402751165
177.5 357.5 0.0000010170208402751165
1402.5 307.5 0.000001627654001405231
347.5 452.5 0.000006482252514319245
-782.5 437.5 0.0000010069458090158521
532.5 462.5 0.000014581121274949667
342.5 457.5 0.0000016203829775894733
-12.5 392.5 0.000006494632016468717
142.5 427.5 0.0000016220051153619494
342.5 317.5 0.0000010211041981661695
-217.5 347.5 0.0000016258116809718318
-752.5 442.5 0.000001006671786019453
857.5 202.5 0.0000010321245547208978
1067.5 382.5 0.0000016242639754105515
-297.5 447.5 0.000001005661966602057
327.5 452.5 0.000006482640338760233
-412.5 462.5 0.000009038227258386384
-1077.5 377.5 0.0000010143939703192
987.5 397.5 0.000001623429180383256
212.5 437.5 0.000006485705929425137
-567.5 462.5 0.0000010038273456408143
647.5 247.5 0.0000010280459126512051
-252.5 442.5 0.000009057522709244159
907.5 412.5 0.000006490426220781353
-532.5 462.5 0.000009036015072291681
-177.5 357.5 0.000001625422331105566
452.5 462.5 0.000006480758879555263
932.5 412.5 0.0000016227843185918893
817.5 432.5 0.000006486745263848855
897.5 417.5 0.000001622463909385396
192.5 437.5 0.0000016215004337901513
-822.5 427.5 0.0000010081035288730807
507.5 462.5 0.000014580605188749653
377.5 457.5 0.00001458327001554314
237.5 442.5 0.000001621217633015451
777.5 437.5 0.00000648556578150631
612.5 462.5 0.000014582102171785537
-77.5 377.5 0.0000016243574938418859
217.5 347.5 0.0000010179826002009052
-1147.5 362.5 0.000001016113298916405
-172.5 432.5 0.0000010079553724650495
627.5 457.5 0.000014584014827805765
727.5 232.5 0.0000010295891286148144
-272.5 447.5 0.0000010057757867410103
322.5 457.5 0.0000016204975156895636
252.5 442.5 0.000014589907493450622
-62.5 382.5 0.0000016241744002298982
-877.5 422.5 0.0000010091170844519642
-27.5 402.5 0.0000010116037678479403
607.5 462.5 0.000014581446070832007
-297.5 452.5 0.000004021974071629911
-307.5 327.5 0.000001626724445994267
-772.5 442.5 0.000001006715094708033
147.5 422.5 0.000001622042968637863
-402.5 457.5 0.00000904045928191692
437.5 467.5 0.000014580091285669837
-787.5 432.5 0.000001007435057826688
-787.5 437.5 0.000004028758015026668
1027.5 387.5 0.0000016238558663903016
-717.5 447.5 0.00000905179046688513
357.5 317.5 0.0000010215747939752187
-772.5 222.5 0.0000016308183577916627
-442.5 467.5 0.0000010036560524177103
-587.5 462.5 0.000009038227258386382
37.5 387.5 0.0000010133395757125434
407.5 462.5 0.000006481097583153364
442.5 467.5 0.0000016199832522713254
27.5 402.5 0.0000016232241947628367
-1272.5 332.5 0.0000010194572976746352
502.5 462.5 0.00001458057679872727
862.5 422.5 0.0000064885350486933506
-402.5 307.5 0.000001627654001405231
-157.5 362.5 0.0000016251826922231498
652.5 452.5 0.000006482252514319246
-82.5 412.5 0.0000040413575395931825
-327.5 452.5 0.00000402124796021913
-1122.5 367.5 0.000001015600199791672
-452.5 462.5 0.000004016643935595459
-312.5 452.5 0.000009048766897671209
962.5 402.5 0.0000064925246093275035
872.5 422.5 0.0000016222355791756824
432.5 467.5 0.0000016200384466319697
52.5 407.5 0.0000016230177582673287
557.5 467.5 0.0000016199832522713254
-902.5 412.5 0.0000010099709499327972
67.5 412.5 0.0000016227843185918893
582.5 262.5 0.0000010266414948026243
-1157.5 362.5 0.0000010164292284645502
-182.5 432.5 0.000004031306534000165
1037.5 387.5 0.0000016239295027854773
-237.5 442.5 0.0000010066776067028623
682.5 242.5 0.0000010287944801672874
847.5 427.5 0.000001621959724031125
-117.5 417.5 0.0000040378080091909105
-322.5 322.5 0.000001626900051346401
647.5 457.5 0.000014584320222370462
192.5 432.5 0.000006486434021913469
-67.5 382.5 0.0000016242639754105515
742.5 447.5 0.0000016209876795567771
-2.5 397.5 0.0000034280594952983364
397.5 462.5 0.0000016201140196452886
-917.5 412.5 0.0000040413575395931825
762.5 437.5 0.0000016212780929134778
-337.5 457.5 0.000009043285223610082
807.5 437.5 0.0000016215004337901513
642.5 457.5 0.00001458345173826218
292.5 447.5 0.0000064834911909315044
227.5 437.5 0.0000016212960374600591
1122.5 367.5 0.0000016248467101437757
-317.5 452.5 0.000009046017842820367
-147.5 422.5 0.0000010087016591344169
842.5 427.5 0.000006487853361758032
967.5 177.5 0.0000010339986555827666
-572.5 462.5 0.000009035131005970489
-157.5 427.5 0.000004034024996824379
442.5 462.5 0.0000016202400016947056
332.5 452.5 0.000014585087765174646
82.5 412.5 0.000006490839483270787
-432.5 467.5 0.0000010037910152370571
-757.5 442.5 0.0000040258289378560055
-1132.5 367.5 0.0000010158928602807055
12.5 392.5 0.000004050684567702907
-812.5 212.5 0.0000016311574750850262
367.5 462.5 0.000001620260437062383
-492.5 282.5 0.0000016285400637416556
-347.5 452.5 0.000004020298614627604
-237.5 437.5 0.0000010068257768620612
-857.5 202.5 0.0000016315053822678325
382.5 312.5 0.0000010220473390573422
-472.5 462.5 0.000009035585415232872
1062.5 382.5 0.0000016241744002298982
1132.5 367.5 0.000001624965340416246
-847.5 427.5 0.0000010084973713104431
972.5 402.5 0.0000016232241947628367
-697.5 452.5 0.000004021088695319594
222.5 437.5 0.000006485565781506311
1012.5 392.5 0.000006494632016468717
567.5 462.5 0.000001620053303361451
-647.5 247.5 0.0000016298692715338299
-702.5 447.5 0.000001005661966602057
977.5 397.5 0.0000016233819656417358
-617.5 257.5 0.0000016295850250292892
997.5 397.5 0.0000016234804874638431
-292.5 447.5 0.000004023331325502286
-557.5 462.5 0.0000010042839798357548
-1307.5 327.5 0.0000010202399406683349
-662.5 457.5 0.000009043285223610082
-352.5 457.5 0.000009043841321602847
-747.5 442.5 0.000009057522709244159
-187.5 432.5 0.0000010079026489503062
-852.5 422.5 0.0000010087016591344169
1247.5 342.5 0.0000016260884915347082
-547.5 462.5 0.000004016643935595459
412.5 462.5 0.000014582025706726212
-552.5 462.5 0.00000903804360712372
-702.5 452.5 0.000004021974071629911
-552.5 272.5 0.000001629039949282347
297.5 452.5 0.0000064829369258531394
-167.5 427.5 0.000004032967656487377
-482.5 462.5 0.000009035053684679009
917.5 187.5 0.0000010330645951920775
-477.5 462.5 0.000004015683905928588
517.5 462.5 0.000014580728171670287
297.5 447.5 0.0000016208030258571462
-227.5 437.5 0.0000010068697550803817
-342.5 317.5 0.0000016270735137985033
1272.5 332.5 0.000001626408151467397
-1447.5 297.5 0.00000102359946565844
827.5 432.5 0.0000016217388042563456
87.5 377.5 0.0000010146341467538862
-62.5 407.5 0.0000010107812435993075
-1492.5 282.5 0.0000010247411929739084
-642.5 457.5 0.000009041716057862214
97.5 412.5 0.000001622559910408744
947.5 407.5 0.0000016230177582673287
-722.5 447.5 0.0000040242404470859775
-217.5 437.5 0.0000010069458090158521
422.5 462.5 0.000006480501680131449
-1322.5 322.5 0.0000010206746542320614
427.5 462.5 0.000014580759794683766
-1042.5 387.5 0.000001013530799977777
-762.5 442.5 0.0000010066776067028623
-692.5 447.5 0.000001005626734834343
527.5 462.5 0.000014580945595651652
717.5 447.5 0.000014587567301205613
-272.5 332.5 0.0000016264081514673973
-977.5 397.5 0.0000010119918605640857
722.5 447.5 0.000006483862376318425
387.5 462.5 0.000014582102171785537
282.5 447.5 0.000014587567301205611
807.5 432.5 0.000006486434021913468
-627.5 457.5 0.000009043093964404074
-1427.5 67.5 0.0000016347493341851665
27.5 387.5 0.0000010131582483716495
-357.5 457.5 0.000009041716057862214
682.5 452.5 0.000014585209507875067
617.5 257.5 0.000001027338543599392
1097.5 147.5 0.0000010360126407138
702.5 447.5 0.0000016208030258571462
-967.5 177.5 0.000001632255547258587
-1022.5 392.5 0.0000010129868506445345
1077.5 377.5 0.0000016243574938418859
217.5 437.5 0.0000016213270679957021
72.5 412.5 0.0000016227702260796304
-227.5 442.5 0.000001006715094708033
237.5 437.5 0.0000016212780929134778
-487.5 462.5 0.000004015498879860174
-522.5 462.5 0.000004015683905928588
427.5 302.5 0.0000010230601812900896
-47.5 402.5 0.0000010111614471823094
322.5 322.5 0.0000010206746542320614
-1117.5 372.5 0.0000010153170162421368
357.5 457.5 0.00001458345173826218
552.5 272.5 0.0000010259830949139594
187.5 432.5 0.0000016217173079511124
372.5 457.5 0.000014584014827805763
447.5 462.5 0.000014581950623620525
-132.5 367.5 0.000001624965340416246
-122.5 367.5 0.0000016248467101437757
692.5 447.5 0.0000016207886371897032
1192.5 352.5 0.0000016255375428672018
-42.5 387.5 0.0000016240071476187794
352.5 457.5 0.000014584320222370462
-22.5 397.5 0.0000010119918605640857
-382.5 457.5 0.0000010044553733675213
622.5 457.5 0.000014583270015543139
-807.5 432.5 0.000004030543222302939
952.5 402.5 0.0000016230443231524629
312.5 452.5 0.000014586332476249318
737.5 442.5 0.000006484356854674152
702.5 452.5 0.0000064829369258531394
772.5 442.5 0.000001621232931179403
-457.5 462.5 0.000009036914947570008
2.5 397.5 0.0000034281802255476583
707.5 447.5 0.000006483491190931504
12.5 397.5 0.000001623429180383256
602.5 462.5 0.0000016201140196452886
-222.5 437.5 0.00000402841445897121
-282.5 447.5 0.00000905179046688513
557.5 462.5 0.0000016202400016947056
937.5 407.5 0.0000016228896646729174
637.5 457.5 0.000006481223303150686
-1012.5 392.5 0.000004050684567702907
137.5 422.5 0.0000064885350486933506
1342.5 317.5 0.0000016270735137985033
62.5 382.5 0.000001013942802489737
977.5 402.5 0.0000016232652238911072
472.5 292.5 0.0000010241599756380837
-192.5 437.5 0.0000010073708036475524
162.5 357.5 0.0000010167544645268536
-1332.5 92.5 0.0000016343271115606144
247.5 342.5 0.0000010186667809066417
-212.5 432.5 0.0000010074350578266877
-37.5 387.5 0.0000016239295027854773
-132.5 422.5 0.0000010089574198317332
1102.5 372.5 0.0000016246615289323777
492.5 282.5 0.0000010247411929739084
-647.5 457.5 0.000009043841321602847
562.5 467.5 0.000014580091285669837
677.5 457.5 0.0000016204975156895636
-952.5 402.5 0.0000010111614471823094
-657.5 457.5 0.0000010046337718336548
752.5 442.5 0.000001621215257000335
-937.5 407.5 0.0000010107812435993075
-682.5 242.5 0.0000016301699144093691
1247.5 112.5 0.0000010381177123107346
-102.5 372.5 0.0000016246615289323777
772.5 222.5 0.0000010304104147054385
-907.5 412.5 0.000004040342164402357
-1402.5 307.5 0.0000010225426361435338
-387.5 462.5 0.000009038414292302532
-22.5 402.5 0.0000010117046816158096
-972.5 402.5 0.0000010116037678479403
1232.5 342.5 0.000001625946580771303
-162.5 357.5 0.0000016253144453245347
687.5 452.5 0.000014586332476249318
-832.5 427.5 0.000004032967656487377
-442.5 462.5 0.0000010042839798357548
572.5 462.5 0.000014580759794683767
447.5 297.5 0.00000102359946565844
167.5 427.5 0.000006487422434910974
1177.5 357.5 0.000001625422331105566
-497.5 462.5 0.000009034683501826506
-1027.5 387.5 0.0000010131582483716495
292.5 332.5 0.0000010198215799441268
-942.5 407.5 0.0000010108312204767829
-142.5 427.5 0.000001008608759036424
-542.5 462.5 0.00000903691494757001
-712.5 452.5 0.0000010055138717033338
787.5 432.5 0.0000016215266381235733
-467.5 462.5 0.00000903601507229168
-592.5 462.5 0.000004017472468788502
592.5 462.5 0.0000064810975831533645
-667.5 452.5 0.000009045719866554115
262.5 442.5 0.000006484356854674152
1052.5 382.5 0.0000016240887854393049
42.5 387.5 0.000001013530799977777
57.5 407.5 0.000001622909997113329
-1067.5 382.5 0.000001014163509337069
672.5 452.5 0.000006482640338760234
-732.5 447.5 0.000009054311535090268
662.5 457.5 0.000014584092995174676
1257.5 337.5 0.0000016262541928331364
102.5 372.5 0.0000010151434853366648
-92.5 412.5 0.000004040342164402357
1117.5 372.5 0.0000016247318971042611
657.5 457.5 0.0000016203829775894733
-612.5 462.5 0.000009038414292302532
-102.5 417.5 0.0000010097351390153617
-1472.5 292.5 0.0000010241599756380837
1382.5 312.5 0.0000016274541909130047
-57.5 407.5 0.0000010108312204767829
-777.5 437.5 0.00000402841445897121
232.5 342.5 0.000001018315983373463
-277.5 447.5 0.0000040242404470859775
-1427.5 302.5 0.0000010230601812900896
-407.5 462.5 0.000004017472468788502
-1497.5 1997.5 NaN
157.5 362.5 0.0000010164292284645502
812.5 212.5 0.0000010312562542018963
-202.5 437.5 0.0000040292314664994385
22.5 402.5 0.0000016232652238911072
-1087.5 377.5 0.0000010146341467538862
-287.5 452.5 0.0000010055138717033338
467.5 462.5 0.000014581121274949669
577.5 462.5 0.0000064805016801314496
-677.5 457.5 0.0000010049140598439336
-812.5 432.5 0.0000010079026489503062
287.5 452.5 0.0000016207425454138646
917.5 412.5 0.000006490839483270787
112.5 417.5 0.0000016223791411673398
92.5 372.5 0.000001014883998774786
-112.5 417.5 0.000001009526955435173
-37.5 402.5 0.000004045499813921809
857.5 427.5 0.0000016220051153619494
307.5 327.5 0.0000010202399406683346
-147.5 362.5 0.0000016250546791131813
-1292.5 332.5 0.0000010198215799441268
147.5 362.5 0.000001016113298916405
177.5 427.5 0.0000016217992007119908
-362.5 457.5 0.0000040177800244271946
-257.5 337.5 0.0000016262541928331364
132.5 422.5 0.0000016221471715257443
77.5 377.5 0.0000010143939703192
-1092.5 372.5 0.000001014883998774786
-22.5 392.5 0.0000016237862533146717
522.5 277.5 0.0000010253493532710246
712.5 452.5 0.0000016207425454138646
-827.5 432.5 0.0000010079553724650495
52.5 382.5 0.0000010137318872702866
22.5 392.5 0.0000010129868506445345
-52.5 382.5 0.0000016240887854393049
-1202.5 352.5 0.0000010176668349287862
267.5 447.5 0.000014588596665857233
-962.5 402.5 0.000004045499813921809
-837.5 427.5 0.0000010082095575578309
797.5 437.5 0.000006485899050280576
1307.5 327.5 0.000001626724445994267
302.5 452.5 0.000006482575287556201
157.5 427.5 0.000006487853361758031
-192.5 432.5 0.000004030543222302939
242.5 442.5 0.000006484510795453971
837.5 427.5 0.0000016218424216536468
-322.5 457.5 0.0000010049140598439336
-632.5 462.5 0.0000010043339652391245
382.5 457.5 0.000001620310062636542
-1032.5 162.5 0.0000016326559460592808
1022.5 392.5 0.0000016237862533146717
887.5 417.5 0.0000016223791411673398
487.5 462.5 0.000006480290700002006
-582.5 462.5 0.00000903699727328763
-257.5 447.5 0.0000010061142058325599
732.5 447.5 0.000014588596665857232
-707.5 447.5 0.000004023331325502286
-247.5 342.5 0.0000016260884915347082
102.5 417.5 0.0000016224639093853966
62.5 407.5 0.0000016228896646729174
257.5 337.5 0.0000010190765023254078
-882.5 417.5 0.0000040378080091909105
272.5 447.5 0.000001620849506553393
542.5 462.5 0.000014581489198158116
392.5 462.5 0.000014581446070832007
-797.5 437.5 0.0000040292314664994385
-1052.5 382.5 0.0000010137318872702866
832.5 427.5 0.000006487422434910974
1042.5 387.5 0.0000016240071476187794
457.5 462.5 0.000014581489198158114
-427.5 302.5 0.000001627862710071078
-607.5 462.5 0.00000903680943327373
-1382.5 312.5 0.0000010220473390573422
122.5 367.5 0.000001015600199791672
1492.5 282.5 0.0000016285400637416556
-92.5 372.5 0.0000016245562891240419
-602.5 462.5 0.0000010039758285789168
797.5 432.5 0.00000162157895501124
-1357.5 317.5 0.0000010215747939752187
-202.5 352.5 0.000001625683879659988
-357.5 317.5 0.0000016272634916471134
-672.5 452.5 0.000004021247960219129
1002.5 397.5 0.0000016235358752634046
-382.5 462.5 0.0000010043918775385312
402.5 307.5 0.0000010225426361435338
-917.5 187.5 0.0000016318817881141282
547.5 462.5 0.000006480758879555263
877.5 422.5 0.0000016222122124594607
1332.5 92.5 0.0000010391870967140195
-472.5 292.5 0.0000016283059593446304
-302.5 452.5 0.000004021088695319594
-737.5 442.5 0.000004025451782592268
-807.5 437.5 0.0000010073708036475524
-977.5 402.5 0.0000010117046816158096
902.5 412.5 0.000001622559910408744
587.5 462.5 0.000014582025706726212
552.5 462.5 0.000014581950623620525
512.5 462.5 0.000006480290700002006
-767.5 442.5 0.00000100656137818852
-1257.5 337.5 0.0000010190765023254078
-12.5 397.5 0.0000010121080223275746
-492.5 462.5 0.000009034752928826498
-1102.5 372.5 0.0000010151434853366648
-582.5 262.5 0.0000016293047830641692
-622.5 457.5 0.000009041271427067129
-1247.5 112.5 0.0000016339007739327864
667.5 452.5 0.000014585087765174648
-1232.5 342.5 0.000001018315983373463
-242.5 442.5 0.0000040258289378560055
417.5 462.5 0.000014581522862285227
727.5 447.5 0.000001620849506553393
-637.5 457.5 0.000004017780024427195
257.5 447.5 0.0000016209876795567771
152.5 427.5 0.000001621959724031125
-887.5 417.5 0.0000010095269554351732
852.5 422.5 0.000001622042968637863
-127.5 422.5 0.000001009174452817481
597.5 457.5 0.000014582938076070607
-797.5 432.5 0.0000010075633407477834
247.5 442.5 0.000001621215257000335
-367.5 462.5 0.0000010043339652391245
1032.5 162.5 0.0000010349999888946055
747.5 442.5 0.000014589907493450626
-617.5 462.5 0.0000010043918775385312
1427.5 67.5 0.0000010402469661131601
-292.5 332.5 0.0000016265553938214495
762.5 442.5 0.000001621217633015451
-567.5 467.5 0.0000010037910152370571
202.5 352.5 0.000001017666834928786
-652.5 452.5 0.000004020298614627604
-682.5 452.5 0.000009046017842820367
-617.5 457.5 0.0000010044553733675213
317.5 452.5 0.000014585209507875067
-1192.5 352.5 0.0000010173053618290124
-1167.5 127.5 0.0000016334768529122024
1472.5 292.5 0.0000016283059593446304
382.5 462.5 0.000001620284108869536
482.5 462.5 0.000014580728171670287
1447.5 297.5 0.000001628080101766756
-537.5 462.5 0.000004016193079267237
1322.5 322.5 0.000001626900051346401
-87.5 377.5 0.0000016244549378287726
337.5 457.5 0.000014584092995174676
1427.5 302.5 0.000001627862710071078
1202.5 352.5 0.000001625683879659988
-397.5 462.5 0.0000010039758285789168
117.5 372.5 0.0000010153170162421368
462.5 462.5 0.0000064805745495411195
-437.5 467.5 0.000009033496240353464
-72.5 412.5 0.0000010104876946403662
782.5 437.5 0.0000016213270679957021
492.5 462.5 0.000014580605188749652
67.5 382.5 0.0000010141635093370688
-177.5 427.5 0.0000010081035288730807
1217.5 347.5 0.0000016258116809718318
