0 202.94539032550924
-3.8439771566295824 202.90727746838857
-7.685325584296667 202.79297185682938
-11.521418339985045 202.60257233268388
-15.349632051390481 202.3362435069465
-19.167348699322567 201.9942155718371
-23.194998181252323 202.72094936925367
-27.020686133031685 202.22189931371392
-30.82789596066872 201.64723119055998
-34.94686566939948 202.11886156466664
-38.745504922184814 201.38494439376893
-42.9225911099485 201.6774004964891
-46.70131305021517 200.7828026612621
-50.92403609122046 200.89103158279292
-55.18230346523241 200.8987239145746
-58.92691427847527 199.75451497399553
-63.211153016667595 199.57068745310653
-67.52037077893945 199.28165122435598
-71.85080641236016 198.88573034653854
-76.19863851531619 198.38135249948917
-80.55998861287333 197.7670506817167
-84.93092439930925 197.04146480085106
-90.08399482338999 197.12612311240656
-94.49315027018382 196.15270498568827
-99.73730020677675 195.94242835789794
-104.16613956625186 194.7137167772179
-109.48030428275281 194.19824807458298
-114.83570975952334 193.5142690840086
-120.22621087941411 192.65890037509922
-125.64556181883847 191.62944701233755
-131.0874219774285 190.42340164414196
-137.57958662246173 189.7376532200579
-144.13200482976345 188.8136545617814
-150.7359262762382 187.64741804783063
-157.3824647792956 186.23523143581875
-164.06260715344393 184.57366226859997
-171.92071154293671 183.20907793474277
-181.01218001852448 182.04313407698012
-188.99600555021482 180.00370792349136
-198.22945098460625 178.08873095564357
-208.75778869998294 176.19417681194247
-219.36811698416167 173.82849769735392
-231.31348235896107 171.33636988264584
-244.62593409252892 168.60784970538188
-259.332108805747 165.53095752044317
-275.45316129466255 161.9919252741537
-294.335783796663 158.08365276095893
-316.0287766732483 153.58014751712943
-339.21386212200935 148.11747949369996
-367.9855393921313 141.86934754491503
-401.0456270972728 134.31895346740583
-441.1959863774604 125.16527393889116
-491.28790956157394 113.80502513402845
-554.203539463239 99.33184486538119
-637.0623747710321 80.27059735244609
-749.8711327692852 54.149589637304956
-914.0327597709083 16.176529016071747
-984.72336113519 -17.30287357954587
-986.6855129634414 -43.08971070711938
-987.9728534906086 -68.92657951027377
-988.6204334672127 -100
-988.5177645549574 -120.67388727765288
-987.7738749488386 -146.55387843074317
-986.3521813541026 -172.41194272954576
-984.2531012770596 -198.23086383990483
-981.3101059409238 -224.6573488635662
-977.4314781581432 -251.58142503999224
-972.737176637374 -278.3827643702129
-967.2882059185099 -304.9070646241977
-961.1200663804423 -331.1166056392033
-954.2562098416806 -357.00463318768436
-946.7139314189267 -382.5713618285104
-938.5072192746474 -407.81691715285854
-929.6482635394353 -432.73943419941264
-920.1482588172639 -457.33486745911057
-910.0178881665578 -481.59724954738124
-899.2676099863606 -505.51906816752035
-887.9078546785051 -529.0916073797038
-875.9491094479628 -552.3052782238173
-863.4020074365507 -575.1498486162395
-850.2773638606136 -597.614648160457
-836.586206874804 -619.6887221605411
-822.3397945676201 -641.3609558279322
-807.5496156960176 -662.6201766915372
-792.2274144817867 -683.45522480275
-776.3851462199335 -703.8550328813282
-760.0350052636653 -723.8086632646639
-743.1894367690929 -743.3053485028794
-725.8610673272276 -762.3345383258685
-708.0627467285423 -780.8859144192088
-689.8075367743305 -798.9494163958105
-671.1086599097868 -816.5152609206222
-651.979550156824 -833.5739548456977
-632.4337879667802 -850.1163066604639
-612.4851200899033 -866.1334358651893
-592.147447843724 -881.616781526377
-571.4348158659774 -896.5581087246585
-550.3613651123613 -910.9494994226869
-528.941418381594 -924.7833870821042
-507.1893539823593 -938.0525176583277
-485.1196870333126 -950.7499840810349
-462.7470227501418 -962.8692125190767
-440.0860501753149 -974.4039613173046
-417.15154116357417 -985.3483236990321
-393.9583429720301 -995.6967269599367
-370.52189636994774 -1005.4444806037282
-346.8598382523606 -1014.5899346599807
-322.9862509913006 -1023.1285203668932
-298.91498134249446 -1031.0553849875505
-274.66014792383163 -1038.3659172154282
-250.23613551048877 -1045.0557913305595
-225.65758162986018 -1051.1210101915672
-200.93933740393882 -1056.5579039028094
-176.09644290025946 -1061.3631385541553
-151.1441173733934 -1065.533761694821
-126.09772437042994 -1069.0671899811316
-100.97274725202296 -1071.96119906016
-75.78478283994642 -1074.213990006039
-50.54950569349663 -1075.824145074428
-25.282652311371404 -1076.790649775703
0 -1077.1128854498038
25.282652311370985 -1076.790649775703
50.54950569349626 -1075.824145074428
75.78478283994642 -1074.213990006039
100.97274725202247 -1071.96119906016
126.09772437042953 -1069.0671899811316
151.1441173733934 -1065.533761694821
176.09644290025915 -1061.3631385541553
200.93933740393828 -1056.5579039028094
225.65758162986018 -1051.1210101915672
250.2361355104884 -1045.0557913305595
274.6601479238314 -1038.3659172154282
298.91498134249446 -1031.0553849875505
322.9862509913004 -1023.1285203668934
346.85983825236025 -1014.5899346599807
370.52189636994774 -1005.4444806037282
393.9583429720298 -995.6967269599369
417.1515411635739 -985.3483236990326
440.0860501753149 -974.4039613173046
462.74702275014164 -962.8692125190767
485.1196870333126 -950.7499840810349
507.1893539823593 -938.0525176583277
528.941418381594 -924.7833870821042
550.3613651123613 -910.9494994226869
571.4348158659774 -896.5581087246585
592.1474478437237 -881.616781526377
612.4851200899033 -866.1334358651892
632.4337879667802 -850.1163066604639
651.9795501568232 -833.573954845698
671.1086599097863 -816.5152609206228
689.8075367743305 -798.9494163958105
708.0627467285416 -780.8859144192094
725.8610673272276 -762.3345383258686
743.1894367690928 -743.3053485028795
760.0350052636651 -723.8086632646641
776.3851462199336 -703.8550328813282
792.2274144817867 -683.45522480275
807.5496156960176 -662.6201766915372
822.33979456762 -641.3609558279327
836.586206874804 -619.6887221605411
850.2773638606133 -597.6146481604574
863.4020074365507 -575.1498486162395
875.9491094479628 -552.3052782238173
887.9078546785051 -529.0916073797038
899.2676099863606 -505.51906816752046
910.0178881665579 -481.5972495473809
920.1482588172639 -457.3348674591106
929.6482635394349 -432.73943419941384
938.5072192746474 -407.81691715285854
946.7139314189267 -382.5713618285104
954.2562098416803 -357.00463318768595
961.120066380442 -331.11660563920526
967.2882059185099 -304.90706462419723
972.7371766373736 -278.3827643702154
977.4314781581432 -251.58142503999224
981.3101059409238 -224.6573488635662
984.2531012770596 -198.23086383990483
986.3521813541026 -172.41194272954576
987.7738749488386 -146.55387843074317
988.5177645549574 -120.67388727765288
988.6204334672127 -100
987.9728534906086 -68.92657951027377
986.6855129634415 -43.08971070711888
984.72336113519 -17.30287357954587
914.0327597709086 16.17652901606995
749.8711327692852 54.149589637304956
637.0623747710321 80.27059735244609
554.203539463239 99.33184486538119
491.287909561574 113.80502513402799
441.1959863774605 125.16527393889102
401.0456270972728 134.31895346740563
367.9855393921313 141.86934754491503
339.21386212200935 148.11747949369996
316.0287766732483 153.58014751712943
294.335783796663 158.08365276095887
275.45316129466255 161.99192527415372
259.33210880574705 165.53095752044305
244.62593409252892 168.60784970538188
231.31348235896107 171.33636988264584
219.36811698416167 173.82849769735392
208.75778869998305 176.19417681194227
198.22945098460627 178.08873095564348
188.99600555021482 180.00370792349128
181.01218001852448 182.04313407698012
171.92071154293671 183.20907793474277
164.06260715344393 184.57366226859997
157.38246477929567 186.23523143581863
150.73592627623822 187.64741804783063
144.13200482976345 188.81365456178136
137.57958662246173 189.7376532200579
131.0874219774285 190.42340164414196
125.64556181883847 191.62944701233755
120.22621087941423 192.65890037509917
114.83570975952338 193.51426908400785
109.48030428275284 194.19824807458295
104.16613956625186 194.7137167772179
99.73730020677675 195.94242835789794
94.49315027018382 196.15270498568827
90.08399482339006 197.12612311240645
84.93092439930928 197.04146480085106
80.55998861287334 197.7670506817167
76.19863851531619 198.38135249948917
71.85080641236016 198.88573034653854
67.52037077893945 199.28165122435598
63.21115301666766 199.5706874531065
58.92691427847532 199.75451497399553
55.18230346523244 200.89872391457453
50.92403609122046 200.89103158279292
46.70131305021517 200.7828026612621
42.9225911099485 201.6774004964891
38.745504922184864 201.3849443937689
34.94686566939952 202.11886156466664
30.827895960668773 201.64723119055995
27.020686133031685 202.22189931371392
23.194998181252323 202.72094936925367
19.167348699322567 201.9942155718371
15.349632051390525 202.33624350694646
11.521418339985088 202.60257233268388
7.685325584296711 202.79297185682938
3.8439771566295824 202.90727746838857
