0 317.8503903255108
-4.528560486270631 317.8102381381001
-9.054023064360319 317.6898199084929
-13.573291933586235 317.4892505845825
-18.083275506862044 317.2087215791952
-22.580888513988178 316.8485005199128
-27.286094885433542 317.5530962304732
-31.786535893401076 317.0280215418542
-36.265232501860595 316.423510954007
-41.051962512550524 316.86155988371803
-45.5141779388742 316.09041109258294
-50.350201389794705 316.34208394579707
-54.78277008014821 315.4032592877904
-59.653801244271364 315.46393512186387
-64.55439379642422 315.42087438261615
-68.93490662524361 314.2228473379607
-73.84818840096636 313.9822799742875
-78.77915910805257 313.63373345445876
-83.72363147515134 313.1756907543936
-88.67736327054729 312.60674570731396
-93.636060765928 311.92560429049695
-98.59538226349314 311.1310857848707
-104.3274734618419 311.144903764001
-109.30588791412279 310.098928391701
-115.10914494572899 309.8145733904782
-120.08655630567789 308.5104625823764
-125.93838196426184 307.91847804282304
-131.82016883877495 307.1570742886717
-137.7254110565412 306.22358246491336
-143.64751001615372 305.11552054606256
-149.57978055884433 303.830595856397
-156.5496818491241 303.0659132088671
-163.5668355459803 302.0631418896843
-170.622172819838 300.8185107500211
-177.70649811022375 299.3285234303629
-184.81049819447398 297.58996216533984
-193.0782407259268 296.1494072412904
-202.5648470298113 294.908724801972
-210.9290392684038 292.79599957907
-220.5278196039791 290.80936696305054
-231.4062100325051 288.8450003160107
-242.35106893317737 286.41154679760115
-254.6152135572161 283.8538722907808
-268.2304746974132 281.06221684082294
-283.2232814442076 277.92477805769084
-299.61459215036297 274.32795815766445
-318.75091383177477 270.36481970523744
-340.68087297722224 265.80952501170856
-364.08602937941544 260.2982903345878
-393.0607314619542 254.00495191597003
-426.3066586953804 246.41283959684722
-466.6255448546272 237.22104835795983
-516.8685667686402 225.8264025664425
-579.9177636955236 211.32263777770342
-662.8925427837377 192.2347051970398
-775.799541855495 166.0909878207247
-940.0416398941784 128.09925762708426
NaN NaN
NaN NaN
NaN NaN
-1145.3764675701077 -318.01970477159773
-1130.878731950934 -333.9064892603801
-1117.4059112290106 -353.15452310980294
-1106.1169530079442 -372.6698469336194
-1096.094667858335 -392.57875507803436
-1087.6498637595928 -413.16127885732925
-1080.5250646690733 -434.38454174151326
-1073.5133439883489 -456.15389798447217
-1067.7400175051284 -478.088935623443
-1061.840186340852 -500.42958707906746
-1056.9468309513616 -523.0067190370384
-1052.963414407393 -545.9225393637674
-1048.5706743478163 -569.3045437229224
-1044.928406938917 -593.1339465365307
-1040.741375679866 -617.4416844235637
-1037.168665987184 -642.2992087691823
-1034.1372438804387 -667.8000008677043
-1030.3820639019236 -693.8304420133755
-1028.218156530823 -720.8394413326592
-1025.199175124191 -748.4586801316494
-1022.4353548185552 -776.9710565981741
-1019.8431714502493 -806.451206721374
-1017.3354967387266 -836.968743738114
-1014.8216007385809 -868.5878848394055
-1013.288095457124 -901.8680537814013
-1011.5157478184265 -936.4399440762636
-1009.4003491380491 -972.3466127252584
-1006.8349651854179 -1009.6240694219746
-1005.7247889905774 -1049.6092833084615
-1004.0934329995847 -1091.1631427430825
-1001.8581419890259 -1134.3315641154427
-1000.7604117280968 -1180.6801449527102
-973.1588597525066 -1206.6317440787668
-944.037907589088 -1231.0788144629848
-914.3446561659197 -1254.772942551459
-884.0917596874209 -1277.7024875620282
-853.2931012687 -1299.8553734427358
-821.9635884115718 -1321.2192445081353
-790.1191703136408 -1341.78165022961
-757.7766475079931 -1361.5301331428939
-724.9537364333029 -1380.4523974923281
-691.6688389120369 -1398.5363136024055
-657.9411113947582 -1415.7700617782443
-623.7903427192912 -1432.1421545394285
-589.2369722377215 -1447.6415453295365
-554.3019344426541 -1462.2575823535824
-519.0067436883478 -1475.9801641605804
-483.373322773789 -1488.7996425469116
-447.42409309618694 -1500.7069910859682
-411.18185169357776 -1511.6937389611842
-374.66975832725655 -1521.7520133176938
-337.91131467182265 -1530.8745809273441
-300.93031747180174 -1539.0548456905153
-263.7508261266127 -1546.2868565555216
-226.3971451206958 -1552.5653526071462
-188.89378107558204 -1557.8857502164858
-151.265410166226 -1562.2441325705681
-113.53686368186754 -1565.6373162767773
-75.73308398622277 -1568.062806761269
-37.87910045340782 -1569.5188203936445
0 -1570.0042769847578
37.879100453407176 -1569.5188203936445
75.73308398622214 -1568.062806761269
113.53686368186754 -1565.6373162767773
151.26541016622537 -1562.2441325705681
188.89378107558147 -1557.8857502164858
226.3971451206958 -1552.5653526071462
263.75082612661225 -1546.2868565555216
300.930317471801 -1539.0548456905153
337.91131467182265 -1530.8745809273441
374.669758327256 -1521.7520133176938
411.18185169357736 -1511.6937389611842
447.42409309618694 -1500.7069910859682
483.3733227737887 -1488.799642546912
519.0067436883472 -1475.9801641605807
554.3019344426541 -1462.2575823535824
589.236972237721 -1447.6415453295367
623.7903427192907 -1432.142154539429
657.9411113947582 -1415.7700617782443
691.6688389120367 -1398.5363136024055
724.9537364333029 -1380.4523974923281
757.7766475079931 -1361.5301331428939
790.1191703136408 -1341.78165022961
821.9635884115718 -1321.2192445081353
853.2931012687 -1299.8553734427358
884.0917596874207 -1277.7024875620282
914.3446561659196 -1254.7729425514588
944.037907589088 -1231.0788144629848
973.1588597525055 -1206.6317440787673
1000.7604117280957 -1180.6801449527115
1001.8581419890259 -1134.3315641154427
1004.0934329995839 -1091.163142743084
1005.7247889905768 -1049.609283308462
1006.8349651854177 -1009.6240694219747
1009.4003491380489 -972.3466127252586
1011.5157478184268 -936.4399440762635
1013.288095457124 -901.8680537814013
1014.8216007385809 -868.5878848394055
1017.3354967387265 -836.9687437381144
1019.8431714502493 -806.451206721374
1022.4353548185545 -776.9710565981745
1025.199175124191 -748.4586801316494
1028.218156530823 -720.8394413326592
1030.3820639019236 -693.8304420133755
1034.1372438804387 -667.8000008677044
1037.1686659871843 -642.299208769182
1040.7413756798658 -617.4416844235637
1044.9284069389166 -593.1339465365319
1048.5706743478163 -569.3045437229224
1052.963414407393 -545.9225393637674
1056.9468309513609 -523.0067190370395
1061.8401863408515 -500.42958707906917
1067.7400175051284 -478.08893562344264
1073.5133439883473 -456.15389798447455
1080.5250646690733 -434.38454174151326
1087.6498637595928 -413.16127885732925
1096.094667858335 -392.57875507803436
1106.1169530079442 -372.6698469336194
1117.4059112290106 -353.15452310980294
1130.878731950934 -333.9064892603801
1145.3764675701077 -318.01970477159773
NaN NaN
NaN NaN
NaN NaN
940.0416398941786 128.09925762708247
775.799541855495 166.0909878207247
662.8925427837377 192.2347051970398
579.9177636955236 211.32263777770342
516.8685667686403 225.82640256644203
466.6255448546273 237.2210483579597
426.3066586953804 246.41283959684702
393.0607314619542 254.00495191597003
364.08602937941544 260.2982903345878
340.68087297722224 265.80952501170856
318.75091383177477 270.3648197052374
299.61459215036297 274.3279581576645
283.22328144420766 277.92477805769073
268.2304746974132 281.06221684082294
254.6152135572161 283.8538722907808
242.35106893317737 286.41154679760115
231.40621003250521 288.84500031601056
220.52781960397914 290.8093669630504
210.9290392684038 292.7959995790699
202.5648470298113 294.908724801972
193.0782407259268 296.1494072412904
184.81049819447398 297.58996216533984
177.70649811022383 299.3285234303628
170.62217281983803 300.8185107500211
163.5668355459803 302.06314188968423
156.5496818491241 303.0659132088671
149.57978055884433 303.830595856397
143.64751001615372 305.11552054606256
137.7254110565413 306.2235824649133
131.820168838775 307.15707428867097
125.93838196426186 307.91847804282304
120.08655630567789 308.5104625823764
115.10914494572899 309.8145733904782
109.30588791412279 310.098928391701
104.32747346184198 311.1449037640009
98.59538226349316 311.1310857848707
93.63606076592801 311.92560429049695
88.67736327054729 312.60674570731396
83.72363147515134 313.1756907543936
78.77915910805257 313.63373345445876
73.84818840096644 313.9822799742875
68.93490662524366 314.2228473379607
64.55439379642425 315.4208743826161
59.653801244271364 315.46393512186387
54.78277008014821 315.4032592877904
50.350201389794705 316.34208394579707
45.51417793887425 316.0904110925829
41.05196251255057 316.86155988371803
36.26523250186065 316.423510954007
31.786535893401076 317.0280215418542
27.286094885433542 317.5530962304732
22.580888513988178 316.8485005199128
18.083275506862087 317.2087215791952
13.573291933586278 317.4892505845825
9.054023064360363 317.6898199084929
4.528560486270631 317.8102381381001
