0 296.5843903255097
-4.401861481978854 296.5446155663923
-8.800711888945553 296.4253286272895
-13.19354219387497 296.2266414752767
-17.577347464356833 295.9487405628379
-21.949128906497826 295.59188658922335
-26.528936689435824 296.300579497949
-30.90449802730286 295.7803213085856
-35.258919470356474 295.1813338037579
-39.922063992325555 295.62559780675844
-44.26146830593467 294.86133964384805
-48.97553918874854 295.1205604417469
-53.287097435802394 294.18992104646276
-58.038143215945524 294.2593977504529
-62.81985767542753 294.22573011688905
-67.08268117599074 293.03766343776414
-71.87954304626032 292.80759717932267
-76.69544305908238 292.4700645044099
-81.52627280681386 292.02351897741744
-86.36786794271347 291.46652368079117
-91.2160115913328 290.79775257782717
-96.06643782295761 290.0159917520083
-101.69136696756125 290.0429204792274
-106.5644260218117 289.01037361208074
-112.26420651643036 288.7397286381807
-117.14009111808262 287.4495723139581
-122.89240937843032 286.8717489143736
-128.67677641216787 286.1246745194505
-134.4867531133121 285.20564130202337
-140.31580617068033 284.1121278323582
-146.1573141945226 282.8418017036801
-153.0387985534433 282.09172777810136
-159.96994150297897 281.10353527974405
-166.9417331610225 279.8734129961829
-173.94503522509675 278.3978246134633
-180.97059000180573 276.673512632213
-189.16251890698535 275.24701793679503
-198.5759952247373 274.0201677125694
-206.8697912369778 271.92100828758976
-216.40095735203548 269.9476373139185
-227.21456190529204 267.99619118988466
-238.09750767694163 265.5752809939733
-250.30265435037487 263.02973751673926
-263.86187315262947 260.24976680381457
-278.80163158276116 257.12353365975247
-295.1429243502035 253.53740878817888
-314.2322927506496 249.58442462898293
-336.11839545230765 245.03871484853272
-359.4828223049104 239.53646862672173
-388.4199496460467 233.25149677864044
-421.6314826981187 225.66710544751777
-461.9191788081068 216.48236771920682
-512.1342361810666 205.0940879371598
-575.1587132405933 190.59598356706468
-658.1120340769086 171.51298971535343
-771.0008512186442 145.37347532110726
-935.2280561101702 107.38520039161314
NaN NaN
NaN NaN
NaN NaN
-1127.6515437209675 -281.39530682077094
-1114.0745877910633 -298.02103458097946
-1101.6056110313 -318.10742954946846
-1091.229363459545 -338.4151198625086
-1082.0463278594402 -359.0787963959511
-1074.3858387845269 -380.3908774282312
-1067.9939684327564 -402.3180001724094
-1061.6656259990516 -424.76346271998534
-1056.5215103383682 -447.3371686920649
-1051.2089641565142 -470.28896687608034
-1046.8618016207636 -493.44714860356027
-1043.3899655263915 -516.9188425883608
-1039.4797236441639 -540.8362736428072
-1036.2929779821168 -565.1813719640104
-1032.5371181828486 -589.9868404784515
-1029.3739701121954 -615.3264889580255
-1026.7329898980445 -641.2962238836374
-1023.3489690549291 -667.780759488529
-1021.5424859095524 -695.2373146233741
-1018.864042597623 -723.29112042651
-1016.4270998429565 -752.2298988228814
-1014.1489990237535 -782.129196355353
-1011.9432913210736 -813.0593053954295
-1009.7197821250463 -845.0849237340973
-1008.4682408874961 -878.7720453398052
-1006.9669409578688 -913.7455788208481
-1005.1119010341628 -950.0485030408257
-1002.7963910593221 -987.7166699473505
-1001.9306079171106 -1028.1000355543451
-992.7082893127474 -1064.4717492138332
-966.9487343344417 -1089.5384164176949
-940.6331495082892 -1113.915285915782
-913.768678276214 -1137.5956122515436
-886.3640475945083 -1160.571251964237
-858.4294166794585 -1182.833015101423
-829.976204293955 -1204.370942743026
-801.0170240580547 -1225.1745546620427
-771.5654805413228 -1245.2330101670093
-741.6361872257615 -1264.5352971778552
-711.2445769800837 -1283.0703237023954
-680.4069674399784 -1300.8270893734425
-649.140331532599 -1317.79469227171
-617.4623676759408 -1333.9624747555517
-585.391378672006 -1349.3200473227898
-552.9462909376257 -1363.8573985787116
-520.1465004178548 -1377.5648501829814
-487.0119584683751 -1390.4332131745332
-453.5630018460251 -1402.4536916308627
-419.8204441065328 -1413.6180515914805
-385.80545410428317 -1423.9185553514094
-351.53954448310657 -1433.3480040855693
-317.0445523133907 -1441.899779702054
-282.3425937508946 -1449.567842506731
-247.45603314138376 -1456.3467392259427
-212.4074669812025 -1462.2316481221278
-177.2196825470827 -1467.2183661967454
-141.91562690165824 -1471.3032987512388
-106.51839404175183 -1474.4835259306612
-71.05118249023383 -1476.7567581642509
-35.53727285532446 -1478.121358261603
0 -1478.5763339113148
35.53727285532388 -1478.121358261603
71.05118249023329 -1476.7567581642509
106.51839404175183 -1474.4835259306612
141.91562690165762 -1471.3032987512388
177.2196825470822 -1467.2183661967454
212.4074669812025 -1462.2316481221278
247.45603314138336 -1456.3467392259427
282.34259375089385 -1449.567842506731
317.0445523133907 -1441.899779702054
351.53954448310606 -1433.3480040855693
385.80545410428283 -1423.9185553514094
419.8204441065328 -1413.6180515914805
453.56300184602475 -1402.4536916308632
487.0119584683746 -1390.4332131745334
520.1465004178548 -1377.5648501829814
552.9462909376252 -1363.8573985787118
585.3913786720055 -1349.3200473227903
617.4623676759408 -1333.9624747555517
649.1403315325988 -1317.79469227171
680.4069674399784 -1300.8270893734425
711.2445769800837 -1283.0703237023954
741.6361872257615 -1264.5352971778552
771.5654805413228 -1245.2330101670093
801.0170240580547 -1225.1745546620427
829.9762042939548 -1204.370942743026
858.4294166794584 -1182.8330151014227
886.3640475945083 -1160.571251964237
913.7686782762129 -1137.595612251544
940.6331495082883 -1113.9152859157834
966.9487343344417 -1089.5384164176949
992.7082893127466 -1064.4717492138345
1001.93060791711 -1028.1000355543456
1002.7963910593219 -987.7166699473506
1005.1119010341625 -950.048503040826
1006.9669409578692 -913.745578820848
1008.4682408874961 -878.7720453398052
1009.7197821250463 -845.0849237340973
1011.9432913210735 -813.05930539543
1014.1489990237535 -782.129196355353
1016.4270998429558 -752.2298988228819
1018.864042597623 -723.29112042651
1021.5424859095524 -695.2373146233741
1023.3489690549291 -667.780759488529
1026.7329898980445 -641.2962238836375
1029.3739701121956 -615.326488958025
1032.5371181828486 -589.9868404784515
1036.2929779821163 -565.1813719640115
1039.4797236441639 -540.8362736428072
1043.3899655263915 -516.9188425883608
1046.861801620763 -493.44714860356146
1051.2089641565137 -470.2889668760821
1056.5215103383682 -447.33716869206455
1061.6656259990505 -424.76346271998784
1067.9939684327564 -402.3180001724094
1074.3858387845269 -380.3908774282312
1082.0463278594402 -359.0787963959511
1091.229363459545 -338.4151198625086
1101.6056110313 -318.10742954946846
1114.0745877910633 -298.02103458097946
1127.6515437209675 -281.39530682077094
NaN NaN
NaN NaN
NaN NaN
935.2280561101704 107.38520039161133
771.0008512186442 145.37347532110726
658.1120340769086 171.51298971535343
575.1587132405933 190.59598356706468
512.1342361810667 205.09408793715932
461.9191788081069 216.48236771920668
421.6314826981187 225.66710544751757
388.4199496460467 233.25149677864044
359.4828223049104 239.53646862672173
336.11839545230765 245.03871484853272
314.2322927506496 249.58442462898287
295.1429243502035 253.5374087881789
278.8016315827612 257.12353365975235
263.86187315262947 260.24976680381457
250.30265435037487 263.02973751673926
238.09750767694163 265.5752809939733
227.21456190529216 267.9961911898845
216.4009573520355 269.9476373139184
206.8697912369778 271.9210082875897
198.5759952247373 274.0201677125694
189.16251890698535 275.24701793679503
180.97059000180573 276.673512632213
173.94503522509683 278.3978246134632
166.94173316102254 279.8734129961829
159.96994150297897 281.103535279744
153.0387985534433 282.09172777810136
146.1573141945226 282.8418017036801
140.31580617068033 284.1121278323582
134.4867531133122 285.2056413020233
128.67677641216792 286.12467451944974
122.89240937843034 286.8717489143736
117.14009111808262 287.4495723139581
112.26420651643036 288.7397286381807
106.5644260218117 289.01037361208074
101.69136696756132 290.0429204792273
96.06643782295764 290.0159917520083
91.21601159133282 290.79775257782717
86.36786794271347 291.46652368079117
81.52627280681386 292.02351897741744
76.69544305908238 292.4700645044099
71.8795430462604 292.80759717932267
67.08268117599079 293.03766343776414
62.819857675427556 294.225730116889
58.038143215945524 294.2593977504529
53.287097435802394 294.18992104646276
48.97553918874854 295.1205604417469
44.26146830593472 294.861339643848
39.9220639923256 295.62559780675844
35.25891947035653 295.1813338037579
30.90449802730286 295.7803213085856
26.528936689435824 296.300579497949
21.949128906497826 295.59188658922335
17.577347464356876 295.9487405628379
13.193542193875013 296.2266414752767
8.800711888945598 296.4253286272895
4.401861481978854 296.5446155663923
