0 163.84339032551046
-3.611014471318897 163.80597144944196
-7.219559874663066 163.6937459526812
-10.823168818580461 163.50680719621514
-14.419377263558522 163.2453106704218
-18.005726195227403 162.90947382831453
-21.80280407893394 163.64374118364464
-25.39887457278658 163.15354727190075
-28.97757845112848 162.5890344949375
-32.86931032576002 163.07209258445386
-36.44213559710246 162.35084527834994
-40.39498641770233 162.65717986000647
-43.95120528480512 161.77763234656294
-47.95331003913746 161.9020435127824
-51.99299511372236 161.92700703888283
-55.52120942017242 160.80111231879545
-59.59138575156294 160.63659328171957
-63.68902191470401 160.3678083162016
-67.81050176412674 159.99302740177592
-71.95214710607337 159.5106216765279
-76.11022077571442 158.9190652745497
-80.2809297828407 158.216937063004
-85.23696030164814 158.3257022339551
-89.45239775851503 157.3769752296123
-94.50628438516316 157.19190736173476
-98.74844551164121 155.98885402561322
-103.87964501203034 155.49942354807592
-109.05592368479257 154.8417920889889
-114.27125917734608 154.01300855945954
-119.5195257158729 153.01030557101024
-124.7944999527079 151.8311027181819
-131.1240915304035 151.17221549252417
-137.51836094424488 150.2750230531816
-143.96866625841616 149.13546411335386
-150.46622657115884 147.74975296603233
-157.00213079918296 146.11438409478282
-164.72083594036695 144.77565243938028
-173.6778396027433 143.63514200937206
-181.53222691178632 141.6206594198019
-190.64134942458085 139.73006676207822
-201.05056472413958 137.8592697090655
-211.547052738825 135.51665412294145
-223.38393801089816 133.04683174972746
-236.59334415534275 130.339796411531
-251.2019784153455 127.28350814358873
-267.2310624363048 123.7641409496157
-286.02735148620707 119.87453923365221
-307.6397050951795 115.38865786225827
-330.74990072695175 109.94251699859197
-359.45248895643033 103.70976874401869
-392.44933574746904 96.17357132186595
-432.5423455822454 87.0328611515066
-482.58285009409343 75.68431758986509
-545.4530273364318 61.22154518775505
-628.2724071487979 42.169378563540036
-741.047733856366 16.056098912201104
-811.5850411077215 -11.152366142218849
-813.7239502183436 -32.41042860266718
-815.3064786327834 -53.72207073185557
-816.3311663725079 -75.07297093809824
-816.8174922854073 -100
-816.7030484317546 -117.83007893638306
-816.0492422322609 -139.21036168310658
-814.8355543333771 -160.570603021696
-813.0624366212502 -181.89648185767874
-810.7280162050481 -203.18421120688456
-807.7022479251837 -224.83436211492247
-803.9809522495798 -246.6359769774695
-799.6222875426199 -268.34044150223957
-794.6599555035406 -289.8620165497517
-789.1158744452035 -311.1674250556262
-783.0058340817517 -332.24151832156815
-776.3422669883229 -353.07533324757264
-769.1357318529101 -373.6616605531219
-761.3957101149175 -393.99344762326297
-753.1310909735969 -414.0632302282626
-744.3504622311635 -433.86300025545023
-735.0623117909746 -453.38422133078586
-725.2751180350838 -472.61794391924
-714.9974441192207 -491.5548891181815
-704.2379794100762 -510.1855516622655
-693.0055753983336 -528.5002817257406
-681.3092676024277 -546.4893569620031
-669.1582810766064 -564.1430466852884
-656.5620596848574 -581.4516537961961
-643.5302262675663 -598.405573717476
-630.0726146985352 -614.9953155114189
-616.1992856565228 -631.211530515433
-601.9204612365252 -647.0450503245996
-587.2465702486816 -662.4868949255124
-572.1882405294757 -677.5282937785263
-556.756250847335 -692.1607014680685
-540.9615848791815 -706.3758084792163
-524.8153689101057 -720.1655511803901
-508.32889434126076 -733.5221204482477
-491.5136083928766 -746.4379700587704
-474.3811050715202 -758.9058234431116
-456.94308005162804 -770.9186651983088
-439.21141823796916 -782.4697767895931
-421.19806866358135 -793.552698650178
-402.9151274107616 -804.1612661976826
-384.3747919273388 -814.2895976277596
-365.5893556926627 -823.932094526188
-346.5712079689524 -833.083446343862
-327.3328269387376 -841.7386313982618
-307.88677308928425 -849.8929175152438
-288.2456805321909 -857.5418598151542
-268.4222446637306 -864.6812917342381
-248.42924800693322 -871.3073621400956
-228.2795123684288 -877.4164867698
-207.98591562582706 -883.0053708759466
-187.56139254246526 -888.0710218083674
-167.01891188554214 -892.6107189121592
-146.37148461827607 -896.6220335841372
-125.63216023727955 -900.1028368389643
-104.81400916206452 -903.0512638827701
-83.93013118936378 -905.465744424979
-62.99364912705872 -907.3450050951938
-42.01769921788653 -908.6880472663148
-21.0154303900173 -909.4941577862431
0 -909.7629088259514
21.01543039001694 -909.4941577862431
42.01769921788623 -908.6880472663148
62.99364912705872 -907.3450050951938
83.93013118936342 -905.465744424979
104.81400916206418 -903.0512638827702
125.63216023727955 -900.1028368389643
146.37148461827582 -896.6220335841373
167.0189118855417 -892.6107189121592
187.56139254246526 -888.0710218083674
207.9859156258267 -883.0053708759466
228.2795123684286 -877.4164867698
248.42924800693322 -871.3073621400956
268.4222446637304 -864.6812917342382
288.2456805321906 -857.5418598151542
307.88677308928425 -849.8929175152438
327.33282693873736 -841.738631398262
346.57120796895214 -833.0834463438622
365.5893556926627 -823.932094526188
384.37479192733866 -814.2895976277596
402.91512741076156 -804.1612661976826
421.19806866358135 -793.552698650178
439.21141823796916 -782.4697767895931
456.94308005162804 -770.9186651983088
474.3811050715202 -758.9058234431116
491.5136083928764 -746.4379700587704
508.3288943412607 -733.5221204482476
524.8153689101057 -720.1655511803901
540.9615848791811 -706.3758084792165
556.7562508473345 -692.1607014680692
572.1882405294757 -677.5282937785263
587.2465702486811 -662.4868949255127
601.9204612365252 -647.0450503245997
616.1992856565226 -631.2115305154331
630.072614698535 -614.9953155114191
643.5302262675664 -598.405573717476
656.5620596848574 -581.4516537961961
669.1582810766064 -564.1430466852884
681.3092676024277 -546.4893569620034
693.0055753983336 -528.5002817257406
704.2379794100758 -510.1855516622658
714.9974441192207 -491.5548891181815
725.2751180350838 -472.61794391924
735.0623117909746 -453.38422133078586
744.3504622311635 -433.86300025545034
753.1310909735969 -414.06323022826257
761.3957101149175 -393.993447623263
769.1357318529098 -373.66166055312283
776.3422669883229 -353.07533324757264
783.0058340817517 -332.24151832156815
789.1158744452032 -311.1674250556273
794.6599555035405 -289.8620165497532
799.6222875426199 -268.3404415022393
803.9809522495797 -246.63597697747096
807.7022479251837 -224.83436211492247
810.7280162050481 -203.18421120688456
813.0624366212502 -181.89648185767874
814.8355543333771 -160.570603021696
816.0492422322609 -139.21036168310658
816.7030484317546 -117.83007893638306
816.8174922854073 -100
816.3311663725079 -75.07297093809824
815.3064786327835 -53.72207073185515
813.7239502183436 -32.41042860266718
811.5850411077217 -11.152366142220577
741.047733856366 16.056098912201104
628.2724071487979 42.169378563540036
545.4530273364318 61.22154518775505
482.5828500940935 75.68431758986462
432.5423455822455 87.03286115150645
392.44933574746904 96.17357132186574
359.45248895643033 103.70976874401869
330.74990072695175 109.94251699859197
307.6397050951795 115.38865786225827
286.02735148620707 119.87453923365214
267.2310624363048 123.76414094961571
251.20197841534556 127.2835081435886
236.59334415534275 130.339796411531
223.38393801089816 133.04683174972746
211.547052738825 135.51665412294145
201.0505647241397 137.8592697090653
190.64134942458088 139.73006676207814
181.53222691178632 141.62065941980183
173.6778396027433 143.63514200937206
164.72083594036695 144.77565243938028
157.00213079918296 146.11438409478282
150.46622657115893 147.74975296603222
143.9686662584162 149.13546411335386
137.51836094424488 150.27502305318157
131.1240915304035 151.17221549252417
124.7944999527079 151.8311027181819
119.5195257158729 153.01030557101024
114.2712591773462 154.01300855945948
109.05592368479262 154.84179208898817
103.87964501203037 155.4994235480759
98.74844551164121 155.98885402561322
94.50628438516316 157.19190736173476
89.45239775851503 157.3769752296123
85.23696030164821 158.32570223395498
80.28092978284073 158.216937063004
76.11022077571444 158.9190652745497
71.95214710607337 159.5106216765279
67.81050176412674 159.99302740177592
63.68902191470401 160.3678083162016
59.591385751563 160.63659328171954
55.52120942017247 160.80111231879545
51.99299511372239 161.92700703888278
47.95331003913746 161.9020435127824
43.95120528480512 161.77763234656294
40.39498641770233 162.65717986000647
36.44213559710251 162.3508452783499
32.86931032576006 163.07209258445386
28.977578451128533 162.58903449493747
25.39887457278658 163.15354727190075
21.80280407893394 163.64374118364464
18.005726195227403 162.90947382831453
14.419377263558566 163.24531067042176
10.823168818580504 163.50680719621514
7.21955987466311 163.6937459526812
3.611014471318897 163.80597144944196
