0 1356.8622016569732
-10.810343630092676 1356.802136465722
-21.613283845498014 1356.6220286678897
-32.401422290579525 1356.3221414281306
-43.16737072437504 1355.9029128108393
-53.90375606936765 1355.36495496546
-64.60322544998915 1354.7090529871298
-75.2584512174309 1353.9361634536886
-85.86213595737199 1353.0474126403171
-96.40701747722758 1352.044094413799
-106.88587376951759 1350.9276678083313
-117.29152794802826 1349.699754285676
-127.61685315338579 1348.3621346822467
-142.61415089361765 1357.6895125599522
-153.10796026599945 1356.0039794421991
-163.4969300665087 1354.2054873158547
-173.77394549830296 1352.2965121127277
-183.93196822445373 1350.2796755285437
-193.9640411779553 1348.157740123611
-203.86329331680955 1345.9336041420606
-213.62294432095655 1343.6102960561657
-223.23630922781564 1341.1909688444719
-232.69680300342606 1338.6788940122774
-250.07370150243923 1345.089066863537
-259.51428202019815 1342.177217213472
-268.77717441432725 1339.1747821257534
-277.85603304445345 1336.0855956521796
-286.74463792635214 1332.9135824493985
-295.4368989886644 1329.6627503933828
-313.7415528538262 1333.8800843127062
-322.29132924547025 1330.2121258554644
-330.6204468523293 1326.4704935418806
-338.7231970551075 1322.6596350975624
-357.43616016953393 1325.1970236356715
-365.30911013816115 1320.9614781405357
-372.9319629942019 1316.663771975194
-391.8348450260382 1317.803711615099
-399.15836329087637 1313.0774446419687
-418.16650385853046 1313.1503099795682
-425.13894259780386 1307.991649281284
-444.16840725413385 1306.9721234161843
-450.7378570289745 1301.3798351552216
-469.7036211021934 1299.2469083164476
-488.68772843001534 1296.3762496788488
-507.6600307303669 1292.7598207111173
-526.5901836219246 1288.39046682313
-545.4476767305206 1283.261922968812
-564.2018639308351 1277.3688187404725
-596.3823940198702 1272.0560103175108
-628.6202876340867 1265.2288122195678
-660.8576922681459 1256.8757036125367
-706.9004441062692 1247.2203471109503
-752.9927711728475 1235.2680354160307
-813.0691590647062 1220.4883835857274
-901.3199741497403 1200.8487860263515
NaN NaN
NaN NaN
NaN NaN
NaN NaN
NaN NaN
-1476.1217629586936 -1450.0781499431491
-1454.9565239840063 -1458.3046924361895
-1432.5213984859804 -1468.7129165161484
-1412.560862116075 -1479.4453376782678
-1393.9965833258393 -1490.5803888461753
-1375.681038410264 -1502.4666447609336
-1370.6706592826679 -1513.240957548786
-1352.4395046551965 -1526.4460813502933
-1334.3456163019773 -1539.9568541157037
-1329.0781507416782 -1552.7271337053965
-1310.7926420142264 -1566.9864375800844
-1304.8679762285399 -1580.9969201573683
-1286.0772316056657 -1595.8975971454365
-1279.2394188264007 -1611.0627180137108
-1271.7977435436767 -1626.9215296200011
-1263.712677071527 -1643.4518305955546
-1254.9464798621807 -1660.6305230738185
-1233.8801324845967 -1677.0922197420828
-1235.240651879747 -1696.8282979307653
-1224.2441643241402 -1715.7897285290767
-1212.4496280945907 -1735.285492985218
-1199.8358037274634 -1755.282022398457
-1197.06965353428 -1778.6659686976045
-1182.555095160276 -1799.867641182856
-1177.443528641803 -1825.0236949691837
-1160.9333325466598 -1847.2708539286634
-1153.3585828614905 -1874.0203488611128
-1144.4016918527602 -1901.654712858741
-1143.4682731386263 -1934.979905368853
-1131.6717252134454 -1964.523683188365
-1127.6823690284596 -2000.3101059376836
-1113.1212650712598 -2031.574598054237
-1105.8585905432212 -2069.6320018394767
-1105.2230353276345 -2115.4157347983887
-1094.0005972839513 -2156.1585287474995
-1088.828708579773 -2205.147355590059
-1081.1504305734272 -2255.7720432459205
-1070.8819684288524 -2307.9276350463433
-1065.2591883444034 -2369.6881687494956
-1063.448442459695 -2441.9388192766196
-1057.758811623871 -2516.6509097014623
-1048.0654874206205 -2593.629075221801
-996.721747893457 -2615.7530015698226
-932.9444534930794 -2617.6744746795853
-869.9008021182179 -2617.940113226212
-812.8930725051399 -2626.3819241785145
-751.1415016398021 -2623.5515890786137
-694.8486331850534 -2629.178725342215
-638.8108346326501 -2633.4849542293014
-583.0658234671114 -2636.481598128693
-527.6550126267911 -2638.187035324546
-472.6152792054016 -2638.6157427039648
-417.98698369463733 -2637.790722641089
-366.29603912527756 -2646.2230284420975
-312.2439546605708 -2642.9872002683455
-260.4936956351676 -2649.1432353591917
-207.1570143160185 -2643.550880137455
-155.47784051140684 -2647.444484504923
-103.70434119206126 -2650.2285331153294
-51.86791056403671 -2651.900122956483
0 -2652.457512978284
51.867910564035874 -2651.900122956483
103.70434119206044 -2650.2285331153294
155.47784051140684 -2647.444484504923
207.1570143160178 -2643.550880137455
260.4936956351667 -2649.1432353591917
312.2439546605708 -2642.9872002683455
366.2960391252767 -2646.2230284420975
417.9869836946363 -2637.790722641089
472.6152792054016 -2638.6157427039648
527.6550126267902 -2638.187035324546
583.0658234671104 -2636.4815981286933
638.8108346326501 -2633.4849542293014
694.8486331850524 -2629.178725342215
751.141501639801 -2623.5515890786137
812.8930725051399 -2626.3819241785145
869.9008021182175 -2617.9401132262124
932.9444534930785 -2617.674474679586
996.721747893457 -2615.7530015698226
1048.0654874206195 -2593.6290752218015
1057.7588116238708 -2516.6509097014623
1063.448442459695 -2441.9388192766196
1065.2591883444034 -2369.6881687494956
1070.881968428851 -2307.9276350463438
1081.1504305734272 -2255.7720432459205
1088.8287085797726 -2205.147355590059
1094.000597283951 -2156.1585287475
1105.2230353276345 -2115.4157347983887
1105.8585905432203 -2069.6320018394777
1113.1212650712587 -2031.5745980542374
1127.6823690284596 -2000.3101059376836
1131.6717252134451 -1964.523683188365
1143.4682731386263 -1934.979905368853
1144.4016918527598 -1901.654712858741
1153.3585828614896 -1874.020348861113
1160.9333325466596 -1847.2708539286637
1177.443528641803 -1825.0236949691837
1182.555095160276 -1799.867641182856
1197.0696535342777 -1778.6659686976052
1199.8358037274625 -1755.2820223984577
1212.449628094591 -1735.285492985218
1224.2441643241405 -1715.789728529077
1235.240651879747 -1696.8282979307653
1233.8801324845967 -1677.0922197420828
1254.9464798621805 -1660.6305230738185
1263.7126770715265 -1643.451830595555
1271.7977435436762 -1626.9215296200014
1279.2394188264004 -1611.0627180137112
1286.0772316056657 -1595.8975971454365
1304.8679762285399 -1580.9969201573683
1310.7926420142264 -1566.9864375800846
1329.078150741678 -1552.7271337053967
1334.345616301976 -1539.956854115704
1352.4395046551958 -1526.4460813502933
1370.6706592826679 -1513.240957548786
1375.681038410264 -1502.4666447609336
1393.9965833258393 -1490.5803888461753
1412.560862116075 -1479.4453376782678
1432.5213984859804 -1468.7129165161484
1454.9565239840063 -1458.3046924361895
1476.1217629586936 -1450.0781499431491
NaN NaN
NaN NaN
NaN NaN
NaN NaN
NaN NaN
901.3199741497403 1200.8487860263515
813.0691590647062 1220.4883835857274
752.9927711728476 1235.26803541603
706.9004441062692 1247.2203471109501
660.857692268146 1256.8757036125364
628.6202876340867 1265.2288122195678
596.3823940198702 1272.0560103175108
564.2018639308351 1277.3688187404725
545.4476767305207 1283.261922968812
526.5901836219247 1288.3904668231298
507.66003073036694 1292.759820711117
488.68772843001534 1296.3762496788488
469.7036211021934 1299.2469083164476
450.7378570289745 1301.3798351552216
444.1684072541339 1306.972123416184
425.1389425978039 1307.991649281284
418.1665038585305 1313.1503099795682
399.15836329087637 1313.0774446419687
391.8348450260382 1317.803711615099
372.9319629942019 1316.663771975194
365.3091101381612 1320.9614781405357
357.43616016953393 1325.1970236356715
338.72319705510756 1322.6596350975622
330.6204468523293 1326.4704935418806
322.29132924547025 1330.2121258554644
313.7415528538262 1333.8800843127062
295.4368989886645 1329.6627503933828
286.7446379263522 1332.9135824493985
277.8560330444535 1336.0855956521793
268.77717441432725 1339.1747821257534
259.51428202019815 1342.177217213472
250.07370150243923 1345.089066863537
232.69680300342614 1338.6788940122774
223.2363092278157 1341.1909688444719
213.6229443209566 1343.6102960561657
203.86329331680955 1345.9336041420606
193.9640411779553 1348.157740123611
183.93196822445373 1350.2796755285437
173.773945498303 1352.2965121127277
163.49693006650875 1354.2054873158547
153.10796026599948 1356.0039794421991
142.61415089361765 1357.6895125599522
127.61685315338579 1348.3621346822467
117.29152794802826 1349.699754285676
106.88587376951763 1350.9276678083313
96.40701747722764 1352.044094413799
85.86213595737344 1353.0474126403171
75.2584512174309 1353.9361634536886
64.60322544998915 1354.7090529871298
53.90375606936765 1355.36495496546
43.167370724375196 1355.9029128108393
32.4014222905805 1356.3221414281306
21.61328384549806 1356.6220286678897
10.810343630092676 1356.802136465722
