0 859.5122016569694
-7.8472217555272 859.4609634177223
-15.68907087208869 859.3073132203635
-23.52017837797736 859.0514445169247
-31.335182633529424 858.6936793638174
-39.12873299096529 858.2344678767712
-46.895493446818776 857.6743874684074
-54.6301462844867 857.0141418692255
-62.32739570444892 856.2545599328463
-69.98197143970813 855.3965942268738
-77.58863235399431 854.4413194104665
-85.14217002033779 853.3899304005871
-92.63741227755621 852.2437403286226
-104.82860023116262 861.7769450027815
-112.54219614591469 860.3110893566515
-120.17875423721557 858.7455412628714
-127.73304607372206 857.0821564240339
-135.19989933725594 855.3229016967448
-142.5742013539379 853.4698517911204
-149.85090258520813 851.5251857798174
-157.0250200763957 849.4911834211524
-164.09164086044842 847.3702213016779
-171.04592531460432 845.1647688038848
-185.95886692420416 851.8889954046924
-192.97943165756087 849.2977834903628
-199.86790793023619 846.6217032676259
-206.6195774080629 843.8637047448673
-213.22981504601466 841.0268136530956
-219.69409225183634 838.1141264225456
-235.82267259680384 842.6717063309278
-242.2497771766479 839.3451658322637
-248.5110794533346 835.9451891126989
-254.6022879848986 832.4752869618898
-271.36136169725273 835.3519955217291
-277.3394136311504 831.453199358173
-283.1276584882592 827.488742571404
-300.2574799056498 828.9575101390071
-305.8707001077029 824.5547385188754
-323.2324773170989 824.9448684852794
-328.62361573784 820.0963590999704
-346.1379268596267 819.3790067567843
-351.2594082944454 814.0800703929506
-368.84538158734995 812.2308531170626
-386.5188213342428 809.6334665552989
-404.250477519136 806.2791049528719
-422.0108560375826 802.1598767303133
-439.7702482203354 797.2688123144723
-457.4987605256076 791.5998713758843
-488.7267446967362 786.497276827094
-520.0858741975726 779.8657485239565
-551.5188987837996 771.6932114104934
-596.8322059215502 762.2028160433478
-642.2705235601898 750.3993868279827
-701.7687855219161 735.7521157562713
-789.5177543932699 716.228020728864
-905.7336062925125 689.568546896442
NaN NaN
NaN NaN
NaN NaN
NaN NaN
-1373.6376685851747 -988.8491176301577
-1353.2772566844567 -998.7013634074599
-1331.9010735783463 -1011.1249933581394
-1313.0747204147704 -1023.8897099928605
-1295.7234540942788 -1037.0876914918626
-1278.7254861179792 -1051.1306858091414
-1274.97759435352 -1063.809547194833
-1258.2443458150317 -1079.3176530861144
-1241.7005384698252 -1095.133443672011
-1237.953091884058 -1110.0277687448972
-1221.3250441614734 -1126.6213068278098
-1217.0606110189237 -1142.8722753411482
-1200.011876318279 -1160.1129742695625
-1194.9492646905162 -1177.6102726310278
-1189.3407992680625 -1195.8621746148601
-1183.1400036298728 -1214.839370040445
-1176.3024370231124 -1234.5118179220478
-1157.1262012604093 -1253.3043673560019
-1160.561126082736 -1275.8097063256962
-1151.5882753137316 -1297.3636615238727
-1141.8373562563672 -1319.4713839272317
-1131.2818017078982 -1342.0927377874712
-1130.7168355468266 -1368.5069373125566
-1118.2826349104187 -1392.3736988647267
-1115.3980104281522 -1420.6528113260854
-1100.9685852691305 -1445.5745732716703
-1095.6213995553967 -1475.5016580416507
-1088.8854930650011 -1506.3403397748548
-1090.3196489165537 -1543.4583897941623
-1080.7140978218767 -1576.249136166958
-1079.051468259472 -1615.8922155363252
-1066.6314428082687 -1650.4078475046115
-1061.6340906768455 -1692.3432093315048
-1063.3749233132312 -1742.663170296759
-1054.3321306813036 -1787.2865265595583
-1051.433398784292 -1840.807101454365
-1045.967864873251 -1895.9421376405421
-1037.8486166738257 -1952.571997990026
-1034.430040957953 -2019.4360861627213
-1034.8549777645342 -2097.3970569281933
-1031.3033999555762 -2177.7249472135936
-1023.6506822991794 -2260.2067351802034
-973.7098065167203 -2283.800975746769
-911.1400195088619 -2285.7736124456956
-849.3024706337953 -2285.978205419405
-793.5815776004495 -2294.9331259354117
-733.0351650346962 -2291.8338906994995
-678.0229830086363 -2297.785395802247
-623.2627311563739 -2302.3276498284326
-568.7934840172474 -2305.4735058726897
-514.6580028603946 -2307.2431295214615
-460.8944400298212 -2307.6522928589566
-407.5444311530388 -2306.7256736009845
-357.1753009567736 -2315.7017458752352
-304.40387403846495 -2312.208141249494
-253.9688509227776 -2318.759912423535
-201.91950450698735 -2312.757595146642
-151.55294747203874 -2316.901445308584
-101.08928640237153 -2319.864046828925
-50.56084494783058 -2321.6426908187705
0 -2322.235752627668
50.56084494782975 -2321.6426908187705
101.08928640237073 -2319.864046828925
151.55294747203874 -2316.901445308584
201.91950450698667 -2312.757595146642
253.96885092277668 -2318.759912423535
304.40387403846495 -2312.208141249494
357.17530095677273 -2315.7017458752352
407.5444311530378 -2306.7256736009845
460.8944400298212 -2307.6522928589566
514.6580028603937 -2307.2431295214615
568.7934840172464 -2305.47350587269
623.2627311563739 -2302.3276498284326
678.0229830086355 -2297.785395802247
733.0351650346952 -2291.8338906994995
793.5815776004495 -2294.9331259354117
849.3024706337949 -2285.9782054194056
911.1400195088613 -2285.7736124456965
973.7098065167203 -2283.800975746769
1023.6506822991784 -2260.206735180204
1031.303399955576 -2177.7249472135936
1034.8549777645342 -2097.3970569281933
1034.430040957953 -2019.4360861627215
1037.8486166738244 -1952.5719979900264
1045.967864873251 -1895.9421376405421
1051.4333987842915 -1840.807101454365
1054.3321306813034 -1787.2865265595585
1063.3749233132312 -1742.663170296759
1061.6340906768446 -1692.3432093315057
1066.6314428082678 -1650.407847504612
1079.051468259472 -1615.8922155363252
1080.7140978218765 -1576.249136166958
1090.3196489165537 -1543.4583897941623
1088.885493065001 -1506.3403397748548
1095.621399555396 -1475.501658041651
1100.96858526913 -1445.5745732716705
1115.3980104281522 -1420.6528113260854
1118.2826349104187 -1392.3736988647267
1130.7168355468243 -1368.5069373125573
1131.2818017078973 -1342.0927377874718
1141.8373562563675 -1319.4713839272317
1151.5882753137316 -1297.363661523873
1160.561126082736 -1275.8097063256962
1157.1262012604093 -1253.3043673560019
1176.3024370231121 -1234.5118179220478
1183.1400036298724 -1214.8393700404454
1189.340799268062 -1195.8621746148604
1194.949264690516 -1177.6102726310282
1200.011876318279 -1160.1129742695625
1217.0606110189237 -1142.8722753411482
1221.3250441614734 -1126.62130682781
1237.9530918840578 -1110.0277687448975
1241.700538469824 -1095.1334436720115
1258.244345815031 -1079.3176530861147
1274.97759435352 -1063.809547194833
1278.7254861179792 -1051.1306858091414
1295.7234540942788 -1037.0876914918626
1313.0747204147704 -1023.8897099928605
1331.9010735783463 -1011.1249933581394
1353.2772566844567 -998.7013634074599
1373.6376685851747 -988.8491176301577
NaN NaN
NaN NaN
NaN NaN
NaN NaN
905.7336062925125 689.568546896442
789.5177543932699 716.228020728864
701.7687855219161 735.7521157562713
642.2705235601899 750.3993868279821
596.8322059215502 762.2028160433475
551.5188987837997 771.6932114104932
520.0858741975726 779.8657485239565
488.7267446967362 786.497276827094
457.4987605256076 791.5998713758843
439.77024822033553 797.2688123144721
422.01085603758264 802.1598767303132
404.25047751913604 806.2791049528718
386.5188213342428 809.6334665552989
368.84538158734995 812.2308531170626
351.2594082944454 814.0800703929506
346.13792685962676 819.3790067567842
328.62361573784005 820.0963590999703
323.232477317099 824.9448684852792
305.8707001077029 824.5547385188754
300.2574799056498 828.9575101390071
283.1276584882592 827.488742571404
277.3394136311505 831.4531993581729
271.36136169725273 835.3519955217291
254.60228798489865 832.4752869618897
248.5110794533346 835.9451891126989
242.2497771766479 839.3451658322637
235.82267259680384 842.6717063309278
219.69409225183645 838.1141264225456
213.22981504601472 841.0268136530956
206.61957740806292 843.8637047448672
199.86790793023619 846.6217032676259
192.97943165756087 849.2977834903628
185.95886692420416 851.8889954046924
171.0459253146044 845.1647688038848
164.09164086044848 847.3702213016779
157.02502007639575 849.4911834211524
149.85090258520813 851.5251857798174
142.5742013539379 853.4698517911204
135.19989933725594 855.3229016967448
127.73304607372211 857.0821564240339
120.17875423721561 858.7455412628714
112.54219614591473 860.3110893566515
104.82860023116262 861.7769450027815
92.63741227755621 852.2437403286226
85.14217002033779 853.3899304005871
77.58863235399436 854.4413194104665
69.98197143970819 855.3965942268738
62.32739570445029 856.2545599328463
54.6301462844867 857.0141418692255
46.895493446818776 857.6743874684074
39.12873299096529 858.2344678767712
31.33518263352958 858.6936793638174
23.52017837797784 859.0514445169247
15.689070872088738 859.3073132203635
7.8472217555272 859.4609634177223
