0 1624.4022016569781
-12.404298845376173 1624.3373881743041
-24.80010185878027 1624.1430480120791
-37.17891901597931 1623.819481835535
-49.5322719042782 1623.3671901133723
-61.85169951843927 1622.786872157996
-74.12876404479805 1622.079424783411
-86.35505662963537 1621.2459405818795
-98.52220312790992 1620.2877058208876
-110.62186982844494 1619.2061979626278
-122.64576915166114 1618.003082808562
-134.58566531602685 1616.6802112721405
-146.4333799693482 1615.23961578282
-162.94017124997276 1624.4562730389848
-174.9295437236998 1622.652568591669
-186.79912120226618 1620.728768640908
-198.5407741542844 1618.6876827590595
-210.14646045342909 1616.5322849001352
-221.60823087639224 1614.265707640399
-232.91823453794686 1611.8912360886466
-244.06872425940998 1609.4123014736242
-255.05206186681318 1606.8324744192194
-265.8607234153433 1604.155457917485
-284.563060792802 1610.3966915103638
-295.3054429049272 1607.3123608714172
-305.84560741956244 1604.1343693735705
-316.1763333178222 1600.8670266230129
-326.29054264818757 1597.5147408363753
-336.1813053712329 1594.0820101845884
-355.6565367162244 1598.1163152270422
-365.3481641514578 1594.2646974541517
-374.7896237979954 1590.3392779934404
-383.974444692875 1586.345008577438
-403.73846555462313 1588.6998663452405
-412.63073998331174 1584.2831729338068
-421.2404854180883 1579.8062015855087
-441.097151780454 1580.7692544780966
-449.34069245148004 1575.868969315081
-469.2344629635764 1575.7711681627065
-477.0575322190258 1570.4456674477838
-496.9020449835929 1569.2635930674478
-504.2504018654798 1563.5135017169912
-523.958398220522 1561.227958699569
-543.6475543160196 1558.210298531517
-563.2872386646842 1554.452895394867
-582.8466494948809 1549.9489911489252
-602.2948451704823 1544.692699734595
-621.6007747281299 1538.6790111159105
-654.2937088281767 1533.2531221261488
-687.0043169309702 1526.3206671730645
-719.674422556277 1517.8704235557047
-766.1095653366698 1508.1263293404193
-812.5537043713806 1496.0939291392515
-872.9410841428968 1481.243065590533
-961.4618578808072 1461.541335634655
NaN NaN
NaN NaN
NaN NaN
NaN NaN
NaN NaN
-1518.958237134381 -1670.2990698581705
-1497.5601557384039 -1677.9886719297328
-1474.8085265491807 -1687.727671527523
-1454.4982649965161 -1697.7812707429691
-1435.5499653378574 -1708.2231940324482
-1416.8084908734174 -1719.380455846179
-1411.3772522489608 -1729.5072482763999
-1392.6445664218452 -1741.9249102436158
-1374.022330751726 -1754.6425051815859
-1368.2247623417718 -1766.6773886965414
-1349.356864233914 -1780.1237214547905
-1342.8385066075812 -1793.3490620664072
-1323.4186374149065 -1807.4247679257094
-1315.9313463439375 -1821.762630430367
-1307.8121801172422 -1836.7673794739776
-1299.0238132786783 -1852.4189880295714
-1289.5306895147735 -1868.6965290766989
-1267.740797027332 -1884.3107484584266
-1268.3088338020286 -1903.0336766805153
-1256.527520843958 -1921.040255032491
-1243.9330383922459 -1939.5678686326173
-1230.5061477870697 -1958.5852877318723
-1226.8704215698501 -1980.8313004433298
-1211.5193403548674 -2001.0252921485135
-1205.5131058366023 -2024.9925514392128
-1188.1514166467073 -2046.2146516680932
-1179.666620502559 -2071.738192830602
-1169.7946104834193 -2098.1272866872355
-1167.8861076067542 -2129.96693433311
-1155.1708104348477 -2158.228954090137
-1150.2062565184153 -2192.4811430506334
-1134.7316552568639 -2222.4422929713737
-1126.5030105037465 -2258.933315466536
-1124.852607796549 -2302.8686349679256
-1112.6834182976204 -2342.016430591025
-1106.522561866565 -2389.1267792346316
-1097.872387576253 -2437.865069200473
-1086.6510923369303 -2488.132996045585
-1080.047600785586 -2547.72074963639
-1077.2368557456393 -2617.5158540249317
-1070.580546545013 -2689.7882701809303
-1059.9550232989745 -2764.3520839038974
-1007.9425846684633 -2785.8271125312244
-943.5774453339508 -2787.7259458152184
-879.9455622373829 -2788.018531391068
-822.3147538217961 -2796.233504356116
-759.9735715640138 -2793.5220391973503
-703.0585317276946 -2799.0057397039814
-646.399126240656 -2803.207547936228
-590.0325656789322 -2806.1381550599394
-533.9997562570893 -2807.8151768204566
-478.33709655201267 -2808.2525286611935
-423.08446689306766 -2807.472467573027
-370.7503926257913 -2815.6640350363896
-316.0721178555319 -2812.542354819314
-263.6807505660492 -2818.523126671675
-209.71443549720593 -2813.1123310733064
-157.39474205115943 -2816.895123432815
-104.981721368022 -2819.600078175676
-52.506434450484015 -2821.2242347444694
0 -2821.7658175189713
52.50643445048314 -2821.2242347444694
104.98172136802116 -2819.600078175676
157.39474205115943 -2816.895123432815
209.71443549720524 -2813.1123310733064
263.68075056604823 -2818.523126671675
316.0721178555319 -2812.542354819314
370.7503926257904 -2815.6640350363896
423.08446689306663 -2807.472467573027
478.33709655201267 -2808.2525286611935
533.9997562570883 -2807.8151768204566
590.0325656789312 -2806.13815505994
646.399126240656 -2803.207547936228
703.0585317276937 -2799.0057397039814
759.9735715640128 -2793.5220391973503
822.3147538217961 -2796.233504356116
879.9455622373824 -2788.0185313910683
943.5774453339498 -2787.7259458152193
1007.9425846684633 -2785.8271125312244
1059.9550232989736 -2764.352083903898
1070.5805465450128 -2689.7882701809303
1077.2368557456393 -2617.5158540249317
1080.047600785586 -2547.72074963639
1086.651092336929 -2488.1329960455855
1097.872387576253 -2437.865069200473
1106.5225618665645 -2389.1267792346316
1112.6834182976202 -2342.0164305910253
1124.852607796549 -2302.8686349679256
1126.5030105037454 -2258.933315466537
1134.7316552568627 -2222.442292971374
1150.2062565184153 -2192.4811430506334
1155.1708104348475 -2158.228954090137
1167.8861076067542 -2129.96693433311
1169.7946104834189 -2098.1272866872355
1179.666620502558 -2071.7381928306027
1188.151416646707 -2046.2146516680934
1205.5131058366023 -2024.9925514392128
1211.5193403548674 -2001.0252921485135
1226.8704215698478 -1980.8313004433305
1230.5061477870688 -1958.585287731873
1243.933038392246 -1939.5678686326173
1256.5275208439582 -1921.0402550324911
1268.3088338020286 -1903.0336766805153
1267.740797027332 -1884.3107484584266
1289.5306895147733 -1868.6965290766989
1299.0238132786778 -1852.418988029572
1307.8121801172417 -1836.7673794739778
1315.9313463439373 -1821.7626304303674
1323.4186374149065 -1807.4247679257094
1342.8385066075812 -1793.3490620664072
1349.356864233914 -1780.1237214547907
1368.2247623417716 -1766.6773886965416
1374.0223307517247 -1754.642505181586
1392.6445664218445 -1741.9249102436158
1411.3772522489608 -1729.5072482763999
1416.8084908734174 -1719.380455846179
1435.5499653378574 -1708.2231940324482
1454.4982649965161 -1697.7812707429691
1474.8085265491807 -1687.727671527523
1497.5601557384039 -1677.9886719297328
1518.958237134381 -1670.2990698581705
NaN NaN
NaN NaN
NaN NaN
NaN NaN
NaN NaN
961.4618578808072 1461.541335634655
872.9410841428968 1481.243065590533
812.5537043713807 1496.0939291392508
766.1095653366698 1508.126329340419
719.6744225562771 1517.8704235557045
687.0043169309702 1526.3206671730645
654.2937088281767 1533.2531221261488
621.6007747281299 1538.6790111159105
602.2948451704824 1544.692699734595
582.846649494881 1549.948991148925
563.2872386646843 1554.4528953948668
543.6475543160196 1558.210298531517
523.958398220522 1561.227958699569
504.2504018654798 1563.5135017169912
496.90204498359293 1569.2635930674476
477.05753221902586 1570.4456674477838
469.23446296357645 1575.7711681627065
449.34069245148004 1575.868969315081
441.097151780454 1580.7692544780966
421.2404854180883 1579.8062015855087
412.6307399833118 1584.2831729338068
403.73846555462313 1588.6998663452405
383.97444469287507 1586.3450085774377
374.7896237979954 1590.3392779934404
365.3481641514578 1594.2646974541517
355.6565367162244 1598.1163152270422
336.181305371233 1594.0820101845884
326.2905426481876 1597.5147408363753
316.17633331782224 1600.8670266230126
305.84560741956244 1604.1343693735705
295.3054429049272 1607.3123608714172
284.563060792802 1610.3966915103638
265.8607234153434 1604.155457917485
255.05206186681323 1606.8324744192194
244.06872425941003 1609.4123014736242
232.91823453794686 1611.8912360886466
221.60823087639224 1614.265707640399
210.14646045342909 1616.5322849001352
198.54077415428443 1618.6876827590595
186.79912120226624 1620.728768640908
174.92954372369982 1622.652568591669
162.94017124997276 1624.4562730389848
146.4333799693482 1615.23961578282
134.58566531602685 1616.6802112721405
122.64576915166118 1618.003082808562
110.621869828445 1619.2061979626278
98.52220312791137 1620.2877058208876
86.35505662963537 1621.2459405818795
74.12876404479805 1622.079424783411
61.85169951843927 1622.786872157996
49.53227190427835 1623.3671901133723
37.178919015980284 1623.819481835535
24.800101858780316 1624.1430480120791
12.404298845376173 1624.3373881743041
