0 156.98339032551067
-3.570143824773163 156.94609320050395
-7.137846592271206 156.834232636164
-10.70066890254457 156.64790103192237
-14.256174669202037 156.38725227804903
-17.801932773456322 156.05250159260882
-21.558559499579836 156.78809062476586
-25.114346228883928 156.29945042245984
-28.652961344191596 155.73671928517916
-32.50482693213906 156.2217822370481
-36.03803571550906 155.50275771424134
-39.951546998010016 155.8115271167639
-43.46873023824195 154.9346200106508
-47.432130030000096 155.06187016716652
-51.43346733275568 155.08986372735797
-54.92371733976841 153.96718202840947
-58.95633886294809 153.80605044463414
-63.01685544729441 153.54081833231487
-67.10167638724369 153.1697461833965
-71.20714861322375 152.69119521635926
-75.32955975165146 152.1036292382046
-79.4651412536357 151.40561640724135
-84.38660336800922 151.51861085177063
-88.56805521260823 150.57421562328318
-93.58856231119586 150.39357034486403
-97.79797287048144 149.19501845515626
-102.8970732101492 148.7101560872852
-108.04192612782226 148.05714700214335
-113.22653080856222 147.23302753917187
-118.44478253991403 146.23501759884755
-123.69047854486217 145.06052395924155
-129.99154853179678 144.4063492245358
-136.3580725432767 143.51385963062023
-142.78142765879826 142.37898096695443
-149.25285144692432 140.99791463799963
-155.76345073703192 139.36714230990262
-163.45769986974068 138.0329462121237
-172.39111321400975 136.89689778698468
-180.22279206293922 134.8867912612599
-189.3101035368571 133.0004765526808
-199.69842016697407 131.13384741031516
-210.1749362045554 128.79527805725505
-221.99278987965906 126.32936891939096
-235.18411785057324 123.62610285120628
-249.77563975036279 120.5734293055441
-265.7885889523824 117.05751212074938
-284.5697317826183 113.17118598324753
-306.1679381516587 108.6883965192986
-329.2649952190469 103.24515515734495
-357.9554625642021 97.01510579649302
-390.9412144580298 89.48139901563093
-431.02416298659364 80.34296417126369
-481.055646678746 68.9964741610645
-543.9178497703252 54.535527700452086
-626.7303075659498 35.48495421460909
-739.4997691348012 9.373030363937236
-781.6648872532935 -14.554017649510714
-783.7184030354344 -35.028996321494745
-785.2360022175117 -55.55523546906759
-786.2162964208005 -76.11893215589954
-786.6766254114063 -100
-786.5612187823025 -117.29866607155377
-785.9249183042833 -137.88960785953302
-784.7494200010489 -158.4609213192895
-783.0351771492519 -178.9987989146483
-780.7830128910236 -199.48917021238472
-777.9017135684741 -220.21501174695717
-774.3461422380954 -241.13974109653873
-770.1738039622359 -261.99858323332757
-765.4180680784705 -282.6973621945994
-760.1005833240034 -303.1981402317155
-754.2368834234022 -323.4830683544119
-747.8391411795691 -343.54158580159105
-740.9176452897511 -363.36554413387773
-733.4815948250841 -382.94736315109463
-725.5395837063145 -402.2793175275474
-717.0998917545361 -421.35331521435853
-708.1706866838516 -440.1608559360883
-698.760115180548 -458.6931084796593
-688.8763978809225 -476.940968842615
-678.527871548419 -494.8951453546261
-667.7230257077207 -512.5462277775702
-656.4705252629703 -529.884750149588
-644.7792167109234 -546.9012482075868
-632.6581580812199 -563.5862962903485
-620.1165797923187 -579.9305624848682
-607.1639173247456 -595.9248268903461
-593.809827609189 -611.5600080738127
-580.0641242538185 -626.8271993890864
-565.9368233919496 -641.7176758529848
-551.4381365432693 -656.2229142733679
-536.5784230382843 -670.3346081899373
-521.3682444822026 -684.0446781342472
-505.8183029156417 -697.3452812499304
-489.9394637551786 -710.228819679669
-473.74274690128243 -722.6879488198372
-457.2393180798543 -734.7155840223343
-440.44044404882254 -746.3048921106559
-423.35758051709365 -757.4493271643724
-406.0022472699426 -768.1425927081489
-388.38611138791634 -778.3786778920453
-370.52094176738154 -788.1518454515037
-352.4186039801701 -797.4566325135704
-334.0910601947967 -806.2878552857293
-315.5503624517027 -814.6406102807027
-296.80864615818786 -822.5102751886689
-277.87812148988706 -829.8925068945371
-258.77106110313883 -836.7832327230037
-239.49982604403218 -843.1786878235686
-220.07681787499155 -849.075366783929
-200.51449547413367 -854.4700465160731
-180.8253758276423 -859.3597990608738
-161.0220110792835 -863.7419616471062
-141.11699667113126 -867.6141569527033
-121.12296760102048 -870.9743008478564
-101.05258070047702 -873.820567074888
-80.91852299632902 -876.1514177298039
-60.733505223492166 -877.9656057969138
-40.51025211404904 -879.2621530377651
-20.261501516908083 -880.0403608104114
0 -880.2998099705746
20.26150151690773 -880.0403608104114
40.510252114048754 -879.2621530377651
60.733505223492166 -877.9656057969138
80.91852299632866 -876.1514177298039
101.05258070047671 -873.8205670748881
121.12296760102048 -870.9743008478564
141.116996671131 -867.6141569527034
161.02201107928306 -863.7419616471062
180.8253758276423 -859.3597990608738
200.5144954741333 -854.4700465160731
220.07681787499135 -849.075366783929
239.49982604403218 -843.1786878235686
258.7710611031386 -836.7832327230038
277.8781214898868 -829.8925068945371
296.80864615818786 -822.5102751886689
315.5503624517025 -814.640610280703
334.0910601947964 -806.2878552857295
352.4186039801701 -797.4566325135704
370.52094176738143 -788.1518454515037
388.3861113879163 -778.3786778920453
406.0022472699426 -768.1425927081489
423.35758051709365 -757.4493271643724
440.44044404882254 -746.3048921106559
457.2393180798543 -734.7155840223343
473.7427469012822 -722.6879488198372
489.93946375517856 -710.228819679669
505.8183029156417 -697.3452812499304
521.3682444822024 -684.0446781342474
536.5784230382839 -670.3346081899379
551.4381365432693 -656.2229142733679
565.9368233919491 -641.7176758529852
580.0641242538185 -626.8271993890866
593.8098276091889 -611.5600080738128
607.1639173247454 -595.9248268903464
620.1165797923188 -579.9305624848682
632.6581580812199 -563.5862962903485
644.7792167109234 -546.9012482075868
656.4705252629703 -529.8847501495882
667.7230257077207 -512.5462277775702
678.5278715484186 -494.89514535462644
688.8763978809225 -476.940968842615
698.760115180548 -458.6931084796593
708.1706866838516 -440.1608559360883
717.0998917545361 -421.35331521435864
725.5395837063145 -402.27931752754733
733.4815948250841 -382.9473631510947
740.9176452897508 -363.3655441338786
747.8391411795691 -343.54158580159105
754.2368834234022 -323.4830683544119
760.1005833240032 -303.1981402317166
765.4180680784704 -282.6973621946009
770.1738039622359 -261.9985832333274
774.3461422380952 -241.1397410965401
777.9017135684741 -220.21501174695717
780.7830128910236 -199.48917021238472
783.0351771492519 -178.9987989146483
784.7494200010489 -158.4609213192895
785.9249183042833 -137.88960785953302
786.5612187823025 -117.29866607155377
786.6766254114063 -100
786.2162964208005 -76.11893215589954
785.2360022175118 -55.55523546906717
783.7184030354344 -35.028996321494745
781.6648872532937 -14.554017649512465
739.4997691348012 9.373030363937236
626.7303075659498 35.48495421460909
543.9178497703252 54.535527700452086
481.05564667874603 68.99647416106403
431.02416298659375 80.34296417126355
390.9412144580298 89.48139901563071
357.9554625642021 97.01510579649302
329.2649952190469 103.24515515734495
306.1679381516587 108.6883965192986
284.5697317826183 113.17118598324745
265.7885889523824 117.0575121207494
249.77563975036284 120.57342930554397
235.18411785057324 123.62610285120628
221.99278987965906 126.32936891939096
210.1749362045554 128.79527805725505
199.6984201669742 131.13384741031496
189.31010353685713 133.0004765526807
180.22279206293922 134.88679126125982
172.39111321400975 136.89689778698468
163.45769986974068 138.0329462121237
155.76345073703192 139.36714230990262
149.2528514469244 140.99791463799951
142.7814276587983 142.37898096695443
136.3580725432767 143.5138596306202
129.99154853179678 144.4063492245358
123.69047854486217 145.06052395924155
118.44478253991403 146.23501759884755
113.22653080856233 147.23302753917181
108.04192612782231 148.0571470021426
102.89707321014923 148.71015608728518
97.79797287048144 149.19501845515626
93.58856231119586 150.39357034486403
88.56805521260823 150.57421562328318
84.38660336800929 151.51861085177052
79.46514125363572 151.40561640724135
75.32955975165147 152.1036292382046
71.20714861322375 152.69119521635926
67.10167638724369 153.1697461833965
63.01685544729441 153.54081833231487
58.95633886294815 153.8060504446341
54.92371733976846 153.96718202840947
51.43346733275571 155.0898637273579
47.432130030000096 155.06187016716652
43.46873023824195 154.9346200106508
39.951546998010016 155.8115271167639
36.03803571550911 155.5027577142413
32.5048269321391 156.2217822370481
28.65296134419165 155.73671928517913
25.114346228883928 156.29945042245984
21.558559499579836 156.78809062476586
17.801932773456322 156.05250159260882
14.256174669202082 156.387252278049
10.700668902544612 156.64790103192237
7.13784659227125 156.834232636164
3.570143824773163 156.94609320050395
