0 35.90439032551062
-2.8487769132409535 35.869242106748786
-5.69560715805488 35.7638225996312
-8.538545384511076 35.588207232158375
-11.375648878810093 35.3425216526699
-14.204978879196737 35.026941632399165
-17.247642673979925 35.78585826055482
-20.09242095900215 35.32464102982782
-22.92346940675559 34.79335583294524
-26.07169503472915 35.313804605336564
-28.90567280538562 34.63401220772789
-32.12484124044073 34.985756198533196
-34.95304566640206 34.15545228180225
-38.23330286872556 34.33281061704559
-41.55780199869386 34.4142842789473
-44.37798212063764 33.348312403096955
-47.74776127889595 33.24696937007561
-51.15311729751504 33.04444511671401
-54.59090848525776 32.73883267900331
-58.057925214427996 32.328318194378745
-61.55089267694056 31.81118319671711
-65.0664737131673 31.185806833031393
-69.37780348928227 31.37344795621143
-72.95940927735313 30.505508571578318
-77.39076770567306 30.40292199709632
-81.02213075401163 29.283820636590846
-85.55468090694715 28.879585404333294
-90.1448692472963 28.30816121931854
-94.787075099527 27.566362531098108
-99.47556548423994 26.651184890179664
-104.2045006963852 25.559808863939903
-110.00216460638835 24.98880959453672
-115.87898226618553 24.17932522241648
-121.82666637554381 23.127053433005308
-127.83678050418506 21.827968148226763
-133.90074764006593 20.278324806771572
-141.16334822318694 19.02418130104595
-149.68039245286275 17.96688726184743
-157.11126698078783 16.034018262994447
-165.81361361853286 14.223209356815296
-175.83306873300296 12.430143837372452
-185.95707937469706 10.162990497886012
-197.43902536328883 7.7661499639557166
-210.3112735713915 5.129411511474799
-224.60076231341773 2.140537814055179
-235.05981408968609 -2.2916774745327273
-237.5435418706371 -8.472173988137198
-239.864944698474 -14.715920316765258
-242.02240378595206 -21.01866156894891
-244.01441146842973 -27.376100947759685
-245.83957231566174 -33.78390263593655
-247.49660416992091 -40.23769471422872
-248.98433910951087 -46.73307211308129
-250.30172433679925 -53.26559960013167
-251.44782298993962 -59.83081481152951
-252.4218148775354 -66.42423135095945
-253.22299713563277 -73.04134203129003
-253.85078480683637 -79.67762253638284
-254.30471134340962 -86.32853688038848
-254.5844290558269 -92.98955672163605
-254.69032508529932 -100
-254.6204423914682 -106.3232483962665
-254.3766398681706 -112.98710038737487
-253.95843123493324 -119.64271815951997
-253.366066372327 -126.28556433364724
-252.5999147520418 -132.91108540043513
-251.6604653178354 -139.51473410676564
-250.54832625468495 -146.09197525791765
-249.26422467147233 -152.63828950970338
-247.80900619991726 -159.14917671502667
-246.1836345102959 -165.62015913147417
-244.38919074417956 -172.0467845711442
-242.42687286435194 -178.42462951819832
-240.29799492212115 -184.7493022224449
-238.00398624229504 -191.0164457712324
-235.54639052612924 -197.22174113952892
-232.926125162411 -203.36158264701956
-230.14103956760434 -209.43473422878148
-227.1934286477214 -215.43554246315657
-224.08626426914495 -221.35833535128683
-220.822446811346 -227.1979947979511
-217.40484777633068 -232.94980009670056
-213.83633907549702 -238.60932678555562
-210.11980635743058 -244.17238280292852
-206.25818592992533 -249.63495448457064
-202.25443333250215 -254.9931923198585
-198.11156293521924 -260.2433760596984
-193.83267155836194 -265.3818996813826
-189.42088119865235 -270.4052751099612
-184.87939161275892 -275.31011345042333
-180.21148018993173 -280.09312465422596
-175.4204611626948 -284.751116154798
-170.5097466240053 -289.2809900903043
-165.48279108549065 -293.679742490575
-160.3431206257539 -297.9444633344033
-155.09433002401366 -302.07233819128106
-149.74007989892687 -306.0606497133799
-144.2840572023995 -309.9067649833231
-138.73006912409735 -313.60816840712357
-133.08192248533874 -317.16242126339876
-127.34351250214019 -320.56719647116796
-121.51878165522471 -323.82026531085165
-115.61171894580583 -326.9194975319842
-109.62636405460157 -329.8628657684049
-103.56680456556055 -332.6484467670991
-97.43717318395606 -335.274422510704
-91.24164260781393 -337.73907864213885
-84.9844164304066 -340.04079615756496
-78.66975861848275 -342.1780900705863
-72.30194790535874 -344.14956107911144
-65.8852976245678 -345.95391962321537
-59.4241591517747 -347.5899997796075
-52.92290103286739 -349.05672967489767
-46.38591956660741 -350.3531529246288
-39.81763717667052 -351.4784373276139
-33.2224864197445 -352.4318396427058
-26.604920433734907 -353.21273729048767
-19.969408179249594 -353.8206315350058
-13.320426311205965 -354.2551254501443
-6.6624599797208885 -354.51593533235217
0 -354.60289088563337
6.662459979720776 -354.51593533235217
13.32042631120587 -354.2551254501443
19.969408179249594 -353.8206315350058
26.60492043373481 -353.21273729048767
33.22248641974438 -352.4318396427059
39.81763717667052 -351.4784373276139
46.385919566607285 -350.3531529246288
52.92290103286726 -349.05672967489767
59.4241591517747 -347.5899997796075
65.88529762456763 -345.95391962321537
72.30194790535865 -344.1495610791115
78.66975861848275 -342.1780900705863
84.98441643040644 -340.04079615756507
91.2416426078138 -337.73907864213885
97.43717318395606 -335.274422510704
103.56680456556046 -332.6484467670991
109.62636405460148 -329.86286576840496
115.61171894580583 -326.9194975319842
121.51878165522469 -323.8202653108517
127.34351250214016 -320.567196471168
133.08192248533874 -317.16242126339876
138.73006912409733 -313.60816840712357
144.2840572023995 -309.9067649833231
149.74007989892687 -306.0606497133799
155.09433002401354 -302.07233819128106
160.3431206257538 -297.94446333440334
165.48279108549065 -293.679742490575
170.50974662400526 -289.28099009030433
175.42046116269478 -284.7511161547981
180.21148018993173 -280.09312465422596
184.8793916127588 -275.31011345042333
189.42088119865232 -270.4052751099613
193.83267155836182 -265.3818996813828
198.11156293521924 -260.24337605969845
202.2544333325021 -254.99319231985865
206.25818592992533 -249.63495448457064
210.11980635743058 -244.17238280292852
213.83633907549688 -238.60932678555588
217.40484777633066 -232.94980009670059
220.82244681134569 -227.19799479795137
224.08626426914495 -221.35833535128683
227.1934286477214 -215.43554246315657
230.14103956760434 -209.43473422878148
232.926125162411 -203.3615826470196
235.54639052612924 -197.22174113952903
238.003986242295 -191.01644577123247
240.29799492212106 -184.74930222244495
242.42687286435194 -178.42462951819832
244.38919074417956 -172.0467845711442
246.18363451029578 -165.6201591314745
247.80900619991723 -159.14917671502684
249.26422467147233 -152.6382895097035
250.5483262546849 -146.09197525791777
251.6604653178354 -139.51473410676564
252.5999147520418 -132.91108540043513
253.366066372327 -126.28556433364724
253.95843123493324 -119.64271815951997
254.3766398681706 -112.98710038737487
254.6204423914682 -106.3232483962665
254.69032508529932 -100
254.5844290558269 -92.98955672163605
254.30471134340968 -86.32853688038887
253.85078480683637 -79.67762253638284
253.22299713563282 -73.04134203129048
252.4218148775354 -66.42423135095945
251.44782298993962 -59.83081481152951
250.30172433679925 -53.26559960013167
248.98433910951096 -46.733072113081576
247.49660416992097 -40.23769471422879
245.83957231566174 -33.7839026359367
244.01441146842973 -27.376100947759685
242.02240378595206 -21.01866156894891
239.864944698474 -14.715920316765258
237.5435418706371 -8.47217398813727
235.05981408968609 -2.2916774745327206
224.6007623134178 2.1405378140550555
210.3112735713915 5.129411511474799
197.43902536328883 7.7661499639557166
185.95707937469706 10.162990497886012
175.83306873300307 12.430143837372265
165.81361361853288 14.223209356815211
157.11126698078783 16.034018262994387
149.68039245286275 17.96688726184743
141.16334822318694 19.02418130104595
133.90074764006593 20.278324806771572
127.83678050418516 21.82796814822663
121.82666637554385 23.127053433005305
115.87898226618555 24.17932522241644
110.00216460638835 24.98880959453672
104.2045006963852 25.559808863939903
99.47556548423994 26.651184890179664
94.78707509952712 27.56636253109805
90.14486924729634 28.30816121931847
85.55468090694718 28.879585404333277
81.02213075401163 29.283820636590846
77.39076770567306 30.40292199709632
72.95940927735313 30.505508571578318
69.37780348928234 31.373447956211326
65.06647371316733 31.185806833031393
61.550892676940585 31.811183196717103
58.057925214427996 32.328318194378745
54.59090848525776 32.73883267900331
51.15311729751504 33.04444511671401
47.747761278896014 33.2469693700756
44.37798212063769 33.348312403096955
41.55780199869389 34.41428427894725
38.23330286872556 34.33281061704559
34.95304566640206 34.15545228180225
32.12484124044073 34.985756198533196
28.905672805385667 34.634012207727864
26.071695034729196 35.31380460533655
22.923469406755643 34.79335583294522
20.09242095900215 35.32464102982782
17.247642673979925 35.78585826055482
14.204978879196737 35.026941632399165
11.375648878810138 35.34252165266988
8.538545384511119 35.58820723215837
5.695607158054925 35.7638225996312
2.8487769132409535 35.869242106748786
