0 155.9543903255107
-3.564013227791303 155.91711146316325
-7.125589599912427 155.8053056386864
-10.682293915139185 155.61906510727846
-14.231694280048565 155.35854351919312
-17.77136376019066 155.02395575725296
-21.52192281267672 155.75974304093404
-25.07166697729853 155.2713358950437
-28.604268778151063 154.7088720037154
-32.45015442309592 155.19423568493724
-35.97742073327005 154.47554457962505
-39.88503108505617 154.7846792052775
-43.39635898125748 153.90816816026398
-47.35395302862949 154.03584416532414
-51.34953816561068 154.06429223062923
-54.83409352770781 152.94209248485157
-58.86108182965586 152.78146901907132
-62.91603047718297 152.51676983473186
-66.99535258071123 152.1462540006396
-71.09539883929631 151.66828124733397
-75.21246059804201 151.08131383275284
-79.34277297425494 150.38391830887696
-84.25904982796338 150.49754714444296
-88.43540383072221 149.5538016823338
-93.45090400010076 149.37381979233342
-97.65540197430748 148.1759431195877
-102.74968743986703 147.6917659681666
-107.88982649427672 147.03945023911652
-113.06982155324464 146.21603038612872
-118.2835710635202 145.21872440302315
-123.52487533368532 144.0449371454005
-129.82166708200577 143.39146928433755
-136.18402928313148 142.49968511723603
-142.60334186885558 141.36550849499451
-149.07084517828915 139.98513888879472
-155.57764872770926 138.3550560421706
-163.26822945914674 137.02154027803522
-172.19810425569972 135.88616115362657
-180.02637683561215 133.8767110374786
-189.11041665369854 131.99103802127118
-199.49559848339925 130.1250340655026
-209.96911872441495 127.78707164740207
-221.7841176599732 125.32174949484052
-234.97273390485782 122.61904881715758
-249.56168895061538 119.5669174798374
-265.572217929794 116.05151779641943
-284.35108882708 112.16568299568682
-305.94717311013056 107.68335731785466
-329.0422593928612 102.2405508811579
-357.73090860536786 96.01090635436417
-390.7149962646139 88.47757316969567
-430.7964355972459 79.33947962422725
-480.82656616644385 67.99329764674441
-543.6875731354093 53.53262507735664
-626.4989926285226 34.48229056226945
-739.2675744265665 8.370570081697656
-777.1766772728349 -15.063453512542488
-779.2174266397803 -35.420960255503715
-780.7253295008741 -55.82938184447188
-781.6990081009918 -76.27499320177986
-782.1554953803062 -100
-782.0399739612146 -117.21811751064159
-781.4063431408927 -137.69066036639222
-780.2366169568573 -158.14363898563283
-778.5312487748375 -178.56332299839832
-776.2910597070778 -198.93572280029431
-773.4310422643222 -219.52397227808163
-769.9002043254751 -240.31717249081763
-765.7556906259409 -261.0491677415091
-761.030820186928 -281.62451620351857
-755.7472012657241 -302.00458082605195
-749.9203293669082 -322.1711074482655
-743.562338634394 -342.11329558266596
-736.683477652457 -361.82285588018937
-729.2929035725546 -381.2921290056961
-721.3991664910266 -400.51335050979213
-713.0105005186945 -419.47841583158424
-704.135025838826 -438.1788302264975
-694.7808398846629 -456.6057803833612
-684.9561124141667 -474.7501887255328
-674.6691277934555 -492.60279584933505
-663.9283217350098 -510.1542277180002
-652.7423040194682 -527.3950571253791
-641.1198648113003 -544.3158601033348
-629.0700046961086 -560.90725207005
-616.6018956372387 -577.1599424063407
-603.7249137390451 -593.0647522898441
-590.4486557252461 -608.6126408217142
-576.7828742566093 -623.7947410939652
-562.7375238591499 -638.6023668748351
-548.3227538662508 -653.0270325913939
-533.5488609195381 -667.0604681615166
-518.4263435046665 -680.694629173935
-502.9658401801872 -693.9217064515574
-487.17815258219446 -706.7341344001683
-471.074236592392 -719.1245992399887
-454.66519373536397 -731.0860456967722
-437.96222643373494 -742.6116685160525
-420.9767259805056 -753.6949482572903
-403.72014769878723 -764.3296134937027
-386.20409420566244 -774.5096770145389
-368.4402699639028 -784.2294238074971
-350.4404761713342 -793.4834118915901
-332.2166107083598 -802.2664770356341
-313.7806614348597 -810.5737340142074
-295.14469970283074 -818.400577512171
-276.3208717714209 -825.7426801744521
-257.3213865285154 -832.5959838825898
-238.15854141131373 -838.9567371781608
-218.84467453007804 -844.8214469006825
-199.39218147101113 -850.1869011079409
-179.81351608711807 -855.050181912373
-160.1211675394013 -859.4086355627945
-140.32766843188014 -863.2598927349784
-120.44559105915646 -866.6018763000593
-100.48752966980081 -869.4327660193192
-80.46610881626411 -871.7510290501925
-60.39397685177324 -873.5554224977336
-40.28379620154507 -874.8449713128014
-20.14824246515519 -875.6189791239245
0 -875.8770281460577
20.148242465154844 -875.6189791239245
40.28379620154479 -874.8449713128014
60.39397685177324 -873.5554224977336
80.46610881626376 -871.7510290501925
100.4875296698005 -869.4327660193193
120.44559105915646 -866.6018763000593
140.32766843187989 -863.2598927349785
160.1211675394009 -859.4086355627945
179.81351608711807 -855.050181912373
199.3921814710108 -850.1869011079409
218.84467453007784 -844.8214469006825
238.15854141131373 -838.9567371781608
257.3213865285152 -832.59598388259
276.3208717714206 -825.7426801744521
295.14469970283074 -818.400577512171
313.7806614348595 -810.5737340142076
332.2166107083595 -802.2664770356342
350.4404761713342 -793.4834118915901
368.44026996390267 -784.2294238074971
386.2040942056624 -774.5096770145389
403.72014769878723 -764.3296134937027
420.9767259805056 -753.6949482572903
437.96222643373494 -742.6116685160525
454.66519373536397 -731.0860456967722
471.0742365923918 -719.1245992399887
487.1781525821944 -706.7341344001683
502.9658401801872 -693.9217064515574
518.4263435046663 -680.6946291739353
533.5488609195377 -667.0604681615172
548.3227538662508 -653.0270325913939
562.7375238591494 -638.6023668748354
576.7828742566093 -623.7947410939653
590.448655725246 -608.6126408217143
603.7249137390448 -593.0647522898444
616.6018956372388 -577.1599424063407
629.0700046961086 -560.90725207005
641.1198648113003 -544.3158601033348
652.7423040194682 -527.3950571253794
663.9283217350098 -510.1542277180002
674.6691277934551 -492.6027958493354
684.9561124141667 -474.7501887255328
694.7808398846629 -456.6057803833612
704.135025838826 -438.1788302264975
713.0105005186945 -419.47841583158436
721.3991664910266 -400.5133505097921
729.2929035725546 -381.29212900569615
736.6834776524566 -361.8228558801902
743.562338634394 -342.11329558266596
749.9203293669082 -322.1711074482655
755.7472012657239 -302.00458082605303
761.0308201869279 -281.62451620352005
765.7556906259409 -261.049167741509
769.900204325475 -240.317172490819
773.4310422643222 -219.52397227808163
776.2910597070778 -198.93572280029431
778.5312487748375 -178.56332299839832
780.2366169568573 -158.14363898563283
781.4063431408927 -137.69066036639222
782.0399739612146 -117.21811751064159
782.1554953803062 -100
781.6990081009918 -76.27499320177986
780.7253295008742 -55.82938184447146
779.2174266397803 -35.420960255503715
777.1766772728351 -15.063453512544239
739.2675744265665 8.370570081697656
626.4989926285226 34.48229056226945
543.6875731354093 53.53262507735664
480.8265661664439 67.99329764674394
430.796435597246 79.33947962422711
390.7149962646139 88.47757316969546
357.73090860536786 96.01090635436417
329.0422593928612 102.2405508811579
305.94717311013056 107.68335731785466
284.35108882708 112.16568299568675
265.572217929794 116.05151779641945
249.56168895061543 119.56691747983727
234.97273390485782 122.61904881715758
221.7841176599732 125.32174949484052
209.96911872441495 127.78707164740207
199.49559848339936 130.1250340655024
189.11041665369856 131.9910380212711
180.02637683561215 133.87671103747851
172.19810425569972 135.88616115362657
163.26822945914674 137.02154027803522
155.57764872770926 138.3550560421706
149.07084517828923 139.9851388887946
142.6033418688556 141.36550849499451
136.18402928313148 142.499685117236
129.82166708200577 143.39146928433755
123.52487533368532 144.0449371454005
118.2835710635202 145.21872440302315
113.06982155324475 146.21603038612866
107.88982649427676 147.03945023911578
102.74968743986706 147.69176596816658
97.65540197430748 148.1759431195877
93.45090400010076 149.37381979233342
88.43540383072221 149.5538016823338
84.25904982796345 150.49754714444285
79.34277297425497 150.38391830887696
75.21246059804203 151.08131383275284
71.09539883929631 151.66828124733397
66.99535258071123 152.1462540006396
62.91603047718297 152.51676983473186
58.86108182965592 152.7814690190713
54.83409352770786 152.94209248485157
51.34953816561071 154.06429223062918
47.35395302862949 154.03584416532414
43.39635898125748 153.90816816026398
39.88503108505617 154.7846792052775
35.9774207332701 154.47554457962502
32.45015442309596 155.19423568493724
28.604268778151116 154.70887200371538
25.07166697729853 155.2713358950437
21.52192281267672 155.75974304093404
17.77136376019066 155.02395575725296
14.23169428004861 155.3585435191931
10.682293915139228 155.61906510727846
7.125589599912471 155.8053056386864
3.564013227791303 155.91711146316325
