0 144.29239032551106
-3.4945331286635546 144.25531843996865
-6.986677019846265 144.14413300060713
-10.474044057878169 143.95892462798076
-13.954249869642542 143.69984425215944
-17.42491494317982 143.36710295655325
-21.106707027774746 144.10513709084012
-24.587968792664025 143.61937125099416
-28.05241969635836 143.05993614712625
-31.830532653940285 143.54870809434746
-35.29045093456128 142.83379572064044
-39.13118407157924 143.14706954176515
-42.576151402100095 142.27504718921335
-46.467947013095966 142.40754947777714
-50.39834093796733 142.44114860103696
-53.81835699102099 141.3244109911954
-57.78150211901061 141.1695461960261
-61.77334748258666 140.9108868621244
-65.79034944001003 140.5466759293946
-69.82890140145196 140.07525626504727
-73.88533685713497 139.4950725709662
-77.95593247460643 138.80467319408046
-82.81344304077722 138.92549179472937
-86.93202150268064 137.9891103515743
-91.89077647435636 137.81664686365318
-96.03959848433588 136.62642264981088
-101.0793153766691 136.1500112848224
-106.16603064742719 135.50555359147907
-111.29378332631207 134.6900626516397
-116.45650766439012 133.70073485034658
-121.64803894034759 132.53495325520188
-127.89634398437435 131.8894966287573
-134.2115390014856 131.0057072988817
-140.58503624950515 129.87948714611548
-147.00810746709047 128.50701373113912
-153.47189262205248 126.88474500787429
-161.12089813908207 125.55893969169904
-170.0106693948527 124.43114597556803
-177.80033759257208 122.42913516795718
-186.84729864456816 120.55073466529554
-197.1969527362179 118.69181615762703
-207.63652061615664 116.36073233573471
-219.4191658368667 113.90206268326885
-232.57704918674966 111.20576976460556
-247.13691322014475 108.15978345516152
-263.1200130071259 104.6502487873467
-281.8731353309791 100.76998246999885
-303.44516930614515 96.29291303482323
-326.51792002942295 90.85503575103797
-355.18596373857986 84.62997934357053
-388.15119007256715 77.10088024909614
-428.2155251846379 67.96665475781431
-478.2303203603532 56.62396381778325
-541.0777712730281 42.166395348941606
-623.8774233376809 23.118769169086935
-723.9136132990263 -1.85624023128453
-726.3068984152154 -20.822254090159426
-728.203738453837 -39.84824256318175
-729.6025350551257 -58.92126978030817
-730.5020287416496 -78.02849416889704
-730.9160216945046 -100
-730.7997487794653 -116.28998123073596
-730.19717254192 -135.42071069748715
-729.0936599118639 -154.53264120269537
-727.4896630858655 -173.61291925714767
-725.3859779736061 -192.6484714433867
-722.7527551203428 -211.72601288056467
-719.4999670046985 -231.02859388864348
-715.668554595763 -250.32290691392893
-711.2912580165035 -269.4991573163642
-706.3892257362936 -288.5107789494257
-700.9775231260712 -307.3349234240651
-695.067851554835 -325.958071981332
-688.6700117839331 -344.3703376806757
-681.7926935714512 -362.56316440821195
-674.4439586104256 -380.52834507599977
-666.6315315900905 -398.2576347570268
-658.3630028340465 -415.74260349702496
-649.6459204685535 -432.97464364760185
-640.4878864969608 -449.944980559483
-630.8966002042047 -466.64472460265137
-620.8798960027107 -483.0649167431667
-610.4457672639098 -499.19657434491324
-599.6023737379443 -515.0307360507289
-588.3580726385165 -530.5584893510462
-576.7213806920471 -545.7710186716009
-564.7010078779623 -560.6596183049785
-552.3058748902524 -575.2157147753144
-539.54504944276 -589.4309000174115
-526.4277930781806 -603.2969358603117
-512.9635549980534 -616.8057723208859
-499.16192540455035 -629.9495611600152
-485.0326908295667 -642.7206651126066
-470.5857731179262 -655.1116667610128
-455.83125314384637 -667.1153764041362
-440.7793626493245 -678.7248399808934
-425.4404762653148 -689.9333455927313
-409.82506731344614 -700.7344149504087
-393.9437963813742 -711.1218392303085
-377.80738687543055 -721.089641350821
-361.42670879842143 -730.6321123770273
-344.8127336636977 -739.7437997122136
-327.9765297329909 -748.4195081882687
-310.9292622764955 -756.6543050768973
-293.68218713250883 -764.4435216566144
-276.2466444407501 -771.7827544427532
-258.63405023362265 -778.6678635667023
-240.85588428736764 -785.0949643723104
-222.9237161996962 -791.0604652380767
-204.84915751176757 -796.5610194607357
-186.64387858171912 -801.593548531521
-168.31960939131525 -806.1552553031801
-149.8881165281588 -810.24359430304
-131.36121129201314 -813.8562923306613
-112.75074586798945 -816.9913564905121
-94.06859546444662 -819.647039037227
-75.32666656993895 -821.8218681405078
-56.53689031102746 -823.5146506127596
-37.71121256290257 -824.7244499008715
-18.861592898013733 -825.4505970510751
0 -825.6926906970435
18.86159289801341 -825.4505970510751
37.71121256290231 -824.7244499008715
56.53689031102746 -823.5146506127596
75.32666656993861 -821.8218681405078
94.0685954644463 -819.6470390372272
112.75074586798945 -816.9913564905121
131.36121129201288 -813.8562923306614
149.88811652815843 -810.24359430304
168.31960939131525 -806.1552553031801
186.64387858171878 -801.593548531521
204.84915751176737 -796.5610194607357
222.9237161996962 -791.0604652380767
240.85588428736742 -785.0949643723105
258.63405023362236 -778.6678635667023
276.2466444407501 -771.7827544427532
293.6821871325086 -764.4435216566146
310.92926227649525 -756.6543050768975
327.9765297329909 -748.4195081882687
344.8127336636976 -739.7437997122136
361.4267087984214 -730.6321123770273
377.80738687543055 -721.089641350821
393.9437963813742 -711.1218392303085
409.82506731344614 -700.7344149504087
425.4404762653148 -689.9333455927313
440.7793626493243 -678.7248399808934
455.8312531438463 -667.1153764041362
470.5857731179262 -655.1116667610128
485.03269082956666 -642.7206651126069
499.16192540455006 -629.9495611600155
512.9635549980534 -616.8057723208859
526.4277930781803 -603.296935860312
539.54504944276 -589.4309000174117
552.3058748902523 -575.2157147753145
564.7010078779621 -560.6596183049787
576.7213806920472 -545.7710186716009
588.3580726385165 -530.5584893510462
599.6023737379443 -515.0307360507289
610.4457672639098 -499.1965743449135
620.8798960027107 -483.0649167431667
630.8966002042043 -466.6447246026517
640.4878864969608 -449.944980559483
649.6459204685535 -432.97464364760185
658.3630028340465 -415.74260349702496
666.6315315900905 -398.2576347570269
674.4439586104256 -380.5283450759998
681.7926935714512 -362.563164408212
688.6700117839329 -344.37033768067647
695.067851554835 -325.958071981332
700.9775231260712 -307.3349234240651
706.3892257362934 -288.51077894942676
711.2912580165034 -269.4991573163654
715.668554595763 -250.32290691392888
719.4999670046984 -231.02859388864465
722.7527551203428 -211.72601288056467
725.3859779736061 -192.6484714433867
727.4896630858655 -173.61291925714767
729.0936599118639 -154.53264120269537
730.19717254192 -135.42071069748715
730.7997487794653 -116.28998123073596
730.9160216945046 -100
730.5020287416496 -78.02849416889704
729.6025350551258 -58.92126978030777
728.203738453837 -39.84824256318175
726.3068984152156 -20.822254090161188
723.9136132990263 -1.85624023128453
623.8774233376809 23.118769169086935
541.0777712730281 42.166395348941606
478.23032036035323 56.62396381778277
428.215525184638 67.96665475781417
388.15119007256715 77.10088024909592
355.18596373857986 84.62997934357053
326.51792002942295 90.85503575103797
303.44516930614515 96.29291303482323
281.8731353309791 100.76998246999878
263.1200130071259 104.65024878734671
247.1369132201448 108.15978345516139
232.57704918674966 111.20576976460556
219.4191658368667 113.90206268326885
207.63652061615664 116.36073233573471
197.196952736218 118.69181615762683
186.84729864456818 120.55073466529545
177.80033759257208 122.42913516795711
170.0106693948527 124.43114597556803
161.12089813908207 125.55893969169904
153.47189262205248 126.88474500787429
147.00810746709055 128.507013731139
140.58503624950518 129.87948714611548
134.2115390014856 131.00570729888167
127.89634398437435 131.8894966287573
121.64803894034759 132.53495325520188
116.45650766439012 133.70073485034658
111.29378332631218 134.69006265163964
106.16603064742723 135.50555359147833
101.07931537666913 136.15001128482237
96.03959848433588 136.62642264981088
91.89077647435636 137.81664686365318
86.93202150268064 137.9891103515743
82.81344304077729 138.92549179472925
77.95593247460646 138.80467319408046
73.88533685713499 139.4950725709662
69.82890140145196 140.07525626504727
65.79034944001003 140.5466759293946
61.77334748258666 140.9108868621244
57.781502119010675 141.16954619602606
53.81835699102104 141.3244109911954
50.39834093796736 142.4411486010369
46.467947013095966 142.40754947777714
42.576151402100095 142.27504718921335
39.13118407157924 143.14706954176515
35.29045093456133 142.8337957206404
31.83053265394033 143.54870809434746
28.052419696358413 143.05993614712622
24.587968792664025 143.61937125099416
21.106707027774746 144.10513709084012
17.42491494317982 143.36710295655325
13.954249869642586 143.6998442521594
10.474044057878212 143.95892462798076
6.98667701984631 144.14413300060713
3.4945331286635546 144.25531843996865
