0 87.69739032551115
-3.157350294661247 87.66132288623012
-6.312542440113422 87.55314813933838
-9.46341975058206 87.37294877256717
-12.607828466201548 87.1208625150842
-15.743619213568401 86.79708201197943
-19.0916892481034 87.54601998009018
-22.24060995546716 87.07307224310668
-25.374328564129065 86.52833566662002
-28.823544656567382 87.03364772825
-31.95662691141576 86.33707331674626
-35.47280885911768 86.67043441001398
-38.59573226795397 85.82019541793825
-42.168211937712684 85.9761193764461
-45.78223674499226 86.03471628095853
-48.88904732768791 84.9444860955111
-52.54236528793808 84.81756779007127
-56.22797412645749 84.58821949505885
-59.94254008072483 84.25460587776634
-63.68266383544261 83.81498796865414
-67.44488340861551 83.26772527112107
-71.22567710866511 82.61127778403866
-75.79799833825612 82.76698789170563
-79.6361954989495 81.86634359936102
-84.31956936412615 81.73036647446965
-88.19819919476784 80.57727919354092
-92.97309801114973 80.13855473330102
-97.80055080242214 79.5322316250032
-102.67477428384518 78.75521923426854
-107.58987646272942 77.80460908000653
-112.53986232562039 76.67767849394176
-118.552864245869 76.07109991785107
-124.63915969349736 75.22610906275266
-130.79031780265748 74.13850118832016
-136.9977626921557 72.80434752487164
-143.25278210930634 71.22000028261496
-150.7000255564153 69.93161331683228
-159.39517668780098 68.84063114087215
-166.99750008958347 66.87472285998561
-175.8645200708472 65.03161543776675
-186.0417601396025 63.207082192936696
-196.3165592084325 60.90937979381963
-207.94219375414409 58.482994332994586
-220.95093217240125 55.817797891926666
-235.3696192340373 52.80163304129302
-251.2196067647679 49.3205609491993
-269.8477727763718 45.46731815416056
-291.30309202209827 41.015756955405514
-314.267449589208 35.60180056075009
-342.8354960026969 29.399010026483726
-375.70918943469326 21.89045872265642
-415.69051877051095 12.775004670811235
-465.63089218373665 1.449255530177509
-473.7318508235055 -10.964286087905183
-475.930707887422 -23.38496296961152
-477.80420208686064 -35.860554425073225
-479.35092289117296 -48.38255315476426
-480.56968173602166 -60.94241677882405
-481.45951321593986 -73.53158177646165
-482.0196762932376 -86.1415237531156
-482.2538699839979 -100
-482.1491526408186 -111.38775689131153
-481.718114873912 -124.00789964701062
-480.95669892082105 -136.6139785797856
-479.8652944492477 -149.19744946129194
-478.44451787923236 -161.74968727975394
-476.6952125698635 -174.26206754612943
-474.6184486355674 -186.7259823713837
-472.21552257795634 -199.13284891321925
-469.4688464166659 -211.51242837742976
-466.3630523059469 -223.87239057501972
-462.91100267337833 -236.16793553638036
-459.12241736345015 -248.37232103417313
-455.0050793172302 -260.46789536755017
-450.56558864362626 -272.4417564180568
-445.8098301381859 -284.28357174527184
-440.74325866029676 -295.9844542665766
-435.37110057009255 -307.53634351871625
-429.6984476273914 -318.9317008449628
-423.7303554922471 -330.16330823284216
-417.4718905320956 -341.22417244260396
-410.9281712965682 -352.1074653260353
-404.10439619165066 -362.8064931935723
-397.0058548693712 -373.31468525330916
-389.63796314877186 -383.6255789572417
-382.00622920501314 -393.7328359471777
-374.11629101673145 -403.6302304646648
-365.9739376431527 -413.31165267019736
-357.58504943914573 -422.77112695846535
-348.9556483654788 -432.0028048536191
-340.0918954216977 -441.00097415721126
-331.00004744814754 -449.76006532150706
-321.68651576912913 -458.27465504159534
-312.1578083821856 -466.5394707231804
-302.4205567561377 -474.54939494227494
-292.48151063048317 -482.2994707724655
-282.3475328543159 -489.78490637529416
-272.02555772375484 -497.0010650042442
-261.5226824069725 -503.9435000280076
-250.8460444698957 -510.60791647634335
-240.00290822644453 -516.9902073033114
-229.00062160668833 -523.0864415035273
-217.84661334310113 -528.8928653763301
-206.54839507306372 -534.405907902319
-195.1135565709891 -539.6221827939113
-183.54976101660003 -544.5384903110742
-171.86473797074783 -549.1518162835876
-160.0662724485327 -553.4593243491925
-148.16223238346925 -557.458394808052
-136.16052146963108 -561.146576907139
-124.06909711458694 -564.5216130486583
-111.89597211591544 -567.5814528240103
-99.6491922127249 -570.3242238031245
-87.33684492476522 -572.7482529911549
-74.9670562814564 -574.8520755808977
-62.54797331183429 -576.6344000659631
-50.08777281832482 -578.094139803375
-37.5946550639556 -579.2304162257519
-25.076834131435106 -580.0425370056016
-12.542537162305246 -580.530007419608
0 -580.6925305526714
12.542537162305022 -580.530007419608
25.076834131434932 -580.0425370056016
37.5946550639556 -579.2304162257519
50.087772818324595 -578.094139803375
62.54797331183407 -576.6344000659632
74.9670562814564 -574.8520755808977
87.33684492476505 -572.748252991155
99.64919221272464 -570.3242238031245
111.89597211591544 -567.5814528240103
124.06909711458668 -564.5216130486583
136.16052146963088 -561.146576907139
148.16223238346925 -557.458394808052
160.06627244853252 -553.4593243491926
171.86473797074765 -549.1518162835876
183.54976101660003 -544.5384903110742
195.11355657098892 -539.6221827939113
206.54839507306357 -534.405907902319
217.84661334310113 -528.8928653763301
229.00062160668827 -523.0864415035273
240.00290822644448 -516.9902073033114
250.8460444698957 -510.60791647634335
261.5226824069725 -503.9435000280076
272.02555772375484 -497.0010650042442
282.3475328543159 -489.78490637529416
292.48151063048294 -482.2994707724655
302.4205567561376 -474.54939494227506
312.1578083821856 -466.5394707231804
321.6865157691291 -458.2746550415954
331.0000474481475 -449.7600653215072
340.0918954216977 -441.00097415721126
348.9556483654786 -432.0028048536194
357.58504943914573 -422.7711269584654
365.97393764315257 -413.31165267019753
374.11629101673134 -403.63023046466486
382.0062292050132 -393.7328359471777
389.63796314877186 -383.6255789572417
397.0058548693712 -373.31468525330916
404.10439619165055 -362.8064931935725
410.92817129656817 -352.1074653260353
417.4718905320952 -341.2241724426043
423.7303554922471 -330.16330823284216
429.6984476273914 -318.9317008449628
435.37110057009255 -307.53634351871625
440.74325866029676 -295.9844542665767
445.8098301381858 -284.2835717452722
450.56558864362626 -272.44175641805685
455.00507931723 -260.4678953675507
459.12241736345015 -248.37232103417313
462.91100267337833 -236.16793553638036
466.3630523059467 -223.87239057502026
469.4688464166659 -211.5124283774302
472.21552257795634 -199.13284891321945
474.61844863556735 -186.7259823713842
476.6952125698635 -174.26206754612943
478.44451787923236 -161.74968727975394
479.8652944492477 -149.19744946129194
480.95669892082105 -136.6139785797856
481.718114873912 -124.00789964701062
482.1491526408186 -111.38775689131153
482.2538699839979 -100
482.0196762932376 -86.1415237531156
481.4595132159399 -73.5315817764617
480.56968173602166 -60.94241677882405
479.35092289117307 -48.382553154765304
477.80420208686064 -35.860554425073225
475.930707887422 -23.38496296961152
473.7318508235055 -10.964286087905183
465.6308921837367 1.4492555301770373
415.69051877051106 12.775004670811096
375.70918943469326 21.890458722656206
342.8354960026969 29.399010026483726
314.267449589208 35.60180056075009
291.30309202209827 41.015756955405514
269.8477727763718 45.46731815416049
251.2196067647679 49.32056094919931
235.36961923403734 52.801633041292895
220.95093217240125 55.817797891926666
207.94219375414409 58.482994332994586
196.3165592084325 60.90937979381963
186.04176013960262 63.207082192936504
175.86452007084722 65.03161543776666
166.99750008958347 66.87472285998554
159.39517668780098 68.84063114087215
150.7000255564153 69.93161331683228
143.25278210930634 71.22000028261496
136.9977626921558 72.80434752487152
130.7903178026575 74.13850118832016
124.63915969349738 75.22610906275263
118.552864245869 76.07109991785107
112.53986232562039 76.67767849394176
107.58987646272942 77.80460908000653
102.6747742838453 78.75521923426848
97.80055080242218 79.53223162500247
92.97309801114976 80.138554733301
88.19819919476784 80.57727919354092
84.31956936412615 81.73036647446965
79.6361954989495 81.86634359936102
75.79799833825619 82.76698789170553
71.22567710866514 82.61127778403866
67.44488340861552 83.26772527112107
63.68266383544261 83.81498796865414
59.94254008072483 84.25460587776634
56.22797412645749 84.58821949505885
52.542365287938146 84.81756779007125
48.88904732768796 84.9444860955111
45.78223674499229 86.03471628095848
42.168211937712684 85.9761193764461
38.59573226795397 85.82019541793825
35.47280885911768 86.67043441001398
31.956626911415807 86.33707331674623
28.823544656567428 87.03364772824999
25.37432856412912 86.52833566662001
22.24060995546716 87.07307224310668
19.0916892481034 87.54601998009018
15.743619213568401 86.79708201197943
12.607828466201592 87.12086251508418
9.463419750582103 87.37294877256716
6.312542440113466 87.55314813933838
3.157350294661247 87.66132288623012
