0 605.6922016569731
-6.3350078333351645 605.6454682070246
-12.66567942359014 605.5053205092179
-18.987681484649357 605.2719164380967
-25.29668664233925 604.9455188460213
-31.588376385435808 604.5264951556472
-37.85844401071803 604.0153167898926
-44.10259756008759 603.4125584399077
-50.31656274778473 602.7188971717923
-56.4960858757324 601.9351113728568
-62.63693673503761 601.0620795384526
-68.73491149172334 600.1007789006163
-74.78583555471904 599.052283899882
-85.54493989308213 608.6905312149897
-91.83966825014664 607.3367868302397
-98.07154726226511 605.8901205185902
-104.23631119497044 604.3520714518729
-110.32974004310057 602.7242722929357
-116.34766240926696 601.0084467110908
-122.28595834977017 599.2064067535692
-128.14056218606808 597.3200500763925
-133.90746527986101 595.3513570384644
-139.58271876996426 593.3023876630554
-153.2381927256566 600.1868899705235
-159.02371492076665 597.7593138661499
-164.70042020732075 595.249787160714
-170.26442073845666 592.6608086956236
-175.7119054381174 589.99494543981
-181.03914260683334 587.2548286719062
-196.05717508632347 591.9860513609168
-201.40098508635413 588.8337517514577
-206.60698850488214 585.6081371971165
-211.67161714906578 582.3122403271276
-227.43353351139885 585.3621191049585
-232.44453403446798 581.6351812209672
-237.29649618867467 577.8407965308492
-253.52144529248608 579.4773797305138
-258.26182372456606 575.2397022905382
-274.78338790974766 575.7917466192334
-279.36751789206534 571.1015213522655
-296.1085782444989 570.5383817030215
-300.4910965264788 565.3891559625454
-317.3729007314988 563.6847283946225
-334.37744805777953 561.2268048232803
-351.47594691478366 558.0061879452203
-368.63933713247013 554.0146100622596
-385.83831918755124 549.2447420494988
-403.0433836153536 543.6902016863746
-433.78524090424025 538.6948887009502
-464.69589768514464 532.1632194655025
-495.718411074547 524.0828360797955
-540.6594498824522 514.6766277743644
-585.7639971923506 502.9491799623546
-644.9672155759405 488.3694687260628
-732.4600698278988 468.90431981842204
-848.4589115946497 442.2950106106781
NaN NaN
NaN NaN
NaN NaN
NaN NaN
-1298.5828550060187 -709.8093822301987
-1279.1948999030749 -721.2807082473361
-1259.0511602094116 -735.6908230670734
-1241.4957228164294 -750.4361569079513
-1225.4583673834522 -765.6222575496313
-1209.8469636434138 -781.7205648252143
-1207.3761135365853 -796.1949008460958
-1192.1413744316696 -813.8513746614725
-1177.1079667394013 -831.7927434502843
-1174.795082642698 -848.6243296963839
-1159.7093008945249 -867.324447863951
-1156.9502651040928 -885.5755794705583
-1141.4549073560952 -904.8834696525819
-1137.9434588094396 -924.4193469416621
-1133.9103142314189 -944.7413413798447
-1129.3023442840579 -965.8130748064108
-1124.069004285309 -987.5978581849396
-1106.429295046196 -1008.3447531918298
-1111.5482531187815 -1033.1483861221302
-1104.1819242548002 -1056.8307124282678
-1096.0293526186945 -1081.060906198629
-1087.0602798433817 -1105.7937344753125
-1088.186021462378 -1134.619900769426
-1077.3102293195868 -1160.5854503460287
-1076.0905157055593 -1191.298595422906
-1063.177402366733 -1218.2832718264767
-1059.452424030136 -1250.6366608568078
-1054.3126210404232 -1283.8956070910326
-1057.4439609727747 -1323.845504759257
-1049.3709567975122 -1359.0328434694216
-1049.3324174183228 -1401.4909006102046
-1038.3716699983402 -1438.3535643033656
-1034.915780004344 -1483.058779086691
-1038.2664634439361 -1536.5792657253899
-1030.6675329807495 -1583.907981654989
-1029.2683711241507 -1640.5516304410628
-1025.2431796722449 -1698.757752201459
-1018.5050158622782 -1758.39902196538
-1016.4941428430567 -1828.6573127353167
-1018.3351653019934 -1910.3670127473797
-1016.1186473528558 -1994.333676656912
-1009.7230859980743 -2080.33788016473
-960.6040039752332 -2104.866075832602
-898.7232914019206 -2106.8711100813225
-837.5724304351729 -2107.036941112241
-782.5909131128889 -2116.3171039499816
-722.7279336390787 -2113.0474150702435
-668.4485289989003 -2119.2044602498963
-614.4178354426015 -2123.896184744097
-560.675932924021 -2127.1364929711817
-507.26657531535733 -2128.9467325401147
-454.22885361814895 -2129.3435163450467
-401.60533862367095 -2128.352575653167
-351.99108087710135 -2137.6727016298414
-299.94647167390445 -2134.0160392748685
-250.26082657230322 -2140.8180927340677
-198.94182887953065 -2134.556489183721
-149.32214660107545 -2138.85863605563
-99.60325286675302 -2141.9341335894414
-49.818177813118865 -2143.7804460733005
0 -2144.3960525390426
49.818177813118034 -2143.7804460733005
99.60325286675223 -2141.9341335894414
149.32214660107545 -2138.85863605563
198.94182887952996 -2134.556489183721
250.2608265723023 -2140.8180927340677
299.94647167390445 -2134.0160392748685
351.9910808771005 -2137.6727016298414
401.60533862367 -2128.352575653167
454.22885361814895 -2129.3435163450467
507.26657531535636 -2128.9467325401147
560.6759329240201 -2127.136492971182
614.4178354426015 -2123.896184744097
668.4485289988995 -2119.2044602498963
722.7279336390777 -2113.0474150702435
782.5909131128889 -2116.3171039499816
837.5724304351725 -2107.0369411122415
898.72329140192 -2106.8711100813234
960.6040039752332 -2104.866075832602
1009.7230859980733 -2080.3378801647304
1016.1186473528556 -1994.3336766569123
1018.3351653019934 -1910.3670127473797
1016.4941428430566 -1828.657312735317
1018.505015862277 -1758.3990219653804
1025.2431796722449 -1698.757752201459
1029.2683711241502 -1640.5516304410628
1030.6675329807492 -1583.9079816549893
1038.2664634439361 -1536.5792657253899
1034.9157800043436 -1483.0587790866919
1038.3716699983393 -1438.353564303366
1049.3324174183228 -1401.4909006102046
1049.370956797512 -1359.0328434694216
1057.4439609727747 -1323.845504759257
1054.312621040423 -1283.8956070910326
1059.4524240301353 -1250.636660856808
1063.1774023667326 -1218.283271826477
1076.0905157055593 -1191.298595422906
1077.3102293195868 -1160.5854503460287
1088.186021462376 -1134.6199007694267
1087.0602798433808 -1105.7937344753132
1096.0293526186947 -1081.060906198629
1104.1819242548002 -1056.830712428268
1111.5482531187815 -1033.1483861221302
1106.429295046196 -1008.3447531918298
1124.0690042853087 -987.5978581849398
1129.3023442840577 -965.8130748064114
1133.9103142314186 -944.7413413798449
1137.9434588094393 -924.4193469416624
1141.4549073560952 -904.8834696525819
1156.9502651040928 -885.5755794705583
1159.7093008945249 -867.3244478639511
1174.795082642698 -848.6243296963843
1177.1079667394001 -831.7927434502849
1192.141374431669 -813.851374661473
1207.3761135365853 -796.1949008460958
1209.8469636434138 -781.7205648252143
1225.4583673834522 -765.6222575496313
1241.4957228164294 -750.4361569079513
1259.0511602094116 -735.6908230670734
1279.1948999030749 -721.2807082473361
1298.5828550060187 -709.8093822301987
NaN NaN
NaN NaN
NaN NaN
NaN NaN
848.4589115946497 442.2950106106781
732.4600698278988 468.90431981842204
644.9672155759405 488.3694687260628
585.7639971923508 502.9491799623541
540.6594498824522 514.6766277743642
495.71841107454713 524.0828360797952
464.69589768514464 532.1632194655025
433.78524090424025 538.6948887009502
403.0433836153536 543.6902016863746
385.83831918755135 549.2447420494987
368.6393371324702 554.0146100622595
351.4759469147837 558.0061879452202
334.37744805777953 561.2268048232803
317.3729007314988 563.6847283946225
300.4910965264788 565.3891559625454
296.108578244499 570.5383817030214
279.3675178920654 571.1015213522654
274.7833879097477 575.7917466192333
258.26182372456606 575.2397022905382
253.52144529248608 579.4773797305138
237.29649618867467 577.8407965308492
232.44453403446803 581.6351812209671
227.43353351139888 585.3621191049585
211.67161714906584 582.3122403271275
206.60698850488214 585.6081371971165
201.40098508635413 588.8337517514577
196.05717508632347 591.9860513609168
181.03914260683345 587.2548286719062
175.71190543811747 589.99494543981
170.2644207384567 592.6608086956235
164.70042020732075 595.249787160714
159.02371492076665 597.7593138661499
153.2381927256566 600.1868899705235
139.58271876996434 593.3023876630554
133.90746527986107 595.3513570384644
128.14056218606814 597.3200500763925
122.28595834977017 599.2064067535692
116.34766240926696 601.0084467110908
110.32974004310057 602.7242722929357
104.23631119497048 604.3520714518729
98.07154726226516 605.8901205185902
91.83966825014669 607.3367868302397
85.54493989308213 608.6905312149897
74.78583555471904 599.052283899882
68.73491149172334 600.1007789006163
62.63693673503765 601.0620795384526
56.49608587573245 601.9351113728568
50.316562747785575 602.7188971717923
44.10259756008759 603.4125584399077
37.85844401071803 604.0153167898926
31.588376385435808 604.5264951556472
25.296686642339406 604.9455188460213
18.987681484649574 605.2719164380967
12.665679423590188 605.5053205092179
6.3350078333351645 605.6454682070246
