0 482.21220165697446
-5.599336195512012 482.16765972614417
-11.194840340536791 482.0340808119037
-16.782682996003302 481.8116054808291
-22.359039943922408 481.50046778330966
-27.9200947935566 481.1009949129388
-33.462041582344696 480.6136067300741
-38.98108736983937 480.0388151499699
-44.47345482292107 479.3772233961443
-49.9353847905549 478.6295251195518
-55.36313886635597 477.79650338450045
-60.753001937262255 476.87902952225215
-66.10128471658204 475.87806185346705
-76.16369972861054 485.56741099390183
-81.76816819274597 484.2682072227961
-87.31668981499192 482.8793752916426
-92.80546719990208 481.4023003843347
-98.23074362972784 479.83845258297447
-103.58880562537298 478.1893847802655
-108.87598547847603 476.4567304705296
-114.08866375293623 474.6422014221843
-119.22327175416953 472.7475852347388
-124.27629396446369 470.77474278373285
-137.32002689933617 477.7372170566034
-142.50471758935325 475.3892475624788
-147.59191266644297 472.9607468924873
-152.57812830459417 470.4539944013962
-157.45994941265388 467.8713338765892
-162.23403196872377 465.2151703067311
-176.71179791906275 470.03086786199253
-181.52859974513012 466.9633340905259
-186.22121452995933 463.8225443733205
-190.7864259316336 460.6112987210271
-206.06323871828076 463.74542246977205
-210.6037817982436 460.1020913163814
-215.00025506995786 456.39044440301075
-230.78499602121724 458.1086676398963
-235.10074872736436 453.95130628756425
-251.2135606304957 454.58211976548034
-255.40509191303985 449.9688975831108
-271.76997621551783 449.4807803255164
-275.7929989096302 444.4043867801861
-292.33223436919286 442.77039744856944
-309.01137457193255 440.38032073743466
-325.80185094509875 437.2247688604155
-342.6748144218749 433.2952911426646
-359.6011645229535 428.5843835422158
-376.5515786319868 423.0854975130996
-407.0569417619449 418.14237555850184
-437.7494226250446 411.65928641004
-468.57222786464035 403.62373456756404
-513.3321631607289 394.2584821299941
-558.2743357161046 382.56799824394295
-617.3340193860064 368.02115395461
-704.7022773366372 348.58468153766654
-820.5955466065003 321.9997767419296
-979.3050411502886 284.3990412258587
NaN NaN
NaN NaN
NaN NaN
-1249.5654789825662 -554.3952791615628
-1231.1295878776473 -567.1990349708225
-1212.157019644855 -583.224176635213
-1195.7723646838858 -599.5588826589563
-1180.9110186750142 -616.320230318454
-1166.5089053237375 -634.026684647702
-1165.116947206205 -649.8892617058933
-1151.130000829179 -669.1879236423368
-1137.324330266459 -688.7341074974549
-1136.1464413810836 -707.0114914657931
-1122.262092187374 -727.266585187577
-1120.6493544062496 -746.9778459170283
-1106.3174146630738 -767.7788664884308
-1103.9462536826766 -788.7717793317531
-1101.052739625984 -810.5582314553276
-1097.5791867136188 -833.0967237553848
-1093.4711234950812 -856.345944896586
-1076.8885308155006 -878.434814636085
-1083.1603682564562 -904.8016087675738
-1076.873424175918 -929.9171758633255
-1069.7803940501658 -955.5634442626609
-1061.8494199564702 -981.6923452909363
-1064.0752336025898 -1012.0984494752986
-1054.193728889692 -1039.4261046022546
-1054.031800317568 -1071.7049054214256
-1042.0634167895184 -1100.0048859301949
-1039.3462153678825 -1133.892306850614
-1035.1869357809326 -1168.667826620535
-1039.3564611478735 -1210.375609395758
-1032.2040545990938 -1247.0370437480603
-1033.1376326971558 -1291.211351887107
-1023.0354184369954 -1329.492775903406
-1020.4838143163296 -1375.8587166171258
-1024.7742922725308 -1431.2804533728097
-1018.0050169549827 -1480.2020262052608
-1017.4638482567067 -1538.668985616974
-1014.2546535633734 -1598.6525309180356
-1008.2916204833765 -1660.0223751643803
-1007.0667220857509 -1732.2127453419366
-1009.6933069011953 -1816.0372980489103
-1008.2101119941774 -1902.0386371953302
-1002.4987774812759 -1989.9963027656681
-953.8132672187609 -2015.0398756603004
-892.2900524862573 -2017.062752186797
-831.4949161175846 -2017.2072002182585
-776.8986978614224 -2026.6665905466555
-717.3888395154562 -2023.3029706244965
-663.4902677700543 -2029.5732566146667
-609.8382549291811 -2034.3472985411759
-556.4734817235437 -2037.6396094056931
-503.44029288115047 -2039.472205867018
-450.7783376817496 -2039.8621712939523
-398.5307419131279 -2038.8358145144387
-349.30831872865053 -2048.3453096838284
-297.6394525301576 -2044.5989151638514
-248.34220653529997 -2051.5386861896345
-197.40069121822125 -2045.1344082742767
-148.16777131015 -2049.523668289966
-98.83437135232904 -2052.6612761813994
-49.433947305752305 -2054.5448096543687
0 -2055.172815588998
49.433947305751474 -2054.5448096543687
98.83437135232826 -2052.6612761813994
148.16777131015 -2049.523668289966
197.40069121822057 -2045.1344082742767
248.34220653529906 -2051.5386861896345
297.6394525301576 -2044.5989151638514
349.3083187286497 -2048.3453096838284
398.5307419131269 -2038.8358145144387
450.7783376817496 -2039.8621712939523
503.4402928811496 -2039.472205867018
556.4734817235428 -2037.6396094056934
609.8382549291811 -2034.3472985411759
663.4902677700535 -2029.5732566146667
717.3888395154552 -2023.3029706244968
776.8986978614224 -2026.6665905466555
831.4949161175841 -2017.2072002182588
892.2900524862567 -2017.0627521867978
953.8132672187609 -2015.0398756603004
1002.4987774812748 -1989.9963027656686
1008.2101119941773 -1902.0386371953305
1009.6933069011953 -1816.0372980489103
1007.0667220857508 -1732.2127453419369
1008.2916204833754 -1660.0223751643807
1014.2546535633734 -1598.6525309180356
1017.4638482567063 -1538.668985616974
1018.0050169549825 -1480.202026205261
1024.7742922725308 -1431.2804533728097
1020.483814316329 -1375.8587166171267
1023.0354184369946 -1329.4927759034065
1033.1376326971558 -1291.211351887107
1032.2040545990935 -1247.0370437480606
1039.3564611478735 -1210.375609395758
1035.1869357809323 -1168.667826620535
1039.3462153678818 -1133.8923068506142
1042.063416789518 -1100.004885930195
1054.031800317568 -1071.7049054214256
1054.193728889692 -1039.4261046022546
1064.0752336025878 -1012.0984494752995
1061.8494199564693 -981.6923452909368
1069.780394050166 -955.5634442626608
1076.873424175918 -929.9171758633256
1083.1603682564562 -904.8016087675738
1076.8885308155006 -878.434814636085
1093.471123495081 -856.3459448965864
1097.5791867136186 -833.0967237553854
1101.0527396259838 -810.5582314553278
1103.9462536826763 -788.7717793317536
1106.3174146630738 -767.7788664884308
1120.6493544062496 -746.9778459170283
1122.262092187374 -727.2665851875772
1136.1464413810836 -707.0114914657934
1137.3243302664584 -688.7341074974555
1151.1300008291782 -669.1879236423373
1165.116947206205 -649.8892617058933
1166.5089053237375 -634.026684647702
1180.9110186750142 -616.320230318454
1195.7723646838858 -599.5588826589563
1212.157019644855 -583.224176635213
1231.1295878776473 -567.1990349708225
1249.5654789825662 -554.3952791615628
NaN NaN
NaN NaN
NaN NaN
979.3050411502887 284.39904122585773
820.5955466065003 321.9997767419296
704.7022773366372 348.58468153766654
617.3340193860064 368.02115395461
558.2743357161047 382.56799824394244
513.3321631607289 394.2584821299939
468.57222786464047 403.6237345675638
437.7494226250446 411.65928641004
407.0569417619449 418.14237555850184
376.5515786319868 423.0854975130996
359.60116452295364 428.5843835422156
342.67481442187494 433.2952911426645
325.8018509450988 437.22476886041545
309.01137457193255 440.38032073743466
292.33223436919286 442.77039744856944
275.7929989096302 444.4043867801861
271.7699762155179 449.4807803255162
255.40509191303988 449.9688975831107
251.21356063049572 454.5821197654803
235.10074872736436 453.95130628756425
230.78499602121724 458.1086676398963
215.00025506995786 456.39044440301075
210.60378179824366 460.1020913163813
206.0632387182808 463.74542246977205
190.78642593163366 460.611298721027
186.22121452995933 463.8225443733205
181.52859974513012 466.9633340905259
176.71179791906275 470.03086786199253
162.23403196872388 465.21517030673107
157.45994941265394 467.8713338765892
152.5781283045942 470.45399440139613
147.59191266644297 472.9607468924873
142.50471758935325 475.3892475624788
137.32002689933617 477.7372170566034
124.27629396446378 470.77474278373285
119.22327175416959 472.7475852347388
114.08866375293628 474.6422014221843
108.87598547847603 476.4567304705296
103.58880562537298 478.1893847802655
98.23074362972784 479.83845258297447
92.80546719990213 481.4023003843347
87.31668981499196 482.87937529164253
81.76816819274602 484.2682072227961
76.16369972861054 485.56741099390183
66.10128471658204 475.87806185346705
60.753001937262255 476.87902952225215
55.36313886635601 477.79650338450045
49.93538479055495 478.6295251195518
44.47345482292166 479.3772233961443
38.98108736983937 480.0388151499699
33.462041582344696 480.6136067300741
27.9200947935566 481.1009949129388
22.359039943922564 481.50046778330966
16.78268299600339 481.8116054808291
11.194840340536839 482.0340808119037
5.599336195512012 482.16765972614417
