-500 1473.4822016569753 0.9970598585477488
-511.50514462136937 1473.420066697668 0.9970598927284869
-523.0024096461517 1473.2337550486902 0.9970599952168301
-534.4839208631803 1472.9235462211018 0.9970601658512807
-545.9418148284499 1472.4899054811742 0.9970604043630639
-557.3682442394667 1471.9334829724628 0.9970607103767082
-568.7553832989962 1471.2551124880729 0.997061083410857
-580.0954330637583 1470.455809894182 0.9970615228793092
-591.3806267752802 1469.5367712062068 0.9970620280922861
-602.6032351687822 1468.4993703196988 0.9970625982579233
-613.75557175663 1467.3451563981755 0.9970632324839844
-624.8299980828153 1466.0758509208015 0.9970639297797909
-635.8189289449657 1464.693344392753 0.9970646890583672
-651.4742110489276 1473.972459435428 0.997059588839473
-662.6199325424166 1472.235415738122 0.9970605443281446
-673.6542954333613 1470.3823022524164 0.9970615632913219
-684.5697426047442 1468.41574034318 0.9970626442165414
-695.3587981704205 1466.338505254622 0.9970637855047931
-706.0140725849543 1464.153520836057 0.9970649854739373
-716.5282676952417 1461.8638539649314 0.9970662423622995
-726.8941817300404 1459.4727086740322 0.997067554332434
-737.1047142242995 1456.9834199924387 0.9970689194750486
-747.1528708752998 1454.3994475094191 0.99707033581308
-765.1075247828651 1460.7359801711282 0.9970668612818416
-775.11555727762 1457.7489465002686 0.9970684997286564
-784.9352093140451 1454.6699868235198 0.9970701875587483
-794.5597536764349 1451.5031424856197 0.9970719224649769
-803.9825963948604 1448.252548925773 0.997073702091858
-813.1972812579802 1444.9224277382673 0.9970755240404646
-832.012186845128 1449.059979839468 0.9970732601512478
-841.0596931788322 1445.3119647574563 0.9970753109837942
-849.8736778286449 1441.4902200976887 0.997077400552815
-858.4480998715878 1437.599413281098 0.9970795262167695
-877.6192163630584 1440.057237124458 0.9970781836295967
-885.936487250168 1435.7427297170898 0.9970805399866122
-893.9895240507678 1431.3668823181517 0.9970829277363689
-913.308158226705 1432.429717478457 0.9970823479787798
-921.0327118993206 1427.627596422556 0.9970849664557169
-940.4268962889352 1427.6260686747823 0.9970849672883534
-947.7701226890819 1422.3946828410403 0.9970878169271161
-967.1548647259704 1421.3043024949402 0.9970884104975702
-974.0638381115298 1415.6432282718904 0.9970914901053429
-993.3531393332364 1413.4437764321672 0.9970926856460347
NaN NaN NaN
NaN NaN NaN
NaN NaN NaN
NaN NaN NaN
NaN NaN NaN
NaN NaN NaN
NaN NaN NaN
NaN NaN NaN
NaN NaN NaN
NaN NaN NaN
NaN NaN NaN
NaN NaN NaN
NaN NaN NaN
NaN NaN NaN
NaN NaN NaN
NaN NaN NaN
NaN NaN NaN
-1515.9449720560801 -1640.1210101289996 0.9971243542495316
-1503.0087702136425 -1644.5908889135153 0.997126765881748
-1489.6747381638913 -1649.5916064253954 0.9971294613325038
-1476.9979294712189 -1654.671011861323 0.9971321964054758
-1464.6897832142076 -1659.8551381735344 0.9971349849688177
-1452.5681625001425 -1665.1546506602365 0.9971378325760621
-1440.5108081213273 -1670.5721450027224 0.9971407404234687
-1428.432106154833 -1676.1055763977838 0.9971437072105233
-1416.265099458049 -1681.752189981047 0.997146731257596
-1416.334756883605 -1686.228665981661 0.9971491261820553
-1403.553459091932 -1692.3206018049975 0.99715238189729
-1390.5632175975925 -1698.508851760986 0.9971556849783614
-1377.3579951394768 -1704.7767721358293 0.9971590263702981
-1375.6277189689831 -1710.6183504738099 0.9971621366679622
-1361.7789862095137 -1717.2122480806613 0.9971656431162368
-1347.6910306042348 -1723.8499717034263 0.9971691681469201
-1344.5207214685186 -1730.6716364086321 0.9971727859306447
-1329.746725018979 -1737.5742446393847 0.9971764415613386
-1325.5276501814128 -1745.0888772501287 0.9971804155192211
-1310.0468886647711 -1752.2152658921746 0.9971841785830823
-1304.7516071799905 -1760.3897824767448 0.9971884884292275
-1288.547001555053 -1767.6963811080645 0.9971923346535219
-1282.1521363272388 -1776.490908586829 0.9971969565937305
-1275.108493075637 -1785.7052205010825 0.9972017903343541
-1267.4070063550348 -1795.328416811623 0.9972068289588593
-1249.5152928116675 -1803.0640299811746 0.997210872152749
-1240.6613822155648 -1813.2107786581782 0.997216165994595
-1231.1265441831613 -1823.7250658036098 0.9972216401359923
-1220.9005361792854 -1834.5910634111397 0.9972272851667168
-1218.6909141069668 -1849.0987834062535 0.9972348027976735
-1206.839849318545 -1860.8683344177275 0.9972408853669097
-1194.2657694942495 -1872.9317973185825 0.9972471048166767
-1189.0331302326726 -1889.3777161380056 0.9972555592704925
-1174.7542368902043 -1902.2092828564937 0.9972621361615492
-1167.3401303156252 -1919.9115355885467 0.9972711815675503
-1158.6907920328854 -1938.3373399040493 0.9972805623422445
-1148.7807940086238 -1957.4462038094762 0.9972902540003317
-1137.5861571313467 -1977.194441125101 0.9973002306441413
-1125.083892038983 -1997.5352366764291 0.9973104650563339
-1117.6417977070028 -2024.4946783698108 0.9973239648827842
-1108.3206206251107 -2052.4984861398752 0.9973379099291323
-1102.9850798602802 -2088.190576022205 0.9973555693829009
-1089.7042930799641 -2118.415741351097 0.9973704245764436
-1085.3668137501522 -2164.2607063169326 0.9973927840196848
-1072.938897278599 -2204.4381073050376 0.9974122095437302
-1067.8061144103967 -2262.062701003445 0.997439796571973
-1059.0181976954361 -2322.181317199106 0.9974682369768656
-1050.8214434915942 -2393.4368219776065 0.9975015012334615
-1042.253529607239 -2476.6991909361086 0.9975397683368691
-1036.116985399655 -2582.475223584619 0.9975874628959323
-1030.4694550518893 -2712.7782965497795 0.9976448321031504
-975.1533951945881 -2713.2109054014927 0.9976450200649971
-920.2481760575552 -2712.4061748917748 0.9976446704089055
-868.2717922596879 -2720.729846131234 0.9976482843049588
-813.94201177303 -2717.545526154904 0.997646902483691
-761.9072967565764 -2723.622477114792 0.997649538778595
-708.2914054460373 -2718.1120474403533 0.9976471483880737
-656.3280870207112 -2721.955648845666 0.997648815999524
-604.2709119602564 -2724.704009070912 0.9976500076281031
-552.151117909075 -2726.354197094966 0.9976507227954379
-500 -2726.904455047467 0.9976509612161645
-447.84888209092617 -2726.354197094966 0.9976507227954379
-395.7290880397453 -2724.704009070912 0.9976500076281031
-343.6719129792898 -2721.955648845666 0.997648815999524
-291.70859455396425 -2718.1120474403533 0.9976471483880737
-238.09270324342359 -2723.622477114792 0.997649538778595
-186.05798822697105 -2717.545526154904 0.997646902483691
-131.72820774031337 -2720.729846131234 0.9976482843049588
-79.75182394244565 -2712.4061748917748 0.9976446704089055
-24.846604805410777 -2713.2109054014927 0.9976450200649971
30.469455051890222 -2712.7782965497795 0.9976448321031504
86.15621847403034 -2711.0856820563345 0.9976440965304234
142.17703107230133 -2708.1188392472095 0.9976428065991528
198.49071563132847 -2703.8597359999144 0.9976409534631208
255.0597907179761 -2698.297338098131 0.9976385308604735
317.0728126703646 -2701.074019554743 0.9976397405346863
374.3573034303867 -2692.73459399761 0.9976361053820192
437.6619276137431 -2692.456789651782 0.9976359841817306
501.7001010745478 -2690.545533596767 0.997635150155789
566.4165654434124 -2686.966565926142 0.9976335875141318
631.7546791633903 -2681.688150865969 0.9976312807995205
697.6564868359316 -2674.681183882886 0.9976282148884733
764.0627907598521 -2665.9193051150646 0.9976243749987638
838.6992494613836 -2663.8758924673716 0.997623478495808
914.3181403591382 -2659.673364394113 0.9976216335637046
990.839899086772 -2653.264868634219 0.9976188171817277
1068.1815344877264 -2644.607428798898 0.9976150066450211
1074.784213814921 -2572.1367969878224 0.997582846121114
1078.068350779886 -2501.806537348791 0.9975511817507128
1087.48790801396 -2440.672234178222 0.9975232895004247
1094.2314728506444 -2381.231442662978 0.9974958373491518
1098.3963175664362 -2323.5852999459694 0.9974688970383889
1110.01836559306 -2273.7177875851025 0.9974453373127882
1109.5131946089427 -2219.5754890391117 0.9974194875320985
1117.0241428315148 -2172.670262203023 0.9973968630601959
1133.1648949955531 -2132.0362182949907 0.997377089199283
1137.2673568489804 -2087.6489914595854 0.9973553023734554
1139.7295156353152 -2044.7605104688141 0.9973340645473161
1151.562315070367 -2007.248262128508 0.9973153372997517
1162.245082763547 -1970.6144865892634 0.9972969109333234
1171.8805081448184 -1934.8702587951684 0.9972787998841317
1180.3052382135377 -1900.1138042030095 0.9972610632785212
1187.2698637640012 -1866.504396067779 0.9972437929894947
1192.8281344711418 -1834.1111123940316 0.997227036087689
1208.9507544165122 -1804.7729703491918 0.9972117645159875
1212.036636007925 -1774.642633244608 0.9971959859202197
1226.135384171956 -1746.9821373147452 0.9971814157778345
1239.3856057762403 -1720.072615440447 0.9971671627240899
1251.8471006190516 -1693.9683790853067 0.9971532618299155
1263.5956601093774 -1668.7186956958217 0.9971397459408521
1274.7205834501858 -1644.3710309828182 0.9971266473128855
1285.3321559612887 -1620.969085935861 0.9971139964798653
1295.5724170202386 -1598.5501864392927 0.9971018207382576
1318.856176019232 -1575.9137030287018 0.9970894706370917
1329.1072897846782 -1555.2437717885932 0.9970781439182616
1353.2810388970902 -1533.817930082934 0.9970663528422713
1364.9099430089473 -1515.133429585693 0.9970560285529854
1391.0781930376504 -1495.8940847926722 0.99704535679168
1417.0598442153125 -1479.345246153125 0.99703614409938
1447.4586214658289 -1463.6775992901048 0.9970273934737188
1474.035908477732 -1453.0006937625308 0.9970214143323661
NaN NaN NaN
NaN NaN NaN
962.7257419153424 1189.991877612853 0.9972114048902346
703.6801562434348 1249.9413865566812 0.9971800807727216
544.276448872497 1287.7031819660538 0.9971601532897758
427.5356670581716 1314.4839999581761 0.9971459277423628
339.1671776885346 1334.1506808698734 0.9971354317374314
278.95522923374864 1348.961373705639 0.997127499632086
232.70954823232734 1360.9485957750776 0.9971210621912022
186.49575418860866 1370.6426328185328 0.9971158447760937
154.0697363019668 1379.0380823275023 0.9971113179654453
121.6257876542639 1385.911161618712 0.9971076062643179
89.22190197068132 1391.2732615707916 0.9971047069448838
70.22721169152709 1397.2189282256918 0.9971014883941413
51.11223284860877 1402.403156913861 0.9970986788572151
31.907788035079346 1406.8311609578798 0.9970962768048531
12.644575611099686 1410.5090402043709 0.9970942800287433
-6.646860666740308 1413.4437764321672 0.9970926856460347
-25.936161888446268 1415.6432282718904 0.9970914901053429
-32.845135274044395 1421.30430249494 0.9970884104975702
-52.22987731089445 1422.3946828410403 0.9970878169271161
-59.5731037110633 1427.6260686747823 0.9970849672883534
-78.96728810065531 1427.627596422556 0.9970849664557169
-86.69184177331897 1432.429717478457 0.9970823479787798
-106.01047594923216 1431.3668823181517 0.9970829277363689
-114.06351274984972 1435.7427297170898 0.9970805399866122
-122.38078363696562 1440.057237124458 0.9970781836295967
-141.5519001284307 1437.5994132810977 0.9970795262167695
-150.12632217135524 1441.4902200976887 0.997077400552815
-158.94030682114845 1445.3119647574563 0.9970753109837942
-167.98781315487201 1449.059979839468 0.9970732601512478
-186.80271874201597 1444.9224277382673 0.9970755240404646
-196.0174036051603 1448.252548925773 0.997073702091858
-205.4402463235653 1451.5031424856195 0.9970719224649769
-215.0647906859548 1454.6699868235198 0.9970701875587483
-224.88444272235586 1457.7489465002686 0.9970684997286564
-234.89247521713634 1460.7359801711282 0.9970668612818416
-252.84712912472418 1454.3994475094191 0.99707033581308
-262.8952857757005 1456.9834199924387 0.9970689194750486
-273.1058182699837 1459.4727086740322 0.997067554332434
-283.47173230473396 1461.8638539649314 0.9970662423622995
-293.9859274150459 1464.153520836057 0.9970649854739373
-304.6412018295795 1466.338505254622 0.9970637855047931
-315.4302573952314 1468.41574034318 0.9970626442165414
-326.34570456661436 1470.3823022524164 0.9970615632913219
-337.3800674575592 1472.235415738122 0.9970605443281446
-348.5257889510481 1473.972459435428 0.997059588839473
-364.18107105503424 1464.693344392753 0.9970646890583672
-375.17000191720894 1466.0758509208015 0.9970639297797909
-386.24442824339417 1467.3451563981755 0.9970632324839844
-397.3967648312176 1468.4993703196988 0.9970625982579233
-408.6193732246953 1469.5367712062068 0.9970620280922861
-419.90456693621746 1470.455809894182 0.9970615228793092
-431.24461670100374 1471.2551124880729 0.997061083410857
-442.6317557605333 1471.9334829724628 0.9970607103767082
-454.0581851715737 1472.4899054811742 0.9970604043630639
-465.5160791368196 1472.9235462211018 0.9970601658512807
-476.99759035383295 1473.2337550486902 0.9970599952168301
-488.49485537863063 1473.420066697668 0.9970598927284869
500 1473.4822016569753 0.9970598585477488
488.49485537863063 1473.420066697668 0.9970598927284869
476.99759035383295 1473.2337550486902 0.9970599952168301
465.51607913681977 1472.9235462211018 0.9970601658512807
454.05818517157377 1472.4899054811742 0.9970604043630639
442.6317557605333 1471.9334829724628 0.9970607103767082
431.24461670100374 1471.2551124880729 0.997061083410857
419.90456693621746 1470.455809894182 0.9970615228793092
408.6193732246953 1469.5367712062068 0.9970620280922861
397.3967648312176 1468.4993703196988 0.9970625982579233
386.2444282433942 1467.3451563981755 0.9970632324839844
375.17000191720894 1466.0758509208015 0.9970639297797909
364.18107105503424 1464.693344392753 0.9970646890583672
348.5257889510481 1473.972459435428 0.997059588839473
337.3800674575593 1472.235415738122 0.9970605443281446
326.34570456661436 1470.3823022524164 0.9970615632913219
315.4302573952315 1468.41574034318 0.9970626442165414
304.6412018295795 1466.338505254622 0.9970637855047931
293.9859274150459 1464.153520836057 0.9970649854739373
283.47173230473396 1461.8638539649314 0.9970662423622995
273.1058182699837 1459.4727086740322 0.997067554332434
262.89528577570053 1456.9834199924387 0.9970689194750486
252.84712912472423 1454.3994475094191 0.99707033581308
234.89247521713634 1460.7359801711282 0.9970668612818416
224.88444272235586 1457.7489465002686 0.9970684997286564
215.0647906859548 1454.6699868235198 0.9970701875587483
205.44024632356536 1451.5031424856197 0.9970719224649769
196.01740360516035 1448.252548925773 0.997073702091858
186.80271874201608 1444.9224277382673 0.9970755240404646
167.98781315487201 1449.059979839468 0.9970732601512478
158.94030682114845 1445.3119647574563 0.9970753109837942
150.12632217135524 1441.4902200976887 0.997077400552815
141.55190012843087 1437.599413281098 0.9970795262167695
122.38078363696562 1440.057237124458 0.9970781836295967
114.06351274984983 1435.7427297170898 0.9970805399866122
106.01047594923216 1431.3668823181517 0.9970829277363689
86.69184177331897 1432.429717478457 0.9970823479787798
78.96728810065531 1427.627596422556 0.9970849664557169
59.57310371106341 1427.6260686747823 0.9970849672883534
52.22987731089445 1422.3946828410403 0.9970878169271161
32.84513527404451 1421.3043024949402 0.9970884104975702
25.936161888446268 1415.6432282718904 0.9970914901053429
6.646860666740308 1413.4437764321672 0.9970926856460347
-12.644575611099686 1410.5090402043709 0.9970942800287433
-31.907788035079285 1406.83116095788 0.9970962768048531
-51.112232848608656 1402.4031569138613 0.9970986788572151
-70.22721169152703 1397.2189282256918 0.9971014883941413
-89.22190197068132 1391.2732615707916 0.9971047069448838
-121.6257876542639 1385.911161618712 0.9971076062643179
-154.0697363019668 1379.0380823275023 0.9971113179654453
-186.49575418860644 1370.642632818533 0.9971158447760937
-232.70954823232734 1360.9485957750778 0.9971210621912022
-278.9552292337486 1348.9613737056397 0.997127499632086
-339.1671776885346 1334.1506808698734 0.9971354317374314
-427.5356670581716 1314.4839999581761 0.9971459277423628
-544.276448872497 1287.7031819660538 0.9971601532897758
-703.6801562434346 1249.9413865566821 0.9971800807727216
-962.7257419153424 1189.991877612853 0.9972114048902346
NaN NaN NaN
NaN NaN NaN
-1474.035908477732 -1453.0006937625308 0.9970214143323661
-1447.4586214658289 -1463.6775992901048 0.9970273934737188
-1417.0598442153125 -1479.345246153125 0.99703614409938
-1391.0781930376504 -1495.8940847926722 0.99704535679168
-1364.9099430089473 -1515.133429585693 0.9970560285529854
-1353.2810388970902 -1533.817930082934 0.9970663528422713
-1329.1072897846782 -1555.2437717885932 0.9970781439182616
-1318.8561760192338 -1575.9137030287002 0.9970894706370917
-1295.572417020239 -1598.550186439292 0.9971018207382576
-1285.3321559612887 -1620.9690859358604 0.9971139964798653
-1274.720583450186 -1644.3710309828182 0.9971266473128855
-1263.5956601093774 -1668.7186956958217 0.9971397459408521
-1251.8471006190516 -1693.9683790853067 0.9971532618299155
-1239.3856057762407 -1720.0726154404467 0.9971671627240899
-1226.135384171956 -1746.9821373147452 0.9971814157778345
-1212.036636007926 -1774.6426332446072 0.9971959859202197
-1208.9507544165126 -1804.7729703491914 0.9972117645159875
-1192.8281344711418 -1834.1111123940316 0.997227036087689
-1187.2698637640012 -1866.504396067779 0.9972437929894947
-1180.3052382135372 -1900.1138042030104 0.9972610632785212
-1171.880508144818 -1934.8702587951684 0.9972787998841317
-1162.2450827635485 -1970.6144865892622 0.9972969109333234
-1151.5623150703689 -2007.2482621285067 0.9973153372997517
-1139.7295156353152 -2044.7605104688141 0.9973340645473161
-1137.2673568489804 -2087.6489914595854 0.9973553023734554
-1133.1648949955536 -2132.0362182949902 0.997377089199283
-1117.024142831515 -2172.670262203023 0.9973968630601959
-1109.5131946089427 -2219.5754890391117 0.9974194875320985
-1110.01836559306 -2273.7177875851025 0.9974453373127882
-1098.3963175664367 -2323.5852999459694 0.9974688970383889
-1094.2314728506444 -2381.231442662978 0.9974958373491518
-1087.487908013962 -2440.6722341782206 0.9975232895004247
-1078.0683507798874 -2501.8065373487893 0.9975511817507128
-1074.784213814921 -2572.1367969878224 0.997582846121114
-1068.181534487727 -2644.607428798898 0.9976150066450211
-990.8398990867724 -2653.264868634219 0.9976188171817277
-914.3181403591382 -2659.673364394113 0.9976216335637046
-838.6992494613856 -2663.8758924673702 0.997623478495808
-764.0627907598525 -2665.919305115064 0.9976243749987638
-697.6564868359316 -2674.681183882886 0.9976282148884733
-631.7546791633905 -2681.6881508659685 0.9976312807995205
-566.4165654434137 -2686.966565926142 0.9976335875141318
-501.7001010745478 -2690.545533596767 0.997635150155789
-437.66192761374424 -2692.456789651781 0.9976359841817306
-374.3573034303876 -2692.7345939976094 0.9976361053820192
-317.0728126703646 -2701.074019554743 0.9976397405346863
-255.05979071797677 -2698.297338098131 0.9976385308604735
-198.4907156313291 -2703.8597359999144 0.9976409534631208
-142.17703107230133 -2708.1188392472095 0.9976428065991528
-86.15621847403129 -2711.085682056334 0.9976440965304234
-30.469455051890968 -2712.7782965497795 0.9976448321031504
24.846604805410777 -2713.2109054014927 0.9976450200649971
79.75182394244501 -2712.4061748917748 0.9976446704089055
131.72820774031217 -2720.729846131234 0.9976482843049588
186.05798822697105 -2717.545526154904 0.997646902483691
238.0927032434228 -2723.622477114792 0.997649538778595
291.7085945539634 -2718.1120474403533 0.9976471483880737
343.6719129792898 -2721.955648845666 0.997648815999524
395.7290880397445 -2724.704009070912 0.9976500076281031
447.8488820909251 -2726.354197094966 0.9976507227954379
500 -2726.904455047467 0.9976509612161645
552.1511179090746 -2726.354197094966 0.9976507227954379
604.2709119602556 -2724.704009070912 0.9976500076281031
656.3280870207112 -2721.955648845666 0.997648815999524
708.291405446036 -2718.1120474403533 0.9976471483880737
761.9072967565755 -2723.622477114792 0.997649538778595
813.94201177303 -2717.545526154904 0.997646902483691
868.271792259687 -2720.729846131234 0.9976482843049588
920.2481760575545 -2712.4061748917748 0.9976446704089055
975.1533951945881 -2713.2109054014927 0.9976450200649971
1030.4694550518889 -2712.7782965497795 0.9976448321031504
1036.116985399654 -2582.4752235846195 0.9975874628959323
1042.253529607239 -2476.6991909361086 0.9975397683368691
1050.8214434915933 -2393.4368219776065 0.9975015012334615
1059.018197695436 -2322.181317199106 0.9974682369768656
1067.8061144103967 -2262.062701003445 0.997439796571973
1072.9388972785985 -2204.438107305038 0.9974122095437302
1085.3668137501513 -2164.260706316933 0.9973927840196848
1089.7042930799641 -2118.415741351097 0.9973704245764436
1102.9850798602795 -2088.190576022205 0.9973555693829009
1108.3206206251105 -2052.4984861398757 0.9973379099291323
1117.6417977070028 -2024.4946783698108 0.9973239648827842
1125.0838920389829 -1997.5352366764293 0.9973104650563339
1137.586157131346 -1977.1944411251013 0.9973002306441413
1148.7807940086238 -1957.4462038094762 0.9972902540003317
1158.690792032885 -1938.3373399040493 0.9972805623422445
1167.340130315625 -1919.911535588547 0.9972711815675503
1174.7542368902043 -1902.2092828564937 0.9972621361615492
1189.0331302326717 -1889.3777161380056 0.9972555592704925
1194.2657694942486 -1872.9317973185825 0.9972471048166767
1206.839849318545 -1860.8683344177275 0.9972408853669097
1218.690914106967 -1849.0987834062535 0.9972348027976735
1220.9005361792852 -1834.5910634111397 0.9972272851667168
1231.126544183161 -1823.7250658036098 0.9972216401359923
1240.6613822155643 -1813.2107786581782 0.997216165994595
1249.5152928116665 -1803.064029981175 0.997210872152749
1267.4070063550348 -1795.328416811623 0.9972068289588593
1275.108493075637 -1785.7052205010825 0.9972017903343541
1282.1521363272384 -1776.4909085868294 0.9971969565937305
1288.547001555052 -1767.696381108065 0.9971923346535219
1304.7516071799905 -1760.3897824767448 0.9971884884292275
1310.046888664771 -1752.2152658921746 0.9971841785830823
1325.5276501814128 -1745.0888772501287 0.9971804155192211
1329.746725018979 -1737.5742446393847 0.9971764415613386
1344.5207214685188 -1730.6716364086321 0.9971727859306447
1347.691030604235 -1723.8499717034267 0.9971691681469201
1361.7789862095137 -1717.2122480806613 0.9971656431162368
1375.6277189689838 -1710.61835047381 0.9971621366679622
1377.3579951394768 -1704.7767721358293 0.9971590263702981
1390.5632175975925 -1698.508851760986 0.9971556849783614
1403.553459091932 -1692.320601804998 0.99715238189729
1416.3347568836048 -1686.228665981661 0.9971491261820553
1416.265099458049 -1681.7521899810474 0.997146731257596
1428.4321061548326 -1676.105576397784 0.9971437072105233
1440.5108081213273 -1670.5721450027224 0.9971407404234687
1452.5681625001425 -1665.1546506602365 0.9971378325760621
1464.6897832142076 -1659.8551381735344 0.9971349849688177
1476.9979294712189 -1654.671011861323 0.9971321964054758
1489.6747381638913 -1649.5916064253954 0.9971294613325038
1503.0087702136425 -1644.5908889135153 0.997126765881748
1515.9449720560801 -1640.1210101289996 0.9971243542495316
NaN NaN NaN
NaN NaN NaN
NaN NaN NaN
NaN NaN NaN
NaN NaN NaN
NaN NaN NaN
NaN NaN NaN
NaN NaN NaN
NaN NaN NaN
NaN NaN NaN
NaN NaN NaN
NaN NaN NaN
NaN NaN NaN
NaN NaN NaN
NaN NaN NaN
NaN NaN NaN
NaN NaN NaN
993.3531393332364 1413.4437764321672 0.9970926856460347
974.0638381115298 1415.6432282718904 0.9970914901053429
967.1548647259704 1421.30430249494 0.9970884104975702
947.7701226890819 1422.3946828410403 0.9970878169271161
940.4268962889352 1427.6260686747823 0.9970849672883534
921.0327118993206 1427.627596422556 0.9970849664557169
913.308158226705 1432.429717478457 0.9970823479787798
893.9895240507678 1431.3668823181517 0.9970829277363689
885.936487250168 1435.7427297170898 0.9970805399866122
877.6192163630586 1440.057237124458 0.9970781836295967
858.4480998715878 1437.5994132810977 0.9970795262167695
849.8736778286449 1441.4902200976887 0.997077400552815
841.0596931788322 1445.3119647574563 0.9970753109837942
832.012186845128 1449.059979839468 0.9970732601512478
813.1972812579802 1444.9224277382673 0.9970755240404646
803.9825963948604 1448.252548925773 0.997073702091858
794.5597536764349 1451.5031424856195 0.9970719224649769
784.9352093140451 1454.6699868235198 0.9970701875587483
775.11555727762 1457.7489465002686 0.9970684997286564
765.1075247828651 1460.7359801711282 0.9970668612818416
747.1528708753 1454.3994475094191 0.99707033581308
737.1047142242995 1456.9834199924387 0.9970689194750486
726.8941817300406 1459.4727086740322 0.997067554332434
716.5282676952417 1461.8638539649314 0.9970662423622995
706.0140725849543 1464.153520836057 0.9970649854739373
695.3587981704205 1466.338505254622 0.9970637855047931
684.5697426047442 1468.41574034318 0.9970626442165414
673.6542954333613 1470.3823022524164 0.9970615632913219
662.6199325424166 1472.235415738122 0.9970605443281446
651.4742110489276 1473.972459435428 0.997059588839473
635.8189289449657 1464.693344392753 0.9970646890583672
624.8299980828153 1466.0758509208015 0.9970639297797909
613.7555717566302 1467.3451563981755 0.9970632324839844
602.6032351687824 1468.4993703196988 0.9970625982579233
591.3806267752802 1469.5367712062068 0.9970620280922861
580.0954330637583 1470.455809894182 0.9970615228793092
568.7553832989962 1471.2551124880729 0.997061083410857
557.3682442394667 1471.9334829724628 0.9970607103767082
545.9418148284499 1472.4899054811742 0.9970604043630639
534.4839208631804 1472.9235462211018 0.9970601658512807
523.0024096461517 1473.2337550486902 0.9970599952168301
511.50514462136937 1473.420066697668 0.9970598927284869
