0 149.7803903255109
-3.527229645900142 149.74322103911905
-7.052047645759753 149.6317436538209
-10.572043990706883 149.44604955941497
-14.08481194512773 149.18629096605764
-17.587949680596687 148.85268074511782
-21.30210269125803 149.58965753794314
-24.815591467786145 149.1026487305469
-28.312113381907867 148.54178831493292
-32.122119368837055 149.02895637227206
-35.613730839835995 148.31226577192731
-39.48593560733309 148.6235917363592
-42.96213143935063 147.74945705794306
-46.88489102040586 147.87968815426984
-50.845963162740674 147.91086325025685
-54.2963506553442 146.7915552235042
-58.28953962990249 146.63398046569444
-62.311080656514335 146.3724788492338
-66.35740974151648 146.00530090409814
-70.42490019573165 145.5307974331822
-74.50986567638535 144.94742140004226
-78.60856329797043 144.25372971869058
-83.49372858768835 144.37116490047694
-87.63949553940608 143.4313180366376
-92.6249541335302 143.25531647714976
-96.7999765972637 142.06149110617645
-101.86537281817401 141.58142525345497
-106.97722869300344 140.93326966095552
-112.12956602133916 140.11404746786982
-117.31630220515721 139.12096522807673
-122.53125606662417 137.95141626235417
-128.80237838325974 137.302189643148
-135.13976972226013 136.4146380369308
-141.53482712919947 135.28467366323503
-147.97880756647808 133.9084843935653
-154.46283667177332 132.2825384357784
-162.1314069955831 130.9531046735043
-171.04005050583953 129.82174135347793
-178.84788547164976 127.81622969479079
-187.91229535474716 125.93440683281348
-198.2786683819503 124.0721539966273
-208.73421384357232 121.73783318828406
-220.532084341858 119.27603294753787
-233.70443023056526 116.57672461286533
-248.27798415213093 113.52784652559723
-264.27399179426385 110.01555185043975
-283.0392310938501 106.1326650703226
-304.6225828609618 101.65312210919096
-327.7058444357468 96.21292522403559
-356.38358485236245 89.98570970159106
-389.35768710411855 82.45461809408415
-429.4300712611593 73.31857234200864
-479.45208309263114 61.974238560823835
-542.3059133259134 47.515209338783976
-625.1111030039593 28.466308648231635
-737.8744061771582 2.355808388260188
-750.2463953277957 -18.115620211433793
-752.2107795600456 -37.7682442991333
-753.660740462839 -57.46972178300796
-754.594963384832 -77.20679506939466
-755.0287151937054 -100
-754.912669348436 -116.73024302806606
-754.2952964009971 -136.49240459068267
-753.1604421866292 -156.23539815026422
-751.5085599508691 -175.94595704132067
-749.3404579662873 -195.6105766715918
-746.6037973465517 -215.3879102954603
-743.2206782632678 -235.39195095254192
-739.2424357669706 -255.36284127411466
-734.7020844012932 -275.19754235281727
-729.6209892574599 -294.8532202245453
-724.0144174485137 -314.3091890138966
-717.8942727947474 -333.5532094595268
-711.2705652632565 -352.5761465660475
-704.152202820581 -371.3698662109364
-696.5474751234054 -389.92636943002697
-688.4643446344386 -408.2374770212863
-679.9106490240063 -426.2947280590937
-670.8941929003174 -444.0894174794399
-661.4228434359167 -461.61262729616396
-651.5045732636487 -478.8552929379154
-641.1474978177047 -495.80825900097153
-630.359898657483 -512.4623324254005
-619.1502303808863 -528.808332805214
-607.5271512280403 -544.8371240002085
-595.4994846273175 -560.5396652835258
-583.076252485653 -575.9070265874568
-570.2666921964517 -590.9304126462033
-557.0801924884308 -605.6011975424317
-543.5263398273875 -619.910930235776
-529.6149118349546 -633.8513536604767
-515.3558302404223 -647.4144188915412
-500.75921584144197 -660.5922948317616
-485.83532713638965 -673.37737741998
-470.5945837092096 -685.762297736279
-455.0475577549243 -697.7399300809755
-439.2049658089931 -709.3033985871049
-423.0776242927313 -720.446068709575
-406.67653780537955 -731.1615830629863
-390.01277449104464 -741.4438236724283
-373.09754957367414 -751.2869482935101
-355.9421800985702 -760.6853785157342
-338.55808000362106 -769.6338007418
-320.9567602290454 -778.1271710709364
-303.1498221494792 -786.1607167291002
-285.14895119892634 -793.7299371550633
-266.96590837397787 -800.830602233487
-248.61251801830423 -807.4587437492418
-230.1006938203972 -813.6106930302698
-211.44239092948476 -819.2830327228705
-192.64962278883152 -824.4726199077727
-173.73446192747542 -829.1765991183223
-154.70901696216848 -833.392372550621
-135.58544070902414 -837.1176205224386
-116.37592638313546 -840.3503093866622
-97.09268978657288 -843.0886563099759
-77.74797760006008 -845.3311599200946
-58.35406079690278 -847.0766029538667
-38.92322481964663 -848.3240302075795
-19.467768591440382 -849.0727594414643
0 -849.3223813319911
19.46776859144004 -849.0727594414643
38.92322481964635 -848.3240302075795
58.35406079690278 -847.0766029538667
77.74797760005973 -845.3311599200946
97.09268978657256 -843.088656309976
116.37592638313546 -840.3503093866622
135.58544070902389 -837.1176205224388
154.70901696216808 -833.392372550621
173.73446192747542 -829.1765991183223
192.64962278883118 -824.4726199077727
211.44239092948456 -819.2830327228705
230.1006938203972 -813.6106930302698
248.612518018304 -807.4587437492419
266.9659083739776 -800.830602233487
285.14895119892634 -793.7299371550633
303.14982214947895 -786.1607167291004
320.9567602290452 -778.1271710709365
338.55808000362106 -769.6338007418
355.9421800985701 -760.6853785157342
373.0975495736741 -751.2869482935101
390.01277449104464 -741.4438236724283
406.67653780537955 -731.1615830629863
423.0776242927313 -720.446068709575
439.2049658089931 -709.3033985871049
455.04755775492407 -697.7399300809755
470.59458370920953 -685.762297736279
485.83532713638965 -673.37737741998
500.75921584144186 -660.5922948317618
515.355830240422 -647.4144188915418
529.6149118349546 -633.8513536604767
543.5263398273872 -619.9109302357764
557.0801924884308 -605.6011975424318
570.2666921964516 -590.9304126462034
583.0762524856527 -575.907026587457
595.4994846273177 -560.5396652835258
607.5271512280403 -544.8371240002085
619.1502303808863 -528.808332805214
630.359898657483 -512.4623324254007
641.1474978177047 -495.80825900097153
651.5045732636484 -478.85529293791575
661.4228434359167 -461.61262729616396
670.8941929003174 -444.0894174794399
679.9106490240063 -426.2947280590937
688.4643446344386 -408.2374770212864
696.5474751234054 -389.926369430027
704.152202820581 -371.36986621093644
711.2705652632562 -352.5761465660483
717.8942727947474 -333.5532094595268
724.0144174485137 -314.3091890138966
729.6209892574597 -294.85322022454636
734.7020844012931 -275.19754235281863
739.2424357669706 -255.36284127411452
743.2206782632677 -235.39195095254314
746.6037973465517 -215.3879102954603
749.3404579662873 -195.6105766715918
751.5085599508691 -175.94595704132067
753.1604421866292 -156.23539815026422
754.2952964009971 -136.49240459068267
754.912669348436 -116.73024302806606
755.0287151937054 -100
754.594963384832 -77.20679506939466
753.6607404628392 -57.46972178300755
752.2107795600456 -37.7682442991333
750.2463953277959 -18.11562021143556
737.8744061771582 2.355808388260188
625.1111030039593 28.466308648231635
542.3059133259134 47.515209338783976
479.4520830926312 61.97423856082336
429.4300712611594 73.3185723420085
389.35768710411855 82.45461809408394
356.38358485236245 89.98570970159106
327.7058444357468 96.21292522403559
304.6225828609618 101.65312210919096
283.0392310938501 106.13266507032253
264.27399179426385 110.01555185043976
248.27798415213098 113.5278465255971
233.70443023056526 116.57672461286533
220.532084341858 119.27603294753787
208.73421384357232 121.73783318828406
198.2786683819504 124.07215399662711
187.9122953547472 125.9344068328134
178.84788547164976 127.81622969479072
171.04005050583953 129.82174135347793
162.1314069955831 130.9531046735043
154.46283667177332 132.2825384357784
147.97880756647817 133.90848439356517
141.5348271291995 135.28467366323503
135.13976972226013 136.41463803693077
128.80237838325974 137.302189643148
122.53125606662417 137.95141626235417
117.31630220515721 139.12096522807673
112.12956602133927 140.11404746786977
106.97722869300348 140.93326966095478
101.86537281817404 141.58142525345494
96.7999765972637 142.06149110617645
92.6249541335302 143.25531647714976
87.63949553940608 143.4313180366376
83.49372858768842 144.37116490047683
78.60856329797046 144.25372971869058
74.50986567638536 144.94742140004226
70.42490019573165 145.5307974331822
66.35740974151648 146.00530090409814
62.311080656514335 146.3724788492338
58.289539629902556 146.6339804656944
54.29635065534425 146.7915552235042
50.8459631627407 147.9108632502568
46.88489102040586 147.87968815426984
42.96213143935063 147.74945705794306
39.48593560733309 148.6235917363592
35.613730839836045 148.3122657719273
32.1221193688371 149.02895637227206
28.31211338190792 148.5417883149329
24.815591467786145 149.1026487305469
21.30210269125803 149.58965753794314
17.587949680596687 148.85268074511782
14.084811945127774 149.1862909660576
10.572043990706925 149.44604955941497
7.052047645759798 149.6317436538209
3.527229645900142 149.74322103911905
