0 1552.3722016569768
-11.975157056646001 1552.308666560455
-23.942112393665816 1552.1181581886435
-35.892669897602445 1551.8009671104646
-47.81864466353504 1551.3575769934596
-59.711868589843064 1550.7886636830824
-71.56419596158027 1550.0950939151815
-83.36750901865724 1549.2779236627512
-95.11372350507278 1548.3383961184263
-106.79479419542488 1547.2779393148662
-118.40272039493018 1546.098163385423
-129.92955140925818 1544.8008574680923
-141.36739198043526 1543.3879862557426
-157.467781154031 1552.6344529100145
-169.0545020235497 1550.862563820658
-180.52545435802378 1548.9725005918551
-191.87278182382786 1546.9669829696625
-203.08871254562803 1544.8488900693221
-214.16556441912076 1542.6212548474175
-225.09575036302527 1540.2872582568734
-235.87178350674944 1537.8502230920008
-246.48628231016 1535.3136075337104
-256.9319756121352 1532.6809984045444
-275.27746406078114 1538.9677156439104
-285.6693611282694 1535.9298221942781
-295.86564468738374 1532.7990958837736
-305.85932939806906 1529.5797182847116
-315.6435683000011 1526.275967424497
-325.2116574990029 1522.8922094715715
-344.37173336865567 1526.9757915193363
-353.75593936907654 1523.1736204852743
-362.89792231262373 1519.297682179559
-371.79141648270684 1515.3527926405484
-391.2724602586376 1517.7567933080488
-399.8903011788481 1513.3888704894646
-408.2343447655035 1508.9601628442701
-427.8342230388805 1509.970839091905
-435.83006536977905 1505.1174049800122
-455.4853970506794 1505.0655524980154
-463.0794503979276 1499.7849702491108
-482.7045271333539 1498.6466589305692
-489.8431782556514 1492.939053027284
-509.35134284251114 1490.6945989810363
-528.850678115941 1487.7165161481064
-548.310682682368 1483.997067595396
-567.7006779137004 1479.5293884458265
-586.9898382828003 1474.3074906053457
-606.1472218211659 1468.326267014831
-638.7022009951711 1462.930822793054
-671.2855398125785 1456.0267062240462
-703.8391490171648 1447.6026143402364
-750.1686480823312 1437.88241104787
-796.5180685102371 1425.8715731368459
-856.8217196987686 1411.0398819738546
-945.2698122609046 1391.354879970881
NaN NaN
NaN NaN
NaN NaN
NaN NaN
NaN NaN
-1508.00540602695 -1612.4519895449796
-1486.6626374746047 -1620.2723664270377
-1463.9867455925944 -1630.1744994246
-1443.760736245118 -1640.39372906404
-1424.9054606960633 -1651.0049353196637
-1406.2675944417015 -1662.3404137028235
-1400.9393806783846 -1672.6256571453848
-1382.3295303343596 -1685.2361956715517
-1363.837141097904 -1698.1482724214911
-1358.1704392982365 -1710.3636553456104
-1339.4464900080216 -1724.0097267621122
-1333.0753670749195 -1737.4281702506826
-1313.8117904390858 -1751.706982825409
-1306.4862339030547 -1766.24872925525
-1298.5360796083025 -1781.4641900067722
-1289.9234721927667 -1797.332820091563
-1280.612327871397 -1813.8331733938785
-1259.0041038908041 -1829.6571606929253
-1259.7709761721421 -1848.6311390291044
-1248.187142712316 -1866.8746037476049
-1235.7942809375809 -1885.6426768959636
-1222.5726571269229 -1904.9035558031771
-1219.156407933439 -1927.4328638462364
-1204.0171949868225 -1947.8780380593557
-1198.2374564127374 -1972.141991503679
-1181.0921218956005 -1993.6202452818688
-1172.838424782047 -2019.4505216348473
-1163.1991667782333 -2046.1516086330453
-1161.538577830914 -2078.3639986659005
-1149.0577184028612 -2106.9481100965695
-1144.3419208348628 -2141.5864075171044
-1129.1011820709564 -2171.8760487291875
-1121.1197512093047 -2208.7624391330487
-1119.729089137415 -2253.1651200426927
-1107.8030587413498 -2292.716896306479
-1101.8962377363225 -2340.3038319617167
-1093.496183829724 -2389.521582898458
-1082.5205599760725 -2440.270143968214
-1076.1700749849144 -2500.412159594142
-1073.617558665737 -2570.834958664653
-1067.2114261492375 -2643.732346402534
-1056.8276747786276 -2718.9159200997797
-1004.9903123350618 -2740.557733198005
-940.7797845392487 -2742.4623889242766
-877.3026751741252 -2742.7480481693615
-819.8355546796287 -2751.021345968751
-757.6496130424223 -2748.2793173182863
-700.8981402847044 -2753.7999002374568
-644.4022078463859 -2758.0285614996305
-588.199151027304 -2760.976152068816
-532.3300009046487 -2762.660482234897
-476.83127388433127 -2763.095611186608
-421.74296863240454 -2762.303987830691
-369.5780269513947 -2770.557473274667
-315.0646046564969 -2767.4064328429968
-262.84190516413486 -2773.4322858441283
-209.04135927460212 -2767.9747897699567
-156.89021774455713 -2771.786084237412
-104.64550648819277 -2774.5113843864087
-52.338367400352226 -2776.1477428947114
0 -2776.6933920976376
52.33836740035136 -2776.1477428947114
104.64550648819194 -2774.5113843864087
156.89021774455713 -2771.786084237412
209.04135927460143 -2767.9747897699567
262.84190516413395 -2773.4322858441283
315.0646046564969 -2767.4064328429968
369.57802695139384 -2770.557473274667
421.7429686324035 -2762.303987830691
476.83127388433127 -2763.095611186608
532.3300009046477 -2762.660482234897
588.199151027303 -2760.9761520688166
644.4022078463859 -2758.0285614996305
700.8981402847035 -2753.7999002374568
757.6496130424213 -2748.2793173182863
819.8355546796287 -2751.021345968751
877.3026751741247 -2742.748048169362
940.7797845392478 -2742.4623889242775
1004.9903123350618 -2740.557733198005
1056.8276747786267 -2718.91592009978
1067.2114261492372 -2643.732346402534
1073.617558665737 -2570.834958664653
1076.1700749849144 -2500.412159594142
1082.5205599760711 -2440.2701439682146
1093.496183829724 -2389.521582898458
1101.896237736322 -2340.3038319617167
1107.8030587413496 -2292.7168963064796
1119.729089137415 -2253.1651200426927
1121.1197512093036 -2208.7624391330496
1129.1011820709552 -2171.876048729188
1144.3419208348628 -2141.5864075171044
1149.057718402861 -2106.9481100965695
1161.538577830914 -2078.3639986659005
1163.199166778233 -2046.1516086330453
1172.838424782046 -2019.4505216348475
1181.0921218956003 -1993.620245281869
1198.2374564127374 -1972.141991503679
1204.0171949868225 -1947.8780380593557
1219.1564079334366 -1927.432863846237
1222.572657126922 -1904.9035558031778
1235.794280937581 -1885.6426768959636
1248.1871427123162 -1866.874603747605
1259.7709761721421 -1848.6311390291044
1259.0041038908041 -1829.6571606929253
1280.6123278713967 -1813.8331733938785
1289.9234721927662 -1797.3328200915635
1298.536079608302 -1781.4641900067725
1306.4862339030544 -1766.2487292552505
1313.8117904390858 -1751.706982825409
1333.0753670749195 -1737.4281702506826
1339.4464900080216 -1724.0097267621125
1358.1704392982363 -1710.3636553456106
1363.8371410979025 -1698.1482724214914
1382.3295303343589 -1685.2361956715517
1400.9393806783846 -1672.6256571453848
1406.2675944417015 -1662.3404137028235
1424.9054606960633 -1651.0049353196637
1443.760736245118 -1640.39372906404
1463.9867455925944 -1630.1744994246
1486.6626374746047 -1620.2723664270377
1508.00540602695 -1612.4519895449796
NaN NaN
NaN NaN
NaN NaN
NaN NaN
NaN NaN
945.2698122609046 1391.354879970881
856.8217196987686 1411.0398819738546
796.5180685102372 1425.8715731368452
750.1686480823312 1437.8824110478697
703.8391490171649 1447.6026143402362
671.2855398125785 1456.0267062240462
638.7022009951711 1462.930822793054
606.1472218211659 1468.326267014831
586.9898382828004 1474.3074906053457
567.7006779137005 1479.5293884458263
548.3106826823681 1483.9970675953957
528.850678115941 1487.7165161481064
509.35134284251114 1490.6945989810363
489.8431782556514 1492.939053027284
482.70452713335396 1498.646658930569
463.07945039792764 1499.7849702491108
455.48539705067947 1505.0655524980154
435.83006536977905 1505.1174049800122
427.8342230388805 1509.970839091905
408.2343447655035 1508.9601628442701
399.8903011788482 1513.3888704894646
391.2724602586376 1517.7567933080488
371.7914164827069 1515.3527926405482
362.89792231262373 1519.297682179559
353.75593936907654 1523.1736204852743
344.37173336865567 1526.9757915193363
325.211657499003 1522.8922094715715
315.64356830000116 1526.275967424497
305.8593293980691 1529.5797182847114
295.86564468738374 1532.7990958837736
285.6693611282694 1535.9298221942781
275.27746406078114 1538.9677156439104
256.9319756121353 1532.6809984045444
246.48628231016005 1535.3136075337104
235.8717835067495 1537.8502230920008
225.09575036302527 1540.2872582568734
214.16556441912076 1542.6212548474175
203.08871254562803 1544.8488900693221
191.8727818238279 1546.9669829696625
180.52545435802384 1548.9725005918551
169.05450202354973 1550.862563820658
157.467781154031 1552.6344529100145
141.36739198043526 1543.3879862557426
129.92955140925818 1544.8008574680923
118.40272039493023 1546.098163385423
106.79479419542494 1547.2779393148662
95.11372350507423 1548.3383961184263
83.36750901865724 1549.2779236627512
71.56419596158027 1550.0950939151815
59.711868589843064 1550.7886636830824
47.818644663535196 1551.3575769934596
35.89266989760342 1551.8009671104646
23.942112393665862 1552.1181581886435
11.975157056646001 1552.308666560455
