0 163.50039032551047
-3.6089709389916105 163.46297753699506
-7.215474210543473 163.35077028685535
-10.817043822778666 163.1638618880005
-14.411217133840697 162.90240775080315
-17.99553652413885 162.56662521652925
-21.790591849966233 163.3009586557007
-25.384648155591446 162.8108424294287
-28.961347595781636 162.24641873444958
-32.85108615607897 162.72957706708357
-36.42193060302279 162.0084409001445
-40.37281444671771 162.31489722284434
-43.92708153247696 161.43548172976733
-47.927251038680595 161.5600348455016
-51.965018724674024 161.5851498733066
-55.49133481615222 160.45941580427615
-59.559633407132196 160.2950661398653
-63.65541359133353 160.02645881700727
-67.77506049528259 159.65186334085695
-71.91489718143089 159.16965035351947
-76.07118772451128 158.57829347273244
-80.24014035638045 157.87637103021586
-85.1944424549662 157.98534766484588
-89.4081806312197 157.03683724929584
-94.46039828146479 156.85199051089123
-98.70092187958322 155.64916224709037
-103.83051642193628 155.1599601750364
-109.00522380694406 154.50255983464663
-114.21902275890689 153.67400950844515
-119.46578855707496 152.6715411724021
-124.73929888231561 151.4925737802349
-131.06746438047315 150.83392217912476
-137.46034652419647 149.93696488205353
-143.90930432843527 148.7976399560339
-150.40555781494712 147.4121610496307
-156.9401967960754 145.7770220055388
-164.65767913683564 144.43851712801745
-173.6135032833066 143.2982297982527
-181.46675516934397 141.2839660118748
-190.57478713019466 139.39358725160835
-200.9829574962813 137.52299859412798
-211.4784469121115 135.18058531965713
-223.3143806043362 132.71095860821063
-236.52288284010427 130.00411173351478
-251.13066148209637 126.9480042016865
-267.1589387621087 123.42880950817238
-285.95447050102763 119.53937157113198
-307.5661167480035 115.05364479511029
-330.6756554515565 109.60764890652962
-359.3776376368189 103.3750355966424
-392.3739296829971 95.8389627065542
-432.4664364524628 86.69836630249445
-482.50648992332606 75.34992541842506
-545.3762684581264 60.8872443133899
-628.1953021696555 41.83515734609349
-740.9703356202878 15.721945484787911
-810.089084930382 -11.322672250264839
-812.2237126504172 -32.54158310426998
-813.8029827464917 -53.81395704809246
-814.8254388520986 -75.12549840622941
-815.3104489417073 -100
-815.195948845603 -117.8037386743224
-814.5430058709696 -139.1445537690894
-813.3312154231394 -160.46534752371437
-811.5610294906904 -181.751824484655
-809.2308890508206 -202.99896876082474
-806.2123845673975 -224.60288071819178
-802.4994097286244 -246.36065015589628
-798.1500957351099 -268.0228344176134
-793.1981277939645 -289.50327261556515
-787.6654107499677 -310.7684547058935
-781.5677214673134 -331.8030970107038
-774.917479446661 -352.59815656840124
-767.7252297688686 -373.14637715061383
-760.0004396335568 -393.4406797625284
-751.7519833459074 -413.4735871085192
-742.9884331735536 -433.23708685753934
-733.718260871934 -452.7226444084483
-723.9499280988367 -471.9213160998469
-713.6919807450474 -490.8238317213074
-702.9530904099242 -509.4206966242477
-691.7420903516052 -527.7022728893502
-680.0679974274875 -545.6588509066261
-667.940017638445 -563.2807132194918
-655.367575436883 -580.5581761995741
-642.3602739286137 -597.4816487934738
-628.9279269613573 -614.0416534979861
-615.0805749277264 -630.2288548872211
-600.828419407874 -646.0340975125579
-586.1818684963297 -661.4484139742159
-571.1515291411483 -676.463045956437
-555.7481590758377 -691.0694598429883
-539.982720820607 -705.2593574686009
-523.8663194053657 -719.0246860842451
-507.41022489947125 -732.3576469708469
-490.6258631351545 -745.2507038242791
-473.5248066936052 -757.6965895092416
-456.1187298028097 -769.6882975709706
-438.41949591785976 -781.2191179423949
-420.4390326301967 -792.2825990490998
-402.1894146034201 -802.8725838346683
-383.68281789962504 -812.9831975633256
-364.9315146548859 -822.6088484424257
-345.94787283886694 -831.7442321088018
-326.7443493988787 -840.3843326420537
-307.3334836495134 -848.5244232184832
-287.72788859598 -856.160063909367
-267.94023859665407 -863.2870927141153
-247.98329520809523 -869.9016626897671
-227.86985933990536 -876.0001933983644
-207.61278804222775 -881.5793935654924
-187.22499531886527 -886.6362736735922
-166.71942924143636 -891.1681158684363
-146.1090801384049 -895.1724940262067
-125.40697692787626 -898.6472813288166
-104.62616950091707 -901.5906148431243
-83.77973717062977 -904.0009258415255
-62.88078229939179 -905.8769422249474
-41.94242071518678 -907.2176663494308
-20.977780954986216 -908.0223857623592
0 -908.2906730532868
20.977780954985857 -908.0223857623592
41.94242071518648 -907.2176663494308
62.88078229939179 -905.8769422249474
83.77973717062942 -904.0009258415255
104.62616950091673 -901.5906148431244
125.40697692787626 -898.6472813288166
146.10908013840464 -895.1724940262068
166.71942924143593 -891.1681158684363
187.22499531886527 -886.6362736735922
207.61278804222738 -881.5793935654924
227.86985933990516 -876.0001933983644
247.98329520809523 -869.9016626897671
267.94023859665384 -863.2870927141154
287.7278885959797 -856.160063909367
307.3334836495134 -848.5244232184832
326.74434939887846 -840.3843326420539
345.94787283886666 -831.7442321088021
364.9315146548859 -822.6088484424257
383.6828178996249 -812.9831975633256
402.18941460342006 -802.8725838346683
420.4390326301967 -792.2825990490998
438.41949591785976 -781.2191179423949
456.1187298028097 -769.6882975709706
473.5248066936052 -757.6965895092416
490.62586313515425 -745.2507038242791
507.4102248994712 -732.3576469708468
523.8663194053657 -719.0246860842451
539.9827208206067 -705.2593574686011
555.7481590758373 -691.069459842989
571.1515291411483 -676.463045956437
586.1818684963292 -661.4484139742162
600.828419407874 -646.034097512558
615.0805749277263 -630.2288548872212
628.9279269613571 -614.0416534979863
642.3602739286138 -597.4816487934738
655.367575436883 -580.5581761995741
667.940017638445 -563.2807132194918
680.0679974274875 -545.6588509066264
691.7420903516052 -527.7022728893502
702.9530904099239 -509.420696624248
713.6919807450474 -490.8238317213074
723.9499280988367 -471.9213160998469
733.718260871934 -452.7226444084483
742.9884331735536 -433.23708685753945
751.7519833459074 -413.47358710851915
760.0004396335568 -393.4406797625285
767.7252297688683 -373.14637715061474
774.917479446661 -352.59815656840124
781.5677214673134 -331.8030970107038
787.6654107499674 -310.76845470589456
793.1981277939644 -289.5032726155667
798.1500957351099 -268.0228344176131
802.4994097286243 -246.36065015589773
806.2123845673975 -224.60288071819178
809.2308890508206 -202.99896876082474
811.5610294906904 -181.751824484655
813.3312154231394 -160.46534752371437
814.5430058709696 -139.1445537690894
815.195948845603 -117.8037386743224
815.3104489417073 -100
814.8254388520986 -75.12549840622941
813.8029827464918 -53.81395704809204
812.2237126504172 -32.54158310426998
810.0890849303822 -11.322672250266569
740.9703356202878 15.721945484787911
628.1953021696555 41.83515734609349
545.3762684581264 60.8872443133899
482.5064899233261 75.34992541842459
432.4664364524629 86.6983663024943
392.3739296829971 95.83896270655399
359.3776376368189 103.3750355966424
330.6756554515565 109.60764890652962
307.5661167480035 115.05364479511029
285.95447050102763 119.53937157113191
267.1589387621087 123.42880950817239
251.13066148209643 126.94800420168637
236.52288284010427 130.00411173351478
223.3143806043362 132.71095860821063
211.4784469121115 135.18058531965713
200.98295749628141 137.52299859412778
190.5747871301947 139.39358725160827
181.46675516934397 141.28396601187472
173.6135032833066 143.2982297982527
164.65767913683564 144.43851712801745
156.9401967960754 145.7770220055388
150.4055578149472 147.41216104963058
143.9093043284353 148.7976399560339
137.46034652419647 149.9369648820535
131.06746438047315 150.83392217912476
124.73929888231561 151.4925737802349
119.46578855707496 152.6715411724021
114.219022758907 153.6740095084451
109.0052238069441 154.5025598346459
103.83051642193631 155.15996017503636
98.70092187958322 155.64916224709037
94.46039828146479 156.85199051089123
89.4081806312197 157.03683724929584
85.19444245496626 157.98534766484576
80.24014035638048 157.87637103021586
76.07118772451129 158.57829347273244
71.91489718143089 159.16965035351947
67.77506049528259 159.65186334085695
63.65541359133353 160.02645881700727
59.55963340713226 160.29506613986527
55.49133481615227 160.45941580427615
51.96501872467405 161.58514987330653
47.927251038680595 161.5600348455016
43.92708153247696 161.43548172976733
40.37281444671771 162.31489722284434
36.42193060302284 162.00844090014448
32.85108615607901 162.72957706708357
28.96134759578169 162.24641873444955
25.384648155591446 162.8108424294287
21.790591849966233 163.3009586557007
17.99553652413885 162.56662521652925
14.411217133840742 162.90240775080312
10.81704382277871 163.1638618880005
7.215474210543517 163.35077028685535
3.6089709389916105 163.46297753699506
