0 232.44339032550832
-4.019720936776239 232.40475393882198
-8.036692698581664 232.28887911785344
-12.04816797893938 232.09586883914275
-16.051403207123375 231.82589459414933
-20.043660412938216 231.47919618537165
-24.245249872474965 232.20024677243242
-28.24415801181308 231.69451576630982
-32.22374952049727 231.1121865925208
-36.5141442619696 231.57519605851138
-40.48313441303642 230.8317209194359
-44.829380614625435 231.11370729243214
-48.775955750436786 230.2077557056843
-53.16511013051114 230.3037769689412
-57.58827292338911 230.29844015413153
-61.496130224212514 229.14041522265524
-65.94185463771146 228.94202165257389
-70.41068658880133 228.63770815506894
-74.8987555329573 228.22583958557
-79.40213203456955 227.70488627821433
-83.91683101634408 227.0734256380006
-88.43881507489078 226.33014362063042
-93.74052963803734 226.39661605579977
-98.29582321758308 225.40457129290348
-103.68350512483613 225.1752775304421
-108.25317192323884 223.92720973018285
-113.7053630308417 223.39209815598304
-119.19589925449567 222.6882429574445
-124.71854286518473 221.81281876233618
-130.26695747546222 220.7631852926371
-135.8347140311651 219.5368903075855
-142.44952151647058 218.8308781724079
-149.12124495392658 217.88665727879527
-155.84105225459516 216.7002955773482
-162.599977813504 215.26813624635938
-169.38893142069344 213.58680194358485
-177.3521966466297 212.20271471194604
-186.5451034900787 211.01758423324586
-194.62657540025737 208.959341005222
-203.95380830181838 207.02596885605251
-214.5720102957946 205.11349269656895
-225.26821808152093 202.73041477980544
-237.29541932328922 200.22146005309304
-250.6856072030378 197.47673201477815
-265.4653650651727 194.3842965240351
-281.6557972755289 190.83042923827884
-300.6035485220947 186.9080717376991
-322.35737453038786 182.3912712918572
-345.59895580600016 176.91613541106213
-374.4227528787127 170.65639821927542
-407.5305486418616 163.09529438421765
-447.7241715387629 153.93183095393564
-497.854884247568 142.56275187787162
-560.8048029974972 128.0817200607833
-643.6934029772789 109.01362205284855
-756.5273810720137 82.88678439483984
-920.7096663100165 44.90893098785384
NaN NaN
NaN NaN
NaN NaN
-1053.372183731409 -158.0312415813507
-1045.7970593133855 -177.83089908298908
-1039.3706933653773 -201.52224338404366
-1034.0975181056274 -225.20446997335924
-1029.3219804627154 -249.0356978027562
-1025.5642104184767 -273.3587024485296
-1022.6512192495567 -298.14057809424366
-1019.4347396592223 -323.2814453203737
-1017.0527870931543 -348.3597970486722
-1014.2372869861671 -373.67174986628663
-1012.1473471210038 -399.04190476246816
-1010.7371404317297 -424.60180347266873
-1008.7281801957977 -450.5059428671915
-1007.3004309420401 -476.74264736279054
-1005.1793629767322 -503.35436939217914
-1003.5435776771794 -530.4262325877554
-1002.3369276479103 -558.065127877216
-1000.2976321075178 -586.1518645106486
-989.0716982168392 -612.7871207937928
-974.7840432547459 -638.5561121968261
-959.847836389255 -663.8878593790323
-944.2758872684169 -688.7704967984865
-928.0812657219325 -713.1919427848425
-911.2772979825079 -737.1400303965139
-893.8775872847701 -760.6025985051028
-875.8959652797084 -783.5675874355625
-857.3465162793652 -806.0230873011394
-838.2435853563597 -827.9573870224856
-818.6017054247105 -849.3590274372852
-798.435635865605 -870.2168204198396
-777.7603482802202 -890.5198778486714
-756.5909722985024 -910.2576326384974
-734.9428439219407 -929.4198529248199
-712.8314379933569 -947.9966538802538
-690.2723858987765 -965.9785069047384
-667.2814618781572 -983.3562475539933
-643.8745700424186 -1000.1210810055168
-620.0772363576341 -1016.2686500326986
-595.9128588279375 -1031.7962034789537
-571.392767000891 -1046.6966915237585
-546.5290858216856 -1060.962946022868
-521.3345091934879 -1074.5876949591654
-495.8223729321953 -1087.5637143225238
-470.0065369429315 -1099.883857108008
-443.9014076355073 -1111.5411673007777
-417.5217875625728 -1122.528838382853
-390.8829646412575 -1132.8403721051004
-364.00054621099105 -1142.4694846239768
-336.89055400140256 -1151.4102768043815
-309.56930683092276 -1159.6571700812335
-282.05341314215957 -1167.2049500765663
-254.35975579158267 -1174.0488091799373
-226.5054510184129 -1180.184344850966
-198.50782190469747 -1185.6075680884778
-170.3843867171852 -1190.3149487507067
-142.15282205412353 -1194.3034030269166
-113.83093639683123 -1197.5702831879064
-85.43666179433164 -1200.1134440287528
-56.988016120085284 -1201.9311985025397
-28.50308526833122 -1203.022339783299
0 -1203.3861338045022
28.50308526833075 -1203.022339783299
56.98801612008489 -1201.9311985025397
85.43666179433164 -1200.1134440287528
113.83093639683068 -1197.5702831879064
142.15282205412305 -1194.3034030269166
170.3843867171852 -1190.3149487507067
198.50782190469712 -1185.6075680884778
226.50545101841234 -1180.184344850966
254.35975579158267 -1174.0488091799373
282.0534131421591 -1167.2049500765663
309.5693068309225 -1159.6571700812335
336.89055400140256 -1151.4102768043815
364.00054621099076 -1142.469484623977
390.88296464125705 -1132.8403721051004
417.5217875625728 -1122.528838382853
443.9014076355069 -1111.541167300778
470.00653694293123 -1099.8838571080084
495.8223729321953 -1087.5637143225238
521.3345091934877 -1074.5876949591654
546.5290858216856 -1060.962946022868
571.392767000891 -1046.6966915237585
595.9128588279375 -1031.7962034789537
620.0772363576341 -1016.2686500326986
643.8745700424186 -1000.1210810055168
667.281461878157 -983.3562475539933
690.2723858987765 -965.9785069047383
712.8314379933569 -947.9966538802538
734.9428439219399 -929.4198529248202
756.5909722985019 -910.2576326384983
777.7603482802202 -890.5198778486714
798.4356358656044 -870.2168204198401
818.6017054247102 -849.3590274372854
838.2435853563595 -827.9573870224857
857.346516279365 -806.0230873011396
875.8959652797088 -783.5675874355625
893.8775872847701 -760.6025985051028
911.2772979825079 -737.1400303965139
928.0812657219324 -713.1919427848429
944.2758872684169 -688.7704967984865
959.8478363892544 -663.8878593790328
974.7840432547459 -638.5561121968261
989.0716982168392 -612.7871207937928
1000.2976321075178 -586.1518645106486
1002.3369276479103 -558.0651278772161
1003.5435776771798 -530.426232587755
1005.1793629767322 -503.3543693921792
1007.3004309420396 -476.74264736279173
1008.7281801957977 -450.5059428671915
1010.7371404317297 -424.60180347266873
1012.1473471210033 -399.0419047624696
1014.2372869861667 -373.67174986628845
1017.0527870931543 -348.3597970486718
1019.4347396592213 -323.28144532037624
1022.6512192495567 -298.14057809424366
1025.5642104184767 -273.3587024485296
1029.3219804627154 -249.0356978027562
1034.0975181056274 -225.20446997335924
1039.3706933653773 -201.52224338404366
1045.7970593133855 -177.83089908298908
1053.372183731409 -158.0312415813507
NaN NaN
NaN NaN
NaN NaN
920.7096663100167 44.908930987852045
756.5273810720137 82.88678439483984
643.6934029772789 109.01362205284855
560.8048029974972 128.0817200607833
497.85488424756807 142.56275187787114
447.724171538763 153.9318309539355
407.5305486418616 163.09529438421745
374.4227528787127 170.65639821927542
345.59895580600016 176.91613541106213
322.35737453038786 182.3912712918572
300.6035485220947 186.90807173769903
281.6557972755289 190.83042923827887
265.46536506517276 194.384296524035
250.6856072030378 197.47673201477815
237.29541932328922 200.22146005309304
225.26821808152093 202.73041477980544
214.5720102957947 205.11349269656876
203.9538083018184 207.02596885605243
194.62657540025737 208.95934100522192
186.5451034900787 211.01758423324586
177.3521966466297 212.20271471194604
169.38893142069344 213.58680194358485
162.5999778135041 215.26813624635926
155.84105225459518 216.7002955773482
149.12124495392658 217.88665727879524
142.44952151647058 218.8308781724079
135.8347140311651 219.5368903075855
130.26695747546222 220.7631852926371
124.71854286518484 221.81281876233612
119.19589925449571 222.68824295744375
113.70536303084172 223.392098155983
108.25317192323884 223.92720973018285
103.68350512483613 225.1752775304421
98.29582321758308 225.40457129290348
93.74052963803742 226.39661605579965
88.43881507489081 226.33014362063042
83.91683101634409 227.0734256380006
79.40213203456955 227.70488627821433
74.8987555329573 228.22583958557
70.41068658880133 228.63770815506894
65.94185463771153 228.94202165257386
61.496130224212564 229.14041522265524
57.58827292338914 230.29844015413147
53.16511013051114 230.3037769689412
48.775955750436786 230.2077557056843
44.829380614625435 231.11370729243214
40.48313441303647 230.83172091943587
36.51414426196964 231.57519605851138
32.22374952049733 231.11218659252077
28.24415801181308 231.69451576630982
24.245249872474965 232.20024677243242
20.043660412938216 231.47919618537165
16.051403207123418 231.8258945941493
12.048167978939423 232.09586883914275
8.036692698581708 232.28887911785344
4.019720936776239 232.40475393882198
