-500 1531.7922016569764 0.99702759105305
-511.85254511700805 1531.729031813641 0.997027626217047
-523.6969725464818 1531.5396182390905 0.9970277316529188
-535.525170149485 1531.2242486175874 0.9970279071924315
-547.3290368804807 1530.7834018163417 0.997028152555602
-559.1004883245204 1530.2177469759642 0.9970284673513082
-570.8314622235054 1529.5281422385444 0.9970288510781411
-582.5139239869303 1528.7156331144288 0.9970293031254971
-594.1398721842429 1527.7814504891517 0.9970298227749089
-605.7013440145604 1526.7270082726486 0.997030409201612
-617.1904207501751 1525.5539006930976 0.9970310614763428
-628.5992331502005 1524.2638992383643 0.9970317785673664
-639.9199668407529 1522.8589492480062 0.997032559342727
-655.9042411265938 1532.1139328731658 0.9970274119518036
-667.3759186806328 1530.3511338860833 0.997028393122679
-678.7329781167952 1528.4707097206972 0.9970294393763783
-689.9676411579704 1526.4753544584062 0.9970305491400002
-701.0722131434023 1524.3679201176612 0.9970317207507993
-712.0390882884593 1522.15141119228 0.99703295245977
-722.8607548844634 1519.8289788763668 0.9970342424354162
-733.5298004345756 1517.4039149829655 0.9970355887676965
-744.0389167225426 1514.8796455664221 0.9970369894721384
-754.3809048112311 1512.25972425799 0.9970384424941103
-772.6244364230724 1518.5594368249238 0.9970349473347841
-782.9161949063421 1515.534811143667 0.9970366259930443
-793.014226763904 1512.417589172403 0.9970383549632962
-802.9116139924255 1509.2119159023398 0.9970401318518936
-812.6015756291075 1505.9220321639602 0.9970419542154982
-822.0774723926426 1502.5522664107095 0.9970438195662105
-841.1475038407789 1506.649927602849 0.997041551117644
-850.4438751455208 1502.8618842084522 0.9970436482289817
-859.5002933168029 1499.0000833755928 0.9970457845132833
-868.3105512798202 1495.0693023728656 0.9970479572363068
-887.7107444598096 1497.4873438688512 0.9970466208791394
-896.2501758061634 1493.1333555053668 0.9970490266856447
-904.5183045790508 1488.7184374896306 0.9970514639877291
-924.0448148270274 1489.742720410136 0.997050898716209
-931.9698862035538 1484.9026723128497 0.9970535687612719
-951.5570925041375 1484.8639480223894 0.9970535901132055
-959.0857127347318 1479.5961996209185 0.9970564930980466
-978.6480934618791 1478.4703920343181 0.9970571131126776
-985.7268286528184 1472.7749248302248 0.997060247598625
NaN NaN NaN
NaN NaN NaN
NaN NaN NaN
NaN NaN NaN
NaN NaN NaN
NaN NaN NaN
NaN NaN NaN
NaN NaN NaN
NaN NaN NaN
NaN NaN NaN
NaN NaN NaN
NaN NaN NaN
NaN NaN NaN
NaN NaN NaN
NaN NaN NaN
NaN NaN NaN
NaN NaN NaN
NaN NaN NaN
-1524.6939108892793 -1686.6492099808756 0.9971493510625361
-1511.7313962164396 -1691.059784687935 0.9971517084077789
-1498.3624827995027 -1695.9954639584707 0.9971543439148138
-1485.6446564167936 -1701.0101567265656 0.9971570189177876
-1473.289295054455 -1706.1295406894299 0.9971597469673829
-1461.114287893167 -1711.3641305297513 0.9971625334874435
-1448.997449497939 -1716.7164762897348 0.9971653796414771
-1436.853268546594 -1722.1845457149072 0.9971682841504682
-1424.6148987597708 -1727.7656025215076 0.9971712453629168
-1424.6135899686376 -1732.1929057457332 0.9971735920357312
-1411.7483483522267 -1738.2159403013936 0.9971767811448623
-1398.6687041193727 -1744.335267295015 0.9971800172607977
-1385.3688112373386 -1750.5344256643077 0.9971832915104645
-1383.5410090842722 -1756.3138029541055 0.9971863403438862
-1369.5866353603546 -1762.8370165577185 0.9971897772970391
-1355.3883078708698 -1769.4045792673157 0.9971932330362898
-1352.102410210659 -1776.1548028693207 0.9971967801054162
-1337.2081980910314 -1782.9859537006555 0.9972003647701615
-1332.8622197925097 -1790.4224721156872 0.9972042614736264
-1317.2521853883402 -1797.4765120005125 0.9972079523444198
-1311.8196041201438 -1805.5666470846088 0.9972121788479523
-1295.4774648965383 -1812.8004170304491 0.997215952108334
-1288.9358601818185 -1821.5047701778255 0.9972204851347499
-1281.74073864755 -1830.624732822385 0.9972252260433815
-1273.8833295481572 -1840.149569198405 0.9972301680894122
-1255.8394137571806 -1847.8102703666525 0.9972341360067993
-1246.8221992579868 -1857.8540424609014 0.9972393289437516
-1237.1204573207335 -1868.2618851722714 0.9972446989933699
-1226.7242443370228 -1879.0181868846212 0.9972502369638626
-1224.33147350613 -1893.3748299772215 0.9972576098448729
-1212.304126031279 -1905.0262709511126 0.9972635777401013
-1199.5514058621495 -1916.9691732762371 0.9972696803384831
-1194.1271234706514 -1933.2459573466392 0.9972779737603705
-1179.6655469267153 -1945.9505103663294 0.9972844280906923
-1172.0560172474268 -1963.472819033787 0.9972933028229348
-1163.2099062223492 -1981.7127721858974 0.9973025076692833
-1153.1022298968267 -2000.6305328525523 0.997312018756874
-1141.7094312833203 -2020.1830849420637 0.9973218108135212
-1129.0089189419887 -2040.3242938641358 0.9973318572562748
-1121.3578405316246 -2067.018394180166 0.9973451093633995
-1111.8288166978973 -2094.750801267973 0.9973588013519149
-1106.2765773483259 -2130.100373804102 0.9973761430920091
-1092.7918927310388 -2160.0433406699008 0.9973907357801617
-1088.233523554723 -2205.464465008289 0.9974127037165774
-1075.5985650761509 -2245.2817066376833 0.9974317960402824
-1070.2455395183345 -2302.4009593693027 0.997458917591484
-1061.2441869478746 -2362.0109022144375 0.9974868897068673
-1052.8338495438259 -2432.6856052714625 0.9975196201112926
-1044.0545389984572 -2515.2986153219754 0.9975572911549209
-1037.7051775793213 -2620.291985944085 0.9976042685728364
-1031.8478994529296 -2749.6913879381214 0.9976608112991819
-976.3965045181029 -2750.1258683045958 0.9976609986712449
-921.3556417074045 -2749.330871521647 0.9976606558119931
-869.2395485868882 -2757.6024214351996 0.997664220400333
-814.7737160779143 -2754.442815378731 0.9976628594851014
-762.5997222596268 -2760.4818202957085 0.9976654598673673
-708.8470294725275 -2755.0106998559345 0.997663104150103
-656.7445551096498 -2758.830309609549 0.9976647490456992
-604.5484383913022 -2761.561545183959 0.9976659244602349
-552.2898454468199 -2763.201463319732 0.9976666299037774
-500 -2763.748298793663 0.9976668650840127
-447.71015455318127 -2763.201463319732 0.9976666299037774
-395.4515616086994 -2761.561545183959 0.9976659244602349
-343.25544489035127 -2758.830309609549 0.9976647490456992
-291.15297052747394 -2755.0106998559345 0.997663104150103
-237.40027774037327 -2760.4818202957085 0.9976654598673673
-185.22628392208685 -2754.442815378731 0.9976628594851014
-130.7604514131131 -2757.6024214351996 0.997664220400333
-78.644358292596 -2749.330871521647 0.9976606558119931
-23.60349548189598 -2750.1258683045958 0.9976609986712449
31.847899452930594 -2749.6913879381214 0.9976608112991819
87.66979264097309 -2748.004925550497 0.9976600838470694
143.82563260897592 -2745.0523799308708 0.9976588096754491
200.27435113210154 -2740.815883827995 0.9976569800862746
256.97857577987617 -2735.2845393287457 0.9976545889402416
319.11970468969093 -2738.0354861032347 0.997655778481658
376.53952693728144 -2729.7451698189543 0.9976521916450436
439.97194495790603 -2729.461531895271 0.9976520688216843
504.1378204316933 -2727.555177416176 0.9976512431328075
568.9820713421489 -2723.9921130145412 0.9976496990291309
634.4482386038856 -2718.7408833917016 0.9976474213078117
700.4785559520358 -2711.7726799957863 0.9976443951148307
767.0140220923901 -2703.061456050401 0.9976406059539492
841.770767175199 -2701.0225181963683 0.9976397181040573
917.5105855617484 -2696.839082083007 0.9976378952925412
994.1541863854127 -2690.4647114198488 0.9976351148798449
1071.6188637013856 -2681.856877348379 0.9976313545725799
1078.4304191676927 -2609.886913345179 0.9975996573860614
1081.9295620394576 -2540.061839841009 0.997568461029382
1091.5584663142297 -2479.381870593081 0.9975409906078496
1098.5161265693657 -2420.3982567890107 0.9975139632104572
1102.8994374596807 -2363.210848679676 0.9974874493302175
1114.7317726147733 -2313.751635120416 0.9974642699450664
1114.4522636443478 -2260.068380883514 0.9974388471779597
1122.1795235195982 -2213.57203622007 0.997416603763397
1138.526777421121 -2173.300584611372 0.9973971685175801
1142.849780964367 -2129.322115518185 0.9973757626286187
1145.5338094728588 -2086.8400067282687 0.9973549034771659
1157.5778514737867 -2049.6914517369923 0.9973365156709448
1168.4728399632204 -2013.4220131442146 0.9973184292010135
1178.3211258214576 -1978.04240981193 0.9973006581389277
1186.9586881907942 -1943.6495252324537 0.9972832603445932
1194.1351388835376 -1910.4004787332476 0.9972663256841117
1199.9034539678705 -1878.3630440841832 0.9972499000027967
1216.2264658744891 -1849.3539073144434 0.9972349348007826
1219.5174475412562 -1819.5701738482692 0.9972194783315697
1233.812349886163 -1792.2345670995426 0.997205210115308
1247.2561890168158 -1765.6482886140645 0.9971912571026071
1259.9080862917288 -1739.8646806011052 0.9971776534513557
1271.8431255354988 -1714.9320388824515 0.9971644310947354
1283.1498581110116 -1690.896818050622 0.9971516213434979
1293.9377946610325 -1667.801698161091 0.997139253780739
1304.348192964953 -1645.6830169190787 0.997127354785603
1327.8019258312165 -1623.3567025674413 0.9971152899458434
1338.210343674976 -1602.9757025273625 0.9971042286224208
1362.543673032131 -1581.8563939957005 0.9970927183537948
1374.313450684371 -1563.4443672101515 0.9970826433567999
1400.6229364786498 -1544.4918551889687 0.9970722333128055
1426.725561790579 -1528.194474133603 0.9970632496579082
1457.2355195161022 -1512.769629405197 0.9970547196289029
1483.8863819889364 -1502.2609497624626 0.9970488929939909
NaN NaN NaN
NaN NaN NaN
975.9560685285315 1246.7810892441867 0.9971817415919354
716.878692425385 1306.7379951055532 0.9971500502525407
557.4341490057898 1344.5092646262951 0.9971298865391406
440.64351351237946 1371.3016069240884 0.9971154897375346
352.2161870004479 1390.9818295119464 0.9971048646050807
291.93645826419817 1405.8080428504436 0.9970968320060136
245.6141002953624 1417.8127201071413 0.9970903103265473
199.31478514884236 1427.526097421531 0.9970850217730404
166.79446063590342 1435.9427173814695 0.9970804308094949
134.24748447145905 1442.8387372693126 0.9970766634255783
101.73192099060454 1448.2254829859512 0.9970737169049202
82.61697917203132 1454.1974308541317 0.9970704465119897
63.37325746194578 1459.4095019592266 0.9970675890039604
44.03166668743092 1463.8668310812611 0.9970651428812499
24.622999201638834 1467.575435467132 0.9970631059603979
5.177898448792984 1470.542210490027 0.9970614753784155
-14.273171347156712 1472.7749248302248 0.997060247598625
-21.351906538136177 1478.470392034318 0.9970571131126776
-40.91428726524364 1479.5961996209185 0.9970564930980466
-48.44290749586074 1484.8639480223894 0.9970535901132055
-68.03011379642118 1484.9026723128497 0.9970535687612719
-75.95518517299757 1489.742720410136 0.997050898716209
-95.48169542094922 1488.7184374896306 0.9970514639877291
-103.74982419385512 1493.1333555053668 0.9970490266856447
-112.28925554021517 1497.4873438688512 0.9970466208791394
-131.68944872019884 1495.0693023728654 0.9970479572363068
-140.49970668319725 1499.0000833755928 0.9970457845132833
-149.55612485445934 1502.8618842084522 0.9970436482289817
-158.85249615922112 1506.649927602849 0.997041551117644
-177.92252760735312 1502.5522664107095 0.9970438195662105
-187.39842437091363 1505.9220321639602 0.9970419542154982
-197.08838600757468 1509.2119159023396 0.9970401318518936
-206.98577323609584 1512.417589172403 0.9970383549632962
-217.08380509363286 1515.534811143667 0.9970366259930443
-227.37556357692947 1518.5594368249238 0.9970349473347841
-245.61909518879335 1512.25972425799 0.9970384424941103
-255.96108327745742 1514.8796455664221 0.9970369894721384
-266.47019956544943 1517.4039149829655 0.9970355887676965
-277.13924511551124 1519.8289788763668 0.9970342424354162
-287.9609117115409 1522.15141119228 0.99703295245977
-298.92778685659766 1524.3679201176612 0.9970317207507993
-310.0323588420042 1526.4753544584062 0.9970305491400002
-321.26702188317955 1528.4707097206972 0.9970294393763783
-332.624081319342 1530.3511338860833 0.997028393122679
-344.095758873381 1532.1139328731658 0.9970274119518036
-360.0800331592471 1522.8589492480062 0.997032559342727
-371.4007668498248 1524.2638992383643 0.9970317785673664
-382.80957924985006 1525.5539006930976 0.9970310614763428
-394.29865598543944 1526.7270082726486 0.997030409201612
-405.8601278157317 1527.7814504891517 0.9970298227749089
-417.48607601304445 1528.7156331144288 0.9970293031254971
-429.1685377764946 1529.5281422385444 0.9970288510781411
-440.8995116754796 1530.2177469759642 0.9970284673513082
-452.6709631195439 1530.7834018163417 0.997028152555602
-464.4748298505149 1531.2242486175874 0.9970279071924315
-476.3030274535019 1531.5396182390905 0.9970277316529188
-488.14745488299195 1531.729031813641 0.997027626217047
500 1531.7922016569764 0.99702759105305
488.14745488299195 1531.729031813641 0.997027626217047
476.3030274535019 1531.5396182390905 0.9970277316529188
464.47482985051505 1531.2242486175874 0.9970279071924315
452.67096311954396 1530.7834018163417 0.997028152555602
440.8995116754796 1530.2177469759642 0.9970284673513082
429.1685377764946 1529.5281422385444 0.9970288510781411
417.48607601304445 1528.7156331144288 0.9970293031254971
405.8601278157317 1527.7814504891517 0.9970298227749089
394.29865598543944 1526.7270082726486 0.997030409201612
382.8095792498501 1525.5539006930976 0.9970310614763428
371.4007668498248 1524.2638992383643 0.9970317785673664
360.0800331592471 1522.8589492480062 0.997032559342727
344.095758873381 1532.1139328731658 0.9970274119518036
332.62408131934205 1530.3511338860833 0.997028393122679
321.26702188317955 1528.4707097206972 0.9970294393763783
310.03235884200427 1526.4753544584062 0.9970305491400002
298.92778685659766 1524.3679201176612 0.9970317207507993
287.9609117115409 1522.15141119228 0.99703295245977
277.13924511551124 1519.8289788763668 0.9970342424354162
266.47019956544943 1517.4039149829655 0.9970355887676965
255.96108327745748 1514.8796455664221 0.9970369894721384
245.6190951887934 1512.25972425799 0.9970384424941103
227.37556357692947 1518.5594368249238 0.9970349473347841
217.08380509363286 1515.534811143667 0.9970366259930443
206.98577323609584 1512.417589172403 0.9970383549632962
197.08838600757474 1509.2119159023398 0.9970401318518936
187.3984243709137 1505.9220321639602 0.9970419542154982
177.92252760735323 1502.5522664107095 0.9970438195662105
158.85249615922112 1506.649927602849 0.997041551117644
149.55612485445934 1502.8618842084522 0.9970436482289817
140.49970668319725 1499.0000833755928 0.9970457845132833
131.689448720199 1495.0693023728656 0.9970479572363068
112.28925554021517 1497.4873438688512 0.9970466208791394
103.74982419385523 1493.1333555053668 0.9970490266856447
95.48169542094922 1488.7184374896306 0.9970514639877291
75.95518517299757 1489.742720410136 0.997050898716209
68.03011379642118 1484.9026723128497 0.9970535687612719
48.44290749586085 1484.8639480223894 0.9970535901132055
40.91428726524364 1479.5961996209185 0.9970564930980466
21.35190653813629 1478.4703920343181 0.9970571131126776
14.273171347156712 1472.7749248302248 0.997060247598625
-5.177898448792984 1470.542210490027 0.9970614753784155
-24.622999201638834 1467.575435467132 0.9970631059603979
-44.03166668743086 1463.8668310812614 0.9970651428812499
-63.37325746194566 1459.4095019592269 0.9970675890039604
-82.61697917203126 1454.1974308541317 0.9970704465119897
-101.73192099060454 1448.2254829859512 0.9970737169049202
-134.24748447145905 1442.8387372693126 0.9970766634255783
-166.79446063590342 1435.9427173814695 0.9970804308094949
-199.31478514883966 1427.5260974215312 0.9970850217730404
-245.6141002953624 1417.8127201071416 0.9970903103265473
-291.9364582641981 1405.8080428504443 0.9970968320060136
-352.2161870004479 1390.9818295119464 0.9971048646050807
-440.64351351237946 1371.3016069240884 0.9971154897375346
-557.4341490057898 1344.5092646262951 0.9971298865391406
-716.8786924253848 1306.737995105554 0.9971500502525407
-975.9560685285315 1246.7810892441867 0.9971817415919354
NaN NaN NaN
NaN NaN NaN
-1483.8863819889364 -1502.2609497624626 0.9970488929939909
-1457.2355195161022 -1512.769629405197 0.9970547196289029
-1426.725561790579 -1528.194474133603 0.9970632496579082
-1400.6229364786498 -1544.4918551889687 0.9970722333128055
-1374.313450684371 -1563.4443672101515 0.9970826433567999
-1362.543673032131 -1581.8563939957005 0.9970927183537948
-1338.210343674976 -1602.9757025273625 0.9971042286224208
-1327.8019258312183 -1623.3567025674397 0.9971152899458434
-1304.3481929649533 -1645.683016919078 0.997127354785603
-1293.9377946610325 -1667.8016981610906 0.997139253780739
-1283.1498581110118 -1690.896818050622 0.9971516213434979
-1271.8431255354988 -1714.9320388824515 0.9971644310947354
-1259.9080862917288 -1739.8646806011052 0.9971776534513557
-1247.2561890168163 -1765.6482886140643 0.9971912571026071
-1233.812349886163 -1792.2345670995426 0.997205210115308
-1219.5174475412573 -1819.5701738482683 0.9972194783315697
-1216.2264658744896 -1849.353907314443 0.9972349348007826
-1199.9034539678705 -1878.3630440841832 0.9972499000027967
-1194.1351388835376 -1910.4004787332476 0.9972663256841117
-1186.9586881907937 -1943.6495252324546 0.9972832603445932
-1178.3211258214571 -1978.04240981193 0.9973006581389277
-1168.4728399632218 -2013.4220131442135 0.9973184292010135
-1157.5778514737885 -2049.691451736991 0.9973365156709448
-1145.5338094728588 -2086.8400067282687 0.9973549034771659
-1142.849780964367 -2129.322115518185 0.9973757626286187
-1138.5267774211216 -2173.3005846113715 0.9973971685175801
-1122.1795235195984 -2213.57203622007 0.997416603763397
-1114.4522636443478 -2260.068380883514 0.9974388471779597
-1114.7317726147733 -2313.751635120416 0.9974642699450664
-1102.8994374596812 -2363.210848679676 0.9974874493302175
-1098.5161265693657 -2420.3982567890107 0.9975139632104572
-1091.5584663142317 -2479.38187059308 0.9975409906078496
-1081.929562039459 -2540.061839841007 0.997568461029382
-1078.4304191676927 -2609.886913345179 0.9975996573860614
-1071.6188637013863 -2681.856877348379 0.9976313545725799
-994.1541863854131 -2690.4647114198488 0.9976351148798449
-917.5105855617484 -2696.839082083007 0.9976378952925412
-841.7707671752011 -2701.022518196367 0.9976397181040573
-767.0140220923905 -2703.061456050401 0.9976406059539492
-700.4785559520358 -2711.7726799957863 0.9976443951148307
-634.4482386038858 -2718.740883391701 0.9976474213078117
-568.9820713421501 -2723.9921130145412 0.9976496990291309
-504.1378204316933 -2727.555177416176 0.9976512431328075
-439.97194495790717 -2729.46153189527 0.9976520688216843
-376.53952693728235 -2729.745169818954 0.9976521916450436
-319.11970468969093 -2738.0354861032347 0.997655778481658
-256.9785757798768 -2735.2845393287457 0.9976545889402416
-200.27435113210217 -2740.815883827995 0.9976569800862746
-143.82563260897592 -2745.0523799308708 0.9976588096754491
-87.66979264097404 -2748.0049255504964 0.9976600838470694
-31.84789945293134 -2749.6913879381214 0.9976608112991819
23.60349548189598 -2750.1258683045958 0.9976609986712449
78.64435829259536 -2749.330871521647 0.9976606558119931
130.7604514131119 -2757.6024214351996 0.997664220400333
185.22628392208685 -2754.442815378731 0.9976628594851014
237.40027774037247 -2760.4818202957085 0.9976654598673673
291.1529705274731 -2755.0106998559345 0.997663104150103
343.25544489035127 -2758.830309609549 0.9976647490456992
395.4515616086986 -2761.561545183959 0.9976659244602349
447.7101545531802 -2763.201463319732 0.9976666299037774
500 -2763.748298793663 0.9976668650840127
552.2898454468195 -2763.201463319732 0.9976666299037774
604.5484383913014 -2761.561545183959 0.9976659244602349
656.7445551096498 -2758.830309609549 0.9976647490456992
708.8470294725263 -2755.0106998559345 0.997663104150103
762.5997222596259 -2760.4818202957085 0.9976654598673673
814.7737160779143 -2754.442815378731 0.9976628594851014
869.2395485868873 -2757.6024214351996 0.997664220400333
921.3556417074038 -2749.330871521647 0.9976606558119931
976.3965045181029 -2750.1258683045958 0.9976609986712449
1031.8478994529291 -2749.6913879381214 0.9976608112991819
1037.7051775793202 -2620.2919859440854 0.9976042685728364
1044.0545389984572 -2515.2986153219754 0.9975572911549209
1052.833849543825 -2432.6856052714625 0.9975196201112926
1061.2441869478744 -2362.0109022144375 0.9974868897068673
1070.2455395183345 -2302.4009593693027 0.997458917591484
1075.5985650761504 -2245.281706637684 0.9974317960402824
1088.233523554722 -2205.4644650082896 0.9974127037165774
1092.7918927310388 -2160.0433406699008 0.9973907357801617
1106.2765773483252 -2130.100373804102 0.9973761430920091
1111.828816697897 -2094.7508012679737 0.9973588013519149
1121.3578405316246 -2067.018394180166 0.9973451093633995
1129.0089189419884 -2040.324293864136 0.9973318572562748
1141.7094312833196 -2020.183084942064 0.9973218108135212
1153.1022298968267 -2000.6305328525523 0.997312018756874
1163.2099062223488 -1981.7127721858974 0.9973025076692833
1172.0560172474266 -1963.4728190337871 0.9972933028229348
1179.6655469267153 -1945.9505103663294 0.9972844280906923
1194.1271234706505 -1933.2459573466392 0.9972779737603705
1199.5514058621486 -1916.9691732762371 0.9972696803384831
1212.304126031279 -1905.0262709511126 0.9972635777401013
1224.3314735061301 -1893.3748299772215 0.9972576098448729
1226.7242443370226 -1879.0181868846212 0.9972502369638626
1237.1204573207333 -1868.2618851722714 0.9972446989933699
1246.8221992579863 -1857.8540424609014 0.9972393289437516
1255.8394137571797 -1847.810270366653 0.9972341360067993
1273.8833295481572 -1840.149569198405 0.9972301680894122
1281.74073864755 -1830.624732822385 0.9972252260433815
1288.935860181818 -1821.504770177826 0.9972204851347499
1295.4774648965374 -1812.8004170304496 0.997215952108334
1311.8196041201438 -1805.5666470846088 0.9972121788479523
1317.25218538834 -1797.4765120005125 0.9972079523444198
1332.8622197925097 -1790.4224721156872 0.9972042614736264
1337.2081980910314 -1782.9859537006555 0.9972003647701615
1352.1024102106592 -1776.1548028693207 0.9971967801054162
1355.38830787087 -1769.4045792673162 0.9971932330362898
1369.5866353603546 -1762.8370165577185 0.9971897772970391
1383.541009084273 -1756.3138029541058 0.9971863403438862
1385.3688112373386 -1750.5344256643077 0.9971832915104645
1398.6687041193727 -1744.335267295015 0.9971800172607977
1411.7483483522267 -1738.215940301394 0.9971767811448623
1424.6135899686374 -1732.1929057457332 0.9971735920357312
1424.6148987597708 -1727.765602521508 0.9971712453629168
1436.8532685465937 -1722.1845457149075 0.9971682841504682
1448.997449497939 -1716.7164762897348 0.9971653796414771
1461.114287893167 -1711.3641305297513 0.9971625334874435
1473.289295054455 -1706.1295406894299 0.9971597469673829
1485.6446564167936 -1701.0101567265656 0.9971570189177876
1498.3624827995027 -1695.9954639584707 0.9971543439148138
1511.7313962164396 -1691.059784687935 0.9971517084077789
1524.6939108892793 -1686.6492099808756 0.9971493510625361
NaN NaN NaN
NaN NaN NaN
NaN NaN NaN
NaN NaN NaN
NaN NaN NaN
NaN NaN NaN
NaN NaN NaN
NaN NaN NaN
NaN NaN NaN
NaN NaN NaN
NaN NaN NaN
NaN NaN NaN
NaN NaN NaN
NaN NaN NaN
NaN NaN NaN
NaN NaN NaN
NaN NaN NaN
NaN NaN NaN
985.7268286528184 1472.7749248302248 0.997060247598625
978.6480934618791 1478.470392034318 0.9970571131126776
959.0857127347318 1479.5961996209185 0.9970564930980466
951.5570925041375 1484.8639480223894 0.9970535901132055
931.9698862035538 1484.9026723128497 0.9970535687612719
924.0448148270274 1489.742720410136 0.997050898716209
904.5183045790508 1488.7184374896306 0.9970514639877291
896.2501758061634 1493.1333555053668 0.9970490266856447
887.7107444598098 1497.4873438688512 0.9970466208791394
868.3105512798202 1495.0693023728654 0.9970479572363068
859.5002933168029 1499.0000833755928 0.9970457845132833
850.4438751455208 1502.8618842084522 0.9970436482289817
841.1475038407789 1506.649927602849 0.997041551117644
822.0774723926426 1502.5522664107095 0.9970438195662105
812.6015756291075 1505.9220321639602 0.9970419542154982
802.9116139924255 1509.2119159023396 0.9970401318518936
793.014226763904 1512.417589172403 0.9970383549632962
782.9161949063421 1515.534811143667 0.9970366259930443
772.6244364230724 1518.5594368249238 0.9970349473347841
754.3809048112313 1512.25972425799 0.9970384424941103
744.0389167225426 1514.8796455664221 0.9970369894721384
733.5298004345758 1517.4039149829655 0.9970355887676965
722.8607548844634 1519.8289788763668 0.9970342424354162
712.0390882884593 1522.15141119228 0.99703295245977
701.0722131434023 1524.3679201176612 0.9970317207507993
689.9676411579704 1526.4753544584062 0.9970305491400002
678.7329781167952 1528.4707097206972 0.9970294393763783
667.3759186806328 1530.3511338860833 0.997028393122679
655.9042411265938 1532.1139328731658 0.9970274119518036
639.9199668407529 1522.8589492480062 0.997032559342727
628.5992331502005 1524.2638992383643 0.9970317785673664
617.1904207501752 1525.5539006930976 0.9970310614763428
605.7013440145605 1526.7270082726486 0.997030409201612
594.1398721842429 1527.7814504891517 0.9970298227749089
582.5139239869303 1528.7156331144288 0.9970293031254971
570.8314622235054 1529.5281422385444 0.9970288510781411
559.1004883245204 1530.2177469759642 0.9970284673513082
547.3290368804807 1530.7834018163417 0.997028152555602
535.5251701494851 1531.2242486175874 0.9970279071924315
523.6969725464818 1531.5396182390905 0.9970277316529188
511.85254511700805 1531.729031813641 0.997027626217047
