0 103.47539032551131
-3.251352781716436 103.43904285878753
-6.500482989614699 103.33002876732864
-9.745169557464612 103.14843295043987
-12.983194433221461 102.89439681754153
-16.212344083641888 102.56811815410322
-19.653451780617836 103.31401626551137
-22.895025146443256 102.83749499682077
-26.1209479100839 102.28866064906418
-29.661856461895585 102.78936152728323
-32.88605663908057 102.08767471419537
-36.49271952440999 102.41543571947189
-39.70542487504925 101.55912379053616
-43.36692595872863 101.70851807136263
-47.069150641215614 101.76014589746508
-50.263279112617134 100.66252576339885
-54.00297313175224 100.52781631536776
-57.77395700149956 100.29029645799834
-61.57283844755586 99.94815268003832
-65.39616036899673 99.49966882704267
-69.24040376396033 98.94322815471412
-73.10199072583663 98.27731529229274
-77.75381928562564 98.42329807073055
-81.67018335453515 97.51269069391734
-86.43033013425094 97.36654161327233
-90.3842862694353 96.20310100559193
-95.23301315547634 95.753869893119
-100.13274518345385 95.13691532474799
-105.07764953204807 94.34917558092951
-110.06178576743483 93.38777141598005
-115.07911156366555 92.25000963950524
-121.15771314266443 91.63259233422498
-127.30782301572481 90.77678493464315
-133.52096658177865 89.67841242503886
-139.7885254778951 88.33357567934621
-146.10174625225375 86.73865638783877
-153.60523851885574 85.43983763952241
-162.35464738188813 84.33859285236312
-170.0092002419318 82.36261962463223
-178.92638561261182 80.50967291938083
-189.15169262108316 78.67555348006248
-199.47242723725256 76.36854474489894
-211.14183445599403 73.93315884276802
-224.1921526733711 71.25929308067352
-238.65019816349755 68.23481436879592
-254.53729577778813 64.74580725559213
-273.20029809462596 60.885030630091016
-294.6881559921962 56.42635804421307
-317.68273225738915 51.00573279561823
-346.27865670482186 44.796734805792774
-379.17786840040355 37.28245502699719
-419.18233874051 28.16176772536974
-469.1434600390358 16.83129541641905
-531.9434647546942 2.3845912994892413
-544.2814465684157 -12.178421546198537
-546.4344258918071 -26.444208971263336
-548.213814983686 -40.763610703926595
-549.6182263214816 -55.1268651423513
-550.646527235661 -69.5241867471444
-551.2978414335372 -83.94584251887629
-551.577863794199 -100
-551.4672817308095 -112.82078524929501
-550.9849491693449 -127.25579797991675
-550.1247008160169 -141.67525584621785
-548.8869532471159 -156.06940509920645
-547.2723824345828 -170.42838033495937
-545.2819241347995 -184.74231263796608
-542.916773771407 -199.00134986608705
-540.1494268347973 -213.262427935441
-536.9573126538686 -227.5379774121064
-533.3596980977229 -241.7542983130494
-529.3701780277974 -255.87243008670114
-524.9990075625616 -269.86932180255315
-520.2545089923827 -283.72948783164264
-515.1438380092765 -297.4412361175638
-509.67345691372924 -310.99482252168167
-503.8494224988767 -324.3815322098638
-497.6775884728419 -337.5931924418283
-491.1636993689955 -350.62195482424687
-484.3134887555862 -363.4601532562879
-477.13272541563805 -376.10024933615404
-469.6272540836456 -388.53480208164353
-461.8030222889 -400.7564586733926
-453.666090853991 -412.7579587070808
-445.22266793960887 -424.5321314001181
-436.4790742596621 -436.07192059731295
-427.44177965525415 -447.3703801277115
-418.1174234563107 -458.4206825529091
-408.51275374403076 -469.216141754564
-398.6346768054002 -479.75020919744196
-388.4902536720687 -490.0164857712761
-378.08665605521765 -500.00873031757845
-367.4312241494221 -509.7208649503248
-356.53140800046145 -519.146980913723
-345.3947935041454 -528.2813441582623
-334.02909642778826 -537.1184015609274
-322.44215649857813 -545.6527862258026
-310.6418950545323 -553.8793080624146
-298.63640568992383 -561.7929892169307
-286.4338312226955 -569.3890259924318
-274.0424493182974 -576.6628253263968
-261.47062878494296 -583.6099930977066
-248.72682617899443 -590.226335510386
-235.81958734540103 -596.5078645334471
-222.75754212372107 -602.4507999775374
-209.5493991180311 -608.0515713035682
-196.20393820585184 -613.306816616213
-182.7299991794217 -618.2133748667303
-169.13650872735812 -622.7683245626437
-155.43243296276268 -626.9689360653786
-141.62679496104576 -630.8126956650871
-127.72867607044685 -634.2973194902012
-113.74719317104123 -637.4207242665964
-99.69150717321715 -640.181048635501
-85.5708194479987 -642.5766617950894
-71.39435406774768 -644.6061286124952
-57.17136628372931 -646.2682410375787
-42.91113596328724 -647.5620212393062
-28.622957717555803 -648.4866997668598
-14.316139896094574 -649.0417268420524
0 -649.2267725302652
14.316139896094326 -649.0417268420524
28.62295771755561 -648.4866997668598
42.91113596328724 -647.5620212393062
57.17136628372907 -646.2682410375787
71.39435406774741 -644.6061286124954
85.5708194479987 -642.5766617950894
99.69150717321695 -640.1810486355012
113.74719317104093 -637.4207242665964
127.72867607044685 -634.2973194902012
141.62679496104545 -630.8126956650871
155.43243296276248 -626.9689360653786
169.13650872735812 -622.7683245626437
182.72999917942153 -618.2133748667304
196.2039382058516 -613.306816616213
209.5493991180311 -608.0515713035682
222.7575421237209 -602.4507999775374
235.81958734540086 -596.5078645334471
248.72682617899443 -590.226335510386
261.47062878494285 -583.6099930977066
274.0424493182973 -576.6628253263968
286.4338312226955 -569.3890259924318
298.63640568992383 -561.7929892169307
310.6418950545323 -553.8793080624146
322.44215649857813 -545.6527862258026
334.02909642778803 -537.1184015609274
345.39479350414535 -528.2813441582624
356.53140800046145 -519.146980913723
367.43122414942206 -509.72086495032494
378.0866560552175 -500.0087303175787
388.4902536720687 -490.0164857712761
398.63467680540003 -479.75020919744225
408.51275374403076 -469.21614175456403
418.1174234563106 -458.4206825529093
427.441779655254 -447.37038012771154
436.4790742596622 -436.07192059731295
445.22266793960887 -424.5321314001181
453.666090853991 -412.7579587070808
461.80302228889985 -400.75645867339284
469.62725408364554 -388.53480208164353
477.1327254156377 -376.1002493361544
484.3134887555862 -363.4601532562879
491.1636993689955 -350.62195482424687
497.6775884728419 -337.5931924418283
503.8494224988767 -324.38153220986385
509.6734569137292 -310.994822521682
515.1438380092765 -297.44123611756385
520.2545089923825 -283.7294878316432
524.9990075625616 -269.86932180255315
529.3701780277974 -255.87243008670114
533.3596980977228 -241.75429831305016
536.9573126538686 -227.5379774121069
540.1494268347973 -213.26242793544114
542.916773771407 -199.00134986608774
545.2819241347995 -184.74231263796608
547.2723824345828 -170.42838033495937
548.8869532471159 -156.06940509920645
550.1247008160169 -141.67525584621785
550.9849491693449 -127.25579797991675
551.4672817308095 -112.82078524929501
551.577863794199 -100
551.2978414335372 -83.94584251887629
550.6465272356611 -69.52418674714426
549.6182263214816 -55.1268651423513
548.2138149836861 -40.76361070392778
546.4344258918071 -26.444208971263336
544.2814465684157 -12.178421546198537
531.9434647546942 2.3845912994892413
469.14346003903586 16.831295416418577
419.1823387405101 28.1617677253696
379.17786840040355 37.28245502699698
346.27865670482186 44.796734805792774
317.68273225738915 51.00573279561823
294.6881559921962 56.42635804421307
273.20029809462596 60.885030630090945
254.53729577778813 64.74580725559214
238.6501981634976 68.2348143687958
224.1921526733711 71.25929308067352
211.14183445599403 73.93315884276802
199.47242723725256 76.36854474489894
189.15169262108327 78.67555348006228
178.92638561261185 80.50967291938075
170.0092002419318 82.36261962463216
162.35464738188813 84.33859285236312
153.60523851885574 85.43983763952241
146.10174625225375 86.73865638783877
139.78852547789518 88.33357567934608
133.52096658177868 89.67841242503886
127.30782301572482 90.77678493464312
121.15771314266443 91.63259233422498
115.07911156366555 92.25000963950524
110.06178576743483 93.38777141598005
105.07764953204818 94.34917558092945
100.13274518345389 95.13691532474725
95.23301315547637 95.75386989311899
90.3842862694353 96.20310100559193
86.43033013425094 97.36654161327233
81.67018335453515 97.51269069391734
77.75381928562571 98.42329807073045
73.10199072583666 98.27731529229274
69.24040376396034 98.94322815471412
65.39616036899673 99.49966882704267
61.57283844755586 99.94815268003832
57.77395700149956 100.29029645799834
54.002973131752306 100.52781631536774
50.263279112617184 100.66252576339885
47.06915064121564 101.76014589746502
43.36692595872863 101.70851807136263
39.70542487504925 101.55912379053616
36.49271952440999 102.41543571947189
32.88605663908062 102.08767471419534
29.66185646189563 102.78936152728322
26.120947910083952 102.28866064906417
22.895025146443256 102.83749499682077
19.653451780617836 103.31401626551137
16.212344083641888 102.56811815410322
12.983194433221506 102.89439681754152
9.745169557464655 103.14843295043985
6.500482989614744 103.33002876732864
3.251352781716436 103.43904285878753
