0 264.685390325508
-4.21181297554119 264.64618170883057
-8.420745125823405 264.5285917054844
-12.623917584308073 264.332727811318
-16.818455400599017 264.05876903830193
-21.001489495262298 263.70696569318915
-25.393199395439247 264.4218043991627
-29.581441228155537 263.90877095868274
-33.74944992310029 263.31806807838433
-38.2272162119881 263.77165469131904
-42.38240385652538 263.0177324707457
-46.913545887179296 263.2882751856716
-51.04358846928367 262.3699136844713
-55.614656173456765 262.4525916933364
-60.21805349393249 262.4330137182984
-64.30434300211144 261.25988758746934
-68.92657501420126 261.0455729868754
-73.5698689856271 260.7245610793366
-78.23023480430766 260.2952613119532
-82.90362495096275 259.756190641007
-87.58593782944001 259.1059750088225
-92.27302116215432 258.34335070271464
-97.73720722614027 258.389945552067
-102.45223318334506 257.37754144265034
-107.99679887248243 257.1274615097344
-112.72039333668972 255.85823691133058
-118.32345049968303 255.30165522169938
-123.96168777225613 254.5760748656186
-129.62876619846844 253.6787295576882
-135.31825040247026 252.60703876180173
-141.02361464804 251.3586104746052
-147.77247360992212 250.63044963195324
-154.57460043847698 249.6641253648337
-161.42107367279928 248.45576636542552
-168.30284089740624 247.0017763881131
-175.21072771280336 245.2988383325218
-183.28893617857318 243.89343398005195
-192.59271751712635 242.68733207846654
-200.78091918983876 240.60852135036944
-210.21066397412002 238.65504284022043
-220.92708971447246 236.72297750069558
-231.71716579258802 234.32088228853152
-243.83381554011302 231.79353535567486
-257.3089708354539 229.0310917483043
-272.1691567905915 225.9216670628449
-288.43542264996427 222.35158473395052
-307.45436112896186 218.41383201460113
-329.2746791649358 213.88249960376896
-352.5780116931529 208.3937360649231
-381.4587769221854 202.12131407264607
-414.61871870222615 194.5485042235236
-454.85962973832613 185.3743467610773
-505.03274029970106 173.99561599323573
-568.0201375581979 159.50600225110657
-650.9412710166649 140.43041649282387
-763.8028152633681 114.29720657168052
-928.0076804341579 76.31411453840644
NaN NaN
NaN NaN
NaN NaN
-1095.9679001262866 -222.82700459705117
-1084.4564825677653 -240.83423848215142
-1074.1608274208113 -262.4756484387637
-1065.6945464684527 -284.2386760702411
-1058.2163068140883 -306.27452314835085
-1052.1077118979165 -328.8994232367932
-1047.1323427189857 -352.0804366070721
-1042.097157843272 -375.7187204112709
-1038.1213072791588 -399.40891949658374
-1033.8810062215082 -423.4200111872459
-1030.51604723664 -447.5773213753117
-1027.9517556784253 -471.99780060904266
-1024.8870556735005 -496.8228249039524
-1022.4897278732379 -522.0364374829885
-1019.4735387731997 -547.6751106057151
-1017.0065157302623 -573.8172766125922
-1015.0235698714979 -600.563438242521
-1012.2601910010158 -627.7960549977107
-1011.0471841663476 -655.9864344640933
-1008.9303855561811 -684.7495723803661
-1007.0292720446313 -714.3814083600058
-1005.2631121867337 -744.9592303902733
-1003.5470032191929 -776.5546612055119
-1001.7920008569471 -809.2333809762699
-1000.9933491850982 -843.5720786260442
-983.917314035114 -870.8587506691377
-962.9456800883753 -896.01145185493
-941.3593065181897 -920.5712985953397
-919.1749084489087 -944.5259826736554
-896.409420872313 -967.8635160695495
-873.0799806512343 -990.5722624179283
-849.2116444784008 -1012.6417685425246
-824.8554758814025 -1034.0675650276403
-800.0239643821257 -1054.8445900970462
-774.7254669179215 -1074.9662902433472
-748.9695498118738 -1094.4252046031306
-722.7669247042867 -1113.213222094096
-696.1292455407652 -1131.3217501413333
-669.0691274862859 -1148.7419102562214
-641.5999586193859 -1165.4646349409786
-613.7359664941847 -1181.4808436392516
-585.4919901972767 -1196.7814533092762
-556.8835519409789 -1211.3575272197836
-527.9267376150715 -1225.2003013245187
-498.63821762850995 -1238.301296187078
-469.03509470467213 -1250.6522736588283
-439.13499145492705 -1262.2453943823652
-408.9558824250917 -1273.0731226464814
-378.5161873027101 -1283.1283959602677
-347.83465154151537 -1292.4045600933994
-316.9303369014816 -1300.8954121628417
-285.82260419050345 -1308.5952428183734
-254.5310701077141 -1315.49883419736
-223.07557855652718 -1321.6014681446156
-191.47618682768902 -1326.8989714071172
-159.75312652032466 -1331.387702950547
-127.92677485414036 -1335.064543597015
-96.01764412037167 -1337.9269625033105
-64.04634164112844 -1339.9729726853786
-32.03354968285313 -1341.2011530882517
0 -1341.610641097635
32.033549682852616 -1341.2011530882517
64.04634164112798 -1339.9729726853786
96.01764412037167 -1337.9269625033105
127.92677485413978 -1335.064543597015
159.75312652032414 -1331.387702950547
191.47618682768902 -1326.8989714071172
223.07557855652678 -1321.6014681446156
254.53107010771342 -1315.49883419736
285.82260419050345 -1308.5952428183734
316.93033690148116 -1300.8954121628417
347.83465154151503 -1292.4045600933994
378.5161873027101 -1283.1283959602677
408.9558824250914 -1273.0731226464818
439.13499145492653 -1262.2453943823655
469.03509470467213 -1250.6522736588283
498.6382176285095 -1238.3012961870782
527.9267376150711 -1225.2003013245192
556.8835519409789 -1211.3575272197836
585.4919901972766 -1196.7814533092762
613.7359664941847 -1181.4808436392516
641.5999586193859 -1165.4646349409786
669.0691274862859 -1148.7419102562214
696.1292455407652 -1131.3217501413333
722.7669247042867 -1113.213222094096
748.9695498118735 -1094.4252046031306
774.7254669179214 -1074.966290243347
800.0239643821257 -1054.8445900970462
824.8554758814017 -1034.0675650276407
849.2116444784 -1012.6417685425257
873.0799806512343 -990.5722624179283
896.4094208723124 -967.8635160695504
919.1749084489082 -944.5259826736559
941.3593065181894 -920.5712985953398
962.9456800883751 -896.0114518549302
983.9173140351144 -870.8587506691376
1000.9933491850982 -843.5720786260442
1001.7920008569471 -809.2333809762699
1003.5470032191928 -776.5546612055124
1005.2631121867337 -744.9592303902733
1007.0292720446307 -714.3814083600063
1008.9303855561811 -684.7495723803661
1011.0471841663476 -655.9864344640933
1012.2601910010158 -627.7960549977107
1015.0235698714979 -600.5634382425211
1017.0065157302627 -573.8172766125917
1019.4735387731997 -547.6751106057151
1022.4897278732375 -522.0364374829896
1024.8870556735005 -496.8228249039524
1027.9517556784253 -471.99780060904266
1030.5160472366392 -447.5773213753131
1033.8810062215077 -423.42001118724767
1038.1213072791588 -399.40891949658334
1042.0971578432711 -375.71872041127347
1047.1323427189857 -352.0804366070721
1052.1077118979165 -328.8994232367932
1058.2163068140883 -306.27452314835085
1065.6945464684527 -284.2386760702411
1074.1608274208113 -262.4756484387637
1084.4564825677653 -240.83423848215142
1095.9679001262866 -222.82700459705117
NaN NaN
NaN NaN
NaN NaN
928.0076804341581 76.31411453840464
763.8028152633681 114.29720657168052
650.9412710166649 140.43041649282387
568.0201375581979 159.50600225110657
505.0327402997011 173.99561599323525
454.85962973832625 185.37434676107716
414.61871870222615 194.5485042235234
381.4587769221854 202.12131407264607
352.5780116931529 208.3937360649231
329.2746791649358 213.88249960376896
307.45436112896186 218.41383201460107
288.43542264996427 222.35158473395055
272.16915679059156 225.9216670628448
257.3089708354539 229.0310917483043
243.83381554011302 231.79353535567486
231.71716579258802 234.32088228853152
220.92708971447257 236.72297750069538
210.21066397412005 238.65504284022035
200.78091918983876 240.60852135036936
192.59271751712635 242.68733207846654
183.28893617857318 243.89343398005195
175.21072771280336 245.2988383325218
168.30284089740633 247.00177638811297
161.4210736727993 248.45576636542552
154.57460043847698 249.66412536483367
147.77247360992212 250.63044963195324
141.02361464804 251.3586104746052
135.31825040247026 252.60703876180173
129.62876619846855 253.67872955768814
123.96168777225617 254.57607486561787
118.32345049968306 255.30165522169935
112.72039333668972 255.85823691133058
107.99679887248243 257.1274615097344
102.45223318334506 257.37754144265034
97.73720722614034 258.3899455520669
92.27302116215435 258.34335070271464
87.58593782944003 259.1059750088225
82.90362495096275 259.756190641007
78.23023480430766 260.2952613119532
73.5698689856271 260.7245610793366
68.92657501420133 261.0455729868754
64.30434300211148 261.25988758746934
60.218053493932516 262.43301371829835
55.614656173456765 262.4525916933364
51.04358846928367 262.3699136844713
46.913545887179296 263.2882751856716
42.38240385652543 263.01773247074567
38.22721621198814 263.77165469131904
33.74944992310035 263.31806807838433
29.581441228155537 263.90877095868274
25.393199395439247 264.4218043991627
21.001489495262298 263.70696569318915
16.81845540059906 264.05876903830193
12.623917584308115 264.332727811318
8.42074512582345 264.5285917054844
4.21181297554119 264.64618170883057
