0 220.78139032550868
-3.9502408376484914 220.74296091562738
-7.897780118515502 220.62770647977416
-11.839918121678364 220.43572835984506
-15.77395879671734 220.16719532711565
-19.697211595927378 219.82234338467194
-23.83003408757299 220.5456408223385
-27.760459827178575 220.04255112226028
-31.67190043870462 219.46325073593164
-35.89452249281397 219.9296684679216
-39.796164614327644 219.18997206045128
-44.07553360114851 219.47609762891977
-47.9557481712794 218.57463473463366
-52.27910411497761 218.6754822813942
-56.637075695745764 218.67529652453925
-60.4803936875257 217.52273372899907
-64.86227492706621 217.33009882952865
-69.26800359420477 217.0318251824615
-73.6937523922561 216.626261514325
-78.1356345967252 216.11186129592764
-82.58970727543704 215.48718437621395
-87.05197457524227 214.75089850583393
-92.29492285085118 214.82456070608617
-96.79244088954151 213.83987996214398
-102.12337759909173 213.61810460176184
-106.63736843326724 212.37768926040602
-112.03499096764376 211.85034347263883
-117.47210340764615 211.15434630980704
-122.94250463825216 210.28685102784715
-128.43989407633165 209.24519573996054
-133.95787763782738 208.0269064173869
-140.52419841883918 207.32890551682766
-147.1487546722807 206.39267946044095
-153.82274663524473 205.21427422846915
-160.53724010230533 203.79001108870378
-167.28317531503666 202.1164909092885
-175.20486532656503 200.74011412560986
-184.35766862923168 199.5625690551873
-192.4005361572173 197.51176513570059
-201.690690292688 195.58566550007689
-212.27336454861324 193.68027478869337
-222.93561997326262 191.30407546813856
-234.93046750018274 188.8017732415209
-248.28992248492963 186.06345296222614
-263.0405893347021 182.97716249935922
-279.2035923528608 179.4291602292061
-298.1255950259938 175.51237121201112
-319.85537072640244 171.0008270088253
-343.07461644256193 165.5306202809422
-371.8778080119247 159.27547120848178
-404.9667424498149 151.71860146361763
-445.1432611261549 142.5590060875227
-495.25863844147733 131.19341804891013
-558.1950011351161 116.71549033236852
-641.0718336864371 97.65010065966618
-753.8958410453536 71.52556786279108
-918.0699590736249 33.54960927807959
NaN NaN
NaN NaN
NaN NaN
-1033.2987906006326 -133.0400660210524
-1028.1869946272805 -153.50185433557647
-1024.0263459715572 -178.03808507286766
-1020.5124842051292 -202.54467670292786
-1017.1529159186089 -227.15557102528192
-1014.5758101706416 -252.21500927324516
-1012.6620047800707 -277.68647835232304
-1010.2999280724466 -303.4687924097452
-1008.6472137057826 -329.1340263318253
-1006.4690101753329 -354.99073269709703
-1004.9382487271181 -380.8641731049877
-1004.0255831336847 -406.8928755655789
-1002.4649672009598 -433.23749797441474
-1001.4434996963679 -459.88874990117586
-992.3521289532151 -486.446855671521
-981.3547982359888 -512.6142492703206
-969.6904909467698 -538.4077948682125
-957.370595482514 -563.8187100078151
-944.4065876154027 -588.8371348210959
-930.8101165163457 -613.4524285304433
-916.5930378274409 -637.6534206167702
-901.767441658639 -661.4285976493574
-886.3456668420541 -684.7662511295958
-870.340299036068 -707.6545971467516
-853.7641930719346 -730.081859259756
-836.6304261072057 -752.0363580694564
-818.9523234204472 -773.5065551154786
-800.7434680162365 -794.4810986324277
-782.0176291676726 -814.9488743024259
-762.788802332289 -834.8990227320098
-743.0711961571333 -854.3209673123796
-722.8791794401944 -873.2044345764278
-702.2273305263828 -891.5394680488932
-681.1303707421391 -909.3164399993428
-659.6031829706455 -926.5260607866078
-637.6607987467437 -943.1593871168207
-615.3183859644724 -959.2078279788218
-592.5912010099787 -974.6631348506291
-569.4946733675649 -989.5174354521955
-546.0446067692332 -1003.7633749822711
-522.2648381754767 -1017.3989611356227
-498.1718115634089 -1030.4197768512745
-473.7780751921182 -1042.8192110799398
-449.0966874700292 -1054.5906953679455
-424.1412399261564 -1065.727818607118
-398.92570750028165 -1076.2242862222024
-373.4645383456512 -1086.0740794203368
-347.7724885979678 -1095.2713618090963
-321.8647179633762 -1103.8106499801117
-295.75667314933946 -1111.6867496837406
-269.4640811031794 -1118.8947996532227
-243.00293452321338 -1125.4303143421703
-216.38945157638042 -1131.289182366031
-189.64005011417566 -1136.4676750734375
-162.7713367740705 -1140.9624919227886
-135.80007090944787 -1144.7707480196561
-108.74313892876621 -1147.889963916559
-81.61754676534235 -1150.3181320502351
-54.440382941842216 -1152.0536724207675
-27.228801568887455 -1153.0954546567125
0 -1153.4427905666385
27.228801568887004 -1153.0954546567125
54.44038294184184 -1152.0536724207675
81.61754676534235 -1150.3181320502351
108.74313892876567 -1147.889963916559
135.8000709094474 -1144.7707480196561
162.7713367740705 -1140.9624919227886
189.64005011417535 -1136.4676750734375
216.38945157637986 -1131.289182366031
243.00293452321338 -1125.4303143421703
269.46408110317907 -1118.8947996532227
295.75667314933924 -1111.6867496837406
321.8647179633762 -1103.8106499801117
347.77248859796754 -1095.2713618090966
373.46453834565074 -1086.0740794203368
398.92570750028165 -1076.2242862222024
424.141239926156 -1065.7278186071183
449.09668747002894 -1054.590695367946
473.7780751921182 -1042.8192110799398
498.1718115634087 -1030.4197768512745
522.2648381754767 -1017.3989611356227
546.0446067692332 -1003.7633749822711
569.4946733675649 -989.5174354521955
592.5912010099787 -974.6631348506291
615.3183859644724 -959.2078279788218
637.6607987467435 -943.1593871168207
659.6031829706455 -926.5260607866077
681.1303707421391 -909.3164399993428
702.227330526382 -891.5394680488936
722.879179440194 -873.2044345764286
743.0711961571333 -854.3209673123796
762.7888023322884 -834.8990227320104
782.0176291676725 -814.948874302426
800.7434680162363 -794.4810986324278
818.952323420447 -773.5065551154788
836.6304261072058 -752.0363580694564
853.7641930719346 -730.081859259756
870.340299036068 -707.6545971467516
886.345666842054 -684.7662511295963
901.767441658639 -661.4285976493574
916.5930378274404 -637.6534206167705
930.8101165163457 -613.4524285304433
944.4065876154027 -588.8371348210959
957.370595482514 -563.8187100078151
969.6904909467698 -538.4077948682126
981.354798235989 -512.6142492703201
992.3521289532151 -486.44685567152106
1001.4434996963674 -459.88874990117705
1002.4649672009598 -433.23749797441474
1004.0255831336847 -406.8928755655789
1004.9382487271178 -380.8641731049891
1006.4690101753326 -354.9907326970989
1008.6472137057826 -329.1340263318249
1010.2999280724457 -303.4687924097478
1012.6620047800707 -277.68647835232304
1014.5758101706416 -252.21500927324516
1017.1529159186089 -227.15557102528192
1020.5124842051292 -202.54467670292786
1024.0263459715572 -178.03808507286766
1028.1869946272805 -153.50185433557647
1033.2987906006326 -133.0400660210524
NaN NaN
NaN NaN
NaN NaN
918.0699590736251 33.549609278077796
753.8958410453536 71.52556786279108
641.0718336864371 97.65010065966618
558.1950011351161 116.71549033236852
495.2586384414774 131.19341804890965
445.14326112615504 142.55900608752256
404.9667424498149 151.71860146361743
371.8778080119247 159.27547120848178
343.07461644256193 165.5306202809422
319.85537072640244 171.0008270088253
298.1255950259938 175.51237121201106
279.2035923528608 179.42916022920613
263.04058933470213 182.9771624993591
248.28992248492963 186.06345296222614
234.93046750018274 188.8017732415209
222.93561997326262 191.30407546813856
212.27336454861336 193.68027478869317
201.69069029268803 195.5856655000768
192.4005361572173 197.5117651357005
184.35766862923168 199.5625690551873
175.20486532656503 200.74011412560986
167.28317531503666 202.1164909092885
160.53724010230542 203.79001108870366
153.82274663524475 205.21427422846915
147.1487546722807 206.39267946044092
140.52419841883918 207.32890551682766
133.95787763782738 208.0269064173869
128.43989407633165 209.24519573996054
122.94250463825227 210.2868510278471
117.47210340764619 211.1543463098063
112.0349909676438 211.8503434726388
106.63736843326724 212.37768926040602
102.12337759909173 213.61810460176184
96.79244088954151 213.83987996214398
92.29492285085125 214.82456070608606
87.0519745752423 214.75089850583393
82.58970727543705 215.48718437621395
78.1356345967252 216.11186129592764
73.6937523922561 216.626261514325
69.26800359420477 217.0318251824615
64.86227492706628 217.33009882952862
60.48039368752575 217.52273372899907
56.63707569574579 218.6752965245392
52.27910411497761 218.6754822813942
47.9557481712794 218.57463473463366
44.07553360114851 219.47609762891977
39.796164614327694 219.18997206045125
35.89452249281401 219.9296684679216
31.67190043870467 219.4632507359316
27.760459827178575 220.04255112226028
23.83003408757299 220.5456408223385
19.697211595927378 219.82234338467194
15.773958796717384 220.16719532711562
11.839918121678407 220.43572835984506
7.897780118515547 220.62770647977416
3.9502408376484914 220.74296091562738
