0 1415.1722016569743
-11.157744125731387 1415.111101581695
-22.307846745828762 1414.92789185829
-33.44267157688461 1414.6228438246162
-44.554592776405215 1414.1964091460068
-55.63600015442172 1413.6492189689613
-66.67930437449878 1412.9820827376013
-77.67694214060367 1412.1959866739353
-88.62138136633538 1411.292091923262
-99.50512632300573 1410.271732366749
-110.3207227630617 1409.1364121032534
-121.06076301541266 1407.8878026032387
-131.7178910491725 1406.5277395374999
-147.0441809712848 1415.83098599769
-157.8639464042162 1414.1196975901605
-168.57561274994302 1412.2938947841355
-179.1718440515297 1410.3561262279538
-189.64538319743554 1408.309090391583
-199.98905688146078 1406.155630479834
-210.19578050603178 1403.898729053496
-220.25856302549127 1401.541502365099
-230.1705117260587 1399.0871944184553
-239.92483693935688 1396.5391707608483
-257.5906131426462 1402.9125235173326
-267.31491964892115 1399.9630818568703
-276.8561918641862 1396.9223844746366
-286.2078933604441 1393.7943690688996
-295.3636171605983 1390.5830656875858
-304.31709012332675 1387.292589065825
-322.8768698494771 1391.4700320760871
-331.67551121215985 1387.7620453064603
-340.2470623404873 1383.9803568197847
-348.5856484633389 1380.1295241893301
-367.52768826628414 1382.6271303800647
-375.6227986941555 1378.3521039288128
-383.46074352248485 1374.015327146673
-402.5715016263596 1375.116714546778
-410.0955375951105 1370.3525205322624
-429.2967000737328 1370.3881893271753
-436.4545326434548 1365.1931660611622
-455.6616359900416 1364.1382129555623
-462.4008475702641 1358.511531713556
-481.52838021772675 1356.3453423743074
-500.6661520205542 1353.4426449416098
-519.7839093827181 1349.7954908344987
-538.8512082352612 1345.3968118684957
-557.8374442110251 1340.240425597252
-576.7118829507583 1334.321040155632
-609.0040908370652 1328.9835859681114
-641.3450119680228 1322.133447273535
-673.6767232283796 1313.7591682155348
-719.8049961693052 1304.084471443014
-765.974000203297 1292.1147045608352
-826.1181683766196 1277.3195322278004
-914.4278206039472 1257.6663929922638
NaN NaN
NaN NaN
NaN NaN
NaN NaN
NaN NaN
-1485.9916332357961 -1499.3849368051717
-1464.7686225862344 -1507.4815000036806
-1442.255510582835 -1517.7278648013116
-1422.2093592799706 -1528.2962654752514
-1403.5515725160574 -1539.2640037973536
-1385.132742112058 -1550.9744654650108
-1380.0209443681288 -1561.5927850760784
-1361.6689980149083 -1574.6083857951478
-1343.4482963380087 -1587.928466750388
-1338.0541727384075 -1600.522132659275
-1319.6296883164891 -1614.5863922780823
-1313.5638319660707 -1628.4087095277462
-1294.623738015194 -1643.1118842890176
-1287.6321223053715 -1658.0791695571954
-1280.0303074248134 -1673.733956898201
-1271.779304469383 -1690.054582439819
-1262.841906347558 -1707.0184829292664
-1241.605674066398 -1723.278406291196
-1242.7799937513848 -1742.773539432833
-1231.599653071251 -1761.508168386752
-1219.618049350522 -1780.7742432556195
-1206.8144193171531 -1800.5387575521077
-1203.8452256615851 -1823.653391463558
-1189.1360456868024 -1844.6168871764098
-1183.8162433060465 -1869.4923148110795
-1167.1086142151678 -1891.4978159811537
-1159.3227356821644 -1917.9586630773838
-1150.1538909567284 -1945.3002455792125
-1148.9945541047862 -1978.2766996858736
-1136.9859448830393 -2007.5200467123493
-1132.7714261426322 -2042.9474151513516
-1118.0002045852366 -2073.9073608582557
-1110.5152733172065 -2111.5993146615206
-1109.6462414029547 -2156.952571865805
-1098.2067902816932 -2197.3245726791492
-1092.8082510636073 -2245.877476021572
-1084.9076794334028 -2296.0652263770867
-1074.4217144473655 -2347.7843960949212
-1068.5752117095333 -2409.0435679107804
-1066.536579348208 -2480.7288376787674
-1060.6271720606508 -2554.8804573804637
-1050.7223934285755 -2631.305165667569
-999.2284779176449 -2653.280540824847
-935.3198098560309 -2655.1968341799466
-872.1447536384804 -2655.468641459814
-814.9976018643107 -2663.8585425872816
-753.1144128649829 -2661.0554102295446
-696.6824327270365 -2666.6497244308357
-640.5056983816701 -2670.932061585058
-584.6218061552593 -2673.9135972943295
-529.0720480468083 -2675.612533923198
-473.8931868711788 -2676.0432193044176
-419.12546854506763 -2675.2284854824497
-367.29077700050107 -2683.6057183074527
-313.09889130552654 -2680.3960021780163
-261.2053981570317 -2686.5119459921643
-207.72815611204553 -2680.9611225490744
-155.90591529044198 -2684.829377932862
-103.98959038845028 -2687.595334755217
-52.010494983467275 -2689.2560753783623
0 -2689.809849970288
52.01049498346644 -2689.2560753783623
103.98959038844946 -2687.595334755217
155.90591529044198 -2684.829377932862
207.72815611204484 -2680.9611225490744
261.2053981570308 -2686.5119459921643
313.09889130552654 -2680.3960021780163
367.2907770005002 -2683.6057183074527
419.1254685450666 -2675.2284854824497
473.8931868711788 -2676.0432193044176
529.0720480468074 -2675.612533923198
584.6218061552582 -2673.91359729433
640.5056983816701 -2670.932061585058
696.6824327270356 -2666.6497244308357
753.1144128649819 -2661.0554102295446
814.9976018643107 -2663.8585425872816
872.14475363848 -2655.4686414598145
935.31980985603 -2655.1968341799475
999.2284779176449 -2653.280540824847
1050.7223934285746 -2631.3051656675693
1060.6271720606505 -2554.8804573804637
1066.536579348208 -2480.7288376787674
1068.5752117095333 -2409.0435679107804
1074.4217144473641 -2347.7843960949217
1084.9076794334028 -2296.0652263770867
1092.8082510636068 -2245.877476021572
1098.206790281693 -2197.3245726791497
1109.6462414029547 -2156.952571865805
1110.5152733172056 -2111.5993146615215
1118.0002045852355 -2073.907360858256
1132.7714261426322 -2042.9474151513516
1136.985944883039 -2007.5200467123493
1148.9945541047862 -1978.2766996858736
1150.153890956728 -1945.3002455792125
1159.3227356821635 -1917.958663077384
1167.1086142151676 -1891.497815981154
1183.8162433060465 -1869.4923148110795
1189.1360456868024 -1844.6168871764098
1203.8452256615828 -1823.6533914635586
1206.8144193171522 -1800.5387575521083
1219.6180493505221 -1780.7742432556195
1231.5996530712512 -1761.5081683867522
1242.7799937513848 -1742.773539432833
1241.605674066398 -1723.278406291196
1262.8419063475578 -1707.0184829292664
1271.7793044693826 -1690.0545824398193
1280.030307424813 -1673.7339568982013
1287.6321223053712 -1658.0791695571959
1294.623738015194 -1643.1118842890176
1313.5638319660707 -1628.4087095277462
1319.6296883164891 -1614.5863922780825
1338.0541727384073 -1600.5221326592753
1343.4482963380074 -1587.9284667503882
1361.6689980149076 -1574.6083857951478
1380.0209443681288 -1561.5927850760784
1385.132742112058 -1550.9744654650108
1403.5515725160574 -1539.2640037973536
1422.2093592799706 -1528.2962654752514
1442.255510582835 -1517.7278648013116
1464.7686225862344 -1507.4815000036806
1485.9916332357961 -1499.3849368051717
NaN NaN
NaN NaN
NaN NaN
NaN NaN
NaN NaN
914.4278206039472 1257.6663929922638
826.1181683766196 1277.3195322278004
765.9740002032971 1292.1147045608345
719.8049961693052 1304.0844714430139
673.6767232283797 1313.7591682155346
641.3450119680228 1322.133447273535
609.0040908370652 1328.9835859681114
576.7118829507583 1334.321040155632
557.8374442110252 1340.240425597252
538.8512082352613 1345.3968118684954
519.7839093827182 1349.7954908344984
500.6661520205542 1353.4426449416098
481.52838021772675 1356.3453423743074
462.4008475702641 1358.511531713556
455.66163599004165 1364.138212955562
436.45453264345485 1365.1931660611622
429.29670007373284 1370.3881893271753
410.0955375951105 1370.3525205322624
402.5715016263596 1375.116714546778
383.46074352248485 1374.015327146673
375.62279869415556 1378.3521039288128
367.52768826628414 1382.6271303800647
348.58564846333894 1380.12952418933
340.2470623404873 1383.9803568197847
331.67551121215985 1387.7620453064603
322.8768698494771 1391.4700320760871
304.31709012332686 1387.292589065825
295.3636171605984 1390.5830656875858
286.20789336044413 1393.7943690688994
276.8561918641862 1396.9223844746366
267.31491964892115 1399.9630818568703
257.5906131426462 1402.9125235173326
239.92483693935696 1396.5391707608483
230.17051172605875 1399.0871944184553
220.25856302549133 1401.541502365099
210.19578050603178 1403.898729053496
199.98905688146078 1406.155630479834
189.64538319743554 1408.309090391583
179.17184405152972 1410.3561262279538
168.57561274994308 1412.2938947841355
157.86394640421622 1414.1196975901605
147.0441809712848 1415.83098599769
131.7178910491725 1406.5277395374999
121.06076301541266 1407.8878026032387
110.32072276306174 1409.1364121032534
99.50512632300578 1410.271732366749
88.62138136633683 1411.292091923262
77.67694214060367 1412.1959866739353
66.67930437449878 1412.9820827376013
55.63600015442172 1413.6492189689613
44.55459277640537 1414.1964091460068
33.44267157688558 1414.6228438246162
22.307846745828808 1414.92789185829
11.157744125731387 1415.111101581695
