-500 677.7222016569721 0.9974640782965544
-506.764149622065 677.6741898208712 0.997464100768094
-513.5236688887059 677.5302103326511 0.9974641681551805
-520.2739306030218 677.2904311631695 0.9974642803752657
-527.0103138830887 676.9551319659364 0.9974644372909349
-533.7282073140278 676.5247036305608 0.9974646387101544
-540.4230120939302 675.9996476581198 0.9974648843866177
-547.0901451710574 675.3805753590384 0.9974651740201895
-553.7250423706132 674.6682068742535 0.9974655072574473
-560.3231615087511 673.8633700206184 0.9974658836923187
-566.8799854917796 672.9669989615917 0.9974663028668138
-573.3910253985007 671.9801327046621 0.9974667642718521
-579.8518235436351 670.903913426957 0.9974672673481811
-591.0173299890128 680.5123513439577 0.9974627720140873
-597.7147099502888 679.1267916012484 0.9974634207930293
-604.3452141064995 677.6463885676429 0.9974641137801388
-610.9043035254214 676.07277124127 0.9974648501732758
-617.3874879509041 674.4076671237464 0.9974656291227222
-623.7903288665331 672.6528995040721 0.9974664497326784
-630.108442524686 670.8103845853424 0.9974673110628428
-636.3375029387364 668.8821284580135 0.9974682121300668
-642.473244836512 666.8702239239709 0.997469151910084
-648.5114665731784 664.7768471759935 0.9974701293393109
-662.5237894576824 671.6158658369768 0.9974669345598978
-668.6597966974135 669.1418525432914 0.9974680907824738
-674.6803829394994 666.5850606505134 0.9974692850815553
-680.5814246582099 663.9481170339225 0.9974705161712153
-686.358879786311 661.2337188516883 0.9974717827335623
-692.0087904790585 658.4446293849255 0.9974730834209704
-707.3419784338922 663.1265750686226 0.9974708995836371
-712.9932098687285 659.9248287203351 0.9974723932240597
-718.4986899902534 656.649733010998 0.9974739200787642
-723.8546453592405 653.3044562640196 0.9974754786046609
-739.8995388073953 656.3051921421502 0.997474080645265
-745.1849728389377 652.5294836653094 0.9974758395045437
-750.3026368412595 648.6868352720877 0.9974776281635976
-766.7843740340704 650.2757951167079 0.9974768887106984
-771.7724508062562 645.9912666256068 0.9974788820528675
-788.5324538226447 646.4973622839221 0.9974786466862251
-793.3455997131529 641.7622185509385 0.9974808478842823
-810.3060960947457 641.1553158399001 0.997481129858634
-814.8983201362964 635.963604652255 0.9974835405718379
-831.9799561095001 634.2180881131528 0.9974843505126256
-849.1743242578659 631.720587206691 0.997485508884443
-866.4525028970991 628.462015744689 0.9974870193677515
-883.7853087136502 624.4342127653559 0.997488885042007
-901.1433260752333 619.629951178748 0.9974911083777737
-918.4969365223179 614.0429457874517 0.9974936912302523
-949.3767487372461 609.017188034045 0.997496012119397
-980.4146748035364 602.4571804145232 0.9974990379643348
NaN NaN NaN
NaN NaN NaN
NaN NaN NaN
NaN NaN NaN
NaN NaN NaN
NaN NaN NaN
NaN NaN NaN
NaN NaN NaN
NaN NaN NaN
NaN NaN NaN
-1358.3281007938062 -917.4574610980198 0.9968673649364603
-1346.1101473465496 -923.3334389973046 0.9968592563226679
-1333.6705672826677 -929.8705433747732 0.9968502572651927
-1321.9949911555811 -936.4728451590461 0.9968411928547137
-1310.7967417271866 -943.1748871867389 0.9968320176753421
-1299.8931277685244 -949.9909535218147 0.9968227145882366
-1289.1600496732935 -956.9247690440784 0.9968132811883241
-1278.5093168572896 -963.974054873207 0.9968037234301304
-1267.871240094072 -971.1356871226201 0.9967940485379863
-1269.3991179013833 -976.743866444344 0.9967864979474602
-1258.372811568206 -984.4185529137773 0.9967762030521796
-1247.2279119068119 -992.1844901663428 0.9967658320702426
-1235.953782210648 -1000.0209676386353 0.9967554567232906
-1236.176187678464 -1007.276296113689 0.9967599116633079
-1224.4439019379458 -1015.4723587847444 0.9967649363660132
-1212.5456192015945 -1023.6950068971923 0.9967699689910013
-1211.651873788602 -1032.1252637567857 0.9967751199861854
-1199.2264080565337 -1040.631521389585 0.9967803085106827
-1197.482596408546 -1049.893784644482 0.9967859480143322
-1184.4912873153844 -1058.632909649494 0.9967912593027316
-1181.8478804041256 -1068.682816072026 0.9967973556192918
-1168.2560957476653 -1077.601691649364 0.9968027554634564
-1164.6673645618826 -1088.386754280626 0.996809272154616
-1160.5079846979395 -1099.675720037762 0.9968160780883284
-1155.761913385187 -1111.4530732003366 0.9968231618952905
-1140.6920725878972 -1120.8221988917167 0.9968287851525691
-1134.9011898167248 -1133.2078341256076 0.9968362025301845
-1128.4815318269677 -1146.0264642603768 0.9968438596455842
-1121.4162298909023 -1159.256732195451 0.9968517418293684
-1122.6495598383774 -1177.0045737522526 0.996862282327359
-1114.0382062264177 -1191.292614552815 0.9968707405528241
-1104.728949289298 -1205.9146266130806 0.9968793711786916
-1103.041653604571 -1225.93043731059 0.9968911441253817
-1092.0630092955696 -1241.426644127873 0.9969002260013554
-1088.2212051819859 -1262.882503885123 0.996912753698566
-1083.145300034533 -1285.1580752834298 0.9969257025463814
-1076.8007889815553 -1308.1974799148802 0.9969390341039944
-1069.1553717384409 -1331.9417545345893 0.9969527086020178
-1060.1785142124731 -1356.329022356514 0.9969666851292245
-1056.4771154177813 -1388.623876009083 0.9969850876581539
-1050.8434504477154 -1422.033896458881 0.9970039994249602
-1049.361069521822 -1464.4779544047583 0.9970278411576254
-1039.6292289953153 -1500.2085246612482 0.9970477535602187
-1039.1763622805515 -1554.2290922929394 0.9970775866723975
-1030.3136286806518 -1601.2692867066628 0.9971033004321646
-1028.9911604490514 -1668.3990519403046 0.9971395743957925
-1023.8441749121603 -1737.946740796844 0.997176638690618
-1019.2615437199512 -1819.8082269907989 0.9972196022405218
-1014.2342181457378 -1914.7391524239226 0.9972685419591883
-1011.6321870330272 -2034.3323959580432 0.9973288727715724
-1009.4254628374176 -2180.280496797238 0.9974005484159639
-956.1757312723588 -2180.681000745295 0.9974007422081725
-903.3400624200061 -2179.7093864648546 0.9974002720451356
-853.5050537588202 -2188.9261530193744 0.99740472831138
-801.2482828152141 -2185.318472114773 0.9974029850028062
-751.3436404855693 -2192.045346092908 0.9974062345472064
-699.8114720942928 -2185.861627204865 0.9974032475483073
-649.9736096492712 -2190.116222567484 0.9974053030994886
-600.0371960318262 -2193.1578110787573 0.9974067715186804
-550.0350399010349 -2194.983800642984 0.9974076526367485
-500 -2195.592636546911 0.9974079463537848
-449.9649600989661 -2194.983800642984 0.9974076526367485
-399.96280396817446 -2193.1578110787573 0.9974067715186804
-350.0263903507291 -2190.116222567484 0.9974053030994886
-300.18852790570816 -2185.861627204865 0.9974032475483073
-248.6563595144311 -2192.045346092908 0.9974062345472064
-198.75171718478617 -2185.318472114773 0.9974029850028062
-146.4949462411811 -2188.9261530193744 0.99740472831138
-96.65993757999472 -2179.7093864648546 0.9974002720451356
-43.82426872764047 -2180.681000745295 0.9974007422081725
9.425462837417001 -2180.280496797238 0.9974005484159639
63.04697731367807 -2178.4824592985888 0.9973996782044712
117.00147605781864 -2175.270529797828 0.9973981229118544
171.24551444914565 -2170.623720225053 0.9973958710272245
225.739326308717 -2164.5284491926877 0.9973929139948603
285.80175548041404 -2167.7469038877507 0.997394475835734
340.99987142977346 -2158.5645002163274 0.9973900171408467
402.3513639192888 -2158.3870127860378 0.9973899308767664
464.43354032433695 -2156.3917137288445 0.9973889608899676
527.1876467824015 -2152.5397073950753 0.9973870871831316
590.5534034780756 -2146.7942429779932 0.9973842897396181
654.4690545844661 -2139.1207813644573 0.9973805484881529
718.8714179519433 -2129.487065446553 0.9973758432718997
791.660620033078 -2127.3668439106314 0.997374806500086
865.4142638083687 -2122.8356499030715 0.997372589290472
940.0474182097245 -2115.839143788903 0.997369161757367
1015.4714264378711 -2106.326040789124 0.9973644935749574
1018.5563164401699 -2025.1624541934964 0.9973242983351503
1018.1720434191955 -1945.958457553303 0.9972844321229344
1023.993199801536 -1876.7512525183222 0.9972490708162726
1027.0085163913188 -1809.0940196319543 0.997214019476914
1027.316859566976 -1743.1048489595923 0.9971793668940493
1035.2012930140265 -1685.724440503304 0.9971488565287483
1030.6000769802386 -1623.0321721952891 0.9971151141716645
1034.1539275875025 -1568.4148256821572 0.9970853668756885
1046.4927125220192 -1520.8620871830992 0.99705919812656
1046.4415867716757 -1468.5807123428492 0.9970301349236131
1044.657945058985 -1417.7401860819498 0.9970015761250963
1052.4136787728887 -1373.0190292813556 0.9969762105958383
1058.9321135814696 -1329.0719588192399 0.9969510593570095
1064.3174165550543 -1285.9124391807247 0.9969261400383502
1068.415303910584 -1243.6616050578177 0.9969015334967669
1070.9933412519708 -1202.5199739895374 0.9968773697663142
1072.1183088693385 -1162.5820901524596 0.9968537196553025
1083.9524550761062 -1126.169736346513 0.9968319899117402
1082.5338531951695 -1088.4783720978578 0.996809327452169
1092.251314044628 -1053.6250199285664 0.9967882168591953
1101.0769719053874 -1019.4522790979412 0.996767373300385
1109.0822549655757 -986.0329738023742 0.9967740431838179
1116.3561501689464 -953.4361039606255 0.9968180235782313
1123.0032364633953 -921.7310993313971 0.9968614656739745
1129.1510332884616 -890.9853463244444 0.996904106524062
1134.9604158963357 -861.2606865746751 0.9969457146067501
1153.656429335176 -830.9442146279578 0.9969884483338325
1159.5382457454107 -802.9932058579021 0.9970280395744533
1179.0877876689492 -773.7001548979484 0.9970696581587679
1186.507243756879 -747.8931236097316 0.9971063775980704
1208.2552693421246 -721.0154075968444 0.9971446247393596
1230.3048067915179 -697.6454785080462 0.997177848476385
1256.9134229990027 -675.2739755300023 0.9972095975462171
1280.8708058692553 -659.8811229111299 0.9972313989081031
NaN NaN NaN
NaN NaN NaN
782.1706963706432 414.986165938181 0.9975838296073505
523.5589565838791 474.834728713252 0.9975571102523628
364.7125411710786 512.4672303674481 0.9975401423288408
248.652115447806 539.0907754821961 0.9975280596793396
161.08658002007041 558.5726523427436 0.9975191767058378
101.79963305349578 573.1715359647619 0.9975124971311274
56.60036713678885 584.9205460669135 0.9975071070986333
11.553684613656813 594.3506452952636 0.9975027715947269
-19.58532519646029 602.4571804145232 0.9974990379643348
-50.623251262752866 609.017188034045 0.997496012119397
-81.50306347768239 614.0429457874517 0.9974936912302523
-98.85667392476722 619.6299511787479 0.9974911083777737
-116.21469128634413 624.4342127653558 0.997488885042007
-133.54749710289605 628.4620157446889 0.9974870193677515
-150.82567574214033 631.720587206691 0.997485508884443
-168.02004389048932 634.2180881131528 0.9974843505126256
-185.10167986369277 635.963604652255 0.9974835405718379
-189.69390390526243 641.1553158399 0.997481129858634
-206.6544002868365 641.7622185509384 0.9974808478842823
-211.46754617735525 646.497362283922 0.9974786466862251
-228.2275491937329 645.9912666256068 0.9974788820528675
-233.21562596594038 650.2757951167079 0.9974768887106984
-249.69736315874047 648.6868352720877 0.9974776281635976
-254.81502716107315 652.5294836653093 0.9974758395045437
-260.1004611926157 656.3051921421502 0.997474080645265
-276.14535464077045 653.3044562640194 0.9974754786046609
-281.5013100097467 656.649733010998 0.9974739200787642
-287.0067901312603 659.9248287203351 0.9974723932240597
-292.6580215661078 663.1265750686226 0.9974708995836371
-307.9912095209415 658.4446293849255 0.9974730834209704
-313.6411202136998 661.2337188516883 0.9974717827335623
-319.41857534179024 663.9481170339224 0.9974705161712153
-325.3196170605005 666.5850606505134 0.9974692850815553
-331.34020330257556 669.1418525432914 0.9974680907824738
-337.4762105423177 671.6158658369768 0.9974669345598978
-351.4885334268326 664.7768471759935 0.9974701293393109
-357.526755163488 666.8702239239709 0.997469151910084
-363.66249706127445 668.8821284580135 0.9974682121300668
-369.8915574753028 670.8103845853424 0.9974673110628428
-376.20967113346717 672.6528995040721 0.9974664497326784
-382.6125120490959 674.4076671237464 0.9974656291227222
-389.09569647456743 676.07277124127 0.9974648501732758
-395.65478589348936 677.6463885676429 0.9974641137801388
-402.28529004970017 679.1267916012484 0.9974634207930293
-408.98267001097616 680.5123513439577 0.9974627720140873
-420.14817645636487 670.903913426957 0.9974672673481811
-426.6089746015104 671.9801327046621 0.9974667642718521
-433.1200145082314 672.9669989615917 0.9974663028668138
-439.6768384912487 673.8633700206184 0.9974658836923187
-446.27495762937554 674.6682068742535 0.9974655072574473
-452.9098548289315 675.3805753590384 0.9974651740201895
-459.57698790606975 675.9996476581198 0.9974648843866177
-466.2717926859721 676.5247036305608 0.9974646387101544
-472.98968611692175 676.9551319659364 0.9974644372909349
-479.7260693969781 677.2904311631695 0.9974642803752657
-486.476331111292 677.5302103326511 0.9974641681551805
-493.235850377935 677.6741898208712 0.997464100768094
500 677.7222016569721 0.9974640782965544
493.235850377935 677.6741898208712 0.997464100768094
486.476331111292 677.5302103326511 0.9974641681551805
479.7260693969783 677.2904311631695 0.9974642803752657
472.9896861169218 676.9551319659364 0.9974644372909349
466.2717926859721 676.5247036305608 0.9974646387101544
459.57698790606975 675.9996476581198 0.9974648843866177
452.9098548289315 675.3805753590384 0.9974651740201895
446.27495762937554 674.6682068742535 0.9974655072574473
439.6768384912487 673.8633700206184 0.9974658836923187
433.12001450823146 672.9669989615917 0.9974663028668138
426.6089746015104 671.9801327046621 0.9974667642718521
420.14817645636487 670.903913426957 0.9974672673481811
408.98267001097616 680.5123513439577 0.9974627720140873
402.2852900497002 679.1267916012484 0.9974634207930293
395.65478589348936 677.6463885676429 0.9974641137801388
389.0956964745675 676.07277124127 0.9974648501732758
382.6125120490959 674.4076671237464 0.9974656291227222
376.20967113346717 672.6528995040721 0.9974664497326784
369.8915574753028 670.8103845853424 0.9974673110628428
363.66249706127445 668.8821284580135 0.9974682121300668
357.5267551634881 666.8702239239709 0.997469151910084
351.48853342683265 664.7768471759935 0.9974701293393109
337.4762105423177 671.6158658369768 0.9974669345598978
331.34020330257556 669.1418525432914 0.9974680907824738
325.3196170605005 666.5850606505134 0.9974692850815553
319.4185753417903 663.9481170339225 0.9974705161712153
313.6411202136999 661.2337188516883 0.9974717827335623
307.9912095209416 658.4446293849255 0.9974730834209704
292.6580215661078 663.1265750686226 0.9974708995836371
287.0067901312603 659.9248287203351 0.9974723932240597
281.5013100097467 656.649733010998 0.9974739200787642
276.1453546407706 653.3044562640196 0.9974754786046609
260.1004611926157 656.3051921421502 0.997474080645265
254.81502716107326 652.5294836653094 0.9974758395045437
249.69736315874047 648.6868352720877 0.9974776281635976
233.21562596594038 650.2757951167079 0.9974768887106984
228.2275491937329 645.9912666256068 0.9974788820528675
211.46754617735536 646.4973622839221 0.9974786466862251
206.6544002868365 641.7622185509385 0.9974808478842823
189.69390390526254 641.1553158399001 0.997481129858634
185.10167986369277 635.963604652255 0.9974835405718379
168.02004389048932 634.2180881131528 0.9974843505126256
150.82567574214033 631.720587206691 0.997485508884443
133.5474971028961 628.462015744689 0.9974870193677515
116.21469128634425 624.4342127653559 0.997488885042007
98.85667392476728 619.629951178748 0.9974911083777737
81.50306347768239 614.0429457874517 0.9974936912302523
50.623251262752866 609.017188034045 0.997496012119397
19.58532519646029 602.4571804145232 0.9974990379643348
-11.553684613656783 594.3506452952638 0.9975027715947269
-56.60036713678883 584.9205460669137 0.9975071070986333
-101.79963305349574 573.1715359647625 0.9975124971311274
-161.08658002007041 558.5726523427436 0.9975191767058378
-248.652115447806 539.0907754821961 0.9975280596793396
-364.7125411710786 512.4672303674481 0.9975401423288408
-523.5589565838789 474.83472871325296 0.9975571102523628
-782.1706963706432 414.986165938181 0.9975838296073505
NaN NaN NaN
NaN NaN NaN
-1280.8708058692553 -659.8811229111299 0.9972313989081031
-1256.9134229990027 -675.2739755300023 0.9972095975462171
-1230.3048067915179 -697.6454785080462 0.997177848476385
-1208.2552693421246 -721.0154075968444 0.9971446247393596
-1186.507243756879 -747.8931236097316 0.9971063775980704
-1179.0877876689492 -773.7001548979484 0.9970696581587679
-1159.5382457454107 -802.9932058579021 0.9970280395744533
-1153.6564293351773 -830.9442146279561 0.9969884483338325
-1134.960415896336 -861.260686574674 0.9969457146067501
-1129.1510332884616 -890.9853463244438 0.996904106524062
-1123.0032364633955 -921.7310993313968 0.9968614656739745
-1116.3561501689464 -953.4361039606255 0.9968180235782313
-1109.0822549655757 -986.0329738023742 0.9967740431838179
-1101.0769719053878 -1019.4522790979406 0.996767373300385
-1092.251314044628 -1053.6250199285662 0.9967882168591953
-1082.5338531951704 -1088.4783720978567 0.996809327452169
-1083.9524550761064 -1126.1697363465125 0.9968319899117402
-1072.1183088693385 -1162.5820901524596 0.9968537196553025
-1070.9933412519708 -1202.5199739895374 0.9968773697663142
-1068.4153039105836 -1243.6616050578186 0.9969015334967669
-1064.3174165550538 -1285.9124391807247 0.9969261400383502
-1058.9321135814707 -1329.0719588192383 0.9969510593570095
-1052.4136787728903 -1373.0190292813543 0.9969762105958383
-1044.657945058985 -1417.7401860819498 0.9970015761250963
-1046.4415867716757 -1468.5807123428492 0.9970301349236131
-1046.4927125220197 -1520.8620871830988 0.99705919812656
-1034.1539275875027 -1568.4148256821568 0.9970853668756885
-1030.6000769802386 -1623.0321721952891 0.9971151141716645
-1035.2012930140265 -1685.724440503304 0.9971488565287483
-1027.3168595669765 -1743.1048489595923 0.9971793668940493
-1027.0085163913188 -1809.0940196319543 0.997214019476914
-1023.993199801538 -1876.7512525183204 0.9972490708162726
-1018.1720434191967 -1945.9584575533015 0.9972844321229344
-1018.5563164401699 -2025.1624541934964 0.9973242983351503
-1015.4714264378715 -2106.326040789124 0.9973644935749574
-940.0474182097249 -2115.839143788903 0.997369161757367
-865.4142638083687 -2122.8356499030715 0.997372589290472
-791.6606200330799 -2127.36684391063 0.997374806500086
-718.8714179519437 -2129.4870654465526 0.9973758432718997
-654.4690545844661 -2139.1207813644573 0.9973805484881529
-590.5534034780758 -2146.794242977993 0.9973842897396181
-527.1876467824028 -2152.5397073950753 0.9973870871831316
-464.43354032433695 -2156.3917137288445 0.9973889608899676
-402.35136391928984 -2158.387012786037 0.9973899308767664
-340.9998714297743 -2158.564500216327 0.9973900171408467
-285.80175548041404 -2167.7469038877507 0.997394475835734
-225.73932630871766 -2164.5284491926877 0.9973929139948603
-171.2455144491462 -2170.623720225053 0.9973958710272245
-117.00147605781864 -2175.270529797828 0.9973981229118544
-63.04697731367899 -2178.4824592985883 0.9973996782044712
-9.42546283741773 -2180.280496797238 0.9974005484159639
43.82426872764047 -2180.681000745295 0.9974007422081725
96.65993757999411 -2179.7093864648546 0.9974002720451356
146.49494624117992 -2188.9261530193744 0.99740472831138
198.75171718478617 -2185.318472114773 0.9974029850028062
248.6563595144303 -2192.045346092908 0.9974062345472064
300.1885279057073 -2185.861627204865 0.9974032475483073
350.0263903507291 -2190.116222567484 0.9974053030994886
399.9628039681737 -2193.1578110787573 0.9974067715186804
449.9649600989651 -2194.983800642984 0.9974076526367485
500 -2195.592636546911 0.9974079463537848
550.0350399010346 -2194.983800642984 0.9974076526367485
600.0371960318254 -2193.1578110787573 0.9974067715186804
649.9736096492712 -2190.116222567484 0.9974053030994886
699.8114720942915 -2185.861627204865 0.9974032475483073
751.3436404855684 -2192.045346092908 0.9974062345472064
801.2482828152141 -2185.318472114773 0.9974029850028062
853.5050537588193 -2188.9261530193744 0.99740472831138
903.3400624200054 -2179.7093864648546 0.9974002720451356
956.1757312723588 -2180.681000745295 0.9974007422081725
1009.4254628374171 -2180.280496797238 0.9974005484159639
1011.6321870330261 -2034.3323959580434 0.9973288727715724
1014.2342181457378 -1914.7391524239226 0.9972685419591883
1019.2615437199507 -1819.8082269907989 0.9972196022405218
1023.84417491216 -1737.9467407968443 0.997176638690618
1028.9911604490514 -1668.3990519403046 0.9971395743957925
1030.3136286806514 -1601.269286706663 0.9971033004321646
1039.1763622805506 -1554.22909229294 0.9970775866723975
1039.6292289953153 -1500.2085246612482 0.9970477535602187
1049.3610695218213 -1464.4779544047583 0.9970278411576254
1050.8434504477152 -1422.0338964588811 0.9970039994249602
1056.4771154177813 -1388.623876009083 0.9969850876581539
1060.1785142124731 -1356.3290223565143 0.9969666851292245
1069.1553717384402 -1331.9417545345896 0.9969527086020178
1076.8007889815553 -1308.1974799148802 0.9969390341039944
1083.1453000345327 -1285.1580752834298 0.9969257025463814
1088.2212051819856 -1262.8825038851235 0.996912753698566
1092.0630092955696 -1241.426644127873 0.9969002260013554
1103.0416536045702 -1225.93043731059 0.9968911441253817
1104.7289492892976 -1205.9146266130808 0.9968793711786916
1114.0382062264177 -1191.292614552815 0.9968707405528241
1122.6495598383774 -1177.0045737522528 0.996862282327359
1121.416229890902 -1159.256732195451 0.9968517418293684
1128.4815318269675 -1146.0264642603768 0.9968438596455842
1134.9011898167246 -1133.2078341256076 0.9968362025301845
1140.6920725878963 -1120.8221988917169 0.9968287851525691
1155.761913385187 -1111.4530732003366 0.9968231618952905
1160.5079846979395 -1099.675720037762 0.9968160780883284
1164.667364561882 -1088.3867542806265 0.996809272154616
1168.2560957476649 -1077.6016916493643 0.9968027554634564
1181.8478804041256 -1068.682816072026 0.9967973556192918
1184.4912873153844 -1058.632909649494 0.9967912593027316
1197.482596408546 -1049.893784644482 0.9967859480143322
1199.2264080565337 -1040.631521389585 0.9967803085106827
1211.651873788602 -1032.125263756786 0.9967751199861854
1212.5456192015943 -1023.6950068971927 0.9967699689910013
1224.4439019379458 -1015.4723587847444 0.9967649363660132
1236.1761876784642 -1007.2762961136892 0.9967599116633079
1235.953782210648 -1000.0209676386353 0.9967554567232906
1247.2279119068119 -992.1844901663428 0.9967658320702426
1258.3728115682059 -984.4185529137774 0.9967762030521796
1269.3991179013833 -976.7438664443441 0.9967864979474602
1267.871240094072 -971.1356871226203 0.9967940485379863
1278.5093168572891 -963.9740548732073 0.9968037234301304
1289.1600496732935 -956.9247690440784 0.9968132811883241
1299.8931277685244 -949.9909535218147 0.9968227145882366
1310.7967417271866 -943.1748871867389 0.9968320176753421
1321.9949911555811 -936.4728451590461 0.9968411928547137
1333.6705672826677 -929.8705433747732 0.9968502572651927
1346.1101473465496 -923.3334389973046 0.9968592563226679
1358.3281007938062 -917.4574610980198 0.9968673649364603
NaN NaN NaN
NaN NaN NaN
NaN NaN NaN
NaN NaN NaN
NaN NaN NaN
NaN NaN NaN
NaN NaN NaN
NaN NaN NaN
NaN NaN NaN
NaN NaN NaN
980.4146748035364 602.4571804145232 0.9974990379643348
949.3767487372461 609.017188034045 0.997496012119397
918.4969365223179 614.0429457874517 0.9974936912302523
901.1433260752333 619.6299511787479 0.9974911083777737
883.7853087136502 624.4342127653558 0.997488885042007
866.4525028970992 628.4620157446889 0.9974870193677515
849.1743242578659 631.720587206691 0.997485508884443
831.9799561095001 634.2180881131528 0.9974843505126256
814.8983201362964 635.963604652255 0.9974835405718379
810.3060960947457 641.1553158399 0.997481129858634
793.3455997131529 641.7622185509384 0.9974808478842823
788.5324538226447 646.497362283922 0.9974786466862251
771.7724508062562 645.9912666256068 0.9974788820528675
766.7843740340704 650.2757951167079 0.9974768887106984
750.3026368412595 648.6868352720877 0.9974776281635976
745.1849728389377 652.5294836653093 0.9974758395045437
739.8995388073955 656.3051921421502 0.997474080645265
723.8546453592405 653.3044562640194 0.9974754786046609
718.4986899902534 656.649733010998 0.9974739200787642
712.9932098687285 659.9248287203351 0.9974723932240597
707.3419784338922 663.1265750686226 0.9974708995836371
692.0087904790585 658.4446293849255 0.9974730834209704
686.358879786311 661.2337188516883 0.9974717827335623
680.5814246582099 663.9481170339224 0.9974705161712153
674.6803829394994 666.5850606505134 0.9974692850815553
668.6597966974135 669.1418525432914 0.9974680907824738
662.5237894576824 671.6158658369768 0.9974669345598978
648.5114665731786 664.7768471759935 0.9974701293393109
642.473244836512 666.8702239239709 0.997469151910084
636.3375029387366 668.8821284580135 0.9974682121300668
630.108442524686 670.8103845853424 0.9974673110628428
623.7903288665331 672.6528995040721 0.9974664497326784
617.3874879509041 674.4076671237464 0.9974656291227222
610.9043035254214 676.07277124127 0.9974648501732758
604.3452141064995 677.6463885676429 0.9974641137801388
597.7147099502888 679.1267916012484 0.9974634207930293
591.0173299890128 680.5123513439577 0.9974627720140873
579.8518235436351 670.903913426957 0.9974672673481811
573.3910253985007 671.9801327046621 0.9974667642718521
566.8799854917797 672.9669989615917 0.9974663028668138
560.3231615087512 673.8633700206184 0.9974658836923187
553.7250423706132 674.6682068742535 0.9974655072574473
547.0901451710574 675.3805753590384 0.9974651740201895
540.4230120939302 675.9996476581198 0.9974648843866177
533.7282073140278 676.5247036305608 0.9974646387101544
527.0103138830887 676.9551319659364 0.9974644372909349
520.2739306030219 677.2904311631695 0.9974642803752657
513.5236688887059 677.5302103326511 0.9974641681551805
506.764149622065 677.6741898208712 0.997464100768094
