-500 784.0522016569705 0.9974137703208122
-507.3976446435238 784.0023026794067 0.9974137941850836
-514.7902247657784 783.8526667386716 0.9974138657472789
-522.1726793015774 783.6034767097055 0.9974139849155996
-529.5399540956154 783.2550370477159 0.9974141515372392
-536.8870053514787 782.8077732840046 0.9974143653986685
-544.2088030739175 782.2622313207409 0.9974146262260355
-551.5003345015476 781.6190765253742 0.997414933685678
-558.7566075281334 780.8790926255059 0.9974152873847478
-565.972654109876 780.0431804054093 0.9974156868719463
-573.1435336564795 779.1123562052732 0.9974161316383695
-580.2643364037324 778.0877502249201 0.9974166211184615
-587.3301867653646 776.9706046335916 0.997417154691074
-599.0956201306393 786.5350382010056 0.9974125825947409
-606.3873905552714 785.1025129298804 0.9974132679515628
-613.6063413527612 783.5723080686256 0.9974139998207263
-620.7475302989516 781.9461852160941 0.9974147773166419
-627.8060681957533 780.2260118739907 0.9974155995015397
-634.7771222082187 778.4137583889494 0.9974164653871889
-641.6559191638551 776.5114947179599 0.997417373936709
-648.4377488117124 774.5213870213589 0.9974183240664698
-655.1179670391905 772.4456940882901 0.9974193146480745
-661.6919990445825 770.2867635998545 0.9974203445104242
-676.231098919237 777.0586397350746 0.9974171126480189
-682.8844888439066 774.516076304786 0.9974183266014321
-689.4127088774775 771.889511992598 0.997419580003615
-695.8112875873693 769.1817626761732 0.9974208714481718
-702.07584191935 766.3957176977945 0.9974221994947596
-708.2020801952075 763.5343351993826 0.99742356267163
-724.0004976612556 768.1435386371408 0.9974213664346016
-730.1055416903372 764.868799483916 0.9974229270247092
-736.0531064686592 761.5206601648231 0.9974245215219564
-741.8391155742524 758.1024893137172 0.9974261482532225
-758.301737101471 761.0306809113379 0.9974247547757856
-763.9922872645762 757.1829777498145 0.9974265856625749
-769.502177804599 753.2690829377256 0.997428446579614
-786.3629831287759 754.7877416391848 0.9974277246872075
-791.7167098316226 750.434052072613 0.9974297936125411
-808.8286939797783 750.8723187413198 0.9974295854257229
-813.9799109728675 746.0708667965987 0.9974318652170455
-831.2643367308145 745.3993614705305 0.9974321838793945
-836.1661264174699 740.1449336703977 0.997434675865271
-853.5427521437063 738.3387619833642 0.9974355318538898
-871.0173319817915 735.7828373917258 0.9974367426325463
-888.5607522043277 732.4682377343809 0.9974383118715161
-906.1436477144406 728.3869596127838 0.9974402426313526
-923.7364314808591 723.5319265600207 0.9974425373552135
-941.3093241468838 717.8969966033274 0.9974451978626114
-972.3927841097782 712.8262965733755 0.9974475893718544
NaN NaN NaN
NaN NaN NaN
NaN NaN NaN
NaN NaN NaN
NaN NaN NaN
NaN NaN NaN
NaN NaN NaN
NaN NaN NaN
NaN NaN NaN
NaN NaN NaN
NaN NaN NaN
-1385.6641670756917 -1027.0935995877162 0.9967720466331348
-1373.2761632439465 -1032.6693484681273 0.9967754521268457
-1360.6321887851257 -1038.8794481619 0.996779240537267
-1348.7346869934402 -1045.1586799979539 0.9967830662785448
-1337.2965006864472 -1051.5397466178133 0.9967869490825622
-1326.1350434659958 -1058.0361438439047 0.9967908969115232
-1315.1266215607238 -1064.651340307151 0.9967949115992863
-1304.183616051021 -1071.3830892871545 0.9967989915025367
-1293.2369357450525 -1078.2283267478338 0.9968031344867634
-1294.4800817506018 -1083.6009868690248 0.9968063821927758
-1283.1065557980787 -1090.9468525218667 0.9968108169609239
-1271.6004622688697 -1098.3860187339492 0.9968153013355863
-1259.9521506097174 -1105.8985905025331 0.9968198231072175
-1259.802111974017 -1112.8628898563709 0.9968240087356297
-1247.6661529231749 -1120.729930908301 0.9968287298262435
-1235.3538394379716 -1128.6280542237805 0.9968334620081897
-1234.032470558448 -1136.729873232198 0.9968383083757444
-1221.1691048720345 -1144.9096418211668 0.9968431933101308
-1218.9646096732936 -1153.817067321807 0.9968485036021747
-1205.5152433325106 -1162.2297767990578 0.9968535101726783
-1202.38287525246 -1171.9011022067673 0.9968592552398928
-1188.3164024747516 -1180.4956113497321 0.9968643512097549
-1184.2151564291719 -1190.881233446617 0.9968704973657525
-1179.5312239150587 -1201.7552852361637 0.996876918732755
-1174.25004811813 -1213.1033385666296 0.9968836049453583
-1158.6793433637524 -1222.148136632003 0.9968889230983207
-1152.3393983881967 -1234.0904187864833 0.9968959300056323
-1145.3640048240738 -1246.4544474183278 0.9969031665320235
-1137.7376265185007 -1259.2200869467113 0.9969106191290283
-1138.3536681077167 -1276.3339358331643 0.9969205800364226
-1129.1730943312327 -1290.1316496666454 0.9969285857299341
-1119.2932866234764 -1304.2575970863631 0.9969367587304307
-1116.9802129440677 -1323.584554776686 0.996947903127142
-1105.4313347224406 -1338.569285918676 0.9969565137224813
-1100.9662629164357 -1359.3082251499973 0.9969683878069692
-1095.2708732741319 -1380.8529753803448 0.9969806705652079
-1088.3123312868545 -1403.1508164992013 0.9969933263654488
-1080.0598137227682 -1426.145847561617 0.9970063181688995
-1070.4840724857042 -1449.7791386360327 0.9970196076993699
-1066.1441583015262 -1481.0869318300606 0.9970371151448673
-1059.886376121873 -1513.5048957093027 0.9970551268403212
-1057.751309061953 -1554.7210792869312 0.9970778568781354
-1047.4296800205082 -1589.459412589919 0.9970968677570677
-1046.3263048797248 -1642.0208024027684 0.9971253795104373
-1036.8776828657274 -1687.8489589026146 0.9971499925076162
-1034.9273405082417 -1753.31860401589 0.9971847607117813
-1029.188158409492 -1821.2399719098373 0.99722034735164
-1024.022389716671 -1901.2954440865833 0.9972616683329218
-1018.4293935392377 -1994.266529947998 0.9973088232548785
-1015.2673802409638 -2111.573742397331 0.9973670697896576
-1012.5218335160099 -2254.975940506864 0.997436421189167
-958.9680371936287 -2255.381628022963 0.9974366145463336
-905.828028846974 -2254.436946563024 0.9974361642714823
-855.6768012415599 -2263.5096493372575 0.9974404851505773
-803.1155527689616 -2259.970244922703 0.9974388004505528
-752.8969890184494 -2266.5923190578205 0.9974419514700201
-701.058863326631 -2260.5171701960135 0.9974390608570325
-650.9081257339072 -2264.705482645313 0.9974410540756752
-600.6597185472865 -2267.6997984696554 0.99744247803655
-550.3461548963977 -2269.497453275991 0.9974433325055645
-500 -2270.09684906505 0.9974436173439025
-449.65384510360354 -2269.497453275991 0.9974433325055645
-399.34028145271446 -2267.6997984696554 0.99744247803655
-349.091874266093 -2264.705482645313 0.9974410540756752
-298.94113667336995 -2260.5171701960135 0.9974390608570325
-247.1030109815511 -2266.5923190578205 0.9974419514700201
-196.8844472310387 -2259.970244922703 0.9974388004505528
-144.32319875844126 -2263.5096493372575 0.9974404851505773
-94.17197115302673 -2254.436946563024 0.9974361642714823
-41.03196280637024 -2255.381628022963 0.9974366145463336
12.52183351600933 -2254.975940506864 0.997436421189167
66.44752926268278 -2253.1949098681093 0.9974355721337266
120.7067184835928 -2250.0225296304775 0.9974340590344555
175.25637180199274 -2245.438306443732 0.9974318708266106
230.05714360626988 -2239.429098773572 0.9974289993502613
290.4058774155581 -2242.576181644547 0.9974305036066995
345.91370987163344 -2233.5299623869696 0.9974261770746891
407.55286393698594 -2233.3362449217243 0.9974260843389156
469.92369779230955 -2231.3545113548003 0.9974251354413678
532.9680806959277 -2227.5466232228378 0.9974233110731411
596.6263844517929 -2221.876667369407 0.9974205919790707
660.8375379675072 -2214.311031188969 0.997416958929878
725.5390821624638 -2204.818482181654 0.9974123926993826
798.6015422595277 -2202.710671001479 0.9974113775824495
872.6322025350645 -2198.232705245804 0.9974092195678608
947.5470856769016 -2191.331502651318 0.9974058899212022
1023.25855120131 -2181.9572070864137 0.997401359622597
1026.9061265972687 -2102.211648333558 0.9973624718138258
1027.115352868666 -2024.4694891054128 0.9973239523036996
1033.5228221952186 -1956.6052728853629 0.99728982828362
1037.1526089151844 -1890.328227781599 0.9972560470463474
1038.1042330129383 -1825.7548005651952 0.9972226955532347
1046.6163931191006 -1769.6620470678308 0.997193368417909
1042.715394656417 -1708.450521634493 0.9971609828554052
1046.951026159104 -1655.1833101084408 0.9971324721031636
1059.9492502498465 -1608.8539186003632 0.9971074235743246
1060.632346252308 -1557.9829209548764 0.9970796476440504
1059.6098928634901 -1508.579325209532 0.9970523977616965
1068.102922625212 -1465.175342973997 0.9970282311873776
1075.3854530597616 -1422.5791665266047 0.9970043070157355
1081.5625395440622 -1380.8049596267108 0.9969806432507448
1086.4792941704018 -1339.970702930852 0.9969573176759888
1089.9010024045326 -1300.270087487544 0.9969344540021545
1091.8928958013068 -1261.7935682329814 0.996912119198659
1104.5766201653976 -1226.7683321667337 0.9968916359204073
1104.0695822470002 -1190.5783094118003 0.996870318279896
1114.6873170659512 -1157.1717197470732 0.9968505010451407
1124.4397591349584 -1124.4789022607827 0.9968309769764367
1133.397207370082 -1092.570050602653 0.9968117960110336
1141.6471001915322 -1061.5111309966508 0.9967930065125726
1149.2918821355738 -1031.3678843854436 0.9967746575772232
1156.4563269808468 -1002.2034107276538 0.9967567974826157
1163.2979821344472 -974.074815739338 0.9967900885665055
1183.0918257932683 -945.4618255344134 0.9968288930598491
1190.0431776231314 -919.150868448509 0.9968650262378502
1210.7590733128234 -891.6584697219148 0.9969031683118927
1219.265582204521 -867.5080119191855 0.9969369428837555
1242.1910749400572 -842.435900804242 0.9969722200160871
1265.316040084088 -820.7045856339913 0.9970029345646265
1292.992776426917 -799.9685784573301 0.9970323320245145
1317.7080885936964 -785.7415807454507 0.9970525387972176
NaN NaN NaN
NaN NaN NaN
806.296586077047 518.5429636188484 0.99753739070469
547.6268755039059 578.4050148906067 0.9975100977822544
388.7059943553202 616.0547928655388 0.9974927614979615
272.55465898194944 642.6993528906245 0.9974804124120946
184.8818322947359 662.2059233959391 0.997471329174463
125.47128599137477 676.8331091111737 0.9974644943933961
80.13219736938255 688.6139492606768 0.9974589748417426
34.92956459996489 698.0793160419073 0.997454530563418
3.6185838830709294 706.2244561011729 0.9974506993316448
-27.607215890220537 712.8262965733755 0.9974475893718544
-58.69067585311652 717.8969966033274 0.9974451978626114
-76.26356851914186 723.5319265600206 0.9974425373552135
-93.8563522855529 728.3869596127837 0.9974402426313526
-111.43924779566649 732.4682377343808 0.9974383118715161
-128.98266801821566 735.7828373917258 0.9974367426325463
-146.4572478562814 738.3387619833642 0.9974355318538898
-163.83387358251758 740.1449336703977 0.997434675865271
-168.7356632691945 745.3993614705304 0.9974321838793945
-186.0200890271201 746.0708667965986 0.9974318652170455
-191.1713060202216 750.8723187413196 0.9974295854257229
-208.28329016836477 750.434052072613 0.9974297936125411
-213.63701687123665 754.7877416391848 0.9974277246872075
-230.497822195401 753.2690829377256 0.997428446579614
-236.0077127354355 757.1829777498144 0.9974265856625749
-241.69826289854177 761.0306809113379 0.9974247547757856
-258.1608844257603 758.1024893137171 0.9974261482532225
-263.94689353134095 761.5206601648231 0.9974245215219564
-269.89445830964985 764.868799483916 0.9974229270247092
-275.9995023387444 768.1435386371408 0.9974213664346016
-291.79791980479246 763.5343351993826 0.99742356267163
-297.92415808066266 766.3957176977945 0.9974221994947596
-304.1887124126309 769.1817626761731 0.9974208714481718
-310.5872911225224 771.889511992598 0.997419580003615
-317.1155111560807 774.516076304786 0.9974183266014321
-323.7689010807631 777.0586397350746 0.9974171126480189
-338.3080009554302 770.2867635998545 0.9974203445104242
-344.8820329608095 772.4456940882901 0.9974193146480745
-351.56225118830025 774.5213870213589 0.9974183240664698
-358.344080836132 776.5114947179599 0.997417373936709
-365.22287779178157 778.4137583889494 0.9974164653871889
-372.19393180424674 780.2260118739907 0.9974155995015397
-379.25246970103547 781.9461852160941 0.9974147773166419
-386.3936586472259 783.5723080686256 0.9974139998207263
-393.6126094447158 785.1025129298804 0.9974132679515628
-400.90437986934785 786.5350382010056 0.9974125825947409
-412.66981323463534 776.9706046335916 0.997417154691074
-419.73566359628046 778.0877502249201 0.9974166211184615
-426.8564663435333 779.1123562052732 0.9974161316383695
-434.02734589012385 780.0431804054093 0.9974156868719463
-441.2433924718536 780.8790926255059 0.9974152873847478
-448.4996654984395 781.6190765253742 0.997414933685678
-455.7911969260825 782.2622313207409 0.9974146262260355
-463.11299464852124 782.8077732840046 0.9974143653986685
-470.4600459043968 783.2550370477159 0.9974141515372392
-477.82732069842245 783.6034767097055 0.9974139849155996
-485.2097752342177 783.8526667386716 0.9974138657472789
-492.6023553564762 784.0023026794067 0.9974137941850836
500 784.0522016569705 0.9974137703208122
492.6023553564762 784.0023026794067 0.9974137941850836
485.2097752342177 783.8526667386716 0.9974138657472789
477.8273206984226 783.6034767097055 0.9974139849155996
470.46004590439685 783.2550370477159 0.9974141515372392
463.11299464852124 782.8077732840046 0.9974143653986685
455.7911969260825 782.2622313207409 0.9974146262260355
448.4996654984395 781.6190765253742 0.997414933685678
441.2433924718536 780.8790926255059 0.9974152873847478
434.02734589012385 780.0431804054093 0.9974156868719463
426.8564663435334 779.1123562052732 0.9974161316383695
419.73566359628046 778.0877502249201 0.9974166211184615
412.66981323463534 776.9706046335916 0.997417154691074
400.90437986934785 786.5350382010056 0.9974125825947409
393.6126094447159 785.1025129298804 0.9974132679515628
386.3936586472259 783.5723080686256 0.9974139998207263
379.2524697010355 781.9461852160941 0.9974147773166419
372.19393180424674 780.2260118739907 0.9974155995015397
365.22287779178157 778.4137583889494 0.9974164653871889
358.344080836132 776.5114947179599 0.997417373936709
351.56225118830025 774.5213870213589 0.9974183240664698
344.88203296080957 772.4456940882901 0.9974193146480745
338.30800095543026 770.2867635998545 0.9974203445104242
323.7689010807631 777.0586397350746 0.9974171126480189
317.1155111560807 774.516076304786 0.9974183266014321
310.5872911225224 771.889511992598 0.997419580003615
304.18871241263093 769.1817626761732 0.9974208714481718
297.9241580806627 766.3957176977945 0.9974221994947596
291.79791980479257 763.5343351993826 0.99742356267163
275.9995023387444 768.1435386371408 0.9974213664346016
269.89445830964985 764.868799483916 0.9974229270247092
263.94689353134095 761.5206601648231 0.9974245215219564
258.16088442576046 758.1024893137172 0.9974261482532225
241.69826289854177 761.0306809113379 0.9974247547757856
236.0077127354356 757.1829777498145 0.9974265856625749
230.497822195401 753.2690829377256 0.997428446579614
213.63701687123665 754.7877416391848 0.9974277246872075
208.28329016836477 750.434052072613 0.9974297936125411
191.17130602022172 750.8723187413198 0.9974295854257229
186.0200890271201 746.0708667965987 0.9974318652170455
168.73566326919462 745.3993614705305 0.9974321838793945
163.83387358251758 740.1449336703977 0.997434675865271
146.4572478562814 738.3387619833642 0.9974355318538898
128.98266801821566 735.7828373917258 0.9974367426325463
111.43924779566655 732.4682377343809 0.9974383118715161
93.85635228555302 728.3869596127838 0.9974402426313526
76.26356851914191 723.5319265600207 0.9974425373552135
58.69067585311652 717.8969966033274 0.9974451978626114
27.607215890220537 712.8262965733755 0.9974475893718544
-3.6185838830709294 706.2244561011729 0.9974506993316448
-34.929564599964856 698.0793160419075 0.997454530563418
-80.13219736938254 688.613949260677 0.9974589748417426
-125.47128599137473 676.8331091111743 0.9974644943933961
-184.8818322947359 662.2059233959391 0.997471329174463
-272.55465898194944 642.6993528906245 0.9974804124120946
-388.7059943553202 616.0547928655388 0.9974927614979615
-547.6268755039057 578.4050148906077 0.9975100977822544
-806.296586077047 518.5429636188484 0.99753739070469
NaN NaN NaN
NaN NaN NaN
-1317.7080885936964 -785.7415807454507 0.9970525387972176
-1292.992776426917 -799.9685784573301 0.9970323320245145
-1265.316040084088 -820.7045856339913 0.9970029345646265
-1242.1910749400572 -842.435900804242 0.9969722200160871
-1219.265582204521 -867.5080119191855 0.9969369428837555
-1210.7590733128234 -891.6584697219148 0.9969031683118927
-1190.0431776231314 -919.150868448509 0.9968650262378502
-1183.0918257932697 -945.4618255344117 0.9968288930598491
-1163.2979821344477 -974.0748157393369 0.9967900885665055
-1156.4563269808468 -1002.2034107276531 0.9967567974826157
-1149.291882135574 -1031.3678843854434 0.9967746575772232
-1141.6471001915322 -1061.5111309966508 0.9967930065125726
-1133.397207370082 -1092.570050602653 0.9968117960110336
-1124.4397591349589 -1124.4789022607822 0.9968309769764367
-1114.6873170659512 -1157.171719747073 0.9968505010451407
-1104.069582247001 -1190.5783094117992 0.996870318279896
-1104.5766201653978 -1226.7683321667332 0.9968916359204073
-1091.8928958013068 -1261.7935682329814 0.996912119198659
-1089.9010024045326 -1300.270087487544 0.9969344540021545
-1086.4792941704013 -1339.970702930853 0.9969573176759888
-1081.5625395440618 -1380.8049596267108 0.9969806432507448
-1075.3854530597628 -1422.579166526603 0.9970043070157355
-1068.1029226252135 -1465.1753429739956 0.9970282311873776
-1059.6098928634901 -1508.579325209532 0.9970523977616965
-1060.632346252308 -1557.9829209548764 0.9970796476440504
-1059.949250249847 -1608.8539186003627 0.9971074235743246
-1046.9510261591042 -1655.1833101084403 0.9971324721031636
-1042.715394656417 -1708.450521634493 0.9971609828554052
-1046.6163931191006 -1769.6620470678308 0.997193368417909
-1038.1042330129387 -1825.7548005651952 0.9972226955532347
-1037.1526089151844 -1890.328227781599 0.9972560470463474
-1033.5228221952207 -1956.605272885361 0.99728982828362
-1027.1153528686673 -2024.4694891054112 0.9973239523036996
-1026.9061265972687 -2102.211648333558 0.9973624718138258
-1023.2585512013104 -2181.9572070864137 0.997401359622597
-947.547085676902 -2191.331502651318 0.9974058899212022
-872.6322025350645 -2198.232705245804 0.9974092195678608
-798.6015422595297 -2202.7106710014777 0.9974113775824495
-725.5390821624643 -2204.8184821816535 0.9974123926993826
-660.8375379675072 -2214.311031188969 0.997416958929878
-596.6263844517931 -2221.8766673694067 0.9974205919790707
-532.968080695929 -2227.5466232228378 0.9974233110731411
-469.92369779230955 -2231.3545113548003 0.9974251354413678
-407.55286393698697 -2233.3362449217234 0.9974260843389156
-345.9137098716343 -2233.529962386969 0.9974261770746891
-290.4058774155581 -2242.576181644547 0.9974305036066995
-230.05714360627053 -2239.429098773572 0.9974289993502613
-175.2563718019933 -2245.438306443732 0.9974318708266106
-120.7067184835928 -2250.0225296304775 0.9974340590344555
-66.4475292626837 -2253.194909868109 0.9974355721337266
-12.521833516010059 -2254.975940506864 0.997436421189167
41.03196280637024 -2255.381628022963 0.9974366145463336
94.17197115302612 -2254.436946563024 0.9974361642714823
144.32319875844007 -2263.5096493372575 0.9974404851505773
196.8844472310387 -2259.970244922703 0.9974388004505528
247.1030109815503 -2266.5923190578205 0.9974419514700201
298.9411366733691 -2260.5171701960135 0.9974390608570325
349.091874266093 -2264.705482645313 0.9974410540756752
399.34028145271367 -2267.6997984696554 0.99744247803655
449.6538451036025 -2269.497453275991 0.9974433325055645
500 -2270.09684906505 0.9974436173439025
550.3461548963974 -2269.497453275991 0.9974433325055645
600.6597185472857 -2267.6997984696554 0.99744247803655
650.9081257339072 -2264.705482645313 0.9974410540756752
701.0588633266298 -2260.5171701960135 0.9974390608570325
752.8969890184485 -2266.5923190578205 0.9974419514700201
803.1155527689616 -2259.970244922703 0.9974388004505528
855.676801241559 -2263.5096493372575 0.9974404851505773
905.8280288469733 -2254.436946563024 0.9974361642714823
958.9680371936287 -2255.381628022963 0.9974366145463336
1012.5218335160093 -2254.975940506864 0.997436421189167
1015.2673802409627 -2111.5737423973314 0.9973670697896576
1018.4293935392377 -1994.266529947998 0.9973088232548785
1024.0223897166704 -1901.2954440865833 0.9972616683329218
1029.1881584094917 -1821.2399719098373 0.99722034735164
1034.9273405082417 -1753.31860401589 0.9971847607117813
1036.877682865727 -1687.8489589026149 0.9971499925076162
1046.326304879724 -1642.0208024027688 0.9971253795104373
1047.4296800205082 -1589.459412589919 0.9970968677570677
1057.7513090619523 -1554.7210792869312 0.9970778568781354
1059.8863761218727 -1513.504895709303 0.9970551268403212
1066.1441583015262 -1481.0869318300606 0.9970371151448673
1070.484072485704 -1449.779138636033 0.9970196076993699
1080.0598137227676 -1426.1458475616173 0.9970063181688995
1088.3123312868545 -1403.1508164992013 0.9969933263654488
1095.2708732741316 -1380.8529753803448 0.9969806705652079
1100.9662629164354 -1359.3082251499975 0.9969683878069692
1105.4313347224406 -1338.569285918676 0.9969565137224813
1116.980212944067 -1323.584554776686 0.996947903127142
1119.293286623476 -1304.2575970863634 0.9969367587304307
1129.1730943312327 -1290.1316496666454 0.9969285857299341
1138.3536681077167 -1276.3339358331643 0.9969205800364226
1137.7376265185005 -1259.2200869467113 0.9969106191290283
1145.3640048240736 -1246.4544474183278 0.9969031665320235
1152.3393983881963 -1234.0904187864833 0.9968959300056323
1158.6793433637515 -1222.1481366320031 0.9968889230983207
1174.25004811813 -1213.1033385666296 0.9968836049453583
1179.5312239150587 -1201.7552852361637 0.996876918732755
1184.2151564291714 -1190.8812334466174 0.9968704973657525
1188.3164024747512 -1180.4956113497324 0.9968643512097549
1202.38287525246 -1171.9011022067673 0.9968592552398928
1205.5152433325106 -1162.2297767990578 0.9968535101726783
1218.9646096732936 -1153.817067321807 0.9968485036021747
1221.1691048720345 -1144.9096418211668 0.9968431933101308
1234.032470558448 -1136.7298732321983 0.9968383083757444
1235.3538394379716 -1128.628054223781 0.9968334620081897
1247.6661529231749 -1120.729930908301 0.9968287298262435
1259.8021119740174 -1112.862889856371 0.9968240087356297
1259.9521506097174 -1105.8985905025331 0.9968198231072175
1271.6004622688697 -1098.3860187339492 0.9968153013355863
1283.1065557980787 -1090.946852521867 0.9968108169609239
1294.4800817506018 -1083.600986869025 0.9968063821927758
1293.2369357450525 -1078.2283267478342 0.9968031344867634
1304.1836160510206 -1071.3830892871547 0.9967989915025367
1315.1266215607238 -1064.651340307151 0.9967949115992863
1326.1350434659958 -1058.0361438439047 0.9967908969115232
1337.2965006864472 -1051.5397466178133 0.9967869490825622
1348.7346869934402 -1045.1586799979539 0.9967830662785448
1360.6321887851257 -1038.8794481619 0.996779240537267
1373.2761632439465 -1032.6693484681273 0.9967754521268457
1385.6641670756917 -1027.0935995877162 0.9967720466331348
NaN NaN NaN
NaN NaN NaN
NaN NaN NaN
NaN NaN NaN
NaN NaN NaN
NaN NaN NaN
NaN NaN NaN
NaN NaN NaN
NaN NaN NaN
NaN NaN NaN
NaN NaN NaN
972.3927841097782 712.8262965733755 0.9974475893718544
941.3093241468838 717.8969966033274 0.9974451978626114
923.7364314808591 723.5319265600206 0.9974425373552135
906.1436477144406 728.3869596127837 0.9974402426313526
888.5607522043279 732.4682377343808 0.9974383118715161
871.0173319817915 735.7828373917258 0.9974367426325463
853.5427521437063 738.3387619833642 0.9974355318538898
836.1661264174699 740.1449336703977 0.997434675865271
831.2643367308145 745.3993614705304 0.9974321838793945
813.9799109728675 746.0708667965986 0.9974318652170455
808.8286939797783 750.8723187413196 0.9974295854257229
791.7167098316226 750.434052072613 0.9974297936125411
786.3629831287759 754.7877416391848 0.9974277246872075
769.502177804599 753.2690829377256 0.997428446579614
763.9922872645762 757.1829777498144 0.9974265856625749
758.3017371014712 761.0306809113379 0.9974247547757856
741.8391155742524 758.1024893137171 0.9974261482532225
736.0531064686592 761.5206601648231 0.9974245215219564
730.1055416903372 764.868799483916 0.9974229270247092
724.0004976612556 768.1435386371408 0.9974213664346016
708.2020801952075 763.5343351993826 0.99742356267163
702.07584191935 766.3957176977945 0.9974221994947596
695.8112875873693 769.1817626761731 0.9974208714481718
689.4127088774775 771.889511992598 0.997419580003615
682.8844888439066 774.516076304786 0.9974183266014321
676.231098919237 777.0586397350746 0.9974171126480189
661.6919990445828 770.2867635998545 0.9974203445104242
655.1179670391905 772.4456940882901 0.9974193146480745
648.4377488117126 774.5213870213589 0.9974183240664698
641.6559191638551 776.5114947179599 0.997417373936709
634.7771222082187 778.4137583889494 0.9974164653871889
627.8060681957533 780.2260118739907 0.9974155995015397
620.7475302989516 781.9461852160941 0.9974147773166419
613.6063413527612 783.5723080686256 0.9974139998207263
606.3873905552714 785.1025129298804 0.9974132679515628
599.0956201306393 786.5350382010056 0.9974125825947409
587.3301867653646 776.9706046335916 0.997417154691074
580.2643364037324 778.0877502249201 0.9974166211184615
573.1435336564796 779.1123562052732 0.9974161316383695
565.9726541098761 780.0431804054093 0.9974156868719463
558.7566075281334 780.8790926255059 0.9974152873847478
551.5003345015476 781.6190765253742 0.997414933685678
544.2088030739175 782.2622313207409 0.9974146262260355
536.8870053514787 782.8077732840046 0.9974143653986685
529.5399540956154 783.2550370477159 0.9974141515372392
522.1726793015775 783.6034767097055 0.9974139849155996
514.7902247657784 783.8526667386716 0.9974138657472789
507.3976446435238 784.0023026794067 0.9974137941850836
