0 71.91939032551099
-3.0633478076060583 71.88360291367272
-6.124601890612144 71.77626751134811
-9.181669943699509 71.59746459469447
-12.232462499181635 71.34732821262686
-15.274894343494914 71.02604586985564
-18.529926715588964 71.77802369466899
-21.586194764491065 71.3086494893926
-24.627709218174232 70.76801068417586
-27.98523285123918 71.27793392921677
-31.02719718375095 70.58647191929714
-34.45289819382536 70.92543310055608
-37.48603966085869 70.08126704534034
-40.96949791669674 70.24372068152958
-44.49532284876891 70.30928666445199
-47.51481554275869 69.22644642762334
-51.08175744412392 69.10731926477477
-54.68199125141542 68.88614253211937
-58.312241713893805 68.56105907549436
-61.96916730188849 68.1303071102656
-65.64936305327069 67.59222238752801
-69.34936349149359 66.94524027578458
-73.8421773908866 67.1106777126807
-77.60220764336385 66.2199965048047
-82.20880859400137 66.09419133566696
-86.01211212010038 64.9514573814899
-90.71318286682312 64.52323957348304
-95.46835642139042 63.92754792525842
-100.27189903564229 63.16126288760755
-105.11796715802402 62.22144674403297
-110.00061308757523 61.10534734837828
-115.94801534907357 60.50960750147716
-121.97049637126992 59.675433190862165
-128.05966902353632 58.59858995160158
-134.2069999064163 57.27511937039708
-140.40381796635893 55.70134417739114
-147.79481259397488 54.423388994142364
-156.43570599371384 53.342669429381175
-163.98579993723513 51.38682609533925
-172.80265452908256 49.55355795615236
-182.93182765812185 47.73861090581123
-193.16069117961243 45.450214842740586
-204.74255305229414 43.03282982322116
-217.7097116714314 40.376302703179825
-232.08904030457703 37.36845171379003
-247.90191775174765 33.89531464280645
-266.49524745811766 30.04960567823008
-287.91802805200035 25.60515586659803
-310.8521669210269 20.19786832588183
-339.392335300572 14.001285247174673
-372.24051046898296 6.498462418315698
-401.10732643026705 -2.7980335094762614
-403.5357540178109 -13.321014235040105
-405.6883936121892 -23.905091178769162
-407.56368070209163 -34.543049819231285
-409.16023891729026 -45.227634432145706
-410.4768812206087 -55.951553488314914
-411.5126109782277 -66.70748611692662
-412.2666229174138 -77.48809313302685
-412.73830406132845 -88.28606275422915
-412.92987617379833 -100
-412.83318287217725 -109.90344500254581
-412.45612289628383 -120.7088854378198
-411.79621211833313 -131.5018858699149
-410.8538059746014 -142.27511711485374
-409.6294540010468 -153.0211945896697
-408.1238998735312 -163.73273717638492
-406.3380811826098 -174.40237961269375
-404.2731290569006 -185.02277938612542
-401.930367646787 -195.58662243230825
-399.3066897795721 -206.0947838219156
-396.38561814571733 -216.56565570905659
-393.17322777577533 -226.9750662798418
-389.6767773487045 -237.3031974656908
-385.9023293280854 -247.5359389810012
-381.8552107346184 -257.66237392031604
-377.5402953215257 -267.6734486010655
-372.9622035424269 -277.56122222046287
-368.12539607695317 -287.31847492713456
-363.03427234389255 -296.93844750712987
-357.6932177064957 -306.4147041935127
-352.1066454927261 -315.74104353912054
-346.2790253324926 -324.91144635851407
-340.2148952891536 -333.92004829887867
-333.918897523598 -342.7611132639841
-327.39574533338464 -351.4290402327555
-320.6502613639569 -359.9183446471303
-313.68739969972245 -368.22365622137653
-306.51218693735916 -376.3397328984205
-299.12977326939216 -384.2614502847394
-291.54543073504607 -391.98380800700886
-283.76451082209377 -399.5019338298381
-275.7925038906662 -406.81108541314984
-267.6349821335846 -413.90665328030997
-259.29762713154093 -420.784164048761
-250.78622539663283 -427.4392847491412
-242.10666393656967 -433.8678265883415
-233.2648892634095 -440.0657342614393
-224.26699958614878 -446.0291204464226
-215.1191228995809 -451.7542268584488
-205.82750406542445 -457.23746017821344
-196.39846227160234 -462.4753798602536
-186.83838882404928 -467.46469916123056
-177.15374984341153 -472.20229033852337
-167.35108206346337 -476.68518656276825
-157.43698864541722 -480.91058363180446
-147.41813267573286 -484.8758389165685
-137.30122673353736 -488.578463534143
-127.09306090280384 -492.0161612462896
-116.80045600711617 -495.18678064321364
-106.43028205641902 -498.0883393964503
-95.98946037506022 -500.7190383343534
-85.48494153905921 -503.07723218943096
-74.92371465066877 -505.161451122358
-64.31280446641784 -506.97040952147023
-53.65925424212767 -508.5029710653452
-42.97013490923623 -509.7581803816556
-32.25253912298683 -510.7352662929683
-21.513571966711993 -511.4336199525467
-10.76035055031606 -511.8528062522759
0 -511.9925640405138
10.760350550315872 -511.85280625227597
21.51357196671185 -511.4336199525467
32.25253912298683 -510.7352662929683
42.970134909236045 -509.7581803816556
53.65925424212748 -508.50297106534526
64.31280446641784 -506.97040952147023
74.92371465066861 -505.161451122358
85.48494153905898 -503.07723218943096
95.98946037506022 -500.7190383343534
106.4302820564188 -498.0883393964503
116.80045600711598 -495.1867806432137
127.09306090280384 -492.0161612462896
137.3012267335372 -488.5784635341431
147.41813267573272 -484.8758389165685
157.43698864541722 -480.91058363180446
167.35108206346322 -476.68518656276825
177.15374984341142 -472.20229033852337
186.83838882404928 -467.46469916123056
196.3984622716023 -462.47537986025367
205.8275040654244 -457.2374601782135
215.1191228995809 -451.7542268584488
224.26699958614878 -446.0291204464226
233.2648892634095 -440.0657342614393
242.10666393656967 -433.8678265883415
250.78622539663263 -427.4392847491412
259.2976271315408 -420.7841640487611
267.6349821335846 -413.90665328030997
275.7925038906661 -406.8110854131499
283.76451082209377 -399.50193382983826
291.54543073504607 -391.98380800700886
299.129773269392 -384.26145028473945
306.51218693735916 -376.33973289842055
313.68739969972233 -368.2236562213767
320.65026136395676 -359.91834464713037
327.3957453333847 -351.4290402327555
333.918897523598 -342.7611132639841
340.2148952891536 -333.92004829887867
346.2790253324925 -324.91144635851435
352.10664549272605 -315.74104353912054
357.6932177064953 -306.41470419351305
363.03427234389255 -296.93844750712987
368.12539607695317 -287.31847492713456
372.9622035424269 -277.56122222046287
377.5402953215257 -267.67344860106556
381.85521073461837 -257.6623739203164
385.9023293280854 -247.53593898100127
389.6767773487043 -237.30319746569103
393.17322777577533 -226.9750662798418
396.38561814571733 -216.56565570905659
399.30668977957197 -206.0947838219161
401.930367646787 -195.58662243230864
404.2731290569006 -185.02277938612562
406.33808118260976 -174.40237961269403
408.1238998735312 -163.73273717638492
409.6294540010468 -153.0211945896697
410.8538059746014 -142.27511711485374
411.79621211833313 -131.5018858699149
412.45612289628383 -120.7088854378198
412.83318287217725 -109.90344500254581
412.92987617379833 -100
412.73830406132845 -88.28606275422915
412.2666229174139 -77.48809313302701
411.5126109782277 -66.70748611692662
410.4768812206088 -55.95155348831583
409.16023891729026 -45.227634432145706
407.56368070209163 -34.543049819231285
405.6883936121892 -23.905091178769162
403.535754017811 -13.321014235040476
401.10732643026716 -2.7980335094763933
372.24051046898296 6.498462418315485
339.392335300572 14.001285247174673
310.8521669210269 20.19786832588183
287.91802805200035 25.60515586659803
266.49524745811766 30.04960567823001
247.90191775174765 33.89531464280646
232.08904030457708 37.3684517137899
217.7097116714314 40.376302703179825
204.74255305229414 43.03282982322116
193.16069117961243 45.450214842740586
182.93182765812196 47.738610905811036
172.8026545290826 49.553557956152275
163.98579993723513 51.38682609533919
156.43570599371384 53.342669429381175
147.79481259397488 54.423388994142364
140.40381796635893 55.70134417739114
134.2069999064164 57.27511937039694
128.05966902353634 58.59858995160158
121.97049637126993 59.67543319086213
115.94801534907357 60.50960750147716
110.00061308757523 61.10534734837828
105.11796715802402 62.22144674403297
100.2718990356424 63.16126288760749
95.46835642139047 63.927547925257684
90.71318286682315 64.52323957348302
86.01211212010038 64.9514573814899
82.20880859400137 66.09419133566696
77.60220764336385 66.2199965048047
73.84217739088668 67.1106777126806
69.34936349149362 66.94524027578458
65.6493630532707 67.59222238752801
61.96916730188849 68.1303071102656
58.312241713893805 68.56105907549436
54.68199125141542 68.88614253211937
51.08175744412399 69.10731926477476
47.51481554275874 69.22644642762334
44.495322848768936 70.30928666445193
40.96949791669674 70.24372068152958
37.48603966085869 70.08126704534034
34.45289819382536 70.92543310055608
31.027197183750996 70.58647191929711
27.985232851239225 71.27793392921676
24.627709218174285 70.76801068417585
21.586194764491065 71.3086494893926
18.529926715588964 71.77802369466899
15.274894343494914 71.02604586985564
12.232462499181679 71.34732821262685
9.181669943699552 71.59746459469446
6.124601890612189 71.77626751134811
3.0633478076060583 71.88360291367272
