0 274.2893903255085
-4.269031880705218 274.2500112573438
-8.535143721172009 274.1319103486085
-12.795417466758321 273.9351964413271
-17.046939032698145 273.6600507876246
-21.286800285741812 273.30672682317794
-25.73514180653499 274.01971518159297
-29.979780909619247 273.5045065479008
-34.20391387281183 272.9113093720452
-38.73749296305744 273.3620891776879
-42.94814369075613 272.60505506049697
-47.53436107474853 272.8721890262104
-51.7190535344721 271.9501309547483
-56.34430818624908 272.0288343771994
-61.00139238728583 272.00501435443323
-65.14083191467725 270.8273899940097
-69.81564065826205 270.608332958795
-74.51090204000073 270.282347056778
-79.22259033194393 269.84785501768437
-83.94662284095222 269.3033876852431
-88.67886326312816 268.6475854597056
-93.41512510304133 267.87919962078155
-98.92770693323476 267.91987348712604
-103.69031274761458 266.9014048915111
-109.28160977603665 266.64513333335265
-114.05105503431339 265.3696067099711
-119.69905102231662 264.80662966680563
-125.38128435201456 264.0745779872024
-131.09138591476545 263.1707029860903
-136.82289084881307 262.0924419228295
-142.569244619024 260.8374207371221
-149.3580338079715 260.1026624071373
-156.19900419983242 259.1297541564196
-163.08320771226434 257.9148427703847
-170.00156607133457 256.45435004735884
-176.94487979981483 254.74497683135408
-185.05732667744996 253.33322269821116
-194.3941344613533 252.12087398980887
-202.6141279782247 250.03593677232826
-212.07440821693328 248.07646913337683
-222.82009209450416 246.13856871894606
-233.63812894056545 243.73080878049248
-245.78142292384777 241.19798331814604
-259.28188766213043 238.4302627327589
-274.1660309215673 235.3157774361074
-290.45488552745564 231.74086509436336
-309.49502871398613 227.7985265651677
-331.33515288586494 223.2628654839129
-354.6568794042197 217.77004264266893
-383.5546138713049 211.493842199182
-416.7300885074411 203.91754545225302
-456.9850853722386 194.74020253341737
-507.1708250811875 183.35859679355696
-570.1693861507471 168.8664267333305
-653.1002104326523 149.7886105813274
-765.9699658735587 123.65350253925008
-930.1815569817745 85.66885006410308
NaN NaN
NaN NaN
NaN NaN
-1106.3130083117314 -240.9774707718537
-1094.0597283613004 -258.52863679964304
-1082.9956433835262 -279.65769304068925
-1073.864131217368 -300.9428201293712
-1065.7998845921816 -322.5298615374288
-1059.1640131209917 -344.7271711700155
-1053.712355449008 -367.5015243637493
-1048.2463947268088 -390.75456709703985
-1043.8846188536484 -414.0856110948697
-1039.2927274602982 -437.75721840457226
-1035.6078464097118 -461.5954439052318
-1032.749711417125 -485.71390007025303
-1029.4127108856728 -510.25088932877094
-1026.7623972061826 -535.1896504074294
-1023.5102170511584 -560.5653448944488
-1020.821994411622 -586.4548463011143
-1018.630725249793 -612.9571275161774
-1015.6715336508585 -639.9552819474187
-1014.2718606571256 -667.9161425878119
-1011.9789252449824 -696.4578563274365
-1009.9102177461405 -725.8737474801383
-1007.984330607955 -756.2405231010858
-1006.1158157559319 -787.6293583580356
-1004.2152851145673 -820.1055981545456
-1003.2762289772711 -854.2425950183532
-1002.0742618791421 -889.658928599409
-994.2398444827758 -922.8419372734526
-971.9103186497099 -948.1756948259698
-948.965658124446 -972.8824216598329
-925.4234645415506 -996.9499238881917
-901.3235280494303 -1020.3675691662597
-876.7145963734348 -1043.1304817827256
-851.6033587096608 -1065.233984160074
-825.9973180184609 -1086.6718833493348
-799.9053739553647 -1107.4368351923056
-773.3376504670726 -1127.5206298304295
-746.305431539556 -1146.9144459795825
-718.8209579201294 -1165.6090172734316
-690.8974457489377 -1183.5948258751014
-662.5488978899256 -1200.8621977381601
-633.7901701413127 -1217.401477219179
-604.6367428358066 -1233.203036512644
-575.1047920190866 -1248.2574235448255
-545.2110695075406 -1262.555387582972
-514.9729232506312 -1276.0879905623765
-484.4081445657065 -1288.8465632348177
-453.5350552087782 -1300.822862309072
-422.3723388089279 -1312.008974938204
-390.93913353790305 -1322.397488090312
-359.254912102537 -1331.9814233569932
-327.33947167574627 -1340.7542798942304
-295.21291601284287 -1348.7100765016821
-262.89561164575963 -1355.843349484371
-230.40815854008932 -1362.149160807931
-197.77137561815357 -1367.623143264725
-165.00626099963594 -1372.2614877519534
-132.13396262893139 -1376.0609328825644
-99.17576704262426 -1379.0188314799784
-66.15305862603788 -1381.1331060747364
-33.08729882802071 -1382.402270980274
0 -1382.8254247991626
33.08729882802019 -1382.402270980274
66.15305862603739 -1381.1331060747364
99.17576704262426 -1379.0188314799784
132.13396262893082 -1376.0609328825644
165.00626099963543 -1372.2614877519534
197.77137561815357 -1367.623143264725
230.40815854008892 -1362.149160807931
262.8956116457589 -1355.843349484371
295.21291601284287 -1348.7100765016821
327.3394716757458 -1340.7542798942304
359.25491210253665 -1331.9814233569932
390.93913353790305 -1322.397488090312
422.37233880892757 -1312.0089749382043
453.5350552087777 -1300.8228623090722
484.4081445657065 -1288.8465632348177
514.9729232506307 -1276.0879905623767
545.2110695075403 -1262.5553875829723
575.1047920190866 -1248.2574235448255
604.6367428358064 -1233.203036512644
633.7901701413127 -1217.401477219179
662.5488978899256 -1200.8621977381601
690.8974457489377 -1183.5948258751014
718.8209579201294 -1165.6090172734316
746.305431539556 -1146.9144459795825
773.3376504670724 -1127.5206298304295
799.9053739553646 -1107.4368351923054
825.9973180184609 -1086.6718833493348
851.60335870966 -1065.2339841600744
876.714596373434 -1043.130481782727
901.3235280494303 -1020.3675691662597
925.4234645415498 -996.9499238881926
948.9656581244456 -972.8824216598333
971.9103186497097 -948.1756948259699
994.2398444827755 -922.8419372734528
1002.0742618791425 -889.6589285994089
1003.2762289772711 -854.2425950183532
1004.2152851145673 -820.1055981545456
1006.1158157559317 -787.629358358036
1007.984330607955 -756.2405231010858
1009.9102177461399 -725.8737474801387
1011.9789252449824 -696.4578563274365
1014.2718606571256 -667.9161425878119
1015.6715336508585 -639.9552819474187
1018.630725249793 -612.9571275161775
1020.8219944116223 -586.4548463011139
1023.5102170511584 -560.5653448944488
1026.7623972061822 -535.1896504074306
1029.4127108856728 -510.25088932877094
1032.749711417125 -485.71390007025303
1035.607846409711 -461.59544390523314
1039.2927274602978 -437.757218404574
1043.8846188536484 -414.0856110948693
1048.246394726808 -390.7545670970424
1053.712355449008 -367.5015243637493
1059.1640131209917 -344.7271711700155
1065.7998845921816 -322.5298615374288
1073.864131217368 -300.9428201293712
1082.9956433835262 -279.65769304068925
1094.0597283613004 -258.52863679964304
1106.3130083117314 -240.9774707718537
NaN NaN
NaN NaN
NaN NaN
930.1815569817747 85.66885006410128
765.9699658735587 123.65350253925008
653.1002104326523 149.7886105813274
570.1693861507471 168.8664267333305
507.17082508118756 183.35859679355647
456.9850853722387 194.74020253341723
416.7300885074411 203.91754545225282
383.5546138713049 211.493842199182
354.6568794042197 217.77004264266893
331.33515288586494 223.2628654839129
309.49502871398613 227.79852656516763
290.45488552745564 231.7408650943634
274.16603092156737 235.31577743610728
259.28188766213043 238.4302627327589
245.78142292384777 241.19798331814604
233.63812894056545 243.73080878049248
222.82009209450428 246.13856871894586
212.0744082169333 248.07646913337675
202.6141279782247 250.03593677232817
194.3941344613533 252.12087398980887
185.05732667744996 253.33322269821116
176.94487979981483 254.74497683135408
170.00156607133465 256.45435004735873
163.08320771226437 257.9148427703847
156.19900419983242 259.12975415641955
149.3580338079715 260.1026624071373
142.569244619024 260.8374207371221
136.82289084881307 262.0924419228295
131.09138591476557 263.17070298609025
125.3812843520146 264.0745779872017
119.69905102231665 264.80662966680563
114.05105503431339 265.3696067099711
109.28160977603665 266.64513333335265
103.69031274761458 266.9014048915111
98.92770693323483 267.9198734871259
93.41512510304136 267.87919962078155
88.67886326312818 268.6475854597056
83.94662284095222 269.3033876852431
79.22259033194393 269.84785501768437
74.51090204000073 270.282347056778
69.81564065826213 270.608332958795
65.14083191467729 270.8273899940097
61.00139238728586 272.0050143544332
56.34430818624908 272.0288343771994
51.7190535344721 271.9501309547483
47.53436107474853 272.8721890262104
42.94814369075618 272.6050550604969
38.737492963057484 273.3620891776879
34.20391387281189 272.9113093720452
29.979780909619247 273.5045065479008
25.73514180653499 274.01971518159297
21.286800285741812 273.30672682317794
17.046939032698187 273.6600507876246
12.795417466758364 273.9351964413271
8.535143721172053 274.1319103486085
4.269031880705218 274.2500112573438
