0 314.7633903255106
-4.51016869532505 314.723292926078
-9.017252087283982 314.60303891606014
-13.518166971370084 314.40274281065103
-18.00983433940161 314.1225953026272
-22.48918147419119 313.762863013845
-27.176184824724196 314.46805347897777
-31.658498138644884 313.9436779596055
-36.11915480373903 313.339969109616
-40.88794498542109 313.7789202273852
-45.33233299215717 313.0087716887343
-50.150653650933165 313.2615402113382
-54.565656309194786 312.3239037366299
-59.41927024015955 312.38585711633647
-64.30260629498922 312.34415989242996
-68.66603518906174 311.147578707287
-73.56241730108968 310.90853569759906
-78.47668419771819 310.56158796170973
-83.40466005555396 310.10521420612287
-88.34211394876496 309.5380038002381
-93.28476330509966 308.85865807414166
-98.22827742535088 308.0659914897778
-103.94481284170439 308.08171264201775
-108.90793376846473 307.0376865688529
-114.6961700124437 306.7553217328866
-119.658843617156 305.45323657567053
-125.49622465341533 304.8633076854675
-131.36386993813844 304.1039839995912
-137.25528329058858 303.17259100578417
-143.1638755869721 302.06664095858935
-149.08297092531376 300.7838354148736
-156.0400374997511 300.02127338827205
-163.04470576554462 299.0206183495317
-170.08791545000994 297.7780933341414
-177.16047930431822 296.29019618274845
-184.253092166506 294.553703362144
-192.50982949414498 293.11518943902496
-201.9858201548812 291.87651490189745
-210.33979358642262 289.7657589077261
-219.92875895450342 287.7810513688217
-230.79774498178062 285.81856028157307
-241.73361649275606 283.38692756804227
-253.9891968981585 280.83101401712963
-267.59632286026715 278.04105473867656
-282.5814290449654 274.90524258057076
-298.9654790825979 271.3099751846746
-318.0949849651598 267.3483107425553
-340.01857785263786 262.7944074073766
-363.41782190085826 257.2844775060264
-392.3870695854515 250.99235358958347
-425.62800411513274 243.40136205904133
-465.9423626865839 234.21059471685052
-516.1813252317344 222.81687302348212
-579.2269337907757 208.31392990841715
-662.198597971456 189.2267142400208
-775.1029577307909 163.08360697400605
-939.3428938610159 125.0923783509675
NaN NaN
NaN NaN
NaN NaN
-1142.9336333034876 -312.8076564988146
-1128.554331763962 -328.794294964299
-1115.2118833008542 -348.15598451515746
-1104.0425829340995 -367.77910465795793
-1094.131249354226 -387.7910426158821
-1085.790914466727 -408.47348080425013
-1078.7644060150215 -429.79344272794157
-1071.8448983518344 -451.6559644208566
-1066.1569543136288 -473.67925748035145
-1060.3372174524386 -496.10458359490923
-1055.5186937425594 -518.7624183010939
-1051.605656619899 -541.7556214209305
-1047.2795437784976 -565.2123218658895
-1043.7003945334168 -589.1138128260934
-1039.5732953362692 -613.4912589592407
-1036.0576780430954 -638.4164257685945
-1033.0808271067217 -663.983121294551
-1029.3776512452155 -690.0774801662843
-1027.2639347227596 -717.149571394786
-1024.2928749071316 -744.8301586047
-1021.5751431150716 -773.402812276774
-1019.0273242944171 -802.9422905563827
-1016.562374839778 -833.5182969677945
-1014.0896305725216 -865.195111523001
-1012.5961407076136 -898.5330867794924
-1010.8623134083293 -933.1620914942595
-1008.7839649752893 -969.1251672298184
-1006.254183536665 -1006.4582970308011
-1005.1788666153151 -1046.500299121288
-1003.5809045912307 -1088.1101426570515
-1001.3775761313125 -1131.3337242903933
-992.8264314740469 -1171.63975230241
-964.531997992932 -1196.6095089606442
-935.6602339928482 -1220.8427014286706
-906.2223253444555 -1244.32862395212
-876.2307468926864 -1267.0558807132295
-845.6991973985537 -1289.0126281306425
-814.6423951055714 -1310.1867312489496
-783.07609514472 -1330.5659491485917
-751.0168992963335 -1350.1380233689574
-718.482320678912 -1368.890846970078
-685.4905533804256 -1386.812469257556
-652.0605418425388 -1403.8912399606693
-618.2118587857927 -1420.1158317001543
-583.9647234983256 -1435.4753488780946
-549.3398466505952 -1449.9592816741692
-514.3585151867734 -1463.5576617337863
-479.04242111396803 -1476.2609651791045
-443.41375183822663 -1488.0602811938281
-407.49506742070184 -1498.947245921192
-371.3092878666343 -1508.9140848534205
-334.8796725276623 -1517.9536545223893
-298.22977347880317 -1526.0594400235314
-261.3834033263951 -1533.225562948807
-224.36461786283473 -1539.4468264778814
-187.1976733501963 -1544.7187025345265
-149.90699416983242 -1549.037321319789
-112.51715861629646 -1552.399537906722
-75.0528550970686 -1554.8028876442208
-37.538858306841696 -1556.2456082770088
0 -1556.726632443168
37.53885830684106 -1556.2456082770088
75.05285509706802 -1554.8028876442208
112.51715861629646 -1552.399537906722
149.9069941698318 -1549.037321319789
187.19767335019574 -1544.7187025345265
224.36461786283473 -1539.4468264778814
261.38340332639467 -1533.225562948807
298.22977347880243 -1526.0594400235314
334.8796725276623 -1517.9536545223893
371.3092878666337 -1508.9140848534205
407.49506742070145 -1498.947245921192
443.41375183822663 -1488.0602811938281
479.0424211139677 -1476.260965179105
514.3585151867728 -1463.5576617337865
549.3398466505952 -1449.9592816741692
583.9647234983252 -1435.4753488780948
618.2118587857923 -1420.1158317001548
652.0605418425388 -1403.8912399606693
685.4905533804254 -1386.812469257556
718.482320678912 -1368.890846970078
751.0168992963335 -1350.1380233689574
783.07609514472 -1330.5659491485917
814.6423951055714 -1310.1867312489496
845.6991973985537 -1289.0126281306425
876.2307468926862 -1267.0558807132295
906.2223253444554 -1244.3286239521199
935.6602339928482 -1220.8427014286706
964.5319979929309 -1196.6095089606447
992.8264314740459 -1171.6397523024114
1001.3775761313125 -1131.3337242903933
1003.5809045912299 -1088.110142657053
1005.1788666153145 -1046.5002991212884
1006.2541835366648 -1006.4582970308012
1008.7839649752891 -969.1251672298187
1010.8623134083297 -933.1620914942594
1012.5961407076136 -898.5330867794924
1014.0896305725216 -865.195111523001
1016.5623748397779 -833.518296967795
1019.0273242944171 -802.9422905563827
1021.5751431150709 -773.4028122767744
1024.2928749071316 -744.8301586047
1027.2639347227596 -717.149571394786
1029.3776512452155 -690.0774801662843
1033.0808271067217 -663.9831212945511
1036.0576780430956 -638.4164257685942
1039.573295336269 -613.4912589592407
1043.7003945334163 -589.1138128260945
1047.2795437784976 -565.2123218658895
1051.605656619899 -541.7556214209305
1055.5186937425588 -518.7624183010951
1060.3372174524382 -496.10458359491093
1066.1569543136288 -473.6792574803511
1071.844898351833 -451.655964420859
1078.7644060150215 -429.79344272794157
1085.790914466727 -408.47348080425013
1094.131249354226 -387.7910426158821
1104.0425829340995 -367.77910465795793
1115.2118833008542 -348.15598451515746
1128.554331763962 -328.794294964299
1142.9336333034876 -312.8076564988146
NaN NaN
NaN NaN
NaN NaN
939.3428938610161 125.09237835096569
775.1029577307909 163.08360697400605
662.198597971456 189.2267142400208
579.2269337907757 208.31392990841715
516.1813252317345 222.81687302348163
465.94236268658403 234.21059471685038
425.62800411513274 243.40136205904113
392.3870695854515 250.99235358958347
363.41782190085826 257.2844775060264
340.01857785263786 262.7944074073766
318.0949849651598 267.34831074255527
298.9654790825979 271.30997518467467
282.58142904496543 274.90524258057064
267.59632286026715 278.04105473867656
253.9891968981585 280.83101401712963
241.73361649275606 283.38692756804227
230.79774498178074 285.8185602815729
219.92875895450345 287.7810513688216
210.33979358642262 289.765758907726
201.9858201548812 291.87651490189745
192.50982949414498 293.11518943902496
184.253092166506 294.553703362144
177.1604793043183 296.29019618274833
170.08791545000997 297.7780933341414
163.04470576554462 299.0206183495316
156.0400374997511 300.02127338827205
149.08297092531376 300.7838354148736
143.1638755869721 302.06664095858935
137.2552832905887 303.1725910057841
131.3638699381385 304.10398399959047
125.49622465341535 304.8633076854675
119.658843617156 305.45323657567053
114.6961700124437 306.7553217328866
108.90793376846473 307.0376865688529
103.94481284170446 308.08171264201764
98.22827742535091 308.0659914897778
93.28476330509967 308.85865807414166
88.34211394876496 309.5380038002381
83.40466005555396 310.10521420612287
78.47668419771819 310.56158796170973
73.56241730108975 310.90853569759906
68.66603518906179 311.147578707287
64.30260629498925 312.3441598924299
59.41927024015955 312.38585711633647
54.565656309194786 312.3239037366299
50.150653650933165 313.2615402113382
45.33233299215722 313.00877168873427
40.887944985421136 313.7789202273852
36.119154803739086 313.339969109616
31.658498138644884 313.9436779596055
27.176184824724196 314.46805347897777
22.48918147419119 313.762863013845
18.009834339401653 314.1225953026272
13.518166971370126 314.40274281065103
9.017252087284026 314.60303891606014
4.51016869532505 314.723292926078
