0 241.01839032550805
-4.070809244958407 240.9796017499945
-8.138834301571489 240.86327076349997
-12.201292873984245 240.6695015445087
-16.255406450069025 240.39846758461528
-20.298402190152068 240.0504114800038
-24.550555596667593 240.7698099710309
-28.599818441691394 240.26213682811095
-32.62952090416829 239.6775806047187
-36.969748503995795 240.13808399276857
-40.98825926502816 239.39183037457164
-45.383679889240824 239.67077322148535
-49.379049558640745 238.76152112557446
-53.81658514193285 238.85399365096106
-58.28768264959746 238.8448692935376
-62.242995324717526 237.6828280856377
-66.73566324848002 237.48020019893067
-71.2508946730635 237.17144563492735
-75.78478725406111 236.75494110854424
-80.33338015063157 236.22916935342514
-84.89265729642278 235.59272068343196
-89.45855073639704 234.84429444033373
-94.803475805086 234.90548028353035
-99.40125139996658 233.90802080081488
-104.83065771729525 233.6731988015305
-109.44126272468854 232.41950419325406
-114.93357778319312 231.87868248197142
-120.46339620070856 231.16904931600143
-126.02445332616456 230.28779503769576
-131.61038644541117 229.23229525784046
-137.21474079097226 228.00011375626096
-143.86520026472897 227.28821100739336
-150.5716054551368 226.33811155699698
-157.32510050411753 225.14589951034748
-164.11669671879716 223.70793415640026
-170.93728149838225 222.0208541746851
-178.93111673491254 220.63109749601676
-188.15351147599563 219.44038951123008
-196.26336896131625 217.3766762033995
-205.61786566147308 215.4379566177993
-216.26219099225148 213.5202705700069
-226.98336374935792 211.13213486191344
-239.0343544873381 208.61828859101374
-252.44714008399967 205.86884896518404
-267.2482883964011 202.7718950715909
-283.45888913043194 199.21371527436173
-302.42557315158064 195.28726330070495
-324.1970832097889 190.76659797055714
-347.4550876908812 185.2878377126209
-376.294035868998 179.0247269036825
-409.4157002536607 171.46050976701179
-449.6218997833276 162.29420217923928
-499.76388851675233 150.9225561638727
-562.7237749551304 136.43924191991184
-645.621027455839 117.36915248901205
-758.4623369739696 91.2406200801698
-922.6506275132456 53.26137342151138
NaN NaN
NaN NaN
NaN NaN
-1066.2163150358738 -175.88534285830252
-1057.285601633848 -195.1771461884662
-1049.564021317377 -218.2732915609002
-1043.2498569815873 -241.3933342659856
-1037.6126495616797 -264.6982039984975
-1033.1195612597037 -288.5246905205332
-1029.5720589437904 -312.8404698272844
-1025.8040275767944 -337.5459946469688
-1022.9447202109906 -362.22417076161656
-1019.7071073400853 -387.162926524931
-1017.2430152206193 -412.1867315325703
-1015.4969681397392 -437.4226413222543
-1013.1830542751354 -463.02116273446916
-1011.477090970902 -488.96919129571813
-1009.1006973460883 -515.3073040071687
-1007.2290737346163 -542.1185853952769
-1005.8032351464551 -569.5080063696079
-1003.5603952487509 -597.3567235151365
-1002.8409809629951 -626.1480945939398
-1001.187603981799 -655.489111014361
-991.5984497611411 -683.206137422063
-975.4753253940793 -708.900615819404
-958.7101842571113 -734.1163244808491
-941.3169093363634 -758.8408236087995
-923.3096657699775 -783.0616788590921
-904.7028509147964 -806.7665613911939
-885.5111173906713 -829.9432994101113
-865.7493800185597 -852.5799295247537
-845.4327417780418 -874.6647515275691
-824.5765314433736 -896.1863486562459
-803.1962883799353 -917.1336173078189
-781.3077074760301 -937.4957884976728
-758.9266866877884 -957.2624422198032
-736.0692587817439 -976.4235192389458
-712.7516083822827 -994.9693300964959
-688.9966020569104 -1012.8926121577196
-664.8370917513248 -1030.1916045703224
-640.284718035136 -1046.8597340188314
-615.3506175812358 -1062.889686513276
-590.046666605258 -1078.2738784009332
-564.3855482781721 -1093.004635647682
-538.3805258912487 -1107.0742072491478
-512.0455154533662 -1120.4749162820783
-485.3949674404577 -1133.199188196652
-458.44388879774885 -1145.239664245573
-431.2076920935582 -1156.5891594967995
-403.7022843085987 -1167.240821260708
-375.94390036535754 -1177.1880348788845
-347.94919763439754 -1186.424593826306
-319.7351380884652 -1194.944635348092
-291.3189803145735 -1202.7426839294615
-262.7182637666921 -1209.8136937654313
-233.95076717732024 -1216.1530469656227
-205.03448145479467 -1221.7565619522964
-175.98759745949494 -1226.6205387427929
-146.8284685674149 -1230.7417463760428
-117.57558363507788 -1234.117412629689
-88.24755809917986 -1236.7452904693316
-58.8630956315617 -1238.6236136508494
-29.440969737747285 -1239.751118783323
0 -1240.1270378590395
29.440969737746812 -1239.751118783323
58.86309563156129 -1238.6236136508494
88.24755809917986 -1236.7452904693316
117.57558363507732 -1234.117412629689
146.8284685674144 -1230.7417463760428
175.98759745949494 -1226.6205387427929
205.03448145479433 -1221.7565619522964
233.95076717731965 -1216.1530469656227
262.7182637666921 -1209.8136937654313
291.318980314573 -1202.7426839294615
319.73513808846485 -1194.944635348092
347.94919763439754 -1186.424593826306
375.9439003653572 -1177.1880348788848
403.7022843085982 -1167.240821260708
431.2076920935582 -1156.5891594967995
458.44388879774846 -1145.2396642455733
485.3949674404573 -1133.1991881966524
512.0455154533662 -1120.4749162820783
538.3805258912486 -1107.0742072491478
564.3855482781721 -1093.004635647682
590.046666605258 -1078.2738784009332
615.3506175812358 -1062.889686513276
640.284718035136 -1046.8597340188314
664.8370917513248 -1030.1916045703224
688.9966020569102 -1012.8926121577196
712.7516083822827 -994.9693300964958
736.0692587817439 -976.4235192389458
758.9266866877877 -957.2624422198036
781.3077074760296 -937.4957884976739
803.1962883799353 -917.1336173078189
824.5765314433729 -896.1863486562464
845.4327417780414 -874.6647515275694
865.7493800185595 -852.5799295247538
885.5111173906711 -829.9432994101115
904.7028509147967 -806.7665613911939
923.3096657699775 -783.0616788590921
941.3169093363634 -758.8408236087995
958.7101842571112 -734.1163244808496
975.4753253940793 -708.900615819404
991.5984497611405 -683.2061374220634
1001.187603981799 -655.489111014361
1002.8409809629951 -626.1480945939398
1003.5603952487509 -597.3567235151365
1005.8032351464551 -569.508006369608
1007.2290737346167 -542.1185853952765
1009.1006973460883 -515.3073040071687
1011.4770909709016 -488.9691912957193
1013.1830542751354 -463.02116273446916
1015.4969681397392 -437.4226413222543
1017.2430152206189 -412.18673153257174
1019.7071073400849 -387.1629265249328
1022.9447202109906 -362.22417076161616
1025.8040275767935 -337.54599464697134
1029.5720589437904 -312.8404698272844
1033.1195612597037 -288.5246905205332
1037.6126495616797 -264.6982039984975
1043.2498569815873 -241.3933342659856
1049.564021317377 -218.2732915609002
1057.285601633848 -195.1771461884662
1066.2163150358738 -175.88534285830252
NaN NaN
NaN NaN
NaN NaN
922.6506275132458 53.26137342150958
758.4623369739696 91.2406200801698
645.621027455839 117.36915248901205
562.7237749551304 136.43924191991184
499.7638885167524 150.92255616387223
449.6218997833277 162.29420217923914
409.4157002536607 171.4605097670116
376.294035868998 179.0247269036825
347.4550876908812 185.2878377126209
324.1970832097889 190.76659797055714
302.42557315158064 195.2872633007049
283.45888913043194 199.21371527436176
267.24828839640116 202.7718950715908
252.44714008399967 205.86884896518404
239.0343544873381 208.61828859101374
226.98336374935792 211.13213486191344
216.2621909922516 213.5202705700067
205.6178656614731 215.43795661779922
196.26336896131625 217.37667620339943
188.15351147599563 219.44038951123008
178.93111673491254 220.63109749601676
170.93728149838225 222.0208541746851
164.11669671879724 223.70793415640014
157.32510050411756 225.14589951034748
150.5716054551368 226.33811155699695
143.86520026472897 227.28821100739336
137.21474079097226 228.00011375626096
131.61038644541117 229.23229525784046
126.02445332616468 230.2877950376957
120.4633962007086 231.1690493160007
114.93357778319314 231.8786824819714
109.44126272468854 232.41950419325406
104.83065771729525 233.6731988015305
99.40125139996658 233.90802080081488
94.80347580508607 234.90548028353024
89.45855073639707 234.84429444033373
84.8926572964228 235.59272068343196
80.33338015063157 236.22916935342514
75.78478725406111 236.75494110854424
71.2508946730635 237.17144563492735
66.7356632484801 237.48020019893065
62.242995324717576 237.6828280856377
58.287682649597485 238.84486929353756
53.81658514193285 238.85399365096106
49.379049558640745 238.76152112557446
45.383679889240824 239.67077322148535
40.98825926502821 239.3918303745716
36.96974850399584 240.13808399276857
32.629520904168345 239.67758060471868
28.599818441691394 240.26213682811095
24.550555596667593 240.7698099710309
20.298402190152068 240.0504114800038
16.255406450069067 240.39846758461525
12.201292873984288 240.6695015445087
8.138834301571533 240.86327076349997
4.070809244958407 240.9796017499945
