-500 1603.8222016569778 0.9969871999938512
-512.2816869057382 1603.7577534274901 0.9969872363981693
-524.5549620115954 1603.564508062526 0.9969873455521633
-536.8114192678614 1603.2427633426578 0.9969875272790807
-549.0426641212246 1602.7930149362544 0.9969877812847665
-561.2403192531161 1602.2159554508778 0.9969881071583094
-573.3960303067225 1601.512473106774 0.9969885043729456
-585.5014715979075 1600.6836500335571 0.9969889722872172
-597.5483518070791 1599.730760191613 0.9969895101463838
-609.5284196475804 1598.6552669204102 0.9969901170840834
-621.4334695069073 1597.4588201162367 0.9969907921242388
-633.2553470569703 1596.1432530424124 0.9969915341832079
-644.9859548296664 1594.7105787750836 0.9969923420721696
-661.3766312225343 1603.9357530021362 0.9969871358519181
-673.2509603807823 1602.1411386570944 0.9969881494055999
-685.006644961037 1600.22697776975 0.9969892300691037
-696.6356334884264 1598.1960542478032 0.9969903761931399
-708.1299610512034 1596.0513149484743 0.9969915860344112
-719.4817547457302 1593.7958639852613 0.9969928577594078
-730.6832390593844 1591.43295670814 0.9969941894483973
-741.7267411872367 1588.965993364589 0.9969955790996017
-752.6046962791958 1586.398512451931 0.9969970246335511
-763.3096526144403 1583.7341837709305 0.9969985238976047
-781.9100331550933 1589.988412691377 0.9969950032508259
-792.5522766829987 1586.917349820806 0.9969967325803557
-802.9941894960828 1583.7528626622 0.9969985133894916
-813.2286179121786 1580.499224240641 0.9970003431753253
-823.2485499772952 1577.1608055758386 0.9970022193835616
-833.0471202648725 1573.7420671237264 0.997004139413938
-852.4323071883476 1577.7904513105548 0.9970018656167976
-862.0360999279009 1573.9529611773296 0.9970040210102932
-871.3919948021745 1570.0416791894743 0.9970062161222515
-880.4935794899895 1566.0615183097552 0.9970084481014094
-900.1767497557963 1568.4304169060429 0.9970071198970268
-908.9906146106282 1564.027657949709 0.9970095879453447
-917.5244452316356 1559.564476230869 0.9970120876131787
-937.3077435686021 1560.5411357963276 0.9970115408148741
-945.4805132852536 1555.6542366479184 0.9970142757365388
-965.3061584170345 1555.5695636870805 0.9970143230992965
-973.0637945558288 1550.2568968195915 0.9970172931701022
-992.8456113121192 1549.0873261711968 0.9970179465936397
-1000.1340522626456 1543.349373519932 0.9970211500636119
NaN NaN NaN
NaN NaN NaN
NaN NaN NaN
NaN NaN NaN
NaN NaN NaN
NaN NaN NaN
NaN NaN NaN
NaN NaN NaN
NaN NaN NaN
NaN NaN NaN
NaN NaN NaN
NaN NaN NaN
NaN NaN NaN
NaN NaN NaN
NaN NaN NaN
NaN NaN NaN
NaN NaN NaN
NaN NaN NaN
-1535.1761217404137 -1743.2835279127523 0.9971794613490929
-1522.1833104103314 -1747.6250269129046 0.997181755346
-1508.7739540447783 -1752.4849314366834 0.9971843208724603
-1496.008323847015 -1757.4242080719484 0.9971869257150231
-1483.597728379836 -1762.4681208512634 0.9971895830541501
-1471.3600874751482 -1767.627009021986 0.9971922981624995
-1459.1733012940192 -1772.903369469046 0.9971950721655443
-1446.9519774746207 -1778.2951846208675 0.9971979038096318
-1434.6293984951378 -1783.7997399387664 0.9972007914764351
-1434.5440287385659 -1788.169642718855 0.9972030816198763
-1421.5795197793875 -1794.112236981333 0.9972061927188938
-1408.3940354917054 -1800.1510772109586 0.9972093503747261
-1394.9819522610965 -1806.269915906799 0.9972125459276573
-1393.038386112685 -1811.9766170756347 0.9972155226785722
-1378.9586306722426 -1818.4172263903602 0.9972188781268514
-1364.6291974234857 -1824.9027750324944 0.9972222525715685
-1361.205914570572 -1831.5694674800077 0.997225716653001
-1346.168719825979 -1838.3170470467905 0.9972292180088648
-1341.6717914924795 -1845.6621876598751 0.9972330240118006
-1325.9078175645 -1852.631570121487 0.9972366300831801
-1320.3117915710393 -1860.62294599833 0.9972407586966203
-1303.8056900031886 -1867.771451615343 0.9972444462021897
-1297.0892626547877 -1876.37021029159 0.99724887474949
-1289.7136116863528 -1885.3796564789143 0.9972535065511912
-1281.6703098680687 -1894.7892423343244 0.9972583350607022
-1263.4445752022873 -1902.362136607717 0.9972622144047213
-1254.232498050714 -1912.2851795309743 0.997267288663285
-1244.3315179757574 -1922.5681847959772 0.9972725362547669
-1233.73204151712 -1933.1957904457981 0.9972779482410374
-1231.1208210211914 -1947.3751195587954 0.9972851508050343
-1218.8827740735828 -1958.8878731321083 0.9972909836690909
-1205.91643587829 -1970.6891556393607 0.9972969486300591
-1200.263273381082 -1986.7671726117235 0.9973050523827197
-1185.5830310509552 -1999.3223835381234 0.9973113622430009
-1177.7398726040983 -2016.6330145209379 0.9973200357897223
-1168.6583892188494 -2034.6542117470517 0.997329033155686
-1158.3141192678738 -2053.3468981250808 0.9973383311808507
-1146.684003654797 -2072.668836935541 0.9973479053227133
-1133.7459216979598 -2092.5746872222035 0.997357729740103
-1125.844601455321 -2118.955661552326 0.997370689113934
-1116.0665013894277 -2146.367523415963 0.9973840818418624
-1110.2546780731607 -2181.3121738144323 0.9974010475825971
-1096.5252245472939 -2210.921208492247 0.9974153293190693
-1091.7020241966948 -2255.8402614784036 0.9974368331192797
-1078.8183086306685 -2295.2303717335903 0.9974555299999188
-1073.2008505772005 -2351.7495629373566 0.9974820985398968
-1063.9428853858196 -2410.7546170141936 0.9975095135779084
-1055.2755747274132 -2480.7376174319893 0.997541608055299
-1046.241674697388 -2562.5759951533882 0.9975785680109505
-1039.63582033561 -2666.633970362069 0.9976246884552569
-1033.525439199664 -2794.951069649347 0.9976802416589435
-977.9093465701308 -2795.3877937231637 0.9976804282839945
-922.70339674522 -2794.604467242921 0.9976800935338118
-870.4173584783373 -2802.813521898635 0.9976835989969215
-815.785916317749 -2799.6835495290493 0.9976822631094815
-763.4424576977711 -2805.6770536626586 0.9976848204264045
-709.523236376866 -2800.253068451821 0.9976825062458108
-657.2514214132809 -2804.0439106063036 0.9976841239015234
-604.8862117449278 -2806.7546115703726 0.997685279871998
-552.4586908778581 -2808.3822144168075 0.9976859736543121
-500 -2808.9249457077967 0.9976862049483405
-447.5413091221433 -2808.3822144168075 0.9976859736543121
-395.113788255074 -2806.7546115703726 0.997685279871998
-342.74857858672016 -2804.0439106063036 0.9976841239015234
-290.47676362313564 -2800.253068451821 0.9976825062458108
-236.55754230222882 -2805.6770536626586 0.9976848204264045
-184.21408368225204 -2799.6835495290493 0.9976822631094815
-129.58264152166433 -2802.813521898635 0.9976835989969215
-77.29660325478083 -2794.604467242921 0.9976800935338118
-22.090653429868134 -2795.3877937231637 0.9976804282839945
33.52543919966506 -2794.951069649347 0.9976802416589435
89.51176125051931 -2793.271983814744 0.9976795239827506
145.83188124086251 -2790.336580223916 0.9976782687451683
202.444858079778 -2786.1271882959813 0.9976764674247531
259.3134463665656 -2780.6330719096013 0.9976741140275688
321.6105253907454 -2783.3531682833514 0.997675279503648
379.1948561723684 -2775.1217241554978 0.9976717506229666
442.7827759175929 -2774.831094440901 0.9976716259205614
507.1040021943186 -2772.9306167870095 0.9976708102895585
572.1036602916165 -2769.38661688525 0.997669288468615
637.7255054934589 -2764.1679741193193 0.9976670455582304
703.911993549229 -2757.2462320278087 0.9976640670247878
770.6043534783701 -2748.5957151358625 0.9976603387111639
845.507383509146 -2746.562141850642 0.9976594613084678
921.3941923817301 -2742.4015860313216 0.9976576650770219
998.1858114523249 -2736.0681073856636 0.9976549278315472
1075.7998703459239 -2727.519708754998 0.9976512277674462
1082.862670710982 -2656.149190183613 0.9976200852241042
1086.6200721342482 -2586.9282124914475 0.997589448472222
1096.5002677106268 -2526.7908643801334 0.9975624818832577
1103.714572235615 -2468.352616673963 0.9975359612642393
1108.3594043135886 -2411.7117611384933 0.9975099555977859
1120.4433312474575 -2362.738433556015 0.9974872290244815
1120.4332122228025 -2309.600791547721 0.9974623140605073
1128.4185457707733 -2263.5898379139635 0.9974405233050927
1145.012059031165 -2223.7483455985666 0.9974214899091635
1149.5974584250844 -2180.2540251095197 0.9974005356065313
1152.5450776801085 -2138.252649963118 0.9973801248586939
1164.839937995915 -2101.533835102588 0.9973621385833997
1175.9865317696615 -2065.694410091718 0.997344453765628
1186.0867944682136 -2030.7446644244778 0.997327084037884
1194.975908376786 -1996.7798939330714 0.997310085760284
1202.4023311327824 -1963.9546833994734 0.9972935464342972
1208.4181281401604 -1932.3352817743191 0.9972775104697148
1224.9770214926277 -1903.7122008989065 0.9972629053740438
1228.508885624267 -1874.334704258169 0.9972478271157151
1243.0338889903203 -1847.3794439869096 0.9972339130202519
1256.7044439358635 -1821.1711560601805 0.9972203115433173
1269.5788796068402 -1795.7620525384061 0.9972070557759137
1281.7314578322937 -1771.19930162387 0.9971941765897284
1293.2498657748538 -1747.5281896187332 0.9971817042002892
1304.242723393934 -1724.7902223724434 0.9971696670938115
1314.8503942707173 -1703.0206069118847 0.9971580905962231
1338.500664880885 -1681.0545103744814 0.997146357801995
1349.090618795311 -1661.0086791072406 0.9971356050654611
1373.6075019174148 -1640.2445453479097 0.9971244209297692
1385.5389946837126 -1622.1478713854683 0.9971146351525033
1412.0100255799348 -1603.5269598844598 0.9971045284056249
1438.2506547241148 -1587.5199685003583 0.9970958098978627
1468.8869667668728 -1572.3752345992743 0.9970875349860817
1495.6211516899011 -1562.060465495002 0.9970818845722274
NaN NaN NaN
NaN NaN NaN
992.2994131683535 1316.9324683181871 0.9971446232908457
733.1827665325 1376.8985115482774 0.9971124723508963
573.6877785822103 1414.681484383064 0.9970920129394586
456.83555913228327 1441.4880625878625 0.9970774017319926
368.33555144457614 1461.1850131286249 0.9970666148924698
307.9720941253417 1476.0303988528492 0.9970584564006654
261.5550175496998 1488.0566383996907 0.9970518291525922
215.15005868795458 1497.7939066369993 0.9970464514069814
182.51323775429572 1506.2366783304878 0.9970417799763626
149.83899230446465 1513.1610366024074 0.9970379427088358
117.18547389756851 1518.5782270870307 0.9970349369030213
97.92198605971302 1524.582639983381 0.997031601401997
78.51922904312693 1529.8291046623253 0.9970286836158346
59.00822266974757 1534.3226588807322 0.9970261820828031
39.419875401716574 1538.0692178505426 0.9970240946513139
19.784953826804692 1541.0755702085596 0.9970224184840535
0.13405226267156634 1543.349373519932 0.9970211500636119
-7.154388687896613 1549.0873261711965 0.9970179465936397
-26.936205444145543 1550.2568968195915 0.9970172931701022
-34.69384158296346 1555.5695636870805 0.9970143230992965
-54.519486714720294 1555.6542366479184 0.9970142757365388
-62.692256431424084 1560.5411357963276 0.9970115408148741
-82.47555476836442 1559.564476230869 0.9970120876131787
-91.0093853893912 1564.027657949709 0.9970095879453447
-99.82325024422931 1568.4304169060429 0.9970071198970268
-119.50642051003028 1566.061518309755 0.9970084481014094
-128.6080051978256 1570.0416791894743 0.9970062161222515
-137.96390007207867 1573.9529611773296 0.9970040210102932
-147.56769281165236 1577.7904513105548 0.9970018656167976
-166.95287973512254 1573.7420671237264 0.997004139413938
-176.75145002272657 1577.1608055758386 0.9970022193835616
-186.77138208782156 1580.4992242406408 0.9970003431753253
-197.00581050391713 1583.7528626622 0.9969985133894916
-207.44772331697504 1586.917349820806 0.9969967325803557
-218.0899668449092 1589.988412691377 0.9969950032508259
-236.6903473855847 1583.7341837709305 0.9969985238976047
-247.39530372080424 1586.398512451931 0.9969970246335511
-258.2732588127895 1588.965993364589 0.9969955790996017
-269.31676094058906 1591.43295670814 0.9969941894483973
-280.51824525427 1593.7958639852613 0.9969928577594078
-291.8700389487966 1596.0513149484743 0.9969915860344112
-303.3643665115471 1598.1960542478032 0.9969903761931399
-314.99335503893656 1600.22697776975 0.9969892300691037
-326.7490396191913 1602.1411386570944 0.9969881494055999
-338.6233687774392 1603.9357530021362 0.9969871358519181
-355.01404517033353 1594.7105787750836 0.9969923420721696
-366.7446529430561 1596.1432530424124 0.9969915341832079
-378.5665304931191 1597.4588201162367 0.9969907921242388
-390.4715803524194 1598.6552669204102 0.9969901170840834
-402.45164819289425 1599.730760191613 0.9969895101463838
-414.49852840206603 1600.6836500335571 0.9969889722872172
-426.6039696932774 1601.512473106774 0.9969885043729456
-438.7596807468838 1602.2159554508778 0.9969881071583094
-450.9573358788012 1602.7930149362544 0.9969877812847665
-463.18858073213846 1603.2427633426578 0.9969875272790807
-475.44503798838707 1603.564508062526 0.9969873455521633
-487.7183130942618 1603.7577534274901 0.9969872363981693
500 1603.8222016569778 0.9969871999938512
487.7183130942618 1603.7577534274901 0.9969872363981693
475.44503798838707 1603.564508062526 0.9969873455521633
463.18858073213863 1603.2427633426578 0.9969875272790807
450.95733587880125 1602.7930149362544 0.9969877812847665
438.7596807468838 1602.2159554508778 0.9969881071583094
426.6039696932774 1601.512473106774 0.9969885043729456
414.49852840206603 1600.6836500335571 0.9969889722872172
402.45164819289425 1599.730760191613 0.9969895101463838
390.4715803524194 1598.6552669204102 0.9969901170840834
378.56653049311916 1597.4588201162367 0.9969907921242388
366.7446529430561 1596.1432530424124 0.9969915341832079
355.01404517033353 1594.7105787750836 0.9969923420721696
338.6233687774392 1603.9357530021362 0.9969871358519181
326.74903961919136 1602.1411386570944 0.9969881494055999
314.99335503893656 1600.22697776975 0.9969892300691037
303.36436651154713 1598.1960542478032 0.9969903761931399
291.8700389487966 1596.0513149484743 0.9969915860344112
280.51824525427 1593.7958639852613 0.9969928577594078
269.31676094058906 1591.43295670814 0.9969941894483973
258.2732588127895 1588.965993364589 0.9969955790996017
247.3953037208043 1586.398512451931 0.9969970246335511
236.69034738558474 1583.7341837709305 0.9969985238976047
218.0899668449092 1589.988412691377 0.9969950032508259
207.44772331697504 1586.917349820806 0.9969967325803557
197.00581050391713 1583.7528626622 0.9969985133894916
186.77138208782162 1580.499224240641 0.9970003431753253
176.75145002272663 1577.1608055758386 0.9970022193835616
166.95287973512265 1573.7420671237264 0.997004139413938
147.56769281165236 1577.7904513105548 0.9970018656167976
137.96390007207867 1573.9529611773296 0.9970040210102932
128.6080051978256 1570.0416791894743 0.9970062161222515
119.50642051003045 1566.0615183097552 0.9970084481014094
99.82325024422931 1568.4304169060429 0.9970071198970268
91.00938538939131 1564.027657949709 0.9970095879453447
82.47555476836442 1559.564476230869 0.9970120876131787
62.692256431424084 1560.5411357963276 0.9970115408148741
54.519486714720294 1555.6542366479184 0.9970142757365388
34.69384158296357 1555.5695636870805 0.9970143230992965
26.936205444145543 1550.2568968195915 0.9970172931701022
7.154388687896729 1549.0873261711968 0.9970179465936397
-0.13405226267156634 1543.349373519932 0.9970211500636119
-19.784953826804692 1541.0755702085596 0.9970224184840535
-39.419875401716574 1538.0692178505426 0.9970240946513139
-59.008222669747504 1534.3226588807324 0.9970261820828031
-78.51922904312681 1529.8291046623256 0.9970286836158346
-97.92198605971296 1524.582639983381 0.997031601401997
-117.18547389756851 1518.5782270870307 0.9970349369030213
-149.83899230446465 1513.1610366024074 0.9970379427088358
-182.51323775429572 1506.2366783304878 0.9970417799763626
-215.1500586879513 1497.7939066369995 0.9970464514069814
-261.5550175496998 1488.0566383996909 0.9970518291525922
-307.97209412534164 1476.0303988528499 0.9970584564006654
-368.33555144457614 1461.1850131286249 0.9970666148924698
-456.83555913228327 1441.4880625878625 0.9970774017319926
-573.6877785822103 1414.681484383064 0.9970920129394586
-733.1827665324997 1376.8985115482783 0.9971124723508963
-992.2994131683535 1316.9324683181871 0.9971446232908457
NaN NaN NaN
NaN NaN NaN
-1495.6211516899011 -1562.060465495002 0.9970818845722274
-1468.8869667668728 -1572.3752345992743 0.9970875349860817
-1438.2506547241148 -1587.5199685003583 0.9970958098978627
-1412.0100255799348 -1603.5269598844598 0.9971045284056249
-1385.5389946837126 -1622.1478713854683 0.9971146351525033
-1373.6075019174148 -1640.2445453479097 0.9971244209297692
-1349.090618795311 -1661.0086791072406 0.9971356050654611
-1338.500664880887 -1681.05451037448 0.997146357801995
-1314.850394270718 -1703.020606911884 0.9971580905962231
-1304.242723393934 -1724.790222372443 0.9971696670938115
-1293.249865774854 -1747.5281896187332 0.9971817042002892
-1281.7314578322937 -1771.19930162387 0.9971941765897284
-1269.5788796068402 -1795.7620525384061 0.9972070557759137
-1256.704443935864 -1821.1711560601802 0.9972203115433173
-1243.0338889903203 -1847.3794439869096 0.9972339130202519
-1228.508885624268 -1874.3347042581681 0.9972478271157151
-1224.9770214926282 -1903.712200898906 0.9972629053740438
-1208.4181281401604 -1932.3352817743191 0.9972775104697148
-1202.4023311327824 -1963.9546833994734 0.9972935464342972
-1194.9759083767856 -1996.7798939330723 0.997310085760284
-1186.0867944682132 -2030.7446644244778 0.997327084037884
-1175.9865317696629 -2065.694410091717 0.997344453765628
-1164.839937995917 -2101.5338351025866 0.9973621385833997
-1152.5450776801085 -2138.252649963118 0.9973801248586939
-1149.5974584250844 -2180.2540251095197 0.9974005356065313
-1145.0120590311656 -2223.748345598566 0.9974214899091635
-1128.4185457707736 -2263.5898379139635 0.9974405233050927
-1120.4332122228025 -2309.600791547721 0.9974623140605073
-1120.4433312474575 -2362.738433556015 0.9974872290244815
-1108.359404313589 -2411.7117611384933 0.9975099555977859
-1103.714572235615 -2468.352616673963 0.9975359612642393
-1096.5002677106288 -2526.790864380132 0.9975624818832577
-1086.6200721342495 -2586.928212491446 0.997589448472222
-1082.862670710982 -2656.149190183613 0.9976200852241042
-1075.7998703459245 -2727.519708754998 0.9976512277674462
-998.1858114523253 -2736.0681073856636 0.9976549278315472
-921.3941923817301 -2742.4015860313216 0.9976576650770219
-845.5073835091481 -2746.5621418506407 0.9976594613084677
-770.6043534783705 -2748.5957151358625 0.9976603387111639
-703.911993549229 -2757.2462320278087 0.9976640670247878
-637.7255054934591 -2764.167974119319 0.9976670455582304
-572.1036602916178 -2769.38661688525 0.997669288468615
-507.1040021943186 -2772.9306167870095 0.9976708102895585
-442.7827759175941 -2774.8310944409 0.9976716259205614
-379.1948561723693 -2775.1217241554973 0.9976717506229666
-321.6105253907454 -2783.3531682833514 0.997675279503648
-259.3134463665662 -2780.6330719096013 0.9976741140275688
-202.4448580797786 -2786.1271882959813 0.9976764674247531
-145.83188124086251 -2790.336580223916 0.9976782687451683
-89.51176125052028 -2793.2719838147436 0.9976795239827506
-33.525439199665804 -2794.951069649347 0.9976802416589435
22.090653429868134 -2795.3877937231637 0.9976804282839945
77.29660325478018 -2794.604467242921 0.9976800935338118
129.58264152166313 -2802.813521898635 0.9976835989969215
184.21408368225204 -2799.6835495290493 0.9976822631094815
236.55754230222803 -2805.6770536626586 0.9976848204264045
290.4767636231348 -2800.253068451821 0.9976825062458108
342.74857858672016 -2804.0439106063036 0.9976841239015234
395.1137882550732 -2806.7546115703726 0.997685279871998
447.5413091221422 -2808.3822144168075 0.9976859736543121
500 -2808.9249457077967 0.9976862049483405
552.4586908778577 -2808.3822144168075 0.9976859736543121
604.886211744927 -2806.7546115703726 0.997685279871998
657.2514214132809 -2804.0439106063036 0.9976841239015234
709.5232363768647 -2800.253068451821 0.9976825062458108
763.4424576977702 -2805.6770536626586 0.9976848204264045
815.785916317749 -2799.6835495290493 0.9976822631094815
870.4173584783364 -2802.813521898635 0.9976835989969215
922.7033967452193 -2794.604467242921 0.9976800935338118
977.9093465701308 -2795.3877937231637 0.9976804282839945
1033.5254391996637 -2794.951069649347 0.9976802416589435
1039.635820335609 -2666.6339703620692 0.9976246884552569
1046.241674697388 -2562.5759951533882 0.9975785680109505
1055.2755747274123 -2480.7376174319893 0.997541608055299
1063.9428853858194 -2410.7546170141936 0.9975095135779084
1073.2008505772005 -2351.7495629373566 0.9974820985398968
1078.818308630668 -2295.230371733591 0.9974555299999188
1091.7020241966939 -2255.840261478404 0.9974368331192797
1096.5252245472939 -2210.921208492247 0.9974153293190693
1110.25467807316 -2181.3121738144323 0.9974010475825971
1116.0665013894275 -2146.3675234159637 0.9973840818418624
1125.844601455321 -2118.955661552326 0.997370689113934
1133.7459216979596 -2092.574687222204 0.997357729740103
1146.6840036547962 -2072.6688369355415 0.9973479053227133
1158.3141192678738 -2053.3468981250808 0.9973383311808507
1168.658389218849 -2034.6542117470517 0.997329033155686
1177.739872604098 -2016.633014520938 0.9973200357897223
1185.5830310509552 -1999.3223835381234 0.9973113622430009
1200.263273381081 -1986.7671726117235 0.9973050523827197
1205.9164358782891 -1970.6891556393607 0.9972969486300591
1218.8827740735828 -1958.8878731321083 0.9972909836690909
1231.1208210211917 -1947.3751195587954 0.9972851508050343
1233.7320415171198 -1933.1957904457981 0.9972779482410374
1244.3315179757572 -1922.5681847959772 0.9972725362547669
1254.2324980507135 -1912.2851795309743 0.997267288663285
1263.4445752022864 -1902.3621366077175 0.9972622144047213
1281.6703098680687 -1894.7892423343244 0.9972583350607022
1289.7136116863528 -1885.3796564789143 0.9972535065511912
1297.0892626547873 -1876.3702102915904 0.99724887474949
1303.8056900031877 -1867.7714516153435 0.9972444462021897
1320.3117915710393 -1860.62294599833 0.9972407586966203
1325.9078175644997 -1852.631570121487 0.9972366300831801
1341.6717914924795 -1845.6621876598751 0.9972330240118006
1346.168719825979 -1838.3170470467905 0.9972292180088648
1361.2059145705723 -1831.5694674800077 0.997225716653001
1364.629197423486 -1824.902775032495 0.9972222525715685
1378.9586306722426 -1818.4172263903602 0.9972188781268514
1393.0383861126857 -1811.976617075635 0.9972155226785722
1394.9819522610965 -1806.269915906799 0.9972125459276573
1408.3940354917054 -1800.1510772109586 0.9972093503747261
1421.5795197793875 -1794.1122369813334 0.9972061927188938
1434.5440287385657 -1788.169642718855 0.9972030816198763
1434.6293984951378 -1783.7997399387668 0.9972007914764351
1446.9519774746202 -1778.2951846208678 0.9971979038096318
1459.1733012940192 -1772.903369469046 0.9971950721655443
1471.3600874751482 -1767.627009021986 0.9971922981624995
1483.597728379836 -1762.4681208512634 0.9971895830541501
1496.008323847015 -1757.4242080719484 0.9971869257150231
1508.7739540447783 -1752.4849314366834 0.9971843208724603
1522.1833104103314 -1747.6250269129046 0.997181755346
1535.1761217404137 -1743.2835279127523 0.9971794613490929
NaN NaN NaN
NaN NaN NaN
NaN NaN NaN
NaN NaN NaN
NaN NaN NaN
NaN NaN NaN
NaN NaN NaN
NaN NaN NaN
NaN NaN NaN
NaN NaN NaN
NaN NaN NaN
NaN NaN NaN
NaN NaN NaN
NaN NaN NaN
NaN NaN NaN
NaN NaN NaN
NaN NaN NaN
NaN NaN NaN
1000.1340522626456 1543.349373519932 0.9970211500636119
992.8456113121192 1549.0873261711965 0.9970179465936397
973.0637945558288 1550.2568968195915 0.9970172931701022
965.3061584170345 1555.5695636870805 0.9970143230992965
945.4805132852536 1555.6542366479184 0.9970142757365388
937.3077435686021 1560.5411357963276 0.9970115408148741
917.5244452316356 1559.564476230869 0.9970120876131787
908.9906146106282 1564.027657949709 0.9970095879453447
900.1767497557965 1568.4304169060429 0.9970071198970268
880.4935794899895 1566.061518309755 0.9970084481014094
871.3919948021745 1570.0416791894743 0.9970062161222515
862.0360999279009 1573.9529611773296 0.9970040210102932
852.4323071883476 1577.7904513105548 0.9970018656167976
833.0471202648725 1573.7420671237264 0.997004139413938
823.2485499772952 1577.1608055758386 0.9970022193835616
813.2286179121786 1580.4992242406408 0.9970003431753253
802.9941894960828 1583.7528626622 0.9969985133894916
792.5522766829987 1586.917349820806 0.9969967325803557
781.9100331550933 1589.988412691377 0.9969950032508259
763.3096526144406 1583.7341837709305 0.9969985238976047
752.6046962791958 1586.398512451931 0.9969970246335511
741.7267411872369 1588.965993364589 0.9969955790996017
730.6832390593844 1591.43295670814 0.9969941894483973
719.4817547457302 1593.7958639852613 0.9969928577594078
708.1299610512034 1596.0513149484743 0.9969915860344112
696.6356334884264 1598.1960542478032 0.9969903761931399
685.006644961037 1600.22697776975 0.9969892300691037
673.2509603807823 1602.1411386570944 0.9969881494055999
661.3766312225343 1603.9357530021362 0.9969871358519181
644.9859548296664 1594.7105787750836 0.9969923420721696
633.2553470569703 1596.1432530424124 0.9969915341832079
621.4334695069074 1597.4588201162367 0.9969907921242388
609.5284196475806 1598.6552669204102 0.9969901170840834
597.5483518070791 1599.730760191613 0.9969895101463838
585.5014715979075 1600.6836500335571 0.9969889722872172
573.3960303067225 1601.512473106774 0.9969885043729456
561.2403192531161 1602.2159554508778 0.9969881071583094
549.0426641212246 1602.7930149362544 0.9969877812847665
536.8114192678615 1603.2427633426578 0.9969875272790807
524.5549620115954 1603.564508062526 0.9969873455521633
512.2816869057382 1603.7577534274901 0.9969872363981693
