0 183.05139032550986
-3.725452281646953 183.01363054646836
-7.448357065360273 182.90038323892944
-11.166168583480959 182.71174445623487
-14.876344527756677 182.4478741690655
-18.57634777618643 182.10899608829052
-22.486688901125426 182.83956274850522
-26.195553935714 182.3450184503353
-29.886506350551755 181.77551708226082
-33.8898638278987 182.25296155718996
-37.573615265563966 181.525490457854
-41.6366167928408 181.82500754108565
-45.302135415181986 180.93806688711692
-49.41261406472209 181.05452888050687
-53.55967290042905 181.07100831115247
-57.194187245303645 179.9361171318762
-61.369517039684524 179.76211322555878
-65.57108802345121 179.48338027108446
-69.7952128193993 179.09821481323826
-74.0381428860523 178.6050157650001
-78.29607164309073 178.00228617631595
-82.56513766461472 177.2886348991394
-87.61795971583712 177.3855581040716
-91.92855688705409 176.42470212733383
-97.07590619227159 176.22725100897281
-101.40976890688854 175.01159362289272
-106.63084605729752 174.50937243828992
-111.89511684430944 173.83879833215647
-117.1964986099409 172.996955416265
-122.52880660855774 171.98111189306576
-127.88575989467591 170.78872324321492
-134.29521192650228 170.11664104289162
-140.76716846695575 169.20628063635343
-147.29293433734628 168.05361692327227
-153.8636769190155 166.6549002845239
-160.4704349732059 165.0066610924474
-168.25761693812052 163.6552298756987
-177.2806734911972 162.50222583205672
-185.19864448855822 160.47549026371954
-194.36883791020736 158.57291934839103
-204.83656948420298 156.69045214556647
-215.38897903477985 154.33650710686337
-227.27915277836766 151.85572767466982
-240.53917780869736 149.1381383804402
-255.19572667729713 146.07172889011372
-271.26998819128755 142.54270167044137
-290.1086866562556 138.64392833478533
-311.76065253703786 134.14938962254558
-334.9076361490853 128.6951301540836
-363.6441628546694 122.45482499709057
-396.67207535789896 114.91165377932401
-436.7932568500703 105.76457269618673
-486.8590196570663 94.41027919050674
-549.7515245215301 79.94239415220301
-632.5902859807726 60.885766740546686
-745.3820350767473 34.76869084733984
-895.3499037303553 -1.5776844615897048
-897.7305392725021 -25.027799819119675
-899.4975246193857 -48.538127224967894
-900.6491921419045 -72.0928965478673
-901.21191953261 -100
-901.101955159277 -119.266426999292
-900.4018349298667 -142.8569968622909
-899.0839111409201 -166.42649968765429
-897.1486244144867 -189.95918501041123
-894.5453363892849 -213.64403041037704
-891.1068121056843 -237.88414914024312
-886.9136588918851 -262.1413776017978
-882.025494668935 -286.2134592291452
-876.4769242887301 -310.03825769967733
-870.290619237697 -333.59553372972624
-863.4830980860194 -356.87769155596243
-856.0675408080265 -379.88023661536255
-848.055286990058 -402.5985868979341
-839.4566367260475 -425.02716706901515
-830.2813359918434 -447.15924639968466
-820.5388661408722 -468.98705662596683
-810.2386434621586 -490.5019675244943
-799.3901071599652 -511.6947078815453
-788.0028113891465 -532.5555210715845
-776.0864643248188 -553.0743181003229
-763.6509617998847 -573.2407949217525
-750.706406980129 -593.0445301588975
-737.2631136920585 -612.4750681311998
-723.3316336455146 -631.52197474951
-708.9227144982463 -650.1749069578352
-694.0473300343491 -668.4236417240953
-678.716694068919 -686.2581106542108
-662.9421932058445 -703.6684424986328
-646.7354304882431 -720.6449746655641
-630.1082160688269 -737.1782768265523
-613.0725175753328 -753.2591683993054
-595.6405126484481 -768.8787306119267
-577.8245252891542 -784.028317338157
-559.6370471064481 -798.699564223375
-541.0907268502441 -812.8843972908354
-522.1983603067525 -826.5750396809558
-502.9728442596273 -839.7640029799774
-483.4272630509176 -852.4441225235959
-463.57476285840926 -864.6085190837555
-443.4286338017758 -876.2506342612965
-423.00226372228633 -887.3642176545336
-402.30913235090503 -897.9433267715528
-381.3628106379946 -907.9823307541509
-360.1769535688244 -917.4759106067531
-338.7652933116287 -926.4190590511631
-317.14163038982963 -934.8070775297006
-295.3198212871341 -942.6355664716868
-273.31380419692863 -949.9004615276021
-251.1375513719868 -956.5979844052503
-228.8050859877497 -962.72466473312
-206.33048313642695 -968.2773519158839
-183.7278472618386 -973.2531844920502
-161.01132062234038 -977.6496095302715
-138.19507998434153 -981.4643896228266
-115.2933194620716 -984.6955670981268
-92.32025937024194 -987.3414937950143
-69.29014034039783 -989.4008330995906
-46.2172142676883 -990.8725375455587
-23.115744075191845 -991.7558592674748
0 -992.0503496772394
23.11574407519145 -991.7558592674748
46.21721426768797 -990.8725375455587
69.29014034039783 -989.4008330995906
92.32025937024153 -987.3414937950143
115.29331946207122 -984.695567098127
138.19507998434153 -981.4643896228266
161.01132062234007 -977.6496095302716
183.7278472618381 -973.2531844920502
206.33048313642695 -968.2773519158839
228.80508598774932 -962.72466473312
251.13755137198655 -956.5979844052503
273.31380419692863 -949.9004615276021
295.3198212871339 -942.635566471687
317.1416303898293 -934.8070775297006
338.7652933116287 -926.4190590511631
360.17695356882416 -917.4759106067534
381.3628106379943 -907.9823307541511
402.30913235090503 -897.9433267715528
423.00226372228616 -887.3642176545336
443.42863380177573 -876.2506342612965
463.57476285840926 -864.6085190837555
483.4272630509176 -852.4441225235959
502.9728442596273 -839.7640029799774
522.1983603067525 -826.5750396809558
541.0907268502439 -812.8843972908354
559.6370471064481 -798.6995642233749
577.8245252891542 -784.028317338157
595.6405126484476 -768.8787306119269
613.0725175753323 -753.2591683993061
630.1082160688269 -737.1782768265523
646.7354304882426 -720.6449746655644
662.9421932058445 -703.6684424986329
678.7166940689189 -686.2581106542109
694.0473300343489 -668.4236417240955
708.9227144982464 -650.1749069578352
723.3316336455146 -631.52197474951
737.2631136920585 -612.4750681311998
750.7064069801289 -593.0445301588979
763.6509617998847 -573.2407949217525
776.0864643248185 -553.0743181003232
788.0028113891465 -532.5555210715845
799.3901071599652 -511.6947078815453
810.2386434621586 -490.5019675244943
820.5388661408722 -468.98705662596694
830.2813359918434 -447.1592463996844
839.4566367260475 -425.0271670690152
848.0552869900575 -402.59858689793515
856.0675408080265 -379.88023661536255
863.4830980860194 -356.87769155596243
870.2906192376967 -333.59553372972766
876.47692428873 -310.0382576996791
882.025494668935 -286.21345922914486
886.9136588918849 -262.14137760179966
891.1068121056843 -237.88414914024312
894.5453363892849 -213.64403041037704
897.1486244144867 -189.95918501041123
899.0839111409201 -166.42649968765429
900.4018349298667 -142.8569968622909
901.101955159277 -119.266426999292
901.21191953261 -100
900.6491921419045 -72.0928965478673
899.4975246193858 -48.538127224967475
897.7305392725021 -25.027799819119675
895.3499037303555 -1.5776844615914707
745.3820350767473 34.76869084733984
632.5902859807726 60.885766740546686
549.7515245215301 79.94239415220301
486.85901965706637 94.41027919050627
436.7932568500704 105.76457269618659
396.67207535789896 114.9116537793238
363.6441628546694 122.45482499709057
334.9076361490853 128.6951301540836
311.76065253703786 134.14938962254558
290.1086866562556 138.64392833478527
271.26998819128755 142.5427016704414
255.1957266772972 146.0717288901136
240.53917780869736 149.1381383804402
227.27915277836766 151.85572767466982
215.38897903477985 154.33650710686337
204.8365694842031 156.69045214556627
194.3688379102074 158.57291934839094
185.19864448855822 160.47549026371945
177.2806734911972 162.50222583205672
168.25761693812052 163.6552298756987
160.4704349732059 165.0066610924474
153.86367691901557 166.6549002845238
147.2929343373463 168.05361692327227
140.76716846695575 169.2062806363534
134.29521192650228 170.11664104289162
127.88575989467591 170.78872324321492
122.52880660855774 171.98111189306576
117.19649860994102 172.99695541626494
111.89511684430948 173.83879833215573
106.63084605729755 174.5093724382899
101.40976890688854 175.01159362289272
97.07590619227159 176.22725100897281
91.92855688705409 176.42470212733383
87.61795971583719 177.3855581040715
82.56513766461475 177.2886348991394
78.29607164309074 178.00228617631595
74.0381428860523 178.6050157650001
69.7952128193993 179.09821481323826
65.57108802345121 179.48338027108446
61.36951703968459 179.76211322555875
57.194187245303695 179.9361171318762
53.55967290042908 181.0710083111524
49.41261406472209 181.05452888050687
45.302135415181986 180.93806688711692
41.6366167928408 181.82500754108565
37.573615265564015 181.52549045785398
33.88986382789874 182.25296155718996
29.88650635055181 181.7755170822608
26.195553935714 182.3450184503353
22.486688901125426 182.83956274850522
18.57634777618643 182.10899608829052
14.876344527756721 182.44787416906547
11.166168583481001 182.71174445623487
7.448357065360318 182.90038323892944
3.725452281646953 183.01363054646836
