0 95.58639032551123
-3.2043515381888414 95.55018287250883
-6.406512714864061 95.44158845333351
-9.604294654023336 95.26069086150352
-12.795511449711505 95.00762966631287
-15.977981648605144 94.68260008304132
-19.372570514360618 95.43001812280077
-22.56781755095521 94.95528361996372
-25.747638237106482 94.4084981578421
-29.242700559231483 94.91150462776662
-32.421341775248166 94.21237401547081
-35.982764191763835 94.54293506474293
-39.15057857150161 93.6896596042372
-42.76756894822066 93.84231872390437
-46.42569369310394 93.8974310892118
-49.57616322015252 92.80350592945497
-53.27266920984516 92.67269205271951
-57.000965563978525 92.4392579765286
-60.757689264140346 92.10137927890233
-64.53941210221967 91.6573283978484
-68.34264358628792 91.10547671291759
-72.16383391725087 90.4442965381657
-76.77590881194088 90.59514298121809
-80.65318942674233 89.68951714663918
-85.37494974918854 89.54845404387099
-89.29124273210157 88.39019009956642
-94.10305558331304 87.94621231321001
-98.966647992938 87.3345734748756
-103.87621190794663 86.55219740759902
-108.82583111508212 85.59619024799329
-113.80948694464297 84.4638440667235
-119.85528869426672 83.85184612603803
-125.97349135461108 83.0014469986979
-132.15564219221807 81.90845680667951
-138.3931440850254 80.56896160210893
-144.67726418078004 78.97932833522687
-152.15263203763553 77.68572547817735
-160.87491203484456 76.58961199661763
-168.50335016575764 74.61867124230892
-177.3954528417295 72.77064417857379
-187.59672638034283 70.94131783649958
-197.89449322284253 68.63896226935925
-209.54201410506906 66.20807658788131
-222.57154242288618 63.53854548630009
-237.00990869876742 60.51822370504452
-252.878451271278 57.03318410239572
-271.5240354354989 53.17617439212579
-292.9956240071472 48.72105749980929
-315.9750909232986 43.30376667818416
-344.5570763537594 37.09787241613825
-377.4435289175484 29.586456874826776
-417.43642875551046 20.468386198090478
-467.3871761113862 9.140275473298287
-507.74653680111544 -4.476063199676532
-510.1081172205341 -17.78774616636176
-512.121035574143 -31.158537405341573
-513.783766994983 -44.579322676541445
-515.0950243169407 -58.040949700394286
-516.05375939303 -71.53424365519962
-516.6591644565003 -85.05007534839348
-516.9158668890979 -100
-516.8079520056854 -112.1106819464033
-516.3509314165972 -125.63823918302386
-515.5397650761082 -139.15097050194092
-514.3748570217306 -152.6397261942927
-512.8568543668683 -166.09526104195808
-510.98664758120054 -179.50832847094264
-508.76537033704943 -192.86969866580506
-506.1882630732534 -206.18432577672948
-503.21980162549295 -219.5118466553849
-499.8689339017329 -232.8001934519429
-496.1489750602167 -246.00728590556898
-492.06991115796154 -259.1082278412272
-487.6397928097164 -272.0864506639394
-482.8654955551677 -284.92965708038093
-477.7531903546331 -297.6278083475703
-472.3086303073156 -310.17210282061217
-466.53735264214083 -322.5544229866465
-460.444772668398 -334.76707419048785
-454.0362821664144 -346.80261303133943
-447.3172959105008 -358.6537721351961
-440.2932927995611 -370.3134151800236
-432.96984313755246 -381.774516957141
-425.35261959697044 -393.030159723868
-417.4474317190532 -404.0735244879791
-409.26019163203506 -414.8979114922723
-400.79695107611036 -425.49673210773784
-392.0639222360592 -435.8635148778589
-383.0674174923082 -445.9919259813145
-373.81389931408876 -455.87576382323465
-364.3099772552378 -465.5089695428312
-354.5623643314266 -474.88563447680593
-344.5779352513181 -484.0000046296233
-334.3636682016852 -492.8464858506255
-323.9266712513154 -501.419648866626
-313.27417676583394 -509.71423507069136
-302.41353587462055 -517.7251614829163
-291.3521764669631 -525.4475110569423
-280.097694228805 -532.8765679229097
-268.65772988866837 -540.0077791357974
-257.04005520405605 -546.8367910614824
-245.25252954076444 -553.3594376036219
-233.30309676546383 -559.5717415427364
-221.19978706295706 -565.4699199592992
-208.95071189999973 -571.0503863118778
-196.5640590381719 -576.3097522634496
-184.04808526906814 -581.2448267029253
-171.411105263364 -585.8526079786612
-158.6615187851864 -590.130322693565
-145.8077633670441 -594.0753780074489
-132.8583320449694 -597.6853857901839
-119.82177484092479 -600.9581766041772
-106.70667615597641 -603.891770487974
-93.52166342678184 -606.4843983527901
-80.27540369225905 -608.7345106877523
-66.97658594520361 -610.6407426792003
-53.63392974417253 -612.2019457056435
-40.25617876131057 -613.4171905174891
-26.852091011008866 -614.2857454038462
-13.430437951932957 -614.8070875245166
0 -614.9809030999749
13.430437951932717 -614.8070875245166
26.85209101100868 -614.2857454038462
40.25617876131057 -613.4171905174891
53.63392974417229 -612.2019457056435
66.97658594520335 -610.6407426792005
80.27540369225905 -608.7345106877523
93.52166342678167 -606.4843983527902
106.70667615597614 -603.891770487974
119.82177484092479 -600.9581766041772
132.8583320449691 -597.6853857901839
145.8077633670439 -594.0753780074489
158.6615187851864 -590.130322693565
171.41110526336382 -585.8526079786614
184.04808526906794 -581.2448267029253
196.5640590381719 -576.3097522634496
208.95071189999956 -571.0503863118778
221.19978706295691 -565.4699199592992
233.30309676546383 -559.5717415427364
245.25252954076439 -553.3594376036219
257.040055204056 -546.8367910614824
268.65772988866837 -540.0077791357974
280.097694228805 -532.8765679229097
291.3521764669631 -525.4475110569423
302.41353587462055 -517.7251614829163
313.2741767658337 -509.71423507069136
323.92667125131527 -501.4196488666261
334.3636682016852 -492.8464858506255
344.577935251318 -484.0000046296234
354.56236433142647 -474.8856344768061
364.3099772552378 -465.5089695428312
373.8138993140886 -455.87576382323493
383.0674174923082 -445.9919259813146
392.0639222360591 -435.8635148778591
400.79695107611025 -425.4967321077379
409.2601916320351 -414.8979114922723
417.4474317190532 -404.0735244879791
425.35261959697044 -393.030159723868
432.96984313755235 -381.7745169571412
440.293292799561 -370.3134151800236
447.31729591050043 -358.65377213519645
454.0362821664144 -346.80261303133943
460.444772668398 -334.76707419048785
466.53735264214083 -322.5544229866465
472.3086303073156 -310.1721028206122
477.75319035463303 -297.62780834757064
482.8654955551677 -284.929657080381
487.63979280971625 -272.0864506639399
492.06991115796154 -259.1082278412272
496.1489750602167 -246.00728590556898
499.8689339017327 -232.80019345194358
503.21980162549295 -219.51184665538534
506.1882630732534 -206.18432577672965
508.7653703370494 -192.8696986658056
510.98664758120054 -179.50832847094264
512.8568543668683 -166.09526104195808
514.3748570217306 -152.6397261942927
515.5397650761082 -139.15097050194092
516.3509314165972 -125.63823918302386
516.8079520056854 -112.1106819464033
516.9158668890979 -100
516.6591644565003 -85.05007534839348
516.0537593930301 -71.53424365519957
515.0950243169407 -58.040949700394286
513.7837669949831 -44.57932267654252
512.121035574143 -31.158537405341573
510.1081172205341 -17.78774616636176
507.74653680111544 -4.476063199676532
467.3871761113863 9.140275473297816
417.4364287555106 20.46838619809034
377.4435289175484 29.586456874826563
344.5570763537594 37.09787241613825
315.9750909232986 43.30376667818416
292.9956240071472 48.72105749980929
271.5240354354989 53.176174392125716
252.878451271278 57.03318410239574
237.00990869876748 60.51822370504439
222.57154242288618 63.53854548630009
209.54201410506906 66.20807658788131
197.89449322284253 68.63896226935925
187.59672638034294 70.94131783649938
177.39545284172954 72.7706441785737
168.50335016575764 74.61867124230885
160.87491203484456 76.58961199661763
152.15263203763553 77.68572547817735
144.67726418078004 78.97932833522687
138.39314408502548 80.5689616021088
132.1556421922181 81.90845680667951
125.9734913546111 83.00144699869787
119.85528869426672 83.85184612603803
113.80948694464297 84.4638440667235
108.82583111508212 85.59619024799329
103.87621190794674 86.55219740759897
98.96664799293804 87.33457347487486
94.10305558331306 87.94621231321
89.29124273210157 88.39019009956642
85.37494974918854 89.54845404387099
80.65318942674233 89.68951714663918
76.77590881194095 90.59514298121799
72.1638339172509 90.4442965381657
68.34264358628793 91.10547671291759
64.53941210221967 91.6573283978484
60.757689264140346 92.10137927890233
57.000965563978525 92.4392579765286
53.272669209845226 92.6726920527195
49.57616322015257 92.80350592945497
46.425693693103966 93.89743108921175
42.76756894822066 93.84231872390437
39.15057857150161 93.6896596042372
35.982764191763835 94.54293506474293
32.421341775248216 94.21237401547079
29.24270055923153 94.9115046277666
25.747638237106536 94.40849815784209
22.56781755095521 94.95528361996372
19.372570514360618 95.43001812280077
15.977981648605144 94.68260008304132
12.79551144971155 95.00762966631285
9.604294654023379 95.2606908615035
6.406512714864105 95.44158845333351
3.2043515381888414 95.55018287250883
