0 284.92239032550907
-4.332381382851106 284.8828225431977
-8.661799308879392 284.7641559892102
-12.985292336613954 284.56650099598
-17.29990305395075 284.29004129580323
-21.602680089486988 283.9350337885227
-26.11372090453385 284.6459735478551
-30.420799842668355 284.1283566645351
-34.70707038856389 283.5323979471697
-39.302442223169926 283.9800702161677
-43.5744985072259 283.2195907848644
-48.22169217527161 283.4829507782355
-52.46688985664501 282.5568000754121
-57.152137200412 282.6311030629049
-61.86866044778418 282.6025864872968
-66.06694463930368 281.419981944108
-70.79996333561508 281.19567435627744
-75.55276006448582 280.86418153180244
-80.32126966611267 280.42394090617245
-85.10137050486912 279.8734986985045
-89.88888785042576 279.2115113160405
-94.6795973233091 278.43674663721276
-100.24576018037509 278.47086512951284
-105.06104369377013 277.44568228132124
-110.70407899068596 277.1825557095014
-115.52428762811103 275.90005184418027
-121.22203731523238 275.32999423103035
-126.95298056531854 274.59077787181303
-132.71071488638 273.6796735675353
-138.48874277154977 272.59413827968166
-144.28047780118487 271.33181781348054
-151.1134754558119 270.58975512252016
-157.99745122133308 269.6095574613897
-164.92342754167208 268.38739164730384
-171.88229751389807 266.91969945580865
-178.86483389614895 265.2032015979176
-187.0151875869207 263.78441735045885
-196.3885603638903 262.5651525345099
-204.6437519939377 260.47343241806834
-214.1378393429051 258.5073339579429
-224.9159161581107 256.56297328200907
-235.76490956868332 254.1489416823064
-247.93770252726839 251.6100507051677
-261.4661884345223 248.8364877512622
-276.37685585229053 245.71639963507658
-292.6907194275354 242.13613977910614
-311.7543392545487 238.18872410329496
-333.61639164832224 233.6482705655008
-356.9584829414722 228.1509534966018
-385.8750047792587 221.8705697678468
-419.06767650607196 214.29041252691775
-459.3382683954988 205.10954285279388
-509.53799037497606 193.7247541081983
-572.5489113782122 179.22975383864988
-655.4904647860668 160.14946832217058
-768.3693111919841 134.012258789059
-932.5883488737786 96.02587868183865
NaN NaN
NaN NaN
NaN NaN
-1116.9037356627173 -260.5360079771322
-1103.9611506171957 -277.62408692514884
-1092.1709790723703 -298.2321886116417
-1082.4008270524546 -319.02993101798694
-1073.7662294680324 -340.1575445822628
-1066.6109812218415 -361.9153707221016
-1060.6851649802131 -384.27002448109357
-1054.7862953755641 -407.1238580731265
-1050.0334184842861 -430.0812824185246
-1045.082588485623 -453.39845248676676
-1041.06894020782 -476.90241073456934
-1037.9070632251457 -500.70347921158225
-1034.2871093403435 -524.936895462927
-1031.3726615300995 -549.5851882136386
-1027.8730292517746 -574.6822552645276
-1024.9519576926384 -600.3034214231375
-1022.5406139588908 -626.5461202014353
-1019.3738848810651 -653.2941963181552
-1017.7757869822109 -681.0097709810974
-1015.2950968606729 -709.3144105263507
-1013.0472895504508 -738.4986907050616
-1010.9503102940939 -768.6387350695227
-1008.9181915128758 -799.8052728283225
-1006.8611247287721 -832.0633193261423
-1005.7707681871494 -865.9826532315692
-1004.4240088547164 -901.1849067778029
-1002.7170515335837 -937.7130482565138
-1000.5433335220906 -975.6028725794863
-981.8569475077009 -1004.2814240467798
-957.5008544174082 -1029.1525972927539
-932.609029394338 -1053.3560751201417
-907.1861924115078 -1076.8880965781611
-881.2388656223593 -1099.7429980946113
-854.7751359141571 -1121.9136582858466
-827.8045037146854 -1143.391854501134
-800.3377104427541 -1164.1685445180856
-772.3866740496707 -1184.2341176576658
-743.9642854430965 -1203.5785584986334
-715.084426801861 -1222.1916383205419
-685.7617825007019 -1240.0630085543946
-656.0119049272477 -1257.1823739230647
-625.8509855719044 -1273.5395006251588
-595.2959257422178 -1289.1243632392102
-564.3642160682955 -1303.9271694943818
-533.0739563287923 -1317.9384709443352
-501.44370205907234 -1331.149118537792
-469.4925510589229 -1343.5504193653314
-437.23997414237164 -1355.1340407473076
-404.7059072048415 -1365.8921793869179
-371.910630508136 -1375.8174959290018
-338.87475792917587 -1384.903157746117
-305.61921837565234 -1393.1428809064214
-272.16521125298465 -1400.5309279380276
-238.53417638615477 -1407.0621159179768
-204.74777880290927 -1412.7318616114785
-170.82786821163492 -1417.5361687117013
-136.7964488608228 -1421.4716174247005
-102.67566754002321 -1424.5354309855952
-68.48777204828272 -1426.7254311269737
-34.25508962527432 -1428.0400601631998
0 -1428.4783734921805
34.25508962527378 -1428.0400601631998
68.48777204828222 -1426.7254311269737
102.67566754002321 -1424.5354309855952
136.7964488608222 -1421.4716174247005
170.8278682116344 -1417.5361687117013
204.74777880290927 -1412.7318616114785
238.53417638615437 -1407.0621159179768
272.1652112529839 -1400.5309279380276
305.61921837565234 -1393.1428809064214
338.8747579291754 -1384.903157746117
371.9106305081357 -1375.8174959290018
404.7059072048415 -1365.8921793869179
437.2399741423713 -1355.134040747308
469.4925510589224 -1343.5504193653317
501.44370205907234 -1331.149118537792
533.0739563287918 -1317.9384709443354
564.364216068295 -1303.9271694943823
595.2959257422178 -1289.1243632392102
625.8509855719043 -1273.5395006251588
656.0119049272477 -1257.1823739230647
685.7617825007019 -1240.0630085543946
715.084426801861 -1222.1916383205419
743.9642854430965 -1203.5785584986334
772.3866740496707 -1184.2341176576658
800.3377104427539 -1164.1685445180856
827.8045037146853 -1143.3918545011338
854.7751359141571 -1121.9136582858466
881.2388656223583 -1099.7429980946117
907.1861924115069 -1076.8880965781625
932.609029394338 -1053.3560751201417
957.5008544174074 -1029.152597292755
981.8569475077003 -1004.2814240467803
1000.5433335220904 -975.6028725794864
1002.7170515335835 -937.7130482565141
1004.4240088547167 -901.1849067778028
1005.7707681871494 -865.9826532315692
1006.8611247287721 -832.0633193261423
1008.9181915128756 -799.8052728283229
1010.9503102940939 -768.6387350695227
1013.0472895504503 -738.498690705062
1015.2950968606729 -709.3144105263507
1017.7757869822109 -681.0097709810974
1019.3738848810651 -653.2941963181552
1022.5406139588908 -626.5461202014354
1024.9519576926386 -600.303421423137
1027.8730292517746 -574.6822552645276
1031.372661530099 -549.5851882136398
1034.2871093403435 -524.936895462927
1037.9070632251457 -500.70347921158225
1041.0689402078194 -476.90241073457054
1045.0825884856226 -453.3984524867685
1050.0334184842861 -430.0812824185242
1054.786295375563 -407.12385807312904
1060.6851649802131 -384.27002448109357
1066.6109812218415 -361.9153707221016
1073.7662294680324 -340.1575445822628
1082.4008270524546 -319.02993101798694
1092.1709790723703 -298.2321886116417
1103.9611506171957 -277.62408692514884
1116.9037356627173 -260.5360079771322
NaN NaN
NaN NaN
NaN NaN
932.5883488737788 96.02587868183684
768.3693111919841 134.012258789059
655.4904647860668 160.14946832217058
572.5489113782122 179.22975383864988
509.5379903749761 193.72475410819783
459.3382683954989 205.10954285279374
419.06767650607196 214.29041252691755
385.8750047792587 221.8705697678468
356.9584829414722 228.1509534966018
333.61639164832224 233.6482705655008
311.7543392545487 238.1887241032949
292.6907194275354 242.13613977910617
276.3768558522906 245.71639963507647
261.4661884345223 248.8364877512622
247.93770252726839 251.6100507051677
235.76490956868332 254.1489416823064
224.9159161581108 256.5629732820089
214.13783934290512 258.50733395794276
204.6437519939377 260.4734324180683
196.3885603638903 262.5651525345099
187.0151875869207 263.78441735045885
178.86483389614895 265.2032015979176
171.88229751389815 266.91969945580854
164.9234275416721 268.38739164730384
157.99745122133308 269.60955746138967
151.1134754558119 270.58975512252016
144.28047780118487 271.33181781348054
138.48874277154977 272.59413827968166
132.71071488638012 273.67967356753525
126.95298056531858 274.5907778718123
121.22203731523241 275.32999423103035
115.52428762811103 275.90005184418027
110.70407899068596 277.1825557095014
105.06104369377013 277.44568228132124
100.24576018037516 278.47086512951273
94.67959732330912 278.43674663721276
89.88888785042577 279.2115113160405
85.10137050486912 279.8734986985045
80.32126966611267 280.42394090617245
75.55276006448582 280.86418153180244
70.79996333561515 281.19567435627744
66.06694463930373 281.419981944108
61.86866044778421 282.6025864872967
57.152137200412 282.6311030629049
52.46688985664501 282.5568000754121
48.22169217527161 283.4829507782355
43.57449850722595 283.21959078486435
39.30244222316997 283.9800702161677
34.70707038856395 283.5323979471697
30.420799842668355 284.1283566645351
26.11372090453385 284.6459735478551
21.602680089486988 283.9350337885227
17.299903053950793 284.29004129580323
12.985292336613997 284.56650099598
8.661799308879436 284.7641559892102
4.332381382851106 284.8828225431977
