0 217.3513903255088
-3.9298055143756243 217.31302179115838
-7.856923477319572 217.19794982151555
-11.778668163660418 217.00627527769868
-15.692357499539098 216.73816613092927
-19.595314885041837 216.39385726681908
-23.70791179789594 217.1178155428991
-27.61819565522725 216.61550269753982
-31.509591885236176 216.03709313105247
-35.71228079600349 216.50451329421873
-39.594114673530946 215.76592827839698
-43.85381389130235 216.0532712572985
-47.71451064799782 215.1531285666776
-52.01851411040893 215.25539560858627
-56.35731180526243 215.25672486877681
-60.18164764732369 214.10576858380608
-64.54475148275878 213.91482741098594
-68.9319203604999 213.61833019051812
-73.33933970381457 213.2146209051353
-77.76313535030039 212.70214806584332
-82.19937676340555 212.0794663580414
-86.64408031063977 211.3452381779526
-91.86974438403172 211.42101501499394
-96.35026961658811 210.43850015897942
-101.66451656210808 210.21893609332648
-106.16213211268736 208.98077147517753
-111.5437050667032 208.45570974224347
-116.96510462916099 207.76202376638426
-122.42014045386023 206.89686051770332
-127.9025224883521 205.8575517538792
-133.40586693390452 204.64161703791672
-139.95792691953582 203.94597238283347
-146.5686104717966 203.01209774916026
-153.22912733543578 201.83603265526943
-159.93055254018807 200.41409192468743
-166.66383528396113 198.7428700168484
-174.5732972912519 197.36876101198158
-183.7143054348649 196.19344694399362
-191.74581873279374 194.14483105642958
-201.02506734882613 192.22087039537817
-211.5972922700305 190.3175636393182
-222.24956170612782 187.94338743529536
-234.2348934345632 185.4430418263526
-247.58530933254488 182.70660618206378
-262.3274200022107 179.6221230803369
-278.4823556108996 176.07584581477295
-297.3967851741994 172.16069458680877
-319.119487254642 167.65069633734532
-342.3321636886095 162.1819393603187
-371.12929481581057 155.92813973471894
-404.21268180509526 148.37251531049998
-444.38416982832905 139.21405759740125
-494.4950367338036 127.8494963345097
-557.4274123520628 113.37248158871711
-640.3007838950131 94.30788848520078
-753.1218586845712 68.18403358865909
-917.2935745923332 30.208632304616557
NaN NaN
NaN NaN
-1047.6285607486989 -56.725945729401296
-1026.6629598961729 -125.55954647420654
-1022.4660375937564 -146.18675812821766
-1019.1212163131631 -170.96985692301482
-1016.2229806422043 -195.72980074764925
-1013.3474800773456 -220.5842127870467
-1011.1663437559862 -245.87465017027415
-1009.5823381697085 -271.5623058538012
-1007.4985255689834 -297.5451903423237
-1006.0806516498035 -323.3933143109861
-1004.1057465456121 -349.41918108417104
-1002.7519221512227 -375.4483621750088
-1001.9955971288476 -401.6216590811299
-998.1180562409521 -428.15989414215323
-988.6379309451747 -454.6760268365033
-978.4772686147247 -480.8375032208601
-967.6474647790641 -506.6389109691376
-956.1597204296326 -532.072928052903
-944.0252360041206 -557.1307840258629
-931.2552934256075 -581.802670059586
-917.861342762573 -606.0780226379966
-903.855035923828 -629.9457658148863
-889.2482552353335 -653.3944917395422
-874.0531282473163 -676.4126039635287
-858.2820263673426 -698.9884337903616
-841.9475876987569 -721.1103207314497
-825.0626706852479 -742.7667002789168
-807.6403803435662 -763.946146481012
-789.6940782951947 -784.6374167214304
-771.2373117243454 -804.8295017604291
-752.2838536610595 -824.5116427096253
-732.8476903439054 -843.6733585469889
-712.9429685115048 -862.3044662553056
-692.5840451010943 -880.39509455359
-671.785420961366 -897.9356956108556
-650.5617596806148 -914.9170544152586
-628.9278749099182 -931.3302971084521
-606.8987182728971 -947.1668970385915
-584.48933166463 -962.4186651127746
-561.7149320332876 -977.0777837347284
-538.5907846317123 -991.1367671233302
-515.1327942473662 -1004.5888114289519
-491.3636090675175 -1017.4322242663316
-467.2986584287802 -1029.6622919836498
-442.95076537337695 -1041.2726156534845
-418.33328216423297 -1052.256943820424
-393.45994076545935 -1062.6091318905799
-368.3449428144339 -1072.3233015233584
-343.00279459832143 -1081.3937473928238
-317.4484028227553 -1089.8151078556032
-291.6969582562907 -1097.582301219235
-265.7639291738981 -1104.6905696287442
-239.66504707835804 -1111.1355218517456
-213.41626663609296 -1116.9131317620709
-187.03374011333966 -1122.0197469423822
-160.53380669883393 -1126.4521340784202
-133.93295666188993 -1130.2074665167272
-107.24780592096975 -1133.2833140797532
-80.49508874211749 -1135.6777095022492
-53.691621038706536 -1137.3891041243344
-26.85428360366409 -1138.4163899577297
0 -1138.7588922414686
26.85428360366364 -1138.4163899577297
53.69162103870616 -1137.3891041243344
80.49508874211749 -1135.6777095022492
107.24780592096921 -1133.2833140797532
133.93295666188948 -1130.2074665167272
160.53380669883393 -1126.4521340784202
187.03374011333935 -1122.0197469423822
213.4162666360924 -1116.9131317620709
239.66504707835804 -1111.1355218517456
265.76392917389774 -1104.6905696287442
291.6969582562905 -1097.582301219235
317.4484028227553 -1089.8151078556032
343.00279459832115 -1081.393747392824
368.34494281443347 -1072.3233015233584
393.45994076545935 -1062.6091318905799
418.3332821642326 -1052.2569438204243
442.95076537337667 -1041.272615653485
467.2986584287802 -1029.6622919836498
491.3636090675173 -1017.4322242663316
515.1327942473662 -1004.5888114289519
538.5907846317123 -991.1367671233302
561.7149320332876 -977.0777837347284
584.48933166463 -962.4186651127746
606.8987182728971 -947.1668970385915
628.9278749099179 -931.3302971084521
650.5617596806148 -914.9170544152585
671.785420961366 -897.9356956108556
692.5840451010935 -880.3950945535903
712.9429685115043 -862.3044662553062
732.8476903439054 -843.6733585469889
752.2838536610589 -824.5116427096259
771.2373117243454 -804.8295017604293
789.6940782951945 -784.6374167214306
807.640380343566 -763.9461464810122
825.062670685248 -742.7667002789168
841.9475876987569 -721.1103207314497
858.2820263673426 -698.9884337903616
874.0531282473162 -676.4126039635291
889.2482552353335 -653.3944917395422
903.8550359238277 -629.9457658148866
917.861342762573 -606.0780226379966
931.2552934256075 -581.802670059586
944.0252360041206 -557.1307840258629
956.1597204296326 -532.0729280529031
967.6474647790643 -506.6389109691372
978.4772686147247 -480.8375032208602
988.6379309451743 -454.6760268365045
998.1180562409521 -428.15989414215323
1001.9955971288476 -401.6216590811299
1002.7519221512224 -375.4483621750103
1004.1057465456119 -349.419181084173
1006.0806516498035 -323.3933143109857
1007.4985255689827 -297.5451903423263
1009.5823381697085 -271.5623058538012
1011.1663437559862 -245.87465017027415
1013.3474800773456 -220.5842127870467
1016.2229806422043 -195.72980074764925
1019.1212163131631 -170.96985692301482
1022.4660375937564 -146.18675812821766
1026.6629598961729 -125.55954647420654
1047.6285607486989 -56.725945729401296
NaN NaN
NaN NaN
917.2935745923335 30.20863230461476
753.1218586845712 68.18403358865909
640.3007838950131 94.30788848520078
557.4274123520628 113.37248158871711
494.49503673380366 127.84949633450923
444.38416982832916 139.2140575974011
404.21268180509526 148.37251531049978
371.12929481581057 155.92813973471894
342.3321636886095 162.1819393603187
319.119487254642 167.65069633734532
297.3967851741994 172.16069458680872
278.4823556108996 176.07584581477298
262.3274200022108 179.6221230803368
247.58530933254488 182.70660618206378
234.2348934345632 185.4430418263526
222.24956170612782 187.94338743529536
211.5972922700306 190.317563639318
201.02506734882616 192.22087039537809
191.74581873279374 194.1448310564295
183.7143054348649 196.19344694399362
174.5732972912519 197.36876101198158
166.66383528396113 198.7428700168484
159.93055254018816 200.4140919246873
153.2291273354358 201.83603265526943
146.5686104717966 203.01209774916023
139.95792691953582 203.94597238283347
133.40586693390452 204.64161703791672
127.9025224883521 205.8575517538792
122.42014045386034 206.89686051770326
116.96510462916103 207.76202376638352
111.54370506670323 208.45570974224344
106.16213211268736 208.98077147517753
101.66451656210808 210.21893609332648
96.35026961658811 210.43850015897942
91.86974438403179 211.42101501499383
86.6440803106398 211.3452381779526
82.19937676340557 212.0794663580414
77.76313535030039 212.70214806584332
73.33933970381457 213.2146209051353
68.9319203604999 213.61833019051812
64.54475148275885 213.9148274109859
60.18164764732374 214.10576858380608
56.357311805262455 215.25672486877676
52.01851411040893 215.25539560858627
47.71451064799782 215.1531285666776
43.85381389130235 216.0532712572985
39.594114673530996 215.76592827839696
35.71228079600353 216.50451329421873
31.50959188523623 216.03709313105244
27.61819565522725 216.61550269753982
23.70791179789594 217.1178155428991
19.595314885041837 216.39385726681908
15.692357499539142 216.73816613092924
11.77866816366046 217.00627527769868
7.856923477319617 217.19794982151555
3.9298055143756243 217.31302179115838
