0 153.55339032551078
-3.549708501500296 153.51615407603495
-7.096989951075276 153.40447597790538
-10.639418944526623 153.218447949776
-14.174573372023795 152.95822308186266
-17.70003606257078 152.62401547475596
-21.436437209902785 153.36026534532647
-24.972082056932603 152.8724019977394
-28.490652790723153 152.3105616803
-32.32258523532858 152.79662706334523
-35.83598577471236 152.07871393218704
-39.72982728816386 152.38870074514261
-43.22749271496037 151.51311384269474
-47.17154002543141 151.64178349435858
-51.153703442272345 151.67129207159553
-54.624971299566404 150.55021688321648
-58.63881541864066 150.39077902609142
-62.68077221358961 150.1273233403715
-66.74726369880216 149.7581055742068
-70.83464936679894 149.28148198627494
-74.93922923961998 148.69591122003206
-79.05724698903319 147.99995607936003
-83.96142490118976 148.1150651606784
-88.12588393965483 147.17283582011862
-93.12970127421221 146.99440183642866
-97.32273654990156 145.79810066992778
-102.40578730920863 145.31552235688986
-107.53492734933711 144.66482445872057
-112.70416662417028 143.84303702902804
-117.9074109519346 142.8473736127662
-123.13846784093931 141.67523457977137
-129.42527703249343 141.02341609054162
-135.77792834279262 140.13327791933955
-142.18780835898932 139.0007393937547
-148.64616388480707 137.62199547398328
-155.1441107059564 135.99352141746252
-162.82613183442754 134.66159309849542
-171.74775001964298 133.527775675791
-179.56807463851567 131.5198571819889
-188.64448059299522 129.63568144798208
-199.02234788839132 127.77113626094
-209.4888779374206 125.43459002441173
-221.2972158140395 122.97063750422282
-234.4795046981885 120.26925607104393
-249.06247041787142 117.21838988652178
-265.0673522104212 113.70419770631622
-283.8409219308239 109.81950935804518
-305.4320546798983 105.33826584781878
-328.5225424650945 99.89647423672145
-357.206949368088 93.66777432273018
-390.18715381331015 86.13531286251342
-430.26507168876776 76.99801568114223
-480.29204497107224 65.6525524466642
-543.150260987272 51.192518956800605
-625.9592577745258 32.14274204014362
-738.7257867740188 6.031496089805306
-766.7039979563292 -16.2513134442433
-768.7150022318531 -36.334709550103995
-770.2003240390878 -56.468216315603016
-771.158610293211 -76.6382903947035
-771.6061919744059 -100
-771.4904330404732 -117.02932213480646
-770.863075853228 -137.22560308399065
-769.7068622554604 -157.4024715067698
-768.0222456995118 -177.54637721953733
-765.8100424389179 -197.64351922588537
-762.9988790712401 -217.91343264913974
-759.5256259431587 -238.3997346160149
-755.4459107660267 -258.8357496400606
-750.7929346809048 -279.12308186243155
-745.5882114412454 -299.22146232388985
-739.8471475460162 -319.11169133741237
-733.5817872392444 -338.7824089765861
-726.8022858924492 -358.224997067802
-719.5177032791964 -377.4316116314635
-711.736487705755 -396.3943969714233
-703.4667671123001 -415.10521941180895
-694.7165512743097 -433.555597230851
-685.4938232026418 -451.7367590435318
-675.8066344388853 -469.63968912567987
-665.6631475821353 -487.2552035913459
-655.0716732660685 -504.57401313829365
-644.0406931188103 -521.5867812898824
-632.5788663145668 -538.2841784326424
-620.6950598343972 -554.6569162019539
-608.3983096550141 -570.6958007266954
-595.6978537196616 -586.3917494587758
-582.6031486248436 -601.7358165303963
-569.1238051468137 -616.7192282322223
-555.2696343558953 -631.3333892512453
-541.0506407457353 -645.5699023117363
-526.476974911094 -659.4205827508987
-511.5589882502022 -672.8774685098753
-496.3071713516535 -685.932829561751
-480.7321771478014 -698.5791761683705
-464.84481222251446 -710.8092670554196
-448.65602833806395 -722.6161160758281
-432.1768778033968 -733.9929837171308
-415.41860157093225 -744.9334129155064
-398.3925044766488 -755.4311912782481
-381.1100386091047 -765.480387334692
-363.5827579344049 -775.0753385684418
-345.8223132555762 -784.2106523099052
-327.8404522222892 -792.8812105215493
-309.6490126792666 -801.0821711241994
-291.2599162213726 -808.8089689746586
-272.68515964155523 -816.0573139891605
-253.9368026753547 -822.8231824913198
-235.02699394987076 -829.1028547231323
-215.96792310260014 -834.8928665382728
-196.77183759425958 -840.1900324005089
-177.45104349796708 -844.9914582926029
-158.01788252300605 -849.2945118495721
-138.48474013854914 -853.0968427162775
-118.8640418002674 -856.3963903736139
-99.16823518198625 -859.191348867057
-79.40979850051977 -861.4801973687076
-59.60123397778789 -863.2617027672438
-39.75505807269108 -864.5348975870639
-19.88380054549982 -865.2990908489992
0 -865.5538679964125
19.883800545499476 -865.2990908489992
39.755058072690794 -864.5348975870639
59.60123397778789 -863.2617027672438
79.40979850051941 -861.4801973687076
99.16823518198593 -859.1913488670571
118.8640418002674 -856.3963903736139
138.4847401385489 -853.0968427162776
158.01788252300565 -849.2945118495721
177.45104349796708 -844.9914582926029
196.77183759425924 -840.1900324005089
215.96792310259994 -834.8928665382728
235.02699394987076 -829.1028547231323
253.93680267535447 -822.8231824913199
272.68515964155495 -816.0573139891605
291.2599162213726 -808.8089689746586
309.6490126792664 -801.0821711241996
327.84045222228895 -792.8812105215494
345.8223132555762 -784.2106523099052
363.5827579344048 -775.0753385684418
381.11003860910466 -765.480387334692
398.3925044766488 -755.4311912782481
415.41860157093225 -744.9334129155064
432.1768778033968 -733.9929837171308
448.65602833806395 -722.6161160758281
464.84481222251424 -710.8092670554196
480.73217714780134 -698.5791761683705
496.3071713516535 -685.932829561751
511.5589882502021 -672.8774685098755
526.4769749110936 -659.4205827508993
541.0506407457353 -645.5699023117363
555.2696343558949 -631.3333892512456
569.1238051468137 -616.7192282322225
582.6031486248435 -601.7358165303964
595.6978537196613 -586.3917494587761
608.3983096550143 -570.6958007266954
620.6950598343972 -554.6569162019539
632.5788663145668 -538.2841784326424
644.0406931188103 -521.5867812898827
655.0716732660685 -504.57401313829365
665.6631475821349 -487.25520359134623
675.8066344388853 -469.63968912567987
685.4938232026418 -451.7367590435318
694.7165512743097 -433.555597230851
703.4667671123001 -415.10521941180906
711.736487705755 -396.39439697142336
719.5177032791964 -377.43161163146357
726.8022858924488 -358.22499706780286
733.5817872392444 -338.7824089765861
739.8471475460162 -319.11169133741237
745.5882114412452 -299.22146232389093
750.7929346809046 -279.123081862433
755.4459107660267 -258.8357496400605
759.5256259431586 -238.3997346160162
762.9988790712401 -217.91343264913974
765.8100424389179 -197.64351922588537
768.0222456995118 -177.54637721953733
769.7068622554604 -157.4024715067698
770.863075853228 -137.22560308399065
771.4904330404732 -117.02932213480646
771.6061919744059 -100
771.158610293211 -76.6382903947035
770.200324039088 -56.4682163156026
768.7150022318531 -36.334709550103995
766.7039979563294 -16.25131344424506
738.7257867740188 6.031496089805306
625.9592577745258 32.14274204014362
543.150260987272 51.192518956800605
480.2920449710723 65.65255244666373
430.2650716887679 76.99801568114209
390.18715381331015 86.1353128625132
357.206949368088 93.66777432273018
328.5225424650945 99.89647423672145
305.4320546798983 105.33826584781878
283.8409219308239 109.81950935804511
265.0673522104212 113.70419770631624
249.06247041787148 117.21838988652165
234.4795046981885 120.26925607104393
221.2972158140395 122.97063750422282
209.4888779374206 125.43459002441173
199.02234788839144 127.7711362609398
188.64448059299525 129.635681447982
179.56807463851567 131.5198571819888
171.74775001964298 133.527775675791
162.82613183442754 134.66159309849542
155.1441107059564 135.99352141746252
148.64616388480715 137.62199547398316
142.18780835898934 139.0007393937547
135.77792834279262 140.13327791933952
129.42527703249343 141.02341609054162
123.13846784093931 141.67523457977137
117.9074109519346 142.8473736127662
112.7041666241704 143.84303702902798
107.53492734933715 144.66482445871983
102.40578730920866 145.31552235688983
97.32273654990156 145.79810066992778
93.12970127421221 146.99440183642866
88.12588393965483 147.17283582011862
83.96142490118983 148.11506516067828
79.05724698903322 147.99995607936003
74.93922923961999 148.69591122003206
70.83464936679894 149.28148198627494
66.74726369880216 149.7581055742068
62.68077221358961 150.1273233403715
58.638815418640725 150.3907790260914
54.624971299566454 150.55021688321648
51.15370344227237 151.67129207159547
47.17154002543141 151.64178349435858
43.22749271496037 151.51311384269474
39.72982728816386 152.38870074514261
35.83598577471241 152.07871393218701
32.322585235328624 152.79662706334523
28.490652790723207 152.31056168029997
24.972082056932603 152.8724019977394
21.436437209902785 153.36026534532647
17.70003606257078 152.62401547475596
14.17457337202384 152.95822308186263
10.639418944526666 153.218447949776
7.0969899510753205 153.40447597790538
3.549708501500296 153.51615407603495
