1364.375 -3138.125 0.000000000000003593550542941801
126.125 -3986.375 0.000000000000002782663532018909
-1523.125 -3930.125 0.0000000000000012726772261650796
1449.875 -3997.625 0.0000000000000025374779804231173
-1697.875 -2259.125 0.0000000000000016357051461620736
-2080.375 -3644.375 0.000000000020756604051994036
-1769.125 930.625 0.00000000003360837544427627
1728.125 -2169.875 0.000000000000003231349597709771
801.875 -2098.625 0.0000000000000012540626223576041
-1525.375 -2723.375 0.000000000000001730125768697962
-677.125 -2658.125 0.0000000000000027948754165706822
1659.875 -2366.375 0.0000000000000033181237670883342
567.875 -3298.625 0.0000000000000014676179396208472
-1802.875 -3647.375 0.000000000000003198219092417721
-902.875 -3925.625 0.00000000000000181175207880821
-1580.875 -2580.875 0.0000000000000017031238798951332
-1917.625 -3711.125 0.000000000020981906666741288
-169.375 -3804.125 0.0000000000000028536677714930874
1949.375 -3684.875 0.00000000004198907912026562
-208.375 -3779.375 0.0000000000000028639965973650857
1246.625 -3456.875 0.000000000000003639091415031181
-725.125 -2379.875 0.0000000000000026524179904897065
1726.625 -3964.625 0.00000000004080222851583155
-1825.375 -3635.375 0.0000000000000031377761703421406
-1727.875 -3732.125 0.000000000000003263956363221477
-1881.625 -3809.375 0.0000000000000027239863339687906
-105.625 -3973.625 0.000000000000001393387455265268
1854.125 -3783.125 0.00000000004171685153580508
-1719.625 -3975.125 0.000000000020373765001053814
1788.125 -3875.375 0.000000000041274924997673144
-801.625 -2098.625 0.0000000000000025081252447152083
-1766.125 -3681.125 0.000000000000003246243639228116
1872.875 -3761.375 0.000000000000001403770877520638
1374.125 -3092.375 0.000000000000003579247060405122
-1804.375 -3978.125 0.00000000004122874791126437
-1660.375 -2366.375 0.0000000000000016590618835441671
-1921.375 -3912.875 0.00000000004132414212717959
1608.875 -3858.125 0.000000000000002533463425270355
853.625 -1845.125 0.0000000000000011826383162427144
-1772.125 -3672.125 0.0000000000000032413898526495897
-1449.625 -3997.625 0.0000000000000012687383030143185
-1240.375 -3473.375 0.000000000000001820703967146577
1594.625 -2544.875 0.0000000000000033921115485577772
-916.375 -1402.625 0.0000000000000021063420995778267
771.875 -2211.125 0.0000000000000012836788832247024
-675.625 -2627.375 0.0000000000000027770842920541443
1850.375 -3666.875 0.0000000000000015039646222814258
1838.375 -1731.125 0.0000000000000030060664694162396
-871.375 -1770.875 0.0000000000000023233605116488706
-1850.125 -3939.875 0.0000000000413944038400641
-1313.125 -3301.625 0.000000000000001811792506340893
906.875 -1506.875 0.0000000000000010839443131251179
-1174.375 -3596.375 0.0000000000000018223355285417496
1806.875 -3643.625 0.000000000000001595343105996986
-2011.375 -3931.625 0.00000000004072137986445831
-1794.625 -3865.625 0.000000000020661992825502162
1200.125 -3546.125 0.000000000000003639207279347895
1707.875 -3761.375 0.000000000000001633060665032656
66.875 -3955.625 0.000000000000002799511381363087
1830.875 -3639.875 0.0000000000000015580968570212612
1794.125 -1923.125 0.000000000000003107744375614494
-1888.375 -3741.125 0.00000000002093956747237623
675.125 -2565.125 0.0000000000000013700652757284492
887.375 -1647.875 0.0000000000000011254369282403122
1788.125 -3654.125 0.0000000000000016114661151810781
1827.875 -3634.625 0.0000000000000015643637384189815
-1910.875 -3913.625 0.0000000000413622332547586
1740.125 -3944.375 0.00000000004091127589133413
-1827.625 -1766.375 0.0000000000000015117352350355939
-1758.625 -3687.875 0.000000000000003251603015290407
1745.375 -2115.875 0.0000000000000032068903612556913
1155.875 -3618.875 0.000000000000003635307891083229
1875.125 -3774.125 0.0000000000000013919653738969731
1063.625 -3756.875 0.00000000000000363497129285156
668.375 -2745.875 0.0000000000000014173628638825112
-1766.125 -2012.375 0.0000000000000015749697252583838
1746.875 -3934.625 0.000000000040965027956856515
-1136.875 -3651.875 0.000000000000001819189706730778
489.875 -3492.875 0.0000000000000014611634960578844
6.875 -3922.625 0.0000000000000028153592421478432
1641.125 -2419.625 0.000000000000003340865015265276
434.375 -3564.875 0.000000000000001454928227760787
2010.125 -3657.125 0.00000000004183903895443512
766.625 -2229.875 0.0000000000000012885297240035816
1618.625 -3888.875 0.0000000000000016235989500987579
-1745.875 -2115.875 0.0000000000000016034451806278457
264.875 -3726.875 0.0000000000000014360400332499888
-1997.875 -3660.875 0.0000000000209436514366954
587.375 -3249.875 0.000000000000001469221932811602
-675.625 -2707.625 0.0000000000000028193564478424137
1858.625 -3695.375 0.000000000000001469140626191016
1850.375 -3939.875 0.000000000020697201920032044
-1733.875 -2151.875 0.00000000000000161161503195723
638.375 -3057.875 0.0000000000000014631153027107486
665.375 -2780.375 0.0000000000000014244383289348157
-870.625 -1722.125 0.000000000000002293240962185953
-1268.125 -3405.875 0.000000000000001815753330250212
647.375 -2964.875 0.0000000000000014530623606024023
1532.375 -2705.375 0.0000000000000034537321414126493
-1872.625 -3761.375 0.0000000000000028075421714640117
952.625 -3888.875 0.000000000000003632088178133949
651.875 -2910.125 0.000000000000001445563020074447
-1503.625 -2776.625 0.0000000000000017396846334444616
-1703.875 -2241.125 0.0000000000000016317393014494685
-1164.625 -3613.625 0.0000000000000018231907057986572
1582.625 -3876.875 0.0000000000000025415145632551404
-612.625 -3162.875 0.0000000000000029365617607719294
698.375 -2473.625 0.0000000000000013484211234105117
-1638.625 -3861.125 0.0000000000000032543746035078842
615.875 -3143.375 0.0000000000000014672313194781828
1797.875 -3647.375 0.0000000000000016038053925333591
-587.125 -3249.875 0.000000000000002938443865623204
548.375 -3379.625 0.000000000000001467122081817341
207.875 -3779.375 0.000000000000001431998009487771
2010.875 -3931.625 0.000000000020360689932229137
1957.625 -3679.625 0.000000000041982646655058644
1862.375 -3708.875 0.0000000000000014522556817348058
-714.625 -2417.375 0.0000000000000026704253270158938
1684.625 -3795.125 0.0000000000000016324753482496982
1474.625 -2847.875 0.000000000000003503823387455011
-1640.875 -2419.625 0.000000000000001670432507632635
-862.375 -1807.625 0.0000000000000023443518399426565
559.625 -3339.125 0.0000000000000014676080309285948
806.375 -2079.875 0.0000000000000012490226619227103
-1474.375 -2847.875 0.0000000000000017519116937275054
1782.125 -4000.625 0.000000000020553352334560933
-894.625 -1562.375 0.0000000000000021996673607447405
1866.125 -3729.875 0.0000000000000014294226674868574
934.625 -3903.875 0.000000000000003633554167583327
-1595.875 -3920.375 0.0000000000000032383759434312277
-1898.875 -3876.125 0.000000000000002624500023222118
-1349.125 -3172.625 0.0000000000000017967166587238845
-875.875 -1752.125 0.0000000000000023127813706683654
-555.625 -3359.375 0.0000000000000029348369448829846
-1834.375 -3951.125 0.000000000041353109152288593
1789.625 -3657.875 0.00000000000000161049468160771
1956.875 -3915.875 0.00000000002056250231914439
-1865.125 -3724.625 0.0000000000000028703297371360723
-1039.375 -3789.125 0.0000000000000018186729295841132
1383.125 -3060.875 0.000000000000003569222089988071
-1028.125 -3804.875 0.000000000000001819221954811717
1827.875 -3819.125 0.0000000000415547357113943
-599.125 -3190.625 0.0000000000000029346123293600505
-1810.375 -3639.875 0.0000000000000031829197765199158
1804.625 -1887.875 0.0000000000000030906957953507685
-1846.375 -3655.625 0.0000000000000030328720874204875
1164.875 -3613.625 0.000000000000003646381495937752
1268.375 -3405.875 0.000000000000003631506660500425
912.875 -1421.375 0.0000000000000010584692289130135
1528.625 -3928.625 0.000000000000002546878411010259
1779.125 -3667.625 0.0000000000000016173386473645666
403.625 -3594.125 0.0000000000000014505286164373868
-668.125 -2745.875 0.0000000000000028347257277650224
-1262.125 -3423.125 0.0000000000000018170634802183265
1539.125 -3917.375 0.00000000000000254609106032609
-1610.875 -3859.625 0.0000000000000012666670052833974
1581.125 -2580.875 0.0000000000000034062477597902767
1106.375 -3702.125 0.000000000000003642604993757385
1841.375 -3649.625 0.000000000000001531902105672653
-579.625 -3290.375 0.000000000000002939830150580162
-1817.125 -3639.875 0.0000000000000031639437953644352
-1808.125 -3846.875 0.00000000002070973242764827
-1901.875 -3885.125 0.0000000000000026115806327343686
-1511.125 -2759.375 0.0000000000000017365352486028132
1803.125 -3647.375 0.0000000000000015991095462088609
1734.125 -2151.875 0.00000000000000322323006391446
-1567.375 -2647.625 0.0000000000000017208896512546877
105.875 -3973.625 0.000000000000002786774910530535
1611.125 -3859.625 0.0000000000000025333340105667947
1086.125 -3723.875 0.000000000000003632576219524643
-1735.375 -3720.125 0.0000000000000032617354292295843
834.875 -1919.375 0.0000000000000012034509062390385
725.375 -2379.875 0.0000000000000013262092448472292
945.125 -1242.125 0.000000000000001019298703163241
1843.625 -3651.125 0.000000000000001526786265492718
1703.375 -2241.125 0.0000000000000032634786028989477
-1621.375 -2473.625 0.000000000000001681575589467199
-761.875 -2248.625 0.0000000000000025867004797073215
-448.375 -3543.875 0.0000000000000029120642703737487
419.375 -3585.125 0.0000000000000014538216904410763
661.625 -2868.125 0.0000000000000014406011404816493
-1608.625 -3858.125 0.0000000000000012667319819151709
-1856.125 -3684.125 0.0000000000000029535166358236234
1668.875 -3816.875 0.0000000000000016308599975974212
-665.125 -2780.375 0.000000000000002848876657869631
-608.875 -3182.375 0.000000000000002938432129110981
-1873.375 -3767.375 0.0000000000000027957592145946494
1846.625 -3655.625 0.0000000000000015164359309041363
150.875 -3819.875 0.0000000000000014253487075129292
1869.875 -3753.125 0.0000000000000014062456397605627
-419.125 -3585.125 0.0000000000000029076433808821534
1868.375 -1590.875 0.0000000000000029318139298539754
-1885.375 -3825.125 0.000000000000002699618038728811
1893.125 -3858.125 0.000000000000001324972764404288
1971.875 -3919.625 0.00000000002051002917007112
-1834.375 -3809.375 0.000000000020798676459408212
-1972.375 -3919.625 0.000000000041020058340142224
-1893.625 -3858.125 0.000000000000002649944818986124
-2079.625 -3945.875 0.00000000004026564844014609
1901.375 -3885.125 0.000000000000001305790771075508
-1274.125 -3389.375 0.000000000000001814418567210515
-1493.125 -3959.375 0.0000000000000012718487288649548
720.125 -2398.625 0.000000000000001330727461149689
1028.375 -3804.875 0.0000000000000036384439096234515
-1684.375 -3795.125 0.0000000000000032649512523438964
1039.625 -3789.125 0.0000000000000036373458591682264
1585.625 -3877.625 0.0000000000000025418577943118863
-188.875 -3787.625 0.0000000000000028565255065064758
-740.875 -2323.625 0.000000000000002624687514977234
-1190.875 -3563.375 0.0000000000000018205509279771818
1580.375 -3944.375 0.0000000000000016170071841443002
1224.125 -3495.125 0.0000000000000036331453769901686
-591.625 -3230.375 0.0000000000000029373896005234584
1608.125 -2509.625 0.0000000000000033777428182793305
1376.375 -3077.375 0.000000000000003574184627793714
-1538.875 -3917.375 0.000000000000001273045530163045
1777.625 -3664.625 0.0000000000000016181388756320982
507.875 -3451.625 0.0000000000000014628134524271007
-2499.625 3999.625 NaN
1758.125 -3687.875 0.0000000000000016258015076452049
-625.375 -3084.875 0.0000000000000029264694375651537
-934.375 -3903.875 0.0000000000000018167770837916635
1783.625 -3660.875 0.0000000000000016144794250012723
1794.875 -3865.625 0.000000000041323985651004324
1459.625 -2883.875 0.0000000000000035155756519003397
676.625 -2548.625 0.0000000000000013654273066288982
2039.375 -3939.875 0.000000000020255954501991574
1765.625 -2012.375 0.000000000000003149938007804642
1997.375 -3660.875 0.00000000004188730287339083
1819.625 -3963.875 0.00000000002064875370122891
1920.875 -3912.875 0.00000000002066207106358978
-628.375 -3066.125 0.000000000000002923360417833808
-1307.125 -3318.875 0.0000000000000018134099716743817
1574.375 -3885.875 0.000000000000002543575465476688
1295.375 -3351.875 0.000000000000003633090802000639
-1207.375 -3529.625 0.000000000000001818638273987848
-660.625 -2903.375 0.0000000000000028927467512420088
1797.125 -3984.875 0.00000000002059518497385704
-1932.625 -3697.625 0.000000000020992588565703956
1848.875 -3663.875 0.0000000000000015092895643574953
1881.875 -3749.375 0.00000000004185091989326982
1820.375 -3637.625 0.0000000000000015776956858349477
111.125 -3843.125 0.0000000000000014200055348199817
1754.375 -2048.375 0.000000000000003166631342457302
1888.625 -3741.125 0.000000000041879134944752465
-1614.625 -2491.625 0.000000000000001685237684039614
-525.625 -3409.625 0.0000000000000029280400487791996
-1949.125 -3684.875 0.000000000020994539560132806
1834.625 -3809.375 0.000000000041597352918816424
1822.625 -3636.125 0.0000000000000015733487383029528
1941.125 -3690.875 0.000000000041989931875725246
-1335.625 -3220.625 0.0000000000000018027864114568566
-1751.875 -3698.375 0.0000000000000032553122728610743
867.125 -1788.875 0.000000000000001166932653016069
-902.875 -1524.875 0.0000000000000021784866700362594
830.375 -3976.625 0.000000000000003616077999563191
1822.625 -1784.375 0.000000000000003032131152185616
-1106.875 -3702.125 0.000000000000001821302496878694
-1574.125 -2629.625 0.0000000000000017174813905674661
-1224.625 -3495.125 0.0000000000000018165726884950843
1413.875 -2990.375 0.0000000000000035488405963407722
-318.625 -3681.875 0.0000000000000028843972584793734
1328.375 -3252.875 0.000000000000003613097124676393
667.625 -2729.375 0.0000000000000014134904273068115
1833.125 -3639.875 0.0000000000000015533599607689428
915.125 -1470.125 0.0000000000000010733493131177508
714.875 -2417.375 0.0000000000000013352129796374197
-515.875 -3430.625 0.0000000000000029269408716896186
2183.375 833.125 0.00000000005895014077879845
300.875 -3700.625 0.0000000000000014409199226012978
993.125 -3842.375 0.000000000000003628917104767092
-1826.875 -3957.125 0.00000000004132738213736183
660.125 -2903.375 0.0000000000000014463733756210044
-1712.125 -3984.875 0.000000000020346171071016612
-911.125 -1488.125 0.0000000000000021572925814698434
1789.625 -3992.375 0.00000000002057481162510933
-663.625 -2832.125 0.0000000000000028689733465499215
-583.375 -3270.125 0.000000000000002939255444349633
1848.125 -3792.125 0.00000000004167857495119248
1925.375 -3704.375 0.000000000041976682903645606
-434.875 -3564.875 0.000000000000002909855885901257
-1602.625 -3864.875 0.0000000000000012683027810104744
-676.375 -2548.625 0.000000000000002730854613257796
1146.875 -3635.375 0.000000000000003636851260073659
1712.375 -3984.875 0.00000000004069234214203322
-786.625 -2154.875 0.00000000000000253794970931242
-945.625 -1242.125 0.000000000000002038597406326482
-1368.625 -3122.375 0.0000000000000017944822426063664
1768.625 930.625 0.00000000006721675088855245
1776.875 -1977.125 0.0000000000000031331507789188747
-664.375 -2849.375 0.0000000000000028753794003149747
-906.625 -1506.875 0.0000000000000021678886262502357
-1880.125 -3801.875 0.0000000000000027360751243804683
1814.375 -3837.125 0.000000000041465914585412664
45.875 -3942.125 0.0000000000000028032508085001346
1851.875 -3669.875 0.00000000000000149859911364615
-1793.875 -3652.625 0.0000000000000032144376015736622
-1883.875 -3817.625 0.000000000000002711835259380276
1503.875 -2776.625 0.0000000000000034793692668889232
1889.375 -3840.875 0.0000000000000013374787980212655
-1233.625 -3489.875 0.0000000000000018218253553791213
-815.875 -2042.375 0.000000000000002477725405323302
-650.125 -2946.125 0.000000000000002901538071152646
-830.125 -1938.125 0.0000000000000024172574060478915
-1745.125 -3708.875 0.000000000000003258734937307601
1966.625 -3674.375 0.00000000004197120230757877
1596.125 -3871.625 0.0000000000000025395699985378045
-1592.875 -3870.125 0.00000000000000126968436794833
-1782.625 -4000.625 0.00000000004110670466912188
-1280.875 -3372.875 0.000000000000001813015407577359
1901.375 -3915.875 0.00000000002069481640858456
-1805.125 -1887.875 0.0000000000000015453478976753842
-1646.875 -2402.375 0.0000000000000016666669857740446
687.875 -2511.125 0.000000000000001357016469002271
-979.375 -3858.125 0.0000000000000018150055900286616
882.875 -1665.875 0.0000000000000011307374419923494
1774.625 -3894.875 0.00000000004117427645228797
-647.125 -2964.875 0.0000000000000029061247212048047
-1005.625 -3826.625 0.0000000000000018139325810055935
-1406.125 -3007.625 0.0000000000000017770394123640366
1809.875 -3639.875 0.0000000000000015914598882599595
675.125 -2580.125 0.0000000000000013747902067704395
1745.375 -3708.875 0.0000000000000016293674686538005
1694.375 -3778.625 0.0000000000000016325897941351562
-1528.375 -3928.625 0.0000000000000012734401778933562
-71.875 -3873.125 0.0000000000000028337780877564366
-1881.625 -3749.375 0.000000000020925459946634913
-642.625 -3020.375 0.000000000000002918880136934572
1553.375 -3905.375 0.0000000000000025461733867265103
1860.125 -3699.875 0.0000000000000014635446093729856
-1943.875 -3913.625 0.0000000000412081754811056
1875.875 -3780.875 0.000000000000001386027440068339
1350.875 -3157.625 0.00000000000000358906031229118
-665.125 -2814.875 0.00000000000000286254989728799
1511.375 -2759.375 0.000000000000003473071283137524
1825.625 -3635.375 0.0000000000000015688880851710703
921.125 -3909.875 0.0000000000000036220287766192305
-1771.375 -1995.125 0.0000000000000015707779577329274
1834.625 -3951.125 0.000000000020676554576144287
862.625 -1807.625 0.0000000000000011721759199713283
-867.625 -3955.625 0.000000000000001813044597344814
650.375 -2946.125 0.0000000000000014507690355763221
676.625 -2723.375 0.0000000000000014137000966043181
-1801.375 -3856.625 0.000000000020686037601695842
-1668.625 -3816.875 0.0000000000000032617171033018765
612.875 -3162.875 0.0000000000000014682806805800567
525.875 -3409.625 0.0000000000000014640205051145595
2080.625 -3644.375 0.00000000004151320810398807
-1679.875 -3798.125 0.000000000000003263005346439087
-1799.125 -1905.875 0.0000000000000015496186849060664
1496.375 -2794.625 0.0000000000000034855967424833088
-1790.125 -3657.875 0.0000000000000032209893632154203
-825.625 -1956.875 0.000000000000002427580933967976
-1373.875 -3092.375 0.000000000000001789623530202561
-1748.875 -2066.375 0.0000000000000015874679313200289
-1709.875 -2223.125 0.0000000000000016277510383623525
-887.875 -1647.875 0.0000000000000022508738564806244
1482.125 -2830.625 0.000000000000003497830096505645
663.875 -2849.375 0.0000000000000014376896943080264
-1560.625 -2665.625 0.0000000000000017242657903990572
-1672.375 -2330.375 0.0000000000000016513637620245821
849.125 -1863.125 0.0000000000000011878556135580304
-1822.375 -1784.375 0.000000000000001516065576092808
-1595.875 -3871.625 0.000000000000001269784999268902
474.125 -3501.875 0.0000000000000014581126948377385
-620.125 -3123.875 0.000000000000002932093797802828
1627.625 -2455.625 0.000000000000003355775343331371
-1489.375 -2812.625 0.0000000000000017458747299517892
-735.625 -2342.375 0.0000000000000026340284062057504
647.375 -2982.875 0.0000000000000014553669021958403
-371.125 -3633.875 0.0000000000000028963234956801703
-952.375 -3888.875 0.0000000000000018160440699454403
1286.375 -3356.375 0.000000000000003623170688250576
1947.125 888.625 0.00000000006349291428353449
1883.375 -3921.875 0.00000000002070892419719847
-1827.625 -3819.125 0.000000000020777367855697144
709.625 -2436.125 0.0000000000000013396546560096035
33.125 -3894.875 0.000000000000001411166454408574
1697.375 -2259.125 0.0000000000000032714102923241515
-1892.125 -3918.125 0.00000000004140778121975133
-1074.625 -3740.375 0.000000000000001816924548521045
1710.125 -2223.125 0.000000000000003255502076724705
1878.875 -3795.125 0.0000000000000013740534202381041
675.875 -2707.625 0.0000000000000014096782239212075
1685.375 -2294.375 0.0000000000000032871538887988164
1317.875 -3285.875 0.0000000000000036201879271105135
-692.875 -2492.375 0.0000000000000027054786014355235
1895.375 -3733.625 0.00000000004190469851719064
-992.875 -3842.375 0.000000000000001814458552383546
1497.125 993.625 0.0000000000732617962562525
-1716.625 -3746.375 0.0000000000000032652089738165014
-1574.125 -2598.875 0.0000000000000017066125183695843
1910.375 -3718.625 0.000000000041946922145728035
-825.625 -2005.625 0.00000000000000245727392266177
1890.875 -3849.875 0.0000000000000013312492212239016
-92.125 -3858.875 0.000000000000002836882305856802
-821.125 -2024.375 0.0000000000000024675151432441483
1880.375 -3801.875 0.0000000000000013680375621902341
-1874.875 -3774.125 0.0000000000000027839310114727825
1525.625 -2723.375 0.0000000000000034602515373959215
1833.125 -1749.125 0.0000000000000030147815056851697
1240.625 -3473.375 0.0000000000000036414077624056484
-461.875 -3522.875 0.000000000000002914175803467925
-66.625 -3955.625 0.0000000000000013997556906815436
-1862.875 -3714.125 0.000000000000002893164353717632
1596.125 -3920.375 0.000000000000001619187642676128
1653.875 -2384.375 0.0000000000000033257535070257477
-1532.125 -2705.375 0.0000000000000017268660707063257
1281.125 -3372.875 0.000000000000003626030815154718
1841.375 -3800.375 0.000000000041638639793314954
1788.125 -1941.125 0.0000000000000031162334073290285
-1810.375 -1869.875 0.000000000000001541069904510222
777.125 -2192.375 0.000000000000001278802844316983
894.125 -1562.375 0.0000000000000010998336803723702
642.125 -3020.375 0.0000000000000014594401369977998
-848.875 -1863.125 0.000000000000002375711227116061
-85.375 -3961.625 0.000000000000001395393631125551
-1685.125 -2294.375 0.0000000000000016435769443994082
-1458.625 -3992.375 0.0000000000000012702886275061973
-1760.875 -3914.375 0.000000000020535279433969264
-1847.875 -3792.125 0.00000000002083928747559624
1705.625 -3995.375 0.000000000040636800257027
-146.125 -3997.625 0.0000000000000013891794528840417
1523.375 -3930.125 0.000000000000002545354452330158
-1064.125 -3756.875 0.0000000000000018174856564309013
1751.375 -2097.875 0.0000000000000031986698641026825
-126.625 -3986.375 0.0000000000000013913315952551476
-883.375 -1665.875 0.000000000000002261474883984699
-1816.375 -3634.625 0.000000000000003166776609528115
-386.875 -3614.375 0.000000000000002898743017277563
2079.875 -3945.875 0.000000000020132824220073038
-730.375 -2361.125 0.0000000000000026432933325072786
1877.375 -3787.625 0.000000000000001380065119127612
875.375 -1752.125 0.0000000000000011563906853341827
-967.375 -3873.125 0.000000000000001815471020420602
-1721.875 -2187.125 0.0000000000000016197186862227832
-681.625 -2529.875 0.000000000000002722489161715577
1847.375 -3661.625 0.0000000000000015145706050467932
1884.875 -3825.125 0.0000000000000013498090193644058
1574.375 -2629.625 0.0000000000000034349627811349322
1647.125 -2402.375 0.000000000000003333333971548089
-1505.875 -3945.125 0.000000000000001271935387936611
1074.125 -3740.375 0.000000000000003633849097042089
1863.125 -3714.125 0.0000000000000014465821768588162
-1837.375 -3641.375 0.0000000000000030873130596858436
-265.375 -3726.875 0.0000000000000028720800664999775
902.375 -1524.875 0.0000000000000010892433350181297
1781.375 -3885.125 0.00000000004122504067098224
1174.625 -3596.375 0.0000000000000036446710570835015
169.625 -3804.125 0.0000000000000014268338857465437
844.625 -1881.875 0.0000000000000011930635046342561
-1754.875 -2048.375 0.000000000000001583315671228651
900.125 -1592.375 0.000000000000001109523725479526
830.375 -1938.125 0.0000000000000012086287030239458
1458.875 -3992.375 0.000000000000002540577255012395
2038.625 -3651.125 0.00000000004170543986169468
1810.625 -1869.875 0.000000000000003082139809020444
-674.875 -2565.125 0.0000000000000027401304224507796
1845.125 -3653.375 0.000000000000001521636184311368
-650.125 -2928.125 0.0000000000000028963691861966065
-1774.375 -3894.875 0.00000000002058713822614398
1398.125 -3025.625 0.000000000000003559233088022263
-1902.625 -3726.125 0.000000000020963650978624918
-499.375 -3471.875 0.0000000000000029241060192379596
-1726.375 -3964.625 0.000000000020401114257915776
1262.375 -3423.125 0.0000000000000036341271729344406
820.625 -2024.375 0.0000000000000012337575716220741
-1861.375 -3774.125 0.00000000002087657089558065
1678.625 -2312.375 0.000000000000003294962043028779
-621.625 -3104.375 0.000000000000002929356098859032
540.125 -3400.625 0.0000000000000014667289070717788
-1574.875 -3885.875 0.0000000000000012717874356890814
1875.125 -3757.625 0.00000000004182038874716638
-1820.875 -3828.125 0.00000000002075545988933932
1368.875 -3122.375 0.000000000000003588964485212733
1638.875 -3861.125 0.000000000000001627186067686575
-1784.125 -3660.875 0.000000000000003228959197361193
-919.375 -1451.375 0.000000000000002136104062208166
-1895.875 -3733.625 0.00000000002095234925859532
-46.375 -3942.125 0.0000000000000014016254042500673
1554.125 -3979.625 0.0000000000000016114743706763048
-130.375 -3835.625 0.0000000000000028477724668209798
-1511.875 -3942.875 0.0000000000000012728789190465443
1735.625 -3720.125 0.0000000000000016308667906331792
621.875 -3104.375 0.0000000000000014646780494295162
-1760.125 -2030.375 0.0000000000000015791491925820025
791.375 -2136.125 0.0000000000000012640276645547371
879.125 -1684.625 0.0000000000000011360350152234554
1332.125 -3237.125 0.00000000000000360942015043027
-1986.625 -3664.625 0.000000000020961566255425858
-1777.375 -1977.125 0.0000000000000015665753894594374
681.875 -2529.875 0.0000000000000013612445808577886
-1787.875 -3875.375 0.000000000020637462498836572
-1703.875 -3762.125 0.0000000000000032651378872777187
-1085.875 -3723.875 0.0000000000000018162881097623222
-676.375 -2723.375 0.000000000000002827400193208636
-1247.125 -3456.875 0.000000000000001819545707515589
1254.875 -3439.625 0.0000000000000036366224224125456
839.375 -1900.625 0.0000000000000011982625971276188
-704.125 -2454.875 0.000000000000002688118056048832
-1724.875 -3732.125 0.000000000000003263770009613343
-782.125 -2173.625 0.000000000000002547805862819349
-912.625 -1421.375 0.000000000000002116938457826027
1821.125 -3828.125 0.00000000004151091977867866
1827.125 -3957.125 0.000000000020663691068680924
-1829.125 -3639.875 0.0000000000000031255585687209233
-698.875 -2473.625 0.00000000000000269684224682102
-1594.375 -2544.875 0.0000000000000016960557742788886
-661.375 -2885.375 0.0000000000000028871708238455752
-667.375 -2729.375 0.000000000000002826980854613623
-853.375 -1845.125 0.00000000000000236527663248542
72.125 -3873.125 0.0000000000000014168890438782183
661.625 -2885.375 0.0000000000000014435854119227876
1868.375 -3765.875 0.000000000041787649999436844
1767.875 -3904.625 0.00000000004112269255909959
1566.125 -3894.875 0.000000000000002545532307664728
-1976.125 -3669.125 0.000000000020975724783779937
-2023.375 -3654.125 0.000000000020889011381994607
-676.375 -2691.125 0.000000000000002811378184067343
1116.875 -3685.625 0.000000000000003641262710729048
-1798.375 -3647.375 0.0000000000000032076107850667182
-1843.375 -1713.125 0.0000000000000014986608731597315
-1889.125 -3840.875 0.000000000000002674956391266149
-507.625 -3451.625 0.0000000000000029256269048542015
1344.875 -3188.375 0.0000000000000035975813726681115
-1858.375 -3934.625 0.000000000041408445604950724
746.375 -2304.875 0.0000000000000013076441258932303
1672.625 -2330.375 0.0000000000000033027275240491642
-1733.125 -3954.875 0.000000000020428451904908805
92.375 -3858.875 0.000000000000001418441152928401
1842.125 -3945.125 0.000000000020687906600487715
1680.125 -3798.125 0.000000000000001631503795084139
1562.375 -3894.875 0.000000000000002544726451487638
1617.125 -3854.375 0.0000000000000025298294224199535
227.375 -3762.125 0.0000000000000014333754139870794
1873.625 -3767.375 0.000000000000001397879842642318
-1323.625 -3268.625 0.0000000000000018083556252788577
1444.625 -2919.125 0.0000000000000035270072030805533
-647.125 -2982.875 0.0000000000000029107339626728555
1817.375 -3639.875 0.0000000000000015819723848842478
-1413.625 -2990.375 0.0000000000000017744202981703836
1866.875 -3735.125 0.0000000000000014236594152145172
1429.625 -2954.375 0.000000000000003538096877558842
1865.375 -3724.625 0.0000000000000014351648685680362
1390.625 -3042.875 0.000000000000003564286364846694
-1554.625 -3979.625 0.0000000000000032229514740862397
-32.875 -3894.875 0.000000000000002822332908817148
-1870.375 -3753.125 0.0000000000000028124912795211254
189.125 -3787.625 0.0000000000000014282627532532389
318.875 -3681.875 0.0000000000000014421983427897979
-1466.875 -2865.875 0.0000000000000017548692404725241
979.625 -3858.125 0.000000000000003630011180057323
499.625 -3471.875 0.0000000000000014620530096189792
-2039.125 -3651.125 0.00000000002085271993084734
-1295.125 -3351.875 0.0000000000000018165452137949033
-661.375 -2868.125 0.0000000000000028812022809632973
1548.875 -3905.375 0.0000000000000025451425590762736
12.125 -3909.125 0.0000000000000014094635650034085
-1891.375 -3849.875 0.0000000000000026625004044092064
-1564.375 -3968.375 0.0000000000000032300065008726467
-1371.625 -3107.375 0.0000000000000017920850825625547
-885.625 -3940.625 0.000000000000001812359719451891
-6.625 -3922.625 0.0000000000000014076796210739127
-830.125 -1986.875 0.000000000000002446996301826151
-1842.625 -3945.125 0.000000000041375813200975456
-12.625 -3909.125 0.000000000000002818927130006817
-1778.875 -3667.625 0.0000000000000032346776559920655
1944.125 -3913.625 0.0000000000206040877405528
1976.375 -3669.125 0.000000000041951449567559874
1827.875 -1766.375 0.0000000000000030234704700711877
1911.125 -3913.625 0.000000000020681116627379292
-1580.125 -3944.375 0.000000000000003234013699980783
663.875 -2832.125 0.000000000000001434486673274961
1722.125 -2187.125 0.000000000000003239435981127113
-1886.875 -3833.375 0.000000000000002687326442969622
-767.125 -2229.875 0.0000000000000025770594480071577
2057.375 -3648.125 0.00000000004161461183136736
1868.375 -3741.125 0.000000000000001417875010268819
1651.625 -3840.125 0.000000000000001628486736444156
-1865.875 -3930.125 0.0000000000414174375998403
-806.125 -2079.875 0.0000000000000024980453238454205
1760.375 -3690.125 0.0000000000000016253353809830841
-2057.875 -3648.125 0.00000000002080730591568368
-1582.375 -3876.875 0.0000000000000012707572816275702
867.875 -3955.625 0.000000000000003626089133644504
675.875 -2595.125 0.0000000000000013795878566876821
677.375 -2658.125 0.0000000000000013974377082853437
898.625 -1543.625 0.0000000000000010945391016120775
-921.625 -3909.875 0.000000000000001811014406090917
1489.625 -2812.625 0.0000000000000034917504745930277
1800.875 -3856.625 0.000000000041372075203391684
-1146.625 -3635.375 0.0000000000000018184256300368294
-1398.625 -3025.625 0.0000000000000017796165440111314
-1751.875 -2097.875 0.0000000000000015993349320513413
-1760.875 -3690.125 0.0000000000000032506707619661682
-1116.625 -3685.625 0.000000000000001820631355364524
1564.625 -3968.375 0.0000000000000016150032504363233
-1625.875 -3882.125 0.0000000000000032516807411727217
693.125 -2492.375 0.0000000000000013527393007177689
-1657.375 -3835.625 0.000000000000003260079136915462
-1619.125 965.125 0.000000000035257573670423797
-1694.125 -3778.625 0.000000000000003265181743681336
-1666.375 -2348.375 0.000000000000001655224735236122
650.375 -2928.125 0.000000000000001448184635535667
-1883.125 -3921.875 0.00000000004141784839439693
-811.375 -2061.125 0.0000000000000024879059516283736
246.125 -3744.875 0.0000000000000014347213722362123
-563.875 -3318.875 0.000000000000002935343954764264
1828.625 -3639.875 0.000000000000001562779483866804
-1788.625 -1941.125 0.0000000000000015581167036645143
1472.375 -3977.375 0.0000000000000025409339175765445
-719.875 -2398.625 0.0000000000000026614549222993735
1771.625 -1995.125 0.0000000000000031415559154658548
-675.625 -2610.875 0.0000000000000027682147359768966
-1940.875 -3690.875 0.000000000020994965937862613
1601.375 -2526.875 0.000000000000003384956144755331
1574.375 -2598.875 0.0000000000000034132250367391608
-2497.375 993.625 0.00000000007301832921978411
-1653.625 -2384.375 0.0000000000000016628767535128738
1385.375 -3045.875 0.0000000000000000001410181821637323
-667.375 -2763.125 0.0000000000000028420321304699353
1898.375 -3876.125 0.000000000000001312250011611059
1349.375 -3172.625 0.000000000000003593433317447769
1302.125 -3334.625 0.000000000000003630010111708626
-1989.625 -3924.875 0.000000000040887939308392145
579.125 -3290.375 0.000000000000001469915075290081
1896.125 -3867.125 0.000000000000001318641826025908
-1429.375 -2954.375 0.000000000000001769048438779421
903.125 -3925.625 0.000000000000003623504120784393
-1767.625 -3904.625 0.000000000020561346279549794
1804.625 -3978.125 0.00000000002061437395563219
-746.125 -2304.875 0.0000000000000026152882517864555
1799.375 -1905.875 0.0000000000000030992373698121327
1604.375 -3912.125 0.0000000000000016217986971141848
-1947.625 888.625 0.000000000031746457141767245
-1895.875 -3867.125 0.0000000000000026372828815544165
1620.875 -2473.625 0.000000000000003363151178934398
-1747.375 -3934.625 0.000000000020482513978428258
1843.625 -1713.125 0.000000000000002997321746319463
-1925.125 -3704.375 0.000000000020988341451822803
-1739.875 -2133.875 0.0000000000000016075377461747593
1704.125 -3762.125 0.000000000000001632567901622064
-1539.625 -2688.125 0.0000000000000017235721768761703
-1618.375 -3889.625 0.0000000000000032471953471754473
1546.625 -2670.125 0.0000000000000034404916161240394
599.375 -3190.625 0.000000000000001467306310021503
-848.125 -3970.625 0.0000000000000018136697861334036
703.625 -2454.875 0.0000000000000013440590280244183
-1679.125 -2312.375 0.0000000000000016474810215143894
666.125 -2797.625 0.0000000000000014279621259040155
-751.375 -2286.125 0.0000000000000026058173570684015
1312.625 -3301.625 0.0000000000000036235850126817866
-1793.875 -1923.125 0.0000000000000015538727431294262
642.125 -3038.375 0.0000000000000014613879374118713
1307.375 -3318.875 0.000000000000003626819943348761
1371.875 -3107.375 0.000000000000003584170165125112
885.875 -3940.625 0.000000000000003624719438903783
1835.375 -3640.625 0.0000000000000015485325682851328
-1364.875 -3138.125 0.000000000000001796775271470899
1728.125 -3732.125 0.0000000000000016319781816107529
-1796.875 -3984.875 0.00000000004119036994771408
-1628.125 -2455.625 0.0000000000000016778872023857034
-641.875 -3038.375 0.0000000000000029227758748237413
448.625 -3543.875 0.0000000000000014560321351868744
-2039.125 -3939.875 0.000000000040511909003983186
1917.875 -3711.125 0.000000000041963813333482556
1625.375 -3882.125 0.0000000000000016258403705863616
-1436.875 -2937.125 0.0000000000000017662963267852528
1016.375 -3820.625 0.000000000000003639449297866079
1782.875 -1959.125 0.0000000000000031247027288619624
555.125 -3359.375 0.000000000000001467418582882234
830.375 -1986.875 0.0000000000000012234978326558709
-1340.875 -3204.125 0.0000000000000018008292156972026
-1854.625 -3783.125 0.00000000002085842576790255
-1967.125 -3674.375 0.000000000020985601153789384
-756.625 -2267.375 0.000000000000002596294432932404
-1382.875 -3060.875 0.0000000000000017846110449940392
1560.125 -2665.625 0.0000000000000034485304377425155
-354.625 -3653.375 0.0000000000000028938476480091083
-638.875 -3057.875 0.000000000000002926230605421496
-1877.125 -3787.625 0.000000000000002760130238255223
-1095.625 -3718.625 0.000000000000001821958958966366
164.375 -4003.625 0.0000000000000027691910509569523
-1472.125 -3977.375 0.0000000000000012704672991354617
-1705.375 -3995.375 0.00000000002031840012851349
1691.375 -2277.125 0.0000000000000032793032486254825
1812.125 -3970.625 0.000000000020632270181571944
-1781.125 -3885.125 0.00000000002061252033549112
1207.625 -3529.625 0.000000000000003637276420016954
-1811.875 -3970.625 0.00000000004126454036314389
1754.375 -3924.875 0.0000000000410181383751091
609.125 -3182.375 0.0000000000000014692161351742575
675.875 -2610.875 0.0000000000000013841073679884483
85.625 -3961.625 0.0000000000000027907872622511028
387.125 -3614.375 0.0000000000000014493715086387815
-677.125 -2674.625 0.0000000000000028032168484869202
1452.125 -2901.125 0.0000000000000035213354999105907
-1878.625 -3795.125 0.0000000000000027481064826838873
-857.875 -1826.375 0.000000000000002354825165699634
1869.125 -3747.125 0.0000000000000014120705254502842
-1740.625 -3944.375 0.00000000002045563794566706
1866.125 -3930.125 0.00000000002070871879992015
-1868.125 -3765.875 0.00000000002089382499971843
-1790.125 -3992.375 0.00000000004114962325021866
-2009.875 -3657.125 0.000000000020919519477217573
664.625 -2814.875 0.000000000000001431274948643995
-1823.125 -3636.125 0.0000000000000031466974766059055
-1183.375 -3579.875 0.0000000000000018214459702345094
-1344.625 -3188.375 0.0000000000000017987909089233216
847.625 -3970.625 0.000000000000003627339572266807
1816.625 -3634.625 0.0000000000000015833878134588893
-150.625 -3819.875 0.000000000000002850698295822814
-1814.875 -3837.125 0.000000000020732957292706332
625.625 -3084.875 0.0000000000000014632347187825778
874.625 -1703.375 0.0000000000000011413296866722605
1182.875 -3579.875 0.000000000000003642891940469019
916.625 -1402.625 0.0000000000000010531710497889134
462.125 -3522.875 0.0000000000000014570874846544038
1215.875 -3512.375 0.000000000000003635248307289357
1740.125 -2133.875 0.0000000000000032150765580230653
-812.125 -3991.625 0.000000000000001808394442685664
1274.375 -3389.375 0.000000000000003628836894550903
-914.875 -1470.125 0.0000000000000021466986262355015
1656.875 -3835.625 0.000000000000001630039568457731
1863.875 -3719.375 0.0000000000000014408849455066912
-1481.875 -2830.625 0.0000000000000017489150482528235
-844.375 -1881.875 0.0000000000000023861270092685123
-791.875 -2136.125 0.0000000000000025280553291094742
-1707.625 -3761.375 0.0000000000000032661233977192746
1341.125 -3204.125 0.000000000000003601658431394409
675.125 -2627.375 0.0000000000000013885421460270717
918.875 -1451.375 0.0000000000000010680520311040823
-1727.875 -2169.875 0.0000000000000016156747988548856
1593.125 -3870.125 0.000000000000002539369301814722
-540.625 -3400.625 0.0000000000000029334578141435567
1505.375 -3945.125 0.000000000000002543870775873222
-874.375 -1703.375 0.000000000000002282659373344521
-111.625 -3843.125 0.000000000000002840011069639966
-164.125 -4003.625 0.0000000000000013845955254784762
1335.875 -3220.625 0.000000000000003605572822913713
676.625 -2674.625 0.0000000000000014016084242434601
1602.125 -3864.875 0.0000000000000025366055620209477
-1651.375 -3840.125 0.000000000000003256973472888312
594.875 -3210.125 0.0000000000000014680583765420128
-1691.125 -2277.125 0.0000000000000016396516243127413
1421.375 -2972.375 0.000000000000003543518543558432
1518.125 -2741.375 0.0000000000000034667013693834636
-1126.375 -3669.125 0.000000000000001819938698819205
1881.875 -3809.375 0.0000000000000013619931669843959
-1216.375 -3512.375 0.0000000000000018176241536446784
336.125 -3662.375 0.0000000000000014434884683871472
-1931.875 -3912.875 0.000000000041273556230525816
-1016.875 -3820.625 0.000000000000001819724659228963
283.625 -3718.625 0.0000000000000014395986311158724
667.625 -2763.125 0.0000000000000014210160652349684
516.125 -3430.625 0.000000000000001463470806326489
1666.625 -2348.375 0.000000000000003310449470472244
-1553.125 -3905.375 0.0000000000000012730863824216641
-675.625 -2595.125 0.0000000000000027591757133753642
1874.375 -3925.625 0.000000000020710399357971806
1467.125 -2865.875 0.0000000000000035097384809450483
-1604.125 -3912.125 0.0000000000000032435999960074473
1887.125 -3833.375 0.0000000000000013436637760054302
1733.375 -3954.875 0.00000000004085690380981763
-1451.875 -2901.125 0.0000000000000017606677499552938
786.875 -2154.875 0.0000000000000012689752445511023
-1874.125 -3925.625 0.00000000004142079871594359
-866.875 -1788.875 0.000000000000002333865306032138
-301.375 -3700.625 0.0000000000000028818398452025956
-1817.125 -1802.375 0.0000000000000015203908256711734
1323.875 -3268.625 0.0000000000000036167113717964936
825.875 -1956.875 0.0000000000000012137900478336627
1614.875 -2491.625 0.0000000000000033704744449025075
-246.625 -3744.875 0.0000000000000028694427444724243
1511.375 -3942.875 0.0000000000000025457571778145534
51.875 -3888.125 0.000000000000001415270673834596
796.625 -2117.375 0.0000000000000012590564960213349
858.125 -1826.375 0.000000000000001177412582849817
-687.625 -2511.125 0.000000000000002714032938004539
-284.125 -3718.625 0.0000000000000028791972622317447
1989.875 -3924.875 0.00000000002044396965419604
-1811.875 -1820.375 0.0000000000000015247062011314575
-489.625 -3492.875 0.000000000000002922326992115768
-1634.125 -2437.625 0.0000000000000016741724479564926
-1874.875 -3757.625 0.000000000020910194373583187
628.625 -3066.125 0.0000000000000014616802089169031
-335.875 -3662.375 0.0000000000000028869766524551967
-839.875 -1900.625 0.000000000000002396524549868386
1051.625 -3772.625 0.00000000000000363619504749674
-1562.125 -3894.875 0.000000000000001272363225743819
1587.875 -2562.875 0.0000000000000033992091991625863
-835.375 -1919.375 0.000000000000002406901812478077
-1361.875 -3153.875 0.0000000000000017990397054265416
1618.625 965.125 0.00000000007051514734084759
591.125 -3230.375 0.0000000000000014686948002617296
756.875 -2267.375 0.000000000000001298147216466202
735.875 -2342.375 0.0000000000000013170141171507306
1406.375 -3007.625 0.000000000000003554078824728073
1836.875 -3641.375 0.0000000000000015436565298429236
966.875 -3873.125 0.000000000000003630942040841204
730.625 -2361.125 0.0000000000000013216466662536393
-1876.375 -3780.875 0.0000000000000027720551734825704
-878.875 -1684.625 0.000000000000002272070030446911
-51.625 -3888.125 0.000000000000002830541347669192
564.125 -3318.875 0.0000000000000014676719773821395
-1496.875 -2794.625 0.0000000000000017427983712416538
891.875 -1629.125 0.0000000000000011201336450187633
-227.875 -3762.125 0.0000000000000028667508279741588
583.625 -3270.125 0.0000000000000014696277221748152
145.625 -3997.625 0.0000000000000027783589057680833
-1331.875 -3237.125 0.000000000000001804709881418179
810.875 -2061.125 0.0000000000000012439529758141868
816.125 -2042.375 0.0000000000000012388627026616515
-776.875 -2192.375 0.0000000000000025576056886339652
-1813.375 -3637.625 0.0000000000000031749286536769063
-1827.625 -3634.625 0.000000000000003128727476837963
1986.875 -3664.625 0.00000000004192313251085167
-1841.125 -3800.375 0.000000000020819319896657474
-676.375 -2642.375 0.0000000000000027860732076297977
-1548.625 -3905.375 0.0000000000000012725712795381358
-1421.875 -2972.375 0.0000000000000017717592717792175
-1199.875 -3546.125 0.000000000000001819603715192024
-898.375 -1543.625 0.0000000000000021890782032241124
811.625 -3991.625 0.000000000000003616788885371328
-559.375 -3339.125 0.0000000000000029352158492034934
-1742.875 -3708.125 0.000000000000003259111181152019
1125.875 -3669.125 0.000000000000003639877397638411
1479.875 -3973.625 0.000000000000002543559019905396
-1815.625 -1851.875 0.0000000000000015367844801333302
-1546.375 -2670.125 0.0000000000000017202458080620215
870.875 -1770.875 0.0000000000000011616802558244353
-900.625 -1592.375 0.000000000000002219047450959052
-1867.375 -3735.125 0.0000000000000028473187269297815
1634.375 -2437.625 0.0000000000000033483448959129844
1539.875 -2688.125 0.0000000000000034471443537523406
-796.375 -2117.375 0.0000000000000025181129920426698
-1586.125 -3877.625 0.0000000000000012709288971559422
1095.875 -3718.625 0.000000000000003643917917932732
1902.875 -3726.125 0.000000000041927301957249837
-1497.625 993.625 0.00000000003663089812812623
-1782.625 -1959.125 0.0000000000000015623513644309812
-2183.125 833.125 0.000000000029475070389399224
1838.375 -3646.625 0.0000000000000015419462720079275
-674.875 -2580.125 0.0000000000000027495804135408806
25.625 -3929.375 0.0000000000000028068986396185457
1760.375 -2030.375 0.000000000000003158298385164005
1932.125 -3912.875 0.000000000020636778115262905
644.375 -3001.625 0.000000000000001457428876504832
-1390.375 -3042.875 0.000000000000001782143182423347
-1806.625 -3643.625 0.000000000000003190686211993972
1761.125 -3914.375 0.00000000004107055886793854
-1838.125 -1731.125 0.0000000000000015030332347081198
896.375 -1610.375 0.000000000000001114829001593487
-1566.625 -3894.875 0.0000000000000012727661538323643
-1957.375 -3915.875 0.00000000004112500463828878
-1459.375 -2883.875 0.0000000000000017577878259501695
1857.875 -3690.875 0.0000000000000014747077842581923
1815.875 -1851.875 0.0000000000000030735674505633102
1233.875 -3489.875 0.000000000000003643650607422927
-568.375 -3298.625 0.0000000000000029352358792416943
-896.125 -1610.375 0.000000000000002229658003186974
-1444.375 -2919.125 0.0000000000000017635036015402774
619.625 -3123.875 0.000000000000001466046898901414
1005.875 -3826.625 0.000000000000003627865162011187
-548.125 -3379.625 0.000000000000002934244163634682
-1301.875 -3334.625 0.0000000000000018150050558543147
-1601.125 -2526.875 0.0000000000000016924780723776654
825.875 -2005.625 0.000000000000001228636961330885
1716.125 -2205.125 0.0000000000000032474875744178063
1719.125 -3975.125 0.00000000004074753000210764
-1868.125 -3741.125 0.000000000000002835750272216298
1567.625 -2647.625 0.000000000000003441778148496652
781.625 -2173.625 0.0000000000000012739025439671762
-1802.125 -3642.875 0.000000000000003200518152184807
676.625 -2691.125 0.0000000000000014056890920336715
1852.625 -3672.875 0.0000000000000014931791886446229
-1051.375 -3772.625 0.00000000000000181809752374837
910.625 -1488.125 0.0000000000000010786462907349217
1361.375 -3153.875 0.000000000000003598079410853083
1857.875 -3934.625 0.000000000020704222802475365
-1317.625 -3285.875 0.0000000000000018100939635552563
1932.875 -3697.625 0.00000000004198517713140792
-771.625 -2211.125 0.000000000000002567357766449405
1743.125 -3708.125 0.000000000000001629556481193035
-1517.875 -2741.375 0.0000000000000017333502876079276
741.125 -2323.625 0.0000000000000013123438441470659
-25.375 -3929.375 0.0000000000000014034493198092717
-1328.125 -3252.875 0.000000000000001806548562338196
-1754.125 -3924.875 0.00000000002050906918755455
-1715.875 -2205.125 0.0000000000000016237437872089032
1856.375 -3684.125 0.0000000000000014767583179118117
-1587.625 -2562.875 0.0000000000000016996045995812928
1883.375 -3817.625 0.000000000000001355917629690138
-891.625 -1629.125 0.00000000000000224026706323034
1493.375 -3959.375 0.0000000000000025436974577299095
-1910.125 -3718.625 0.000000000020973461072864014
1854.125 -3676.625 0.000000000000001487739413249453
-1607.875 -2509.625 0.0000000000000016888714091396654
-1819.375 -3963.875 0.0000000000412975074024578
-1777.375 -3664.625 0.0000000000000032362777512641964
-644.125 -3001.625 0.0000000000000029148577530096627
-1859.125 -3695.375 0.000000000000002938281252382032
-595.375 -3210.125 0.0000000000000029361167530840255
-616.375 -3143.375 0.0000000000000029344626389563657
1437.125 -2937.125 0.0000000000000035325926535705055
130.625 -3835.625 0.0000000000000014238862334104899
1807.625 -3846.875 0.00000000004141946485529655
371.375 -3633.875 0.0000000000000014481617478400852
1854.875 -3680.375 0.0000000000000014822652307661583
-1901.125 -3915.875 0.00000000004138963281716917
1860.875 -3774.125 0.00000000004175314179116129
-1254.625 -3439.625 0.0000000000000018183112112062728
2497.625 993.625 0.00000000003650916460989206
-1868.125 -1590.875 0.0000000000000014659069649269877
1136.375 -3651.875 0.000000000000003638379413461556
-1376.125 -3077.375 0.0000000000000017870925104336175
-1788.625 -3654.125 0.000000000000003222931896565216
676.625 -2642.375 0.0000000000000013930364564381243
751.625 -2286.125 0.0000000000000013029086785342007
-1832.875 -1749.125 0.0000000000000015073907528425842
-1958.125 -3679.625 0.000000000020991323327529325
-1820.125 -3637.625 0.000000000000003155390440118942
1839.875 -3648.125 0.0000000000000015369443657397627
-709.375 -2436.125 0.000000000000002679309312019207
1771.625 -3672.125 0.0000000000000016206949263247949
1860.875 -3704.375 0.0000000000000014579212685147303
1817.375 -1802.375 0.0000000000000030407816513423468
1716.875 -3746.375 0.0000000000000016326054857947753
1191.125 -3563.375 0.000000000000003641101967469808
-665.875 -2797.625 0.0000000000000028559241930029506
761.375 -2248.625 0.0000000000000012933506074176016
1891.625 -3918.125 0.000000000020703890609875665
2023.625 -3654.125 0.000000000041778022763989234
