0 283.893390325509
-4.326250785869246 283.853840805857
-8.649542316520613 283.73522899173264
-12.96691734920857 283.53766507133616
-17.275422664797272 283.26133253694724
-21.572111076221326 282.90648795316673
-26.077084217630734 283.61762596402326
-30.378120591082958 283.10024213711887
-34.65837782252337 282.50455066570606
-39.24776971412678 282.95252366405674
-43.51388352498689 282.1923776502482
-48.15517626231777 282.4561028667492
-52.394518599660536 281.5303482250253
-57.073960199041395 281.60507706106245
-61.78473128063918 281.57701499056805
-65.97732082724306 280.3948924005501
-70.70470630232285 280.1710929307146
-75.45193509437436 279.84013303421943
-80.21494585958021 279.40044872341554
-84.98962073094168 278.8505847294792
-89.77178869681632 278.18919591058875
-94.55722904392834 277.41504853884845
-100.11820664032925 277.4498014221851
-104.92839231188411 276.4252683403719
-110.56642067959086 276.1628051569709
-115.38171673193706 274.88097650861164
-121.07465154495021 274.31160411191183
-126.800880931773 273.5730811087862
-132.55400563106247 272.66267641449224
-138.3275312951559 271.57784508385726
-144.11487459000801 270.3162309996394
-150.9435940060209 269.5748751823218
-157.82340796118785 268.5953829480055
-164.7453417517294 267.37391917534393
-171.7002912452629 265.90692370660383
-178.6790318868263 264.19111533018565
-186.82571717632675 262.77301141637037
-196.19555140558026 261.5544159011517
-204.44733676661065 259.46335219428704
-213.93815245974653 257.49789542653326
-224.71309447453586 255.55415993719654
-235.55909208854288 253.14073527245344
-247.72903030758252 250.60243128061722
-261.25480448880694 247.8294337172135
-276.1629050525431 244.7098878093699
-292.474348404947 241.1301454547762
-311.5356962990104 237.18322111573426
-333.3956266067941 232.64323136405682
-356.7357471152865 227.14634922041475
-385.65045082042445 220.86637032571795
-418.8414583126561 213.28658668098245
-459.11054100615104 204.10605830575744
-509.30890986267394 192.72157759387818
-572.3186347432962 178.22685121555446
-655.2591498486396 159.1468046698309
-768.1371164837494 133.00979850681944
-932.3554335293911 95.02358558979972
NaN NaN
NaN NaN
NaN NaN
-1115.9141253421756 -258.6665634515863
-1103.033141427538 -275.79764691121045
-1091.3083410547601 -296.4541831619348
-1081.5960937319812 -317.2973156017972
-1073.0135262232031 -338.4677960095411
-1065.9059127586436 -360.26670769257163
-1060.023792001649 -382.66067352557525
-1054.1649864683436 -405.55197035032944
-1049.4484421499178 -428.54451913015487
-1044.5310685654954 -451.89506579322324
-1040.5481565395614 -475.43055020576395
-1037.414752272454 -499.2615960236424
-1033.8213860864678 -523.5237233108403
-1030.9318117000194 -548.1995221286418
-1027.4555279633405 -573.3230048260259
-1024.5564665053207 -598.9696386848437
-1022.1659594232567 -625.2369997056484
-1019.0189097238596 -652.0088579735881
-1017.4396526342342 -679.7477802006227
-1014.9768131579234 -708.0750050410535
-1012.7460535357416 -737.2813678876742
-1010.6653773837596 -767.4430462388331
-1008.6488638461126 -798.6308103659399
-1006.606742127884 -830.9097057473175
-1005.5308430167333 -864.8498516330854
-1004.197930643159 -900.072587578169
-1002.504228594433 -936.6208822196486
-1000.3431910541036 -974.5305266000469
-978.6774385404806 -1001.2426483853943
-954.3956518833592 -1026.0362059734089
-929.5803906813767 -1050.1635856196683
-904.2363216961147 -1073.621127458022
-878.3699122303688 -1096.4032631864727
-851.9891926761417 -1118.5029614139137
-825.1036053265054 -1139.9120846490218
-797.7238318403516 -1160.621671364313
-769.8617288040238 -1180.622187416507
-741.530124184202 -1199.9036900149504
-712.7428356735376 -1218.4560193740588
-683.5144816548931 -1236.268892338731
-653.8605470566004 -1253.332075666809
-623.7971544919509 -1269.6353943335887
-593.3411350186979 -1285.1688785313693
-562.5099076981762 -1299.9227885208957
-531.3214994734559 -1313.88772536804
-499.79439183843175 -1327.054586569902
-467.94760740032166 -1339.4147228393338
-435.8005406960549 -1350.9598422311499
-403.37305031805727 -1361.6821793159154
-370.68533826805117 -1371.5744297625847
-337.75793927218393 -1380.6297931392503
-304.61170226486917 -1388.8420148915218
-271.2677459265222 -1396.205384116033
-237.7474286769556 -1402.7147416555872
-204.07233353060354 -1408.3655252407766
-170.2642276486485 -1413.153756733286
-136.34503227324225 -1417.0760317131617
-102.33681080309368 -1420.1295859927675
-68.26172733863709 -1422.3122510878004
-34.14202518946735 -1423.6224763006792
0 -1424.0593212226765
34.14202518946681 -1423.6224763006792
68.26172733863659 -1422.3122510878004
102.33681080309368 -1420.1295859927675
136.34503227324166 -1417.0760317131617
170.264227648648 -1413.153756733286
204.07233353060354 -1408.3655252407766
237.7474286769552 -1402.7147416555872
271.26774592652146 -1396.205384116033
304.61170226486917 -1388.8420148915218
337.7579392721835 -1380.6297931392503
370.6853382680508 -1371.5744297625847
403.37305031805727 -1361.6821793159154
435.80054069605455 -1350.9598422311503
467.94760740032115 -1339.414722839334
499.79439183843175 -1327.054586569902
531.3214994734554 -1313.8877253680403
562.5099076981758 -1299.9227885208961
593.3411350186979 -1285.1688785313693
623.7971544919508 -1269.6353943335887
653.8605470566004 -1253.332075666809
683.5144816548931 -1236.268892338731
712.7428356735376 -1218.4560193740588
741.530124184202 -1199.9036900149504
769.8617288040238 -1180.622187416507
797.7238318403514 -1160.621671364313
825.1036053265053 -1139.9120846490216
851.9891926761417 -1118.5029614139137
878.3699122303677 -1096.4032631864732
904.2363216961138 -1073.6211274580235
929.5803906813767 -1050.1635856196683
954.3956518833584 -1026.03620597341
978.67743854048 -1001.2426483853949
1000.3431910541034 -974.530526600047
1002.5042285944328 -936.6208822196488
1004.1979306431593 -900.0725875781689
1005.5308430167333 -864.8498516330854
1006.606742127884 -830.9097057473175
1008.6488638461125 -798.6308103659403
1010.6653773837596 -767.4430462388331
1012.746053535741 -737.2813678876746
1014.9768131579234 -708.0750050410535
1017.4396526342342 -679.7477802006227
1019.0189097238596 -652.0088579735881
1022.1659594232567 -625.2369997056485
1024.556466505321 -598.9696386848433
1027.4555279633405 -573.3230048260259
1030.931811700019 -548.1995221286429
1033.8213860864678 -523.5237233108403
1037.414752272454 -499.2615960236424
1040.5481565395608 -475.43055020576514
1044.531068565495 -451.895065793225
1049.4484421499178 -428.54451913015447
1054.1649864683425 -405.551970350332
1060.023792001649 -382.66067352557525
1065.9059127586436 -360.26670769257163
1073.0135262232031 -338.4677960095411
1081.5960937319812 -317.2973156017972
1091.3083410547601 -296.4541831619348
1103.033141427538 -275.79764691121045
1115.9141253421756 -258.6665634515863
NaN NaN
NaN NaN
NaN NaN
932.3554335293913 95.02358558979792
768.1371164837494 133.00979850681944
655.2591498486396 159.1468046698309
572.3186347432962 178.22685121555446
509.308909862674 192.7215775938777
459.11054100615115 204.1060583057573
418.8414583126561 213.28658668098225
385.65045082042445 220.86637032571795
356.7357471152865 227.14634922041475
333.3956266067941 232.64323136405682
311.5356962990104 237.1832211157342
292.474348404947 241.13014545477623
276.1629050525432 244.70988780936977
261.25480448880694 247.8294337172135
247.72903030758252 250.60243128061722
235.55909208854288 253.14073527245344
224.71309447453598 255.55415993719635
213.93815245974656 257.49789542653315
204.44733676661065 259.463352194287
196.19555140558026 261.5544159011517
186.82571717632675 262.77301141637037
178.6790318868263 264.19111533018565
171.70029124526297 265.9069237066037
164.74534175172943 267.37391917534393
157.82340796118785 268.59538294800547
150.9435940060209 269.5748751823218
144.11487459000801 270.3162309996394
138.3275312951559 271.57784508385726
132.55400563106258 272.6626764144922
126.80088093177304 273.57308110878546
121.07465154495024 274.31160411191183
115.38171673193706 274.88097650861164
110.56642067959086 276.1628051569709
104.92839231188411 276.4252683403719
100.11820664032932 277.449801422185
94.55722904392837 277.41504853884845
89.77178869681633 278.18919591058875
84.98962073094168 278.8505847294792
80.21494585958021 279.40044872341554
75.45193509437436 279.84013303421943
70.70470630232292 280.1710929307146
65.9773208272431 280.3948924005501
61.78473128063921 281.577014990568
57.073960199041395 281.60507706106245
52.394518599660536 281.5303482250253
48.15517626231777 282.4561028667492
43.51388352498694 282.19237765024815
39.247769714126825 282.95252366405674
34.65837782252343 282.50455066570606
30.378120591082958 283.10024213711887
26.077084217630734 283.61762596402326
21.572111076221326 282.90648795316673
17.275422664797315 283.26133253694724
12.966917349208613 283.53766507133616
8.649542316520657 283.73522899173264
4.326250785869246 283.853840805857
