0 170.01739032551026
-3.647798053210058 169.97986187348616
-7.29310182881574 169.8673079375467
-10.933418743012764 169.67982274407862
-14.566259598479357 169.41756322355727
-18.189140274821376 169.08074884044967
-22.02262420035263 169.81382668663554
-25.654950082298964 169.32223443639757
-29.269733847371675 168.75611818372
-33.19734538001888 169.23737189711903
-36.80582549053651 168.51412408604767
-40.79408189542541 168.81826732892478
-44.38543282671197 167.93634344888386
-48.422372047361094 168.0581995238367
-52.496570116592366 168.08043601925522
-56.05895229253603 166.95164958014283
-60.162927951316306 166.78408183509646
-64.29397173537271 166.51209930169966
-68.44844460332149 166.13398049831738
-72.62264574963802 165.64810549067968
-76.8128156973711 165.05295770726028
-81.01513945912521 164.34712565319037
-86.00228154192317 164.45208447792112
-90.24830604983116 163.4994588753085
-95.33223425173372 163.31041067691842
-99.603870888685 162.1033060390245
-104.76395963372336 161.60976426278756
-109.96852148606585 160.9479726671499
-115.21151470925156 160.11499147771843
-120.48679457423589 159.10806474595665
-125.78811921976904 157.92462360122823
-132.14338022914953 157.2614951337137
-138.56262050511623 156.36007013348683
-145.03718099807227 155.21629894511335
-151.5582641829699 153.82640746126177
-158.1169428551189 152.186901701175
-165.8576584039306 150.8440880439112
-174.83589335260348 149.6995618095207
-182.71071827574872 147.68114076248972
-191.83947072353223 145.7866979505359
-202.26749482558853 143.9121497779408
-212.78195761966762 141.5658925820592
-224.63597132901336 139.09254829703036
-237.8616478296353 136.38212061582325
-252.48568321382996 133.3225790978289
-268.52928857183497 129.80010689559538
-287.33920921943695 125.90755715901643
-308.9642953443483 121.41889307092197
-332.0863156840661 115.97014265571428
-360.79981270943574 109.7349653967918
-393.80664490796437 102.19652639747747
-433.90870991833197 93.05376843372521
-483.95733316790614 81.70337667578562
-546.8346871459277 67.23896092632765
-629.6602967733612 48.18536047757789
-742.4409021057743 22.070860605638554
-838.5113234835726 -8.082833350625906
-840.7275086008649 -30.045578066101616
-842.3689001230255 -52.0640120135899
-843.4339724786764 -74.12334740756141
-843.9442724720082 -100
-843.8309851604938 -118.30005665370872
-843.1618580303968 -140.39076785394775
-841.9142325588602 -162.4610869561237
-840.0885581959784 -184.4962320109082
-837.6739838936527 -206.5277935423751
-834.5168297837773 -229.01030367119213
-830.6451319107264 -251.60116099036028
-826.1175309414069 -274.0666583989154
-820.9680232063927 -296.3286465825282
-815.2187692918988 -318.3580411287502
-808.8857911612255 -340.1421223396062
-801.9817583185568 -361.67336423143877
-794.5174763609818 -382.94540239712586
-786.5026852733569 -403.95165906474307
-777.9465447359266 -424.68490538718635
-768.8579246581303 -445.1372095702455
-759.2456061431188 -465.3000039066981
-749.1183711648492 -485.1642339061487
-738.4850961932478 -504.7204651655331
-727.3547929186334 -523.9590024634364
-715.736643475107 -542.8699829862971
-703.6400216651231 -561.4434566335241
-691.0744978003214 -579.669456269918
-678.0498673463253 -597.5380441567428
-664.5761104417462 -615.0393742816375
-650.66342337629 -632.1637160258341
-636.3222337850666 -648.9014847420074
-621.5631346849788 -665.2432812129905
-606.3969292619083 -681.1799008951458
-590.8346226708147 -696.7023558360261
-574.8873734603883 -711.8018909389572
-558.5665470991195 -726.469995179488
-541.883653250148 -740.6984118886724
-524.8503678818836 -754.4791475660057
-507.4785236006617 -767.8044803669187
-489.7801002771935 -780.6669668806746
-471.76717963375376 -793.0594336097945
-453.452032485095 -804.975012571675
-434.84699343410193 -816.4071032921819
-415.96454352755245 -827.3494086483825
-396.8172643940124 -837.7959224871399
-377.41783274242584 -847.7409300376324
-357.7790199690156 -857.1790121696328
-337.913685180728 -866.1050461705232
-317.83476849169085 -874.5142061570835
-297.5552822820292 -882.4019606318968
-277.0882988256684 -889.7640632829276
-256.4469760871348 -896.596589836147
-235.6445099227764 -902.8958893181314
-214.69415087471108 -908.65860646838
-193.6092050242382 -913.8816941040817
-172.4030111915297 -918.562382858904
-151.08894919423315 -922.6982010412305
-129.6804362778412 -926.2869820286481
-108.19090962757163 -929.3268287357411
-86.63383492823233 -931.8161437631691
-65.0227001300101 -933.7536317004985
-43.37100601664394 -935.1382768839115
-21.692265597305497 -935.9693540437574
0 -936.2464281011595
21.692265597305127 -935.9693540437574
43.37100601664364 -935.1382768839115
65.0227001300101 -933.7536317004985
86.63383492823195 -931.8161437631691
108.19090962757127 -929.3268287357412
129.6804362778412 -926.2869820286481
151.08894919423287 -922.6982010412306
172.40301119152923 -918.562382858904
193.6092050242382 -913.8816941040817
214.69415087471072 -908.65860646838
235.64450992277617 -902.8958893181314
256.4469760871348 -896.596589836147
277.0882988256682 -889.7640632829277
297.55528228202894 -882.4019606318968
317.83476849169085 -874.5142061570835
337.9136851807278 -866.1050461705235
357.77901996901534 -857.179012169633
377.41783274242584 -847.7409300376324
396.8172643940123 -837.7959224871399
415.9645435275524 -827.3494086483825
434.84699343410193 -816.4071032921819
453.452032485095 -804.975012571675
471.76717963375376 -793.0594336097945
489.7801002771935 -780.6669668806746
507.47852360066145 -767.8044803669187
524.8503678818836 -754.4791475660056
541.883653250148 -740.6984118886724
558.5665470991191 -726.4699951794883
574.8873734603878 -711.8018909389579
590.8346226708147 -696.7023558360261
606.3969292619079 -681.1799008951461
621.5631346849788 -665.2432812129906
636.3222337850665 -648.9014847420075
650.6634233762898 -632.1637160258343
664.5761104417463 -615.0393742816375
678.0498673463253 -597.5380441567428
691.0744978003214 -579.669456269918
703.6400216651231 -561.4434566335244
715.736643475107 -542.8699829862971
727.354792918633 -523.9590024634367
738.4850961932478 -504.7204651655331
749.1183711648492 -485.1642339061487
759.2456061431188 -465.3000039066981
768.8579246581303 -445.1372095702456
777.9465447359266 -424.6849053871863
786.5026852733569 -403.9516590647431
794.5174763609814 -382.9454023971268
801.9817583185568 -361.67336423143877
808.8857911612255 -340.1421223396062
815.2187692918984 -318.35804112875144
820.9680232063926 -296.3286465825298
826.1175309414069 -274.06665839891514
830.6451319107263 -251.60116099036193
834.5168297837773 -229.01030367119213
837.6739838936527 -206.5277935423751
840.0885581959784 -184.4962320109082
841.9142325588602 -162.4610869561237
843.1618580303968 -140.39076785394775
843.8309851604938 -118.30005665370872
843.9442724720082 -100
843.4339724786764 -74.12334740756141
842.3689001230256 -52.06401201358948
840.7275086008649 -30.045578066101616
838.5113234835728 -8.082833350627606
742.4409021057743 22.070860605638554
629.6602967733612 48.18536047757789
546.8346871459277 67.23896092632765
483.9573331679062 81.70337667578515
433.9087099183321 93.05376843372507
393.80664490796437 102.19652639747726
360.79981270943574 109.7349653967918
332.0863156840661 115.97014265571428
308.9642953443483 121.41889307092197
287.33920921943695 125.90755715901636
268.52928857183497 129.8001068955954
252.48568321383001 133.3225790978288
237.8616478296353 136.38212061582325
224.63597132901336 139.09254829703036
212.78195761966762 141.5658925820592
202.26749482558864 143.9121497779406
191.83947072353226 145.78669795053582
182.71071827574872 147.68114076248963
174.83589335260348 149.6995618095207
165.8576584039306 150.8440880439112
158.1169428551189 152.186901701175
151.55826418297 153.82640746126165
145.0371809980723 155.21629894511335
138.56262050511623 156.3600701334868
132.14338022914953 157.2614951337137
125.78811921976904 157.92462360122823
120.48679457423589 159.10806474595665
115.21151470925167 160.11499147771838
109.9685214860659 160.94797266714917
104.76395963372339 161.60976426278754
99.603870888685 162.1033060390245
95.33223425173372 163.31041067691842
90.24830604983116 163.4994588753085
86.00228154192324 164.452084477921
81.01513945912524 164.34712565319037
76.81281569737111 165.05295770726028
72.62264574963802 165.64810549067968
68.44844460332149 166.13398049831738
64.29397173537271 166.51209930169966
60.16292795131637 166.78408183509643
56.05895229253608 166.95164958014283
52.496570116592395 168.08043601925516
48.422372047361094 168.0581995238367
44.38543282671197 167.93634344888386
40.79408189542541 168.81826732892478
36.80582549053656 168.51412408604764
33.19734538001892 169.23737189711903
29.26973384737173 168.75611818371996
25.654950082298964 169.32223443639757
22.02262420035263 169.81382668663554
18.189140274821376 169.08074884044967
14.566259598479402 169.41756322355724
10.933418743012806 169.67982274407862
7.293101828815784 169.8673079375467
3.647798053210058 169.97986187348616
