0 208.09039032550908
-3.874630141538883 208.05218615509207
-7.746610546090562 207.9376068442173
-11.613293277011964 207.74675195590345
-15.472033997157844 207.47978730122605
-19.320193765650878 207.13694474861637
-23.3781816157679 207.86268728841276
-27.234082390958672 207.3624719507946
-31.071358790871383 206.78646759787873
-35.2202282146152 207.25659432522096
-39.04857983337986 206.52101006685038
-43.25517067471773 206.81164005392102
-47.063169335137545 205.9150619131962
-51.314921098073484 206.02116159200483
-55.601949300957415 206.02658139821824
-59.37503333877828 204.879962691785
-63.687438183128734 204.6935945809206
-68.02449562949676 204.40189371227103
-72.38242544502245 204.0031912603231
-76.7573873849534 203.49592234461565
-81.14548438092055 202.87862770897553
-85.542765796213 202.14995529267304
-90.72176252361918 202.2314416490449
-95.15640717961392 201.2547746904351
-100.42559176225222 201.041181120551
-104.87899404712168 199.80909345506063
-110.21723313416366 199.290198670176
-115.59620792725107 198.60275289914276
-121.00975715600201 197.74388614031497
-126.45161920080763 196.71091299145957
-131.9154380333128 195.50133571334723
-138.42899387141676 194.81205292104917
-145.00222113048957 193.88452712870242
-151.6263552259516 192.7147804076302
-158.29249612247148 191.29911018184328
-164.99161720005722 189.63409360726013
-172.86806359590642 188.2661076051852
-181.97722481007463 187.09681724377066
-189.97808168685015 185.05410904239787
-199.22788540039906 183.13592361269164
-209.77189711785707 181.23824353600523
-220.39720438486387 178.86952974661872
-232.3568434573904 176.37446700539826
-245.68285382110605 173.64311987562542
-260.40186280448404 170.56351664897664
-276.53501640760436 167.02189689580342
-295.4289985743546 163.11116769876244
-317.1326018808889 158.6053435243494
-340.327541252938 153.14050087463522
-369.10830918630245 146.89034475555928
-402.17671806435226 139.3380826970823
-442.3346233241992 130.18269667407333
-492.43331212308453 118.8209077056289
-555.354922637819 104.3463579808583
-638.2189494581681 85.28391561414419
-751.0321063104587 59.16189104850283
-915.1973364928458 21.187994476266322
NaN NaN
NaN NaN
-1008.9758231192728 -64.70990589539117
-1006.5338681555647 -105.24168573763093
-1005.4374060329824 -126.12144229540176
-1004.7730476913404 -151.51516161282595
-1003.8379516562142 -176.96908941670097
-1002.4690627216157 -202.51074202182147
-1001.4963879096985 -228.45911529873035
-999.7469090969435 -255.1541614289571
-994.9208958407303 -282.6136361302429
-989.3247875458997 -309.7721755518068
-982.9943100370705 -336.5983694602136
-975.953117440137 -363.0889481880362
-968.2187097574749 -389.2461441486768
-959.8052902928354 -415.07127643639774
-950.7252765509688 -440.5631820568916
-940.9901026918573 -465.718211077849
-930.6107028540308 -490.5305941275356
-919.597797160885 -514.9928863807064
-907.9620874833022 -539.0963516867542
-895.7143412988954 -562.8313215532486
-882.8654799788997 -586.1874442580325
-869.4266140849312 -609.1539030377702
-855.4090734434453 -631.7195795762588
-840.8244233841575 -653.8731850407185
-825.6844647461484 -675.6033674800642
-810.0012579947636 -696.8987857022498
-793.7870781468293 -717.7481921566086
-777.0544421458973 -738.1404719062526
-759.8161200097132 -758.0646847322984
-742.0850648774738 -777.5101132144384
-723.874454256537 -796.4662783085635
-705.1976783262999 -814.9229658865906
-686.0682881005101 -832.8702462406958
-666.5000459261231 -850.2984874491827
-646.5068599343265 -867.1983669389177
-626.1028035421156 -883.5608808754467
-605.302103385728 -899.3773526576697
-584.1191277737227 -914.639439242855
-562.5683394349963 -929.3391218483598
-540.664380777395 -943.4687403438946
-518.4219474034395 -957.0209540219865
-495.85586920949 -969.9887757970511
-472.9810635572584 -982.3655581928905
-449.81252890444074 -994.144991984629
-426.365920384929 -1005.3216008884508
-402.66053856579117 -1015.8938379937513
-378.71068723616224 -1025.856906455027
-354.52990351370136 -1035.2053058768538
-330.1320202398633 -1043.9336835991353
-305.53126223266696 -1052.0370055964315
-280.7421305037317 -1059.510493002826
-255.7793962509457 -1066.3496661704405
-230.65808714318513 -1072.550387586275
-205.39344784076104 -1078.1088604726324
-180.00091502155024 -1083.021637476818
-154.49610729628517 -1087.2856661155647
-128.8947899776745 -1090.8982763897661
-103.21285026331786 -1093.8571706428736
-77.4662905463619 -1096.1604899965744
-51.671192345208816 -1097.8067700828037
-25.843700161222984 -1098.79496311402
0 -1099.1244304509257
25.843700161222554 -1098.79496311402
51.671192345208446 -1097.8067700828037
77.4662905463619 -1096.1604899965744
103.21285026331735 -1093.8571706428736
128.89478997767407 -1090.8982763897661
154.49610729628517 -1087.2856661155647
180.00091502154993 -1083.021637476818
205.3934478407605 -1078.1088604726324
230.65808714318513 -1072.550387586275
255.77939625094533 -1066.3496661704405
280.74213050373146 -1059.510493002826
305.53126223266696 -1052.0370055964315
330.1320202398631 -1043.9336835991355
354.529903513701 -1035.2053058768538
378.71068723616224 -1025.856906455027
402.6605385657909 -1015.8938379937515
426.3659203849287 -1005.3216008884513
449.81252890444074 -994.144991984629
472.9810635572582 -982.3655581928905
495.85586920949 -969.9887757970511
518.4219474034395 -957.0209540219865
540.664380777395 -943.4687403438946
562.5683394349963 -929.3391218483598
584.1191277737227 -914.639439242855
605.3021033857277 -899.3773526576697
626.1028035421156 -883.5608808754466
646.5068599343265 -867.1983669389177
666.5000459261223 -850.2984874491831
686.0682881005097 -832.8702462406965
705.1976783262999 -814.9229658865906
723.8744542565363 -796.466278308564
742.0850648774738 -777.5101132144385
759.8161200097131 -758.0646847322985
777.054442145897 -738.1404719062529
793.7870781468295 -717.7481921566086
810.0012579947636 -696.8987857022498
825.6844647461484 -675.6033674800642
840.8244233841574 -653.8731850407189
855.4090734434453 -631.7195795762588
869.4266140849309 -609.1539030377705
882.8654799788997 -586.1874442580325
895.7143412988954 -562.8313215532486
907.9620874833022 -539.0963516867542
919.597797160885 -514.9928863807065
930.610702854031 -490.53059412753527
940.9901026918573 -465.71821107784905
950.7252765509684 -440.5631820568928
959.8052902928354 -415.07127643639774
968.2187097574749 -389.2461441486768
975.9531174401367 -363.0889481880378
982.9943100370702 -336.59836946021557
989.3247875458997 -309.77217555180636
994.9208958407299 -282.6136361302456
999.7469090969435 -255.1541614289571
1001.4963879096985 -228.45911529873035
1002.4690627216157 -202.51074202182147
1003.8379516562142 -176.96908941670097
1004.7730476913404 -151.51516161282595
1005.4374060329824 -126.12144229540176
1006.5338681555647 -105.24168573763093
1008.9758231192728 -64.70990589539117
NaN NaN
NaN NaN
915.197336492846 21.187994476264524
751.0321063104587 59.16189104850283
638.2189494581681 85.28391561414419
555.354922637819 104.3463579808583
492.4333121230846 118.82090770562843
442.3346233241993 130.18269667407318
402.17671806435226 139.33808269708211
369.10830918630245 146.89034475555928
340.327541252938 153.14050087463522
317.1326018808889 158.6053435243494
295.4289985743546 163.1111676987624
276.53501640760436 167.02189689580345
260.4018628044841 170.56351664897653
245.68285382110605 173.64311987562542
232.3568434573904 176.37446700539826
220.39720438486387 178.86952974661872
209.77189711785718 181.23824353600503
199.2278854003991 183.13592361269156
189.97808168685015 185.05410904239778
181.97722481007463 187.09681724377066
172.86806359590642 188.2661076051852
164.99161720005722 189.63409360726013
158.29249612247156 191.29911018184316
151.62635522595164 192.7147804076302
145.00222113048957 193.8845271287024
138.42899387141676 194.81205292104917
131.9154380333128 195.50133571334723
126.45161920080763 196.71091299145957
121.00975715600212 197.7438861403149
115.59620792725111 198.60275289914202
110.21723313416369 199.29019867017598
104.87899404712168 199.80909345506063
100.42559176225222 201.041181120551
95.15640717961392 201.2547746904351
90.72176252361925 202.2314416490448
85.54276579621303 202.14995529267304
81.14548438092056 202.87862770897553
76.7573873849534 203.49592234461565
72.38242544502245 204.0031912603231
68.02449562949676 204.40189371227103
63.6874381831288 204.69359458092057
59.37503333877833 204.879962691785
55.60194930095744 206.02658139821818
51.314921098073484 206.02116159200483
47.063169335137545 205.9150619131962
43.25517067471773 206.81164005392102
39.04857983337991 206.52101006685035
35.22022821461524 207.25659432522096
31.071358790871436 206.7864675978787
27.234082390958672 207.3624719507946
23.3781816157679 207.86268728841276
19.320193765650878 207.13694474861637
15.472033997157888 207.47978730122603
11.613293277012007 207.74675195590345
7.746610546090606 207.9376068442173
3.874630141538883 208.05218615509207
