0 196.77139032550943
-3.8071935747384216 196.73338704434437
-7.611783630143993 196.61940987196388
-11.411168415552742 196.4295567848204
-15.202749716469645 196.163990953811
-18.983934619728593 195.82294055970195
-22.97517805983363 196.55086386626277
-26.7646106235193 196.0532121492171
-30.535740564425524 195.48014750177748
-34.61883061514062 195.95358225200147
-38.38181502875076 195.2216655860712
-42.52349563222542 195.5163130275708
-46.26708550830832 194.6240915589412
-50.45497408299683 194.73487557173863
-54.6787284623624 194.7452949342022
-58.389171406111664 193.60397771264815
-62.63961081691423 193.42319889972964
-66.91542095827069 193.13736023885792
-71.21286357316541 192.74477724999707
-75.52813987175153 192.2438686853374
-79.85739369121666 191.63315824900613
-84.19671472302474 190.91127621066468
-89.31867358311496 190.99974086844054
-93.6972419788677 190.03022133999207
-98.91135034020618 189.82392504271428
-103.31071418920807 188.59926476380664
-108.59598966105979 188.08790735987134
-113.92311195825006 187.4080885058476
-119.28595534750863 186.55691745684032
-124.67829296047549 185.53168783739113
-130.09380271036736 184.32988076109564
-136.5602979237157 183.64837357886836
-143.0877452688921 182.72860748147616
-149.66741153658208 181.56658321607114
-156.29042716748452 180.1585769405893
-162.947795097508 178.5011446622078
-170.78388907937307 177.14064233021185
-179.8541262686643 175.97871427683148
-187.81751418625242 173.94322658080355
-197.03132968565487 172.03209976718588
-207.540858598534 170.14129674306716
-218.13321210331904 167.77925923823616
-230.06144904084587 165.29065333534294
-243.35763041823637 162.56552550108964
-258.04840400726255 159.491886566203
-274.1549351591324 155.955959328174
-293.0239260634331 152.0506348355947
-314.7041864240795 147.54991230846548
-337.877447164895 142.08985383657765
-366.63821563912586 135.84415089214193
-399.6883179367775 128.29599839179406
-439.8296220413738 119.14436665667255
-489.9134264877612 107.78596604810792
-552.8218796537432 93.31442912680865
-635.6744851464688 74.25461543840836
-748.4779645198769 48.134827943867506
-912.6352677045834 10.162770463838287
-957.7271220909649 -19.708823872818872
-959.6282564169993 -44.78923512305213
-960.8730388892417 -69.91791928109332
-961.4936532806119 -100
-961.3884400225505 -120.24582165516952
-960.6576767293183 -145.4152822846514
-959.2677312766651 -170.5630609446904
-957.2190295913159 -195.67239454165318
-954.388200257281 -221.21971105192594
-950.6475485286703 -247.3106476685439
-946.1101519744515 -273.3223271366175
-940.8365981899061 -299.0855708640212
-934.8621137556427 -324.55508433306835
-928.2099080683554 -349.7199302567158
-920.8970326609773 -374.5779006522711
-912.9372209318361 -399.12768816080796
-904.3423942631969 -423.36658506448646
-895.1234643335835 -447.29007112129784
-885.2908177261191 -470.8919416548235
-874.8546037586383 -494.164604098451
-863.82493214295 -517.099367837928
-852.2119588494068 -539.6867408026005
-840.0259762039179 -561.916636301154
-827.2774499893673 -583.778561773024
-813.9770512170471 -605.2617614233562
-800.1356739955106 -626.3553322230447
-785.7644371076278 -647.0483203193061
-770.8747095937904 -667.3297868180149
-755.4780671538095 -687.1888846281065
-739.5863208403243 -706.6148929635848
-723.2115294990575 -725.5972561067459
-706.3659310834164 -744.1256290167772
-689.0619850240566 -762.1898911203065
-671.3123616347089 -779.780171577041
-653.129891297859 -796.8868679241169
-634.5276159081557 -813.5006589087366
-615.5187241990163 -829.6125157779712
-596.1165720475116 -845.2137116061701
-576.3346711405334 -860.2958298970384
-556.186678085338 -874.8507711528599
-535.6863477068749 -888.8707439159862
-514.8476188935982 -902.3482996295968
-493.68448844970914 -915.2762938768178
-472.21109264056855 -927.647921173988
-450.44166062509976 -939.4567015445638
-428.39050831246084 -950.6964797865326
-406.07203744358236 -961.3614285188952
-383.5007282387503 -971.4460477227608
-360.6911324471116 -980.9451639032216
-337.6578644918589 -989.8539264084346
-314.41558912173605 -998.1677970387841
-290.97954279584735 -1005.8832937314727
-267.36556604810255 -1012.9984818891575
-243.58770828082214 -1019.5093837593464
-219.6601396769122 -1025.4121700984263
-195.5972399678449 -1030.703322767868
-171.41357417161612 -1035.3796435356762
-147.12388322285148 -1039.4382995869537
-122.74304947900694 -1042.8768112125697
-98.28607264419868 -1045.6930417242045
-73.76806381801426 -1047.8852638923784
-49.204210184866845 -1049.4521157286442
-24.60975962577018 -1050.3926225628816
0 -1050.7061896271427
24.60975962576976 -1050.3926225628816
49.20421018486648 -1049.4521157286442
73.76806381801426 -1047.8852638923784
98.28607264419823 -1045.6930417242045
122.74304947900654 -1042.8768112125697
147.12388322285148 -1039.4382995869537
171.4135741716158 -1035.3796435356762
195.59723996784436 -1030.703322767868
219.6601396769122 -1025.4121700984263
243.58770828082177 -1019.5093837593464
267.3655660481023 -1012.9984818891575
290.97954279584735 -1005.8832937314727
314.4155891217358 -998.1677970387843
337.65786449185856 -989.8539264084346
360.6911324471116 -980.9451639032216
383.50072823875007 -971.446047722761
406.0720374435821 -961.3614285188955
428.39050831246084 -950.6964797865326
450.4416606250996 -939.4567015445638
472.21109264056855 -927.647921173988
493.68448844970914 -915.2762938768178
514.8476188935982 -902.3482996295968
535.6863477068749 -888.8707439159862
556.186678085338 -874.8507711528599
576.3346711405331 -860.2958298970384
596.1165720475116 -845.21371160617
615.5187241990163 -829.6125157779712
634.5276159081549 -813.5006589087368
653.1298912978585 -796.8868679241176
671.3123616347089 -779.780171577041
689.061985024056 -762.189891120307
706.3659310834164 -744.1256290167773
723.2115294990574 -725.597256106746
739.5863208403241 -706.614892963585
755.4780671538097 -687.1888846281065
770.8747095937904 -667.3297868180149
785.7644371076278 -647.0483203193061
800.1356739955105 -626.3553322230451
813.9770512170471 -605.2617614233562
827.2774499893669 -583.7785617730243
840.0259762039179 -561.916636301154
852.2119588494068 -539.6867408026005
863.82493214295 -517.099367837928
874.8546037586383 -494.1646040984511
885.2908177261193 -470.89194165482314
895.1234643335835 -447.2900711212979
904.3423942631964 -423.3665850644876
912.9372209318361 -399.12768816080796
920.8970326609773 -374.5779006522711
928.209908068355 -349.7199302567173
934.8621137556426 -324.5550843330702
940.8365981899061 -299.0855708640207
946.1101519744511 -273.32232713661983
950.6475485286703 -247.3106476685439
954.388200257281 -221.21971105192594
957.2190295913159 -195.67239454165318
959.2677312766651 -170.5630609446904
960.6576767293183 -145.4152822846514
961.3884400225505 -120.24582165516952
961.4936532806119 -100
960.8730388892417 -69.91791928109332
959.6282564169994 -44.78923512305168
957.7271220909649 -19.708823872818872
912.6352677045836 10.16277046383649
748.4779645198769 48.134827943867506
635.6744851464688 74.25461543840836
552.8218796537432 93.31442912680865
489.9134264877613 107.78596604810745
439.8296220413739 119.1443666566724
399.6883179367775 128.29599839179386
366.63821563912586 135.84415089214193
337.877447164895 142.08985383657765
314.7041864240795 147.54991230846548
293.0239260634331 152.05063483559465
274.1549351591324 155.95595932817403
258.0484040072626 159.49188656620288
243.35763041823637 162.56552550108964
230.06144904084587 165.29065333534294
218.13321210331904 167.77925923823616
207.5408585985341 170.14129674306696
197.0313296856549 172.0320997671858
187.81751418625242 173.94322658080347
179.8541262686643 175.97871427683148
170.78388907937307 177.14064233021185
162.947795097508 178.5011446622078
156.2904271674846 180.1585769405892
149.6674115365821 181.56658321607114
143.0877452688921 182.72860748147613
136.5602979237157 183.64837357886836
130.09380271036736 184.32988076109564
124.67829296047549 185.53168783739113
119.28595534750875 186.55691745684027
113.9231119582501 187.40808850584685
108.59598966105982 188.0879073598713
103.31071418920807 188.59926476380664
98.91135034020618 189.82392504271428
93.6972419788677 190.03022133999207
89.31867358311503 190.99974086844043
84.19671472302477 190.91127621066468
79.85739369121667 191.63315824900613
75.52813987175153 192.2438686853374
71.21286357316541 192.74477724999707
66.91542095827069 193.13736023885792
62.63961081691429 193.4231988997296
58.389171406111714 193.60397771264815
54.67872846236243 194.74529493420215
50.45497408299683 194.73487557173863
46.26708550830832 194.6240915589412
42.52349563222542 195.5163130275708
38.38181502875081 195.22166558607117
34.61883061514066 195.95358225200147
30.535740564425577 195.48014750177745
26.7646106235193 196.0532121492171
22.97517805983363 196.55086386626277
18.983934619728593 195.82294055970195
15.20274971646969 196.16399095381098
11.411168415552785 196.4295567848204
7.611783630144037 196.61940987196388
3.8071935747384216 196.73338704434437
